101	0.00968513432838358	0.258141905646718	-0.135959374320104
102	0.00864120948959424	0.696049373169441	-0.427155711106639
103	0.201295501402379	0.706880199728255	-0.317403715158139
104	0.371937673290395	0.584457416377687	-0.364191310946541
105	0.44654927576407	0.519558964521608	-0.193721978558427
106	0.277478084683304	0.277300417186564	-0.602826121633235
107	0.108594061974433	0.193553917700177	-0.487800153471966
108	-0.0795726541865347	0.322314309662574	-0.501159967755036
121	-0.126762757045877	0.631945595654759	-0.404187426920598
122	-0.0362466930891979	0.708426144965322	0.0248958440475431
123	-0.128987966008209	0.659787773680237	-0.131541112582882
124	-0.00786254056784536	0.403844457245656	-0.0253312371816698
125	-0.183417302358711	0.342954706788174	0.0720891395245541
126	0.217199036875482	0.449138800563869	-0.129105649600671
127	-0.1667333272116	0.22092293414123	-0.200055686187978
128	-0.0471991567996541	0.356193994622519	-0.378264858937298
129	-0.367755788688829	0.428486934740402	-0.268640312875822
130	-0.416665482786611	0.522082954171231	-0.00988097438991942
131	0.143235970406796	0.536790564499324	-0.127092809618518
132	0.298912966518715	0.801002875363371	-0.238849846394795
133	0.20717913277858	0.705815216586183	0.0232941290432923
134	0.35554025238587	0.614895813557328	-0.498097752909275
135	0.283442315719402	0.424953751770216	-0.292680687756122
136	0.562368666190663	0.716194169823902	-0.187577202367207
137	0.546786076048853	0.459926732665067	-0.377781986743947
138	0.616324641333192	0.482254037132442	-0.0927687822283616
139	0.485768867608554	0.244227879552705	-0.149218457397941
140	0.524010658756306	0.449927956258042	0.127382279971854
141	0.460823637552608	0.505533588398106	-0.13176015553436
142	0.369497769905946	0.475648717452699	-0.36298134003656
143	0.193331614432029	0.485752642713145	-0.0425353276677012
144	0.127196088913073	0.501177839091909	-0.337965524881435
145	-0.0657881474991514	0.64524612226838	-0.136915116013314
146	0.125813745230505	0.822901869237717	-0.361287337106827
147	0.357772451856854	0.772199701626124	0.00060823246543501
148	0.124294379533252	0.690410837711155	0.131829138206109
149	0.0987363454419897	0.865170296050013	-0.0790332186833383
150	0.380008184782013	0.977891731212872	-0.133841685341549
151	0.307642038315292	0.805420165115231	-0.13044488604979
152	0.384341987687385	0.678717152315531	-0.171678298651087
153	0.428401705751467	0.587978200969822	-0.198596925242918
154	0.102487576269016	0.541990664338511	-0.223750094911705
155	0.0823728446271115	0.743940628893645	-0.197608662099604
156	0.210979725982562	0.644578997047333	0.110115375156757
157	0.0865223445519736	0.631187298371372	0.0669842948578688
158	0.330942093724396	0.530062134700239	0.13173617267143
159	0.217378543373774	0.616996081293062	-0.471345175872092
160	0.137636017826533	0.395965548271426	-0.182848042193549
171	0.111733794825858	0.484729315690042	-0.0307090984003596
172	0.169595087420502	0.52403278646567	-0.198218077584356
173	-0.127276218644086	0.446180100308575	-0.0936241452817659
174	0.107276283948143	0.771356642635205	-0.00881745462499905
175	-0.133746920806805	0.71440889788129	0.080998605264156
176	-0.228462927485383	0.775592092874904	0.0336807012059946
177	-0.253097864614711	0.735244134288828	-0.161209478826618
178	-0.135036841555655	0.905957913720506	-0.308103259672212
179	0.131391189275381	0.968125743101321	-0.227597649751316
180	-0.172828634180606	0.656653370340121	-0.457771270287823
211	-0.192547151596795	0.515560914109807	-0.0487450408763387
212	-0.333618463964925	0.45976235287295	-0.0787237608530608
213	-0.219888108919432	0.602418343114673	0.00990651900714332
214	-0.0923400037012188	0.805380721303509	-0.0261659654000316
215	-0.471019322921764	0.73125737825061	-0.322974734546697
216	-0.206618635987491	0.789785300521782	-0.372471118096796
217	-0.0711450522872488	0.744936853296289	-0.337957388518203
218	0.06869747047406	0.428502271583433	-0.20330315157779
219	-0.067808734984545	0.265211614914832	-0.317686730488992
220	-0.258999418113771	0.389206271041876	-0.458892752891653
231	-0.056503438988191	0.558885220976554	-0.213586169430812
232	0.00742500961972578	0.380265448593733	-0.0899092914244753
233	0.155905975984438	0.492809119043596	0.034297875779935
234	0.326422846626306	0.613490670290808	-0.069261419418282
235	0.286180507233491	0.754426849448211	-0.241383959809034
236	0.185171836736163	0.7251941853661	0.0396512374135702
237	0.138411035727034	0.687828516005391	0.304947235584582
238	0.00117595018210497	1.00268582724222	-0.130785960943947
239	0.169309365149411	0.962772248965514	0.0275870695927219
240	-0.203979636632384	0.729603513480955	0.110044436548691
251	-0.00855506039658643	0.712278584164514	-0.0464516694062009
252	-0.178520982254222	0.726817653843614	-0.0291813286225901
253	-0.356451283431197	0.667731704773056	-0.112181170295414
254	-0.160282731520869	0.567927130520088	-0.0746285464158496
255	-0.09649166217965	0.459647131252387	0.0320091196132271
256	-0.222589775887078	0.613274690975588	0.166110992628609
257	-0.346223413425498	0.429915237948658	-0.158936758186211
258	-0.0321631769397259	0.473897888701911	-0.308168005999081
259	-0.163165193606829	0.612171762921998	-0.408913282863581
260	-0.104619565702925	0.844897172006947	-0.3771640213788
261	-0.12983782777488	0.709807152512837	-0.136149344688541
262	-0.244425880250424	0.642628018331741	-0.109598479635129
263	-0.3225633205579	0.587715043629197	0.063112568918755
264	-0.222466684399691	0.600260068650779	0.160774177037594
265	-0.167173997146928	0.484845088124612	0.147979638703291
266	-0.0925450095036421	0.426898313136367	-0.0715303514487678
267	-0.0653752191826028	0.759442705970749	0.140365893228352
268	0.0901598850817705	0.578354735141097	0.0532361294493048
269	0.0176937002124975	0.476958767723223	-0.0144705733239821
270	-0.334961885119959	0.90507465018103	0.0561251796264265
281	-0.46466704711654	0.533519456737691	0.0386104111058491
282	-0.662315075319658	0.44652285025106	-0.184224043071532
283	-0.834076784761274	0.379021864124022	-0.107672104411804
284	-0.822554199559322	0.293412926679358	0.193912599962724
285	-0.469952657923374	0.30377700569991	0.21680040533685
286	-0.613918444767815	0.18399586891292	-0.0203482180555279
287	-0.54901494866688	0.0694996721375253	0.0699654719435367
288	-0.457851223360802	0.0820275330058855	-0.165092363556321
289	-0.260871907109473	0.156751961726824	-0.110932925687878
290	-0.473197987638653	0.131751814000454	0.325075932320652
291	-0.516988916402154	0.17509607302235	0.195726320145109
292	-0.415026802554973	0.139006321980971	-0.146759265229295
293	-0.571703690936011	0.103876822027234	0.00594337542446302
294	-0.376527251914789	0.232619381553314	0.0190327508477051
295	-0.586196918654212	0.160760962867305	-0.24999331530363
296	-0.480537132687747	0.389951405666321	-0.0728971703309833
297	-0.908053462265414	0.148697681315651	-0.227823836125114
298	-0.811423267882128	0.400301966756657	-0.271856177786177
299	-0.87350323171753	0.389299554038354	-0.0191764735973902
300	-0.611842285553151	0.584909907829374	-0.176532691526617
301	-0.608763360951913	0.402929930617289	-0.215512602342484
302	-0.572996634530769	0.390186201983101	-0.339556557030895
303	-0.456740707821007	0.311085450526651	-0.333035385846113
304	-0.43126995131729	0.0977250781169667	-0.286277397188708
305	-0.621071973437181	-0.00172966850771858	-0.262629322540556
306	-0.628516837856888	0.0944881964883864	-0.0839919583580146
307	-0.62192763971705	0.12235225132624	-0.505130543287056
308	-0.344682360262107	0.282307633754218	-0.03812710008616
309	-0.87042525973446	0.313647136679125	-0.0872842878770746
310	-0.900507040513832	0.188890713069202	-0.39534063693448
311	-0.770507172959578	0.193186609200353	-0.133461791926962
312	-0.907725866323714	0.214867372170856	-0.07766835201773
313	-0.656273459395724	0.160353693252043	0.227144209234876
314	-0.629777672140202	0.0634248533951524	-0.0978123903943371
315	-0.499896241574698	0.185539810350526	0.0319167798843368
316	-0.468418168377281	0.312510480117099	0.132386791018671
317	-0.731057727230754	0.321836325131238	0.171979074066198
318	-0.709884624852464	0.533402901600574	-0.00814138244844374
319	-0.538476023567425	-0.0766447575562151	0.0502628384051438
320	-0.85256654122295	0.0543134441248542	0.263305233484702
321	-0.902394614332873	0.186604067132502	0.250482225936947
322	-0.785531457776267	0.113067223631096	0.419672271121768
323	-0.829084910736792	-0.218746629898326	0.316859526645584
324	-0.44334263621601	0.231721020979735	0.0981613074952049
325	-0.668352996712413	-0.0786979776532424	0.400777620776526
326	-0.630815311761912	-0.242820355300521	0.113544641775328
327	-0.404235180734605	0.000669223781390453	0.0540352710585232
328	-0.633012937126442	0.151473033122086	-0.0924640120491808
329	-0.803706318025238	-0.0979127144355188	-0.118720024760184
330	-0.810150490902679	-0.101770429295276	-0.117712832734015
341	-0.631831880496909	-0.111332555817878	0.0918003889454106
342	-0.578754609960822	-0.120802950730978	0.0770589583737473
343	-0.665711835220095	-0.54875731552269	0.154015870586013
344	-0.540846983987851	-0.416440815848587	-0.0304416499141315
345	-0.332136783332855	-0.360621372712623	0.20033122903503
346	-0.376751978681466	-0.144812185728356	0.461968252372397
347	-0.39052808815873	-0.342197277595608	0.461794857978793
348	-0.517713308945265	-0.472903209006479	0.374948048580304
349	-0.315466729667348	-0.500362552692392	0.30012532987221
350	-0.763873746108	-0.311727609287591	0.492191238840485
371	-0.5060131753109	-0.39673361373661	0.162358239992913
372	-0.34606361162596	-0.214464540240247	0.130936637889729
373	-0.529589088550455	0.0100198777761833	-0.00122289100528059
374	-0.472574074869896	-0.0631358687762007	-0.106683941810835
375	-0.774960928234482	-0.171873091299454	-0.0902100450077129
376	-0.783357408034349	-0.264121905419573	0.00871340749852748
377	-0.758869672924913	-0.329807788510841	0.13910093543522
378	-0.640036794117209	-0.0567161622622014	0.301185872324554
379	-0.612368242222797	0.0378185168388576	0.190166297855652
380	-0.495319180076901	-0.397786186381785	-0.199799871029154
381	-0.547397026122368	0.019569879774061	-0.0704208597794255
382	-0.592790380205762	0.177166720950778	-0.233572628564711
383	-0.450179976765919	0.221572048443242	-0.0479377126947607
384	-0.46450050649865	0.198190872759721	0.151137413623605
385	-0.734754557533987	0.0911009399426937	-0.148750131465481
386	-0.725065514502388	0.219005596118679	0.27378000479969
387	-0.543065615807425	0.456360036201544	-0.0603832379717479
388	-0.574296043595697	0.373240802592333	0.216116925448015
389	-0.35438210046641	0.416143935221244	0.0766439410974391
390	-0.798664547505722	0.516744954650005	-0.0879620695960512
401	-0.617500079770806	0.0607228685235727	-0.113117508812283
402	-0.329286571584409	-0.250773458210772	0.0164955130717374
403	-0.64952700286077	-0.328064301896847	-0.148425795304106
404	-0.284096883601803	-0.193128603293138	-0.290182085277138
405	-0.648371740168547	-0.202651044079786	0.161676341077922
406	-0.584037004051573	-0.251900421558067	-0.0982953264821352
407	-0.475727392236768	0.0758297674171319	0.13182209383219
408	-0.854718246251099	-0.137081134926065	-0.267227340760103
409	-0.394091531671679	0.0612778273422762	-0.234556256378349
410	-0.574892182499317	-0.147509938871484	-0.396183935290494
411	-0.580565833323634	-0.145422734461648	-0.177499907278399
412	-0.79450703792612	-0.105054633719766	-0.0806732110241807
413	-0.551674951497996	-0.407441148916997	-0.0151029575083108
414	-0.442024682092522	-0.260737325620355	0.165933785740049
415	-0.634176317140025	-0.243262987687244	0.198998195108366
416	-0.530145598891543	-0.0501812478203224	0.315375287161319
417	-0.462364201531994	0.0125311489322049	0.187353387269466
418	-0.313209288848453	-0.0774219150146947	-0.0790740817086187
419	-0.681299100151834	0.0803665832555356	-0.0164944345370829
420	-0.881452930499711	-0.231670148796224	0.228882538678437
421	-0.888324506904129	-0.245385281757416	0.0975475176056544
422	-0.60346007300896	-0.321425043900636	0.0631691661981628
423	-0.323649852921903	-0.114864571803722	0.0788937592094145
424	-0.37182956130567	0.112568885942581	-0.0786669288953921
425	-0.638670917418333	-0.265369475144132	-0.226940324751706
426	-0.602349301993484	0.0199194161295476	-0.21332593632575
427	-0.463962253093744	-0.188073468680754	0.249668587785419
428	-0.81332265644265	0.183813868063379	-0.0769151901366862
429	-0.746203311289405	0.209733702520733	0.207274951898722
430	-0.634224810084073	0.0191888303657134	0.375537145798681
431	-0.625572826898369	0.123390936891544	0.160121392384808
432	-0.451640241336866	0.248534044433187	0.107514830645425
433	-0.484011597187926	0.421018081532168	0.062643776364329
434	-0.380260103529845	0.431173796249252	-0.0956050351842973
435	-0.807979542952826	0.419182418019212	-0.0574132077790124
436	-0.824292498362936	0.532125911368562	-0.167499062268939
437	-0.60659930495553	0.00229287470095607	-0.197657837413107
438	-0.777779318203041	0.0283766565650459	-0.238119820608436
439	-0.66683012678567	0.134839450007024	-0.397594871150132
440	-0.515480635418502	0.278772369868999	-0.439709397232528
441	-0.540438473410663	0.179963735587891	-0.391609467922084
442	-0.366431017390379	0.298908627199652	-0.260433616209195
443	-0.566091681531474	0.474353206743037	-0.319259012697376
444	-0.432708713230653	0.450138943439126	-0.0668452888997838
445	-0.415391980520112	0.150404967620365	0.0702478304602172
446	-0.629447781685135	0.421119190693708	0.11993387550215
447	-0.659359599049038	0.607096885117849	-0.0603519951326712
448	-0.65713403670328	0.143565130282126	0.0374276932203171
449	-0.876544509841425	0.137219352572216	-0.207367202677779
450	-0.844879616801862	0.372237405945351	-0.154954398029143
451	-0.765839184289871	0.255406395840317	-0.133533756471602
452	-0.765774966922167	0.255330215411379	-0.133620267431475
453	-0.53453406887173	0.087747892468715	0.121448082369597
454	-0.534654232026511	0.0878773217447354	0.121738773918356
455	-0.385864430637035	0.285842835172281	-0.170816182904201
456	-0.558212902462874	-0.0500627234556037	-0.234771150432649
457	-0.558603184683179	-0.0502916096513549	-0.234759098706927
458	-0.558509569109365	-0.0500063455642994	-0.235007409941837
459	-0.853038995293039	-0.0902404343998862	0.00630668326188108
460	-0.853245332166477	-0.0902650063287568	0.00615261516924689
461	-0.871051690593861	0.0602951041426261	-0.0554495035221728
462	-0.693769184729613	0.244680869215525	-0.0571640653060327
463	-0.585240470318215	0.0172853555765512	-0.187155551428264
464	-0.631378117077599	-0.209471048382139	-0.212085633065656
465	-0.62293288781223	-0.0428118831232961	0.0328920716905901
466	-0.394589757235879	0.165416212651467	-0.0306712829483716
467	-0.39030063613528	-0.0878409069270641	0.126165001880279
468	-0.509742181169256	0.0973272714565421	0.263122200241532
469	-0.833329241261512	0.139558004974469	0.208278935501726
470	-0.677845140009845	-0.105444439575021	0.289824673959283
471	-0.485401756563976	-0.0782081695612102	-0.183998304634241
472	-0.661676471256332	0.0550759055055365	-0.27373182481509
473	-0.588771418406705	-0.0107721367943719	-0.506774185366346
474	-0.51529902452111	-0.184191198119798	-0.603694707396109
475	-0.48040615108533	-0.263198593337778	-0.424119862931728
476	-0.251434981830145	-0.056335290967345	-0.379085995006803
477	-0.29190817212595	0.246607928261825	-0.306413466517315
478	-0.287602913711652	0.12651480698561	-0.548352984037726
479	-0.168155877297929	-0.1539922649382	-0.57204779516571
480	-0.180723962352631	-0.330177434010291	-0.362234891472781
481	-0.304154110411132	-0.167262897647266	-0.183061532019618
482	-0.378823608057421	-0.163771461376563	-0.0547386859410774
483	-0.406745094469247	-0.218301396884599	0.0796713354962539
484	-0.459193939183918	-0.315187762023551	0.187288839774557
485	-0.516263802119258	0.0516707443242047	-0.341398484637932
486	-0.774093596561365	-0.0820608336177637	-0.173110007218
487	-0.736887240077444	-0.0777778580129303	-0.156828239324836
488	-0.764196542436317	-0.387418713600283	-0.0858791492941135
489	-0.730506227769821	-0.387179937121464	-0.103662122249943
490	-0.580167428437226	-0.319162855128025	-0.351340828571401
491	-0.578405346954908	-0.187516928776636	-0.130761107111568
492	-0.691852136294663	-0.296395949081727	-0.211454700717884
493	-0.345365045517022	-0.0228174032829294	-0.238631266655545
494	-0.350794095303452	-0.229588943782354	-0.0229061048999064
495	-0.431145337003707	-0.104132374819806	0.195266289459709
496	-0.542513403682181	-0.279847030260548	0.22050237205741
497	-0.751212604430527	-0.267005291009885	0.132260539615867
498	-0.538187630685334	0.161420554371796	0.0243320781626079
499	-0.699308007220645	0.0910286624628055	0.132013256171808
500	-0.842384110201792	0.0524657449280925	-0.0811685940719078
501	-0.749949263187489	0.0257112870340037	0.0914946422698614
502	-0.551092048228934	-0.131167965598682	0.181255676352613
503	-0.724580068820511	-0.360934176956259	0.172310858348804
504	-0.712168648255784	-0.154520811275293	-0.00324385017416464
505	-0.469465298871442	-0.183558272875034	-0.0954688302508666
506	-0.892478513125874	-0.0438455704032409	-0.128890125453687
507	-0.726995204961391	-0.290920595195182	-0.188661871689934
508	-0.514852735085113	-0.413160165888168	-0.171614425672
509	-0.772250932955886	-0.466449681751261	-0.00522992144400602
510	-0.950145977060306	-0.350455381559783	0.223358920256625
511	-0.68350152670078	-0.121734608145828	-0.117485046627969
512	-0.680731268953001	0.293013884909208	-0.28263362578593
513	-0.808766561911107	0.0880947090851381	-0.430070042185423
514	-0.533484385048139	-0.157925097556104	-0.472503577919685
515	-0.588705114440812	-0.136824032453643	-0.569358057097761
516	-0.403953114143272	0.153655542319928	-0.0464437270575484
517	-0.326925159477386	-0.0673609699582407	-0.244745369954213
518	-0.261245723379279	-0.0646613592861323	-0.345760900289733
519	-0.430918486936908	0.278150965070957	-0.542650957542661
520	-0.238453298975137	0.129168973086353	-0.524256082126657
521	-0.408205233656661	0.0553139976483833	-0.358497979256735
522	-0.306031156449544	-0.0540746443930919	-0.170600655431197
523	-0.395099967770288	-0.0426485937298754	0.106555681349192
524	-0.675607216716481	-0.332946093521474	-0.298114792184806
525	-0.84808309758327	-0.284461687838422	-0.21693992854796
526	-0.616803560345354	-0.146179639514521	0.188639447298952
527	-0.779456883388669	-0.29396352353909	-0.0449529491127629
528	-0.661531588270605	0.228855182384674	-0.281315121612815
529	-0.80326787612556	0.240249887547507	-0.0659715440984893
530	-0.8284038847493	0.20831908075907	-0.256045725030178
531	-0.761327287189014	0.200292906773001	-0.272374677467603
532	-0.644823477813244	0.365653695505921	-0.127425619131815
533	-0.366773402824532	0.4616948554751	-0.281699707664545
534	-0.590186873457189	0.494195755868159	-0.357790447990819
535	-0.616452614389469	0.262013491489666	-0.573871926864032
536	-0.343980440620548	0.323365058449999	-0.61082956360691
537	-0.609206982585802	-0.0154917974247779	-0.58164813411369
538	-0.526738729048127	-0.067874254051606	-0.246091750722632
539	-0.210122299871164	0.0861495186935802	-0.396063007021332
540	-0.305719788507732	0.0847249625068289	-0.105866412224813
541	-0.29002319203283	0.148034238879084	-0.274435990024572
542	-0.416889045979004	0.163341290457714	-0.286503776660602
543	-0.0769432214630416	0.175403981712823	-0.386783429546549
544	-0.0149925957729565	0.232462358481798	-0.551838751690058
545	-0.112932976930149	0.299898807761126	-0.62961763080948
546	-0.377555886523608	0.417221387559057	-0.579128088864295
547	-0.346406380742607	0.305992370675709	-0.712358568486386
548	-0.452219351331676	0.140483140129264	-0.67803437058866
549	-0.293051574970058	0.557800593905121	-0.388443366835648
550	-0.31177367916314	-0.0759561604847657	-0.62460851688212
551	-0.322306687164019	0.0270090795885417	-0.669951720244417
552	-0.268355320941364	0.311027374306524	-0.630681166231705
553	-0.407036518734658	0.499219102119986	-0.477398986403573
554	-0.498741684742563	0.221337230748563	-0.596826398855111
555	-0.667644915090321	0.0379505666550807	-0.388567965157986
556	-0.691858012038172	0.104735533783515	-0.434869739700444
557	-0.638486247784879	0.24320571724733	-0.187306670181311
558	-0.467666346460479	0.0130904111585003	-0.203073934145322
559	-0.335558990304074	0.233878320709093	-0.103279760511973
560	-0.185435321943242	0.0394248710402949	-0.211721764242499
561	-0.334659177843762	-0.00672749417422178	-0.12377361492068
562	-0.535701213489455	-0.109802446393211	-0.288166347022774
563	-0.41628025304104	-0.287367656754598	0.0155248802094988
564	-0.682811729461996	0.144523137109841	-0.125289884041025
565	-0.405452444953734	-0.105529291820114	0.232360767776833
566	-0.635255527029513	-0.0813462290964748	0.350153283138124
567	-0.54959708797819	0.158323746766118	0.139723420879366
568	-0.868486082692146	0.0295690630420486	0.0925894863735647
569	-0.859297716601824	-0.25894142281442	-0.121290410458558
570	-0.72881423209446	-0.379454589795363	0.159348475127469
571	-0.55771512890181	-0.34798814105671	-0.103271586752141
572	-0.254747824523254	-0.472077279007071	-0.202148050477139
573	-0.370495912836354	-0.133668169775843	-0.106555190794325
574	-0.656227011000882	-0.16876934904632	-0.355945845143865
575	-0.618523469272104	-0.512672711924445	-0.522532360900694
576	-0.320583012932507	-0.563025896691179	-0.491815109305168
577	-0.106442709966721	-0.267478986456284	-0.342311993849677
578	-0.200316527046333	-0.36942963446802	-0.544102081196768
579	-0.38474275030007	-0.258979946992832	-0.704868784343084
580	-0.234536200663376	-0.0410751800414336	-0.533532615753799
581	-0.539018653350852	-0.234598962496158	-0.0958474231471178
582	-0.395275238252557	-0.329435370739581	0.0290459821997693
583	-0.521889349766912	-0.470163886828978	0.195694029333748
584	-0.571160874260989	-0.370150105433591	-0.262003668536192
585	-0.726194429941671	-0.407082781698305	0.254472107094914
586	-0.678658759424766	-0.505657325639159	0.0829410916727989
587	-0.578825349382332	-0.179963856137749	0.268479009257405
588	-0.789201837095824	-0.201718398115607	0.184368896695958
589	-0.896665945261016	-0.316700711332594	-0.0364450870418928
590	-0.826343989858861	-0.0506917528346774	0.0495298242773393
591	-0.616725145378824	-0.0812482321461065	-0.299182251477311
592	-0.550076001251676	-0.240137375703519	-0.33027422800753
593	-0.782034118316817	-0.213149318970271	-0.511554233171629
594	-0.616052557828617	-0.235199113547849	-0.565676322000547
595	-0.451858170819509	-0.209407419643278	-0.701264312719801
596	-0.3545960656569	-0.12263245884096	-0.597424824731653
597	-0.368583076198958	-0.0382686938568907	-0.448608756901904
598	-0.251137644417687	-0.17281375568728	-0.455599720933968
599	-0.438587763080032	0.081364110167748	-0.566934201998671
600	-0.53329416237712	0.243461335457964	-0.518730429754505
601	-0.538442970666614	-0.114868497973441	-0.312118491484068
602	-0.563916984326966	-0.565588466217061	-0.409842837591869
603	-0.387028937878936	-0.398703279799756	-0.322482406415652
604	-0.725353362231437	-0.309561542767598	-0.388661892710808
605	-0.844440435355797	-0.37860523088175	-0.0753366254067254
606	-0.701710884005054	-0.370541637084387	0.128566614949511
607	-0.633062120339447	-0.638208887840207	-0.111687414186398
608	-0.279458106646225	-0.569780539839919	-0.00464498489400383
609	-0.387714306004558	-0.401110191310221	0.102786591115497
610	-0.364159473687725	-0.24546207194854	-0.0880739978177948
611	-0.431109156142561	-0.410432660919046	-0.0916740974701963
612	0.00779229970150619	-0.415757064178582	-0.217441947115264
613	-0.285183590889587	-0.266139954009728	-0.251346471115658
614	-0.110171343911733	-0.249182968549409	-0.482015228782016
615	-0.226618068579731	-0.662502841319011	-0.406341346230567
616	-0.481365027255971	-0.432797802967041	-0.513144878098662
617	-0.221443311234739	-0.597341854361728	-0.190365630735371
618	-0.23152481004676	-0.456205840585942	-0.577141659827523
619	-0.507016599858326	-0.150593034081976	-0.421302322464338
620	-0.575178394876247	-0.565765862144457	-0.313550186892754
621	-0.513616777312694	-0.263911499819132	-0.338497045601176
622	-0.526564524492986	-0.251899125729066	-0.248123828650592
623	-0.708571175199893	-0.159737814354262	-0.327104610728684
624	-0.676201550906259	0.0376074431193788	-0.380625812596629
625	-0.572080667756847	0.0546796037451892	-0.378241876710779
626	-0.451608977342148	0.105650926128126	-0.333286519551548
627	-0.335915119642583	0.0324147306057941	-0.329805888999113
628	-0.417686217743189	0.050918776058909	-0.435109261119441
629	-0.229441951447516	-0.106789398474077	-0.161006792740489
630	-0.318461539343015	-0.245274032637781	-0.609591502136519
631	-0.385749788196829	-0.331066283689404	-0.381789508703028
632	-0.516441690279501	-0.484945772061977	-0.322128702038457
633	-0.572895605971603	-0.67089699134935	-0.207709233045392
634	-0.369436444496039	-0.702881559063485	-0.156104535584687
635	-0.43425224951262	-0.59824647148558	0.119990293127182
636	-0.65742725127177	-0.411183774776819	0.0958934105710147
637	-0.625834672304445	-0.337728163490113	0.0841664440464433
638	-0.687079533861748	-0.179726426431973	-0.0883793693202871
639	-0.257575936849126	-0.50425618240404	0.15414836378121
640	-0.269456043257568	-0.261011361999089	-0.00592449556502975
641	-0.177353648840291	-0.357395171595328	0.00207028498061446
642	-0.390108337262699	-0.298090036729968	-0.106619840644485
643	-0.255434857112762	-0.288590203461303	-0.416018970550588
644	-0.386185231532859	-0.486635309929183	-0.21590073836183
645	-0.335788966579149	-0.556897586311062	-0.308327831269078
646	-0.364393220270298	-0.730059583136971	-0.0182641417032879
647	-0.429954862220362	-0.826265321994629	-0.307503575896034
648	-0.414563554012243	-0.743405014689742	-0.478331673742098
649	-0.027605181011148	-0.613113516933515	-0.372594818471308
650	0.0687427538806902	-0.592563186353228	-0.205165655450666
651	-0.31468062527019	-0.350035408010447	-0.295194077602834
652	-0.415910478786645	-0.24659043460517	-0.562371443466144
653	-0.533037956242357	-0.372693963126057	-0.345964887537431
654	-0.629381489047952	-0.321823237173727	-0.628875209765431
655	-0.352292431899954	-0.108239465126535	-0.327853760179479
656	-0.499439378402424	-0.182449425502596	-0.12149478332405
657	-0.641034310900535	-0.104268683994887	-0.407979629310892
658	-0.478795209681528	0.105644590206752	-0.278303854757893
659	-0.767478307933145	-0.298302390821375	-0.183518459228946
660	-0.887467047394799	-0.120778294898238	-0.35750069483043
661	-0.637487459866529	-0.107918804588472	-0.398869931349525
662	-0.448941129131712	-0.116355301417768	-0.389850930797122
663	-0.430032255043007	-0.109280404542464	-0.26422152380451
664	-0.283505419036191	-0.164524981639227	-0.0360816462302877
665	-0.273524796685106	-0.275282477942463	-0.253550780050831
666	-0.256572199113279	-0.50453682575777	-0.322477892812047
667	-0.432529797216865	-0.553873672691253	-0.489389270655273
668	-0.656097948433477	-0.543798414209429	-0.383138487781967
669	-0.752189572397521	-0.444273008624819	-0.142599090266133
670	-0.659434758236773	-0.406907028816265	-0.00573129818019452
671	-0.464229852720793	-0.151576419519638	-0.389588475692185
672	-0.526468681477411	0.166550657321647	-0.463871803831608
673	-0.535405452738454	0.178358897331859	-0.762488749504447
674	-0.272818488618957	0.203424558583844	-0.599097418897335
675	-0.127613026001027	-0.153221725245428	-0.701093725016921
676	-0.0389862649401179	0.0339853214417045	-0.484227525373105
677	-0.0625002042227488	0.057831823396261	-0.750967266724426
678	-0.258568855529133	0.106208842234232	-0.910226987039168
679	-0.608062323205323	-0.0574994436504244	-0.609135408082034
680	-0.403269299763766	-0.141365662052356	-0.86881074588953
681	-0.363722248937913	-0.0628458625997445	-0.785370466489196
682	-0.241511873555975	-0.138974579691549	-0.670763050048854
683	-0.358830572900174	0.216410947578962	-0.789193016389241
684	-0.0693267889403166	0.14254944728925	-0.585592755566042
685	-0.0404646059682989	0.108662678377802	-0.732021278469151
686	-0.186328304911722	0.361061013803826	-0.640264839458211
687	-0.229390372107338	0.240709878819607	-0.371437198038814
688	-0.271449937393855	-0.0190673988843341	-0.413453603770823
689	-0.622918956319105	0.0513346364467837	-0.546435601567857
690	-0.478160951255771	0.193977657789248	-0.392498849075531
691	-0.361061992923583	0.279014447288126	-0.611308716121009
692	-0.100624165203316	-0.0250760820735025	-0.426867563154609
693	-0.0240740254527616	0.337098993651929	-0.489993738018205
694	-0.407109368947623	-0.0925470081328852	-0.489643103528361
695	-0.23790701577045	-0.0758927150660592	-0.812736796909399
696	0.0752488666137537	0.0163176153261845	-0.70887911340938
697	-0.310399364551556	0.0420576170014744	-0.665087747139461
698	-0.254620613112512	0.244063257589283	-0.33619340224863
699	-0.0442451300067132	0.25329397780454	-0.70383756630545
700	-0.247684224817518	0.32627207845592	-0.891759072041827
701	-0.405397091529193	0.0965418621694916	-0.576900191310722
702	-0.286844050214939	-0.0164188891459826	-0.414176137380428
703	-0.324732735317744	-0.0714559165987344	-0.205941567646885
704	-0.443646340929161	-0.183886906705909	-0.109666866164324
705	-0.429687941958089	-0.259182549242382	-0.312530087086908
706	-0.503594698684434	-0.375062105310318	-0.512037459129886
707	-0.686321815246696	-0.259616369256824	-0.391746213536025
708	-0.78706266831775	0.0259784292089456	-0.384845859742455
709	-0.649954905115361	0.178264596025823	-0.254869893700857
710	-0.751044700763015	0.0599241047014437	-0.18083638215368
711	-0.429221631817046	-0.13852622288895	-0.465149906950755
712	-0.212245811621159	-0.167932440421111	-0.289129782471654
713	-0.17214738350184	0.00202856956348108	-0.466740448508521
714	-0.258763945178552	-0.0144884786765719	-0.59414281856015
715	-0.433943972363973	-0.068988821454468	-0.682500379412044
716	-0.634021569222328	-0.303182957921596	-0.50859936086824
717	-0.401275647290929	-0.379614372872169	-0.459125900704847
718	-0.178705395613097	-0.245923314884403	-0.705514702922538
719	-0.262813948371039	-0.243491987322332	-0.835069111675244
720	-0.185511405221666	-0.517953420553149	-0.638158558786586
721	-0.0984417671162897	-0.025965692460974	-0.638571372993037
722	-0.137632753633937	0.0268352074768702	-0.658969380792254
723	-0.110347089827764	0.338866076664449	-0.6968097069381
724	-0.0987010810717377	0.136685843821329	-0.898639024791132
725	-0.239051831928911	0.262215685982275	-0.467475716911121
726	0.0744673548264692	0.203702872766746	-0.785198810071172
727	-0.295651988427575	0.237185036778836	-0.741426643700125
728	-0.0309943741648856	0.19253341478479	-0.477058063761185
729	0.0968718410990067	0.37309851233585	-0.556227927469363
730	0.233404460364324	0.132449723712269	-0.467367590685542
731	-0.089117443444041	0.0650964820232129	-0.491450880168185
732	-0.286096216756499	0.153828154231593	-0.31456049080478
733	-0.546422039445169	0.269657477029208	-0.406331003097742
734	-0.42554345444106	0.166092911212423	-0.792046038893164
735	-0.374879593286906	0.104794229189893	-0.79591743196992
736	-0.500630389376986	-0.232267013648565	-0.542009663614113
737	-0.325939647142347	-0.160472915221779	-0.289966502325387
738	-0.603691669890964	-0.170565661780603	-0.277816990210325
739	-0.359993625282169	-0.217101024290431	-0.713245790692324
740	-0.673182736434259	-0.0158676283885856	-0.53714653208067
741	-0.39664946911067	0.133677043709129	-0.52713210410704
742	-0.232980318573439	0.126677447081559	-0.76440137429151
743	-0.34271598874932	0.346032699576683	-0.728734389673554
744	-0.316319063937693	0.301924679612227	-0.479931600785153
745	-0.027480708610428	0.171464249997297	-0.31317534362825
746	0.143629243629498	0.248320031560503	-0.46091560629975
747	0.0543058772165863	0.00550782464883137	-0.41273951598529
748	0.115792455405414	0.417273190640164	-0.63904152797639
749	-0.0701726763038258	0.532713168311587	-0.525133755218467
750	-0.197032371237252	0.511522971006881	-0.322454387077446
751	-0.282057631150754	0.163866628629919	-0.476656552276244
752	-0.173845557111973	0.078982187246746	-0.471953251376093
753	-0.579034876937837	-0.298808851255778	-0.680117085079654
754	-0.145045549844474	-0.281333171189728	-0.744380723041961
755	-0.181817131624732	-0.124207123978324	-0.821091820166074
756	-0.265326528262016	0.0264743286220165	-0.903349304891105
757	-0.329553421352283	-0.209868695877898	-0.32788497533906
758	-0.293965079878605	-0.358249398016895	-0.376883180996439
759	-0.563368039949882	0.00936240677048138	-0.5898783954824
760	-0.681227891437115	-0.126153552543038	-0.59794142678318
761	-0.3212454537704	0.173176361408091	-0.551783159437705
762	-0.331926399316012	0.399940629938542	-0.540344378235797
763	0.178088104925694	0.194150719134468	-0.546187876792527
764	-0.114888002143978	0.31482323843801	-0.195573602993592
765	0.107200655490372	0.395831802944867	-0.358857353258077
766	-0.120042061888389	0.477624903976335	-0.39175198926861
767	-0.130916667971133	0.466766060001164	-0.716702005080748
768	0.037434491928102	0.256814756680854	-0.764881549174072
769	-0.0551040794217216	0.709575031449426	-0.556234800719364
770	0.177304605685512	0.536889534839164	-0.557214595788218
771	0.0851191969380107	0.638258910612639	-0.646794646755661
772	0.163732471227581	0.426265130916793	-0.700506855093954
773	0.0517047612226496	0.215876760889896	-0.58832995976374
774	0.0050633046695428	0.375134521091928	-0.683821458539677
775	0.145596695436727	0.203365362320263	-0.541103974445957
776	0.196690872309802	0.190008640018512	-0.361680287160101
777	0.143079054617228	0.595162705319108	-0.230306079876272
778	0.324440606612651	0.460634169448211	-0.286999268853897
779	-0.247601479981091	0.42708938523437	-0.351120073747511
780	-0.0982321323996021	0.54370628906396	-0.267763658949871
781	0.0441110053570136	0.329650104825892	-0.381517612525514
782	0.111650388020036	0.0639606829657385	-0.38299858713986
783	0.333846179318366	0.301723721157637	-0.464536756776707
784	0.0259123917222939	0.237256518030064	-0.645888862082462
785	0.151146443413257	0.0719506400627963	-0.36374545338235
786	0.286109350484947	0.13346522959761	-0.7126697842552
787	0.0556516117493151	-0.0988743743341772	-0.678032929409896
788	0.494704082062516	0.0343831386893807	-0.417021315603783
789	0.417163970130235	-0.130610963247391	-0.711107602605785
790	0.233992800087079	-0.222616124038138	-0.426829321476673
791	0.0961390700887624	0.0722044235794565	-0.461698268942081
792	0.114760585637093	0.318704573886638	-0.705063382914864
793	-0.0389617714701372	0.193980235036622	-0.726605713927329
794	-0.14770198937096	0.243141962258491	-0.308881221076968
795	-0.242081078629028	0.304690016679115	-0.582931113046656
796	-0.247942980958	0.529543780454366	-0.662740101487566
797	-0.23400792997796	0.581279637165205	-0.398658727167891
798	-0.0393029376161288	0.5262811533511	-0.343077504033139
799	0.14860027128554	0.437142906479999	-0.221900804932853
800	0.0997505499544985	0.620664009109139	-0.572699022545453
801	0.194952866902941	0.379461200031786	-0.558183737269541
802	0.335122455531301	0.370440895264194	-0.410042557688337
803	0.0411183338987254	0.236880448876089	-0.540020143352152
804	0.344632864729281	0.322212433749898	-0.684227721532006
805	0.180971999061672	-0.00187487884859899	-0.780712222206034
806	0.221429179510697	-0.0904707566085629	-0.662825928645062
807	0.549627687518404	0.0693939509121714	-0.662019671827426
808	0.45957470891375	-0.116223834468917	-0.547160563749498
809	0.434519577329377	-0.0341029161857849	-0.319224739046405
810	0.268244955214162	-0.0790571999756732	-0.25265562762263
811	0.193992948474917	0.00228256145488669	-0.419730251975094
812	0.126213395745524	0.20549791807175	-0.416847332273057
813	0.0269622167056265	0.344738586159864	-0.509491618682258
814	0.019522498427429	0.322924159833346	-0.713750103036565
815	0.353555315800672	0.308509930825016	-0.762030011879384
816	0.210610517602321	-0.108744023400738	-0.801123839634108
817	0.020317076261434	-0.134030346431784	-0.640274938470427
818	0.100968888736005	0.0872546869554181	-0.661047907032081
819	0.0265489689918285	0.0201891774423578	-0.831972908608596
820	-0.159879227243667	0.0976480748529525	-0.731825715581488
821	-0.0712079675451915	-0.119822536797387	-0.637193858604292
822	-0.102434900796806	-0.0767161963923912	-0.458630763595169
823	0.264377702271673	-0.358836679426311	-0.714094149592789
824	0.201904582900013	-0.271675285423004	-0.583296774557988
825	0.208413019091361	-0.203657694422373	-0.389221998910444
826	0.107722463618014	-0.573493312968899	-0.439625105935026
827	0.0889110626082343	-0.548951645084274	-0.407210125496325
828	-0.0947825694188361	-0.532270081423232	-0.480409625643598
829	-0.220799518370213	-0.421423955041962	-0.43674470887174
830	-0.159543275434529	-0.383814982000928	-0.828383623032928
831	-0.0481127431069561	-0.34891925371019	-0.67862779230159
832	0.0609613545970822	-0.082383114147993	-0.569442352513848
833	0.0913846182708912	-0.077626214622201	-0.365614934424329
834	-0.0272546507313462	-0.286608662527868	-0.366647346192431
835	-0.0138762857482425	-0.18026392744269	-0.254156276159825
836	0.00119695092528921	-0.349535427430106	-0.219332691477861
837	0.212412741076794	-0.515879166042674	-0.390076637523167
838	0.280633875084715	-0.35381972032725	-0.35151987604413
839	0.395118422070006	-0.335474413352958	-0.498324667913805
840	0.385728206366616	-0.39035901340734	-0.648118929926424
841	0.419912081261449	-0.148139079753046	-0.580148527888185
842	0.178873704330234	-0.205705564969999	-0.472211421467707
843	0.566090813502657	-0.163659128255902	-0.275114859789421
844	0.310501854618025	-0.0889161393712667	-0.356428727555345
845	0.544021272200906	0.0577498206940148	-0.420330260848556
846	0.385294031550811	-0.0597749576444682	-0.840273129598539
847	0.681865419465668	-0.159931859951629	-0.711254520140641
848	0.163664790586977	0.0378214985724773	-0.60134862207633
849	0.622096956633761	0.115022544475238	-0.711376429397313
850	0.492339338526981	0.306569446371359	-0.503905857653973
851	0.356673386918519	0.0817029301487056	-0.50424629798354
852	0.409522420841773	0.0326174815584427	-0.602827758242409
853	0.441743106624756	-0.308124220924095	-0.557284891151143
854	0.45185379103327	-0.146888633084664	-0.321161349486463
855	0.0145765350106206	0.0474488063319918	-0.547612450446432
856	0.22168352552563	-0.201551243221316	-0.839357659035869
857	0.00492009910696892	-0.0480274394938027	-0.53485081594885
858	-0.0241143215095369	-0.296110893165234	-0.47594427032678
859	0.136299490249498	-0.427910126246336	-0.477709458207218
860	0.139991507830012	-0.258619595460681	-0.185323881460178
861	0.217491783528244	-0.0678756448972758	-0.302106164051991
862	0.0679664969132289	-0.0757855219305383	-0.413932068060727
863	0.415700556880053	-0.297626511145021	-0.696564643815471
864	0.207896248836773	-0.281349848509048	-0.736411644353713
865	-0.0576252836979128	-0.237858756026501	-0.507959674637442
866	0.0580111848547666	-0.459368608991755	-0.715722364791097
867	0.166500603983055	-0.614371264564336	-0.452195669478165
868	0.395971209835593	-0.511401739161562	-0.395682448937516
869	0.234061198312325	-0.529476962433787	-0.268002659048634
870	0.0372857450862441	-0.543831325966627	-0.280978602728295
871	0.114844338208224	-0.318219751841844	-0.438750815598825
872	-0.0385939426028377	-0.0428901565224609	-0.482314122601958
873	-0.008287057218475	0.124234678039956	-0.607790785879157
874	0.201201081924695	0.224352934971178	-0.524876710315765
875	0.402407641884255	0.0979808898399079	-0.452483622647619
876	0.0786766858025366	-0.0698979595796379	-0.857435061044964
877	0.2035980231629	-0.127938989331913	-0.880557690483727
878	0.298001655494819	-0.0648304491602223	-0.820649640315697
879	0.445012965506644	-0.107869811746681	-0.563623074642889
880	0.386560236763639	-0.179887135784805	-0.664477733573029
881	0.263543585096875	-0.130644001407619	-0.601169525769328
882	0.135744396955362	-0.278505708441423	-0.5079463718215
883	0.113990296696632	-0.403595863183318	-0.298880719677715
884	0.0339787717993027	-0.207651472685644	-0.252251825245079
885	-0.014012686483747	-0.156705845905575	-0.586834879235051
886	0.101789628434871	-0.391414222008735	-0.823588914059757
887	0.396220437371908	-0.426832442672263	-0.566065285282117
888	0.340826930270518	-0.587210939385824	-0.684404648933051
889	-0.17624202333704	-0.451007985962266	-0.520115481802214
890	-0.0179350118922311	-0.618627617401523	-0.593628191078558
891	0.0489003832295723	-0.383949466196395	-0.654119908180919
892	-0.00102777778883467	-0.295018277056669	-0.334007995111409
893	-0.103159321357428	-0.133748739075366	-0.400898741593918
894	-0.266107566133834	-0.432961307333237	-0.551895091622768
895	-0.0418456827927537	-0.129424360781294	-0.824382361837856
896	-0.223571908694209	-0.291712916178535	-0.862549589982662
897	-0.345644956803817	-0.391894726004373	-0.720514777369414
898	-0.426894708363766	-0.103792370548035	-0.643944571531727
899	-0.353653642117192	-0.0824153153485873	-0.484584697602845
900	-0.189757081447037	0.0903961112277821	-0.633326996931741
901	-0.310381154049082	0.0736942324253564	-0.622242592931669
902	-0.0722028576896225	0.215548208890192	-0.4583716795297
903	0.0769921066144351	0.35885870188959	-0.667604883422509
904	0.142990955318573	0.196916470328597	-0.894029838335427
905	0.156180727360014	-0.23988742731769	-0.68413337130367
906	0.143858962200883	-0.126624375137744	-0.883477888964593
907	-0.0736391216381645	0.0898935203083142	-0.884061601329109
908	-0.131492440883588	-0.133746712382192	-0.777029454961275
909	0.0214112442421351	-0.0762776629285719	-0.507650418763854
910	0.281951020639882	0.0396320046084591	-0.632028668286355
911	0.156803256685947	0.0417109248260519	-0.667722755087707
912	0.143535345340667	-0.0357914219110068	-0.490336089874273
913	0.414290995959431	-0.0820673705627303	-0.329558028503705
914	0.558610340628756	-0.110077610204932	-0.382831908435701
915	0.670265804132289	-0.112135067014097	-0.65850779949419
916	0.121058357109386	-0.155901014592052	-0.755087483834938
917	0.237425265583939	-0.446153170150068	-0.745821232085559
918	0.454914999025438	-0.304583464001247	-0.875537886092191
919	0.343285267221018	-0.463115031146881	-0.780452165596103
920	0.35559615103311	-0.549848982006027	-0.520355423667482
931	0.352103687836176	-0.373583536458107	-0.545435706402286
932	0.323789336989304	-0.403743134657247	-0.388719199748722
933	0.344995175951462	-0.426646781418885	-0.534403753057237
934	0.289492351501085	-0.292953358603699	-0.281982002167029
935	0.0170038362720275	-0.403590744690584	-0.710889112023759
936	-0.0538006683567696	-0.280867884877278	-0.558579798774828
937	-0.0844354440808923	-0.406625782309213	-0.306845588087123
938	-0.000646623337527213	-0.20259181911908	-0.376612894868088
939	0.0765134549872357	-0.0419680341568901	-0.512240500974586
940	0.0421864216166096	-0.673522034618137	-0.376976876737311
941	0.269284226989669	-0.454140679290353	-0.390650536991336
942	0.417164873168506	-0.376378699675889	-0.188197863396664
943	0.362050636292405	-0.0221366722894753	-0.320328305785447
944	0.483600594424637	-0.167224197813971	-0.536622981328001
945	0.367747536706065	-0.238829447051576	-0.275711460215505
946	0.285281830745577	-0.220525466665471	-0.4377902292497
947	0.587067811844286	-0.396650285240461	-0.359052091839366
948	0.443353428991364	-0.416843255134289	-0.522104165375496
949	0.588217205086409	-0.162275798151645	-0.311036547240945
950	0.61327218763989	-0.42075665245066	-0.668818662561281
951	0.483555302302867	-0.42779804708473	-0.542684424049455
952	0.336703810112772	-0.479160675107326	-0.545805374689185
953	0.369874505278388	-0.344641833213757	-0.566730894728166
954	0.178093347759751	-0.247379095216626	-0.269411934320233
955	0.317374237762485	-0.245392259493735	-0.215788718836561
956	0.495148327829226	-0.356167443589923	-0.174602712823599
957	0.24130743447471	-0.623129198746023	-0.25387917213449
958	0.420565146700636	-0.607683290961776	-0.201132328775275
959	0.197656143777095	-0.596488932511292	-0.37442497605642
960	0.0085772570707397	-0.447081002316892	-0.544991240379377
961	0.00715161854223042	-0.545100110963745	-0.331903946663665
962	-0.262651846392015	-0.604703657167524	-0.160301991236013
963	-0.0694008242726966	-0.333186967059014	-0.171875812961985
964	-0.204932255122354	-0.872852414637659	-0.0245825811826758
965	-0.0328838742182525	-0.839611334543974	-0.316612663620109
966	-0.085417901421779	-0.59397414344663	0.150998193903807
967	0.192412823609488	-0.574702180791038	-0.168823506764193
968	0.239815632809672	-0.80452372354207	-0.10079022409145
969	0.00790820616566771	-0.778731074727467	0.197669004664861
970	0.263029849310869	-0.637247930361748	0.0716086133269911
971	0.189056722861125	-0.515227299598489	-0.195078286179355
972	0.0780457635400132	-0.574258994200988	-0.361881481768098
973	0.0185639798590075	-0.396198962212265	-0.301580633066002
974	0.192395870922883	-0.429277679242414	-0.371514506376104
975	0.0545618318551724	-0.297045541071861	-0.3939777480338
976	0.0404655724709616	-0.411810323133344	-0.554355807994448
977	0.391024531172387	-0.380559031828942	-0.36583170916107
978	0.241879826534638	-0.246756468546456	-0.455825388363529
979	-0.0769118205384542	-0.568461800448671	-0.138299037421001
980	0.275378812589936	-0.53083153322203	-0.564940109157373
981	0.403211345900123	-0.466496614055829	-0.548616895998219
982	0.242719275947499	-0.506621211371993	-0.323367895090044
983	0.299271797050495	-0.251209476827065	-0.523268973272965
984	0.294894613949721	-0.308417580868507	-0.721037834674958
985	0.19113736036246	-0.180496103956169	-0.475737056603352
986	0.130396442241491	-0.692691967474375	-0.392059140763419
987	-0.0137073555720399	-0.56555920212091	-0.462201480805159
988	0.0299479664804241	-0.299704167781099	-0.324047669386235
989	-0.106290537830497	-0.381907833764394	-0.725814282540493
990	0.140006080731622	-0.671930763995891	-0.645538145705677
991	0.116181343302643	-0.66727046632283	-0.395632288524683
992	0.317442937751493	-0.579095518308726	-0.244399529429978
993	0.26481658982407	-0.46128475875598	-0.0885435409308993
994	0.0601021084782975	-0.482487009364349	-0.297788729350946
995	0.128896825073192	-0.564779973508455	0.181519665457204
996	-0.130336216410379	-0.494940508188221	0.132073773197232
997	-0.172809235575272	-0.702265873240921	0.0172659460973335
998	-0.092922835837461	-0.923556906617054	-0.0897122031572293
999	0.0955162446232499	-0.807681809327941	0.0193326549602678
1000	0.272538001295514	-0.930226677363063	-0.0207733996685523
1011	0.0401424213840441	-0.707537620082815	0.0809718458465033
1012	0.269356004957558	-0.852426512061675	-0.0950945373230425
1013	0.324448588898182	-0.642660131006102	-0.0644255231678045
1014	0.319928868178375	-0.591952683704597	-0.322068389579228
1015	0.129654809678278	-0.363502742185248	-0.0680896865904185
1016	-0.00838479188272091	-0.528704878348212	-0.150545451077742
1017	0.0345855695972226	-0.442343059990589	-0.392517391827721
1018	0.012008389585771	-0.622806888452864	-0.486617245701876
1019	0.182127542266802	-0.758217105357097	-0.524684868418083
1020	-0.13453787324881	-0.86002061621295	-0.310237850346129
1021	-0.122374008707728	-0.742247897383074	-0.236989725923708
1022	-0.388235141947089	-0.722602100799708	0.232778431036505
1023	-0.255120640027825	-0.783512666709245	-0.0508177636795396
1024	0.0080701299869754	-0.478621386488494	0.106060709453557
1025	-0.129727921275502	-0.787580422576851	0.181267017912076
1026	0.00349203815529672	-0.98769666377718	0.105169401117065
1027	0.149041685643617	-0.687999492719563	0.171656464086126
1028	-0.0754499091070452	-0.486445592640453	-0.099786344702175
1029	-0.133502103475243	-0.510490410377814	0.286932297251489
1030	-0.325717161765277	-0.510176572575268	0.0781336285410581
1031	-0.0266907947400422	-0.493617666567371	-0.141688109276829
1032	0.206534187102448	-0.671477538608468	-0.042148813134858
1033	0.212771082981244	-0.205365864499906	-0.261977623001606
1034	0.165355865909248	-0.433108991158017	-0.57028937906982
1035	0.326159185640088	-0.684540962058014	-0.576844124644046
1036	0.17977444079196	-0.450748035299318	-0.238607253719532
1037	0.468131505487308	-0.587967740898457	-0.396099820314809
1038	0.334639362211384	-0.366845754598389	-0.455538927944812
1039	0.470904841378184	-0.403777857567764	-0.15120731073491
1040	-0.0712998765058428	-0.498449218412496	-0.444676046867127
1041	0.0670641102013406	-0.567279300150407	-0.295617847260172
1042	0.405199387749948	-0.510602615409907	-0.280042137204823
1043	0.320418307088281	-0.800941049038079	-0.266270454330082
1044	0.0728745459056938	-0.90368780664602	-0.132508602401377
1045	0.0274729489198793	-0.507770762479133	-0.0211216110378834
1046	0.49423602241382	-0.894991869620725	-0.123162891699229
1047	0.430616348250707	-0.40175029178895	0.0909277740749388
1048	0.520046591419828	-0.711446706743495	0.118592967588189
1049	0.244741133774932	-0.638869510386784	0.144681423508982
1050	0.279241512353351	-0.825638781542859	0.168882522766566
1051	0.3553840359782	-0.872494576821119	0.0870130110322456
1052	0.25907484367671	-0.813238406233899	0.238742782640771
1053	0.10220639786863	-0.969460024252122	0.208803006968475
1054	-0.0671474700987801	-0.869732525394847	0.243949832892476
1055	-0.0656988079450077	-0.728129534402842	0.354567015825668
1056	0.17459953727396	-0.486779381302954	0.267883799121308
1057	-0.150283146948286	-0.802328880593339	-0.00178311272270354
1058	-0.00570621683223935	-0.518227445226824	0.0105995325156355
1059	-0.101798506019742	-0.978193223929674	-0.0646194692903459
1060	0.0651711392954447	-0.68641635435082	-0.19333858917645
1061	-0.00730361343461899	-0.687019923272574	-0.0648332971442098
1062	-0.0451413444518763	-0.396688038499723	-0.229622678463845
1063	0.23626279212731	-0.569722068179247	0.100400883810028
1064	0.370734431549683	-0.241598879528029	-0.0671804429714055
1065	0.361632034661109	-0.380964455191982	-0.0536003164485706
1066	0.287607075225958	-0.485727854752278	-0.483837340746214
1067	0.347560313106958	-0.386624851553957	-0.400368650748835
1068	0.514342530575479	-0.702005725953586	-0.258636468955257
1069	0.388884676205341	-0.773525911176956	-0.262685956404905
1070	0.0563153231544374	-0.649913058017707	-0.464632733457347
1071	0.00769104529769787	-0.704629812935614	-0.368660206774901
1072	-0.0744207957363967	-0.653568753940246	-0.470233287128955
1073	-0.0279307774624177	-0.300134957504138	-0.239118494848218
1074	0.00300770083327848	-0.192071552260794	-0.570983236291056
1075	0.22809630842823	-0.237250988447129	-0.747574584728942
1076	0.12101171532046	-0.35467983777527	-0.648273647878176
1077	0.316687611887207	-0.634105148532462	-0.638760707625121
1078	0.36108911113753	-0.523021210028478	-0.449745302261729
1079	0.491033824613631	-0.366466774275018	-0.394221635281308
1080	0.376596464819061	-0.442392670256851	-0.224392166386944
1081	0.316059238127004	-0.392481514916554	-0.322848664241221
1082	0.121975875314122	-0.381810180265878	-0.291355154499525
1083	-0.100021403632486	-0.39259817816108	-0.249801108640338
1084	-0.137073306808941	-0.500378997968513	-0.233764468258254
1085	0.286010324261596	-0.613623387834438	-0.140558243519403
1086	0.180156723668075	-0.681368121656066	-0.402417976407108
1087	0.162682765285281	-0.82808657619899	-0.29771430820356
1088	0.0408252772514177	-0.800100525156439	-0.190577452658627
1089	0.0668747048435333	-0.680077347527884	-0.546580929389937
1090	0.0316540654037309	-0.54490902728854	-0.671261569453656
1091	0.0876968553978833	-0.570350411719278	-0.130441733133247
1092	0.0498359062792298	-0.384918242384079	-0.0312217579608661
1093	-0.0042655185744372	-0.561514715400146	0.0430276282865374
1094	-0.104318989750213	-0.489859926406033	0.206994838702464
1095	0.152058894941453	-0.468089852267117	0.134901612292411
1096	0.237191023474217	-0.467293187660107	0.111516219243755
1097	0.077743381168749	-0.686119304994979	0.155670868247752
1098	0.259974005611962	-0.646882163564363	0.237903560731044
1099	0.226993085746491	-0.706970483116839	0.00515684747360658
1100	0.0841968371508346	-0.807667017772719	-0.204104343754366
1101	0.109049128921546	-0.800733206671173	-0.0281236995197018
1102	0.0958984542485347	-0.446173462483993	-0.283049519220657
1103	0.0965365328479397	-0.666698808740461	-0.41279458475836
1104	-0.0340938718057138	-0.819627029503294	-0.318659241007065
1105	0.320078853909506	-0.888161128200234	-0.138390377294733
1106	0.480382131224882	-0.682135548303483	-0.292716551883413
1107	0.431500285917517	-0.575823317348943	-0.0523930559707678
1108	0.257297434371419	-0.522682878326639	0.0543682154253734
1109	0.0729330698522338	-0.332324556707367	-0.0322158835440443
1110	-0.106312580612766	-0.577628218750273	0.0393486753868094
1111	0.146964822273983	-0.466876352100474	-0.189494747282662
1112	0.459636771409157	-0.627161826673469	-0.480191325618715
1113	0.56846050710918	-0.566217290994892	-0.280013387794208
1114	0.402947974911228	-0.487210290217702	-0.642915805631306
1115	0.21071955091761	-0.350272895910092	-0.58750912808188
1116	0.30811720397594	-0.238789114981935	-0.590228981736164
1117	0.239779569679309	-0.204312763765497	-0.377229117316467
1118	0.447835943388479	-0.132420660273912	-0.299074098209689
1119	0.564476188632228	-0.244510217278092	-0.42810148473053
1120	0.554678534163367	-0.285185555959224	-0.217489730414107
1121	0.687370022979692	-0.396636723564346	-0.274966610561778
1122	0.254316110855557	-0.301340649648892	-0.12467418095208
1123	0.473325567982463	-0.405074409227193	-0.0704815449100537
1124	0.308112232057924	-0.252132563258844	-0.32847229549787
1125	0.513795977356932	-0.400714653199199	-0.434652845371752
1126	0.490518800899475	-0.681763975990538	-0.0783893406898032
1127	0.585098640489818	-0.791919741889428	-0.30133516612166
1128	0.363820406179709	-0.685117641522621	-0.550169454250453
1129	0.141770277629326	-0.695808199442498	-0.409691028074871
1130	0.223638920503334	-0.693971819306209	-0.0180347986845795
1131	0.297418143942159	-0.596575527334473	0.076111312864293
1132	0.102580016409995	-0.512651692425308	0.224635162841185
1133	0.197150561424097	-0.574260666415052	-0.0409392847063415
1134	-0.0531261527047797	-0.621300459566967	-0.156189396723908
1135	-0.0430831089724638	-0.755940357132926	-0.0611588703799688
1136	0.0201417027016677	-0.763879243802937	0.308409715069018
1137	0.260761139460164	-1.00737771810606	-0.0676506873167668
1138	0.33035147338595	-0.826979522956719	0.0541659742579299
1139	0.0658193505909063	-0.994414815429766	0.143234550838607
1140	-0.197353823958292	-0.828279454859228	0.229756639255431
1141	-0.0924071208999197	-0.826597854949807	0.19480217131984
1142	0.185218024591429	-0.745520559831683	0.0940882231859076
1143	0.180007586759333	-0.786755186938998	0.262732185886236
1144	0.318663856032731	-0.695915096596914	0.348031861779897
1145	0.352233798827346	-0.565563597411395	0.122184657437625
1146	0.199901186389842	-0.341122047849251	0.0458569653316475
1147	-0.0277497586944983	-0.435910275717373	-0.0170606318282274
1148	-0.161271610906069	-0.405545670803395	0.193279975986082
1149	0.111749654265906	-0.331101432333644	0.330484756048441
1150	0.113102559407619	-0.403579271669169	0.513240238035191
1161	0.198805218028244	-0.419142955385597	0.136288943093198
1162	0.448549346825172	-0.4597703742031	-0.000615377141772622
1163	0.279674404576901	-0.722618692126074	-0.0374999768784416
1164	0.240350359629449	-0.163321675956557	0.00123094600114837
1165	0.0249566020903333	-0.481717694645796	-0.0582901259040704
1166	0.0372569435791251	-0.25578770980395	-0.281091126929172
1167	0.202740553545508	-0.578288504639657	-0.327110423786177
1168	0.292367875934738	-0.382919165633005	-0.514268820465579
1169	0.514479799516227	-0.590940921802506	-0.338992753734919
1170	0.455466827777554	-0.261559946629908	-0.316642298367923
1171	0.413738930617949	-0.373282142024583	-0.215473029137808
1172	0.364292395565582	-0.359953239311488	0.170941438879337
1173	0.134944500965621	-0.64896764463715	-0.302198288173803
1174	0.174368371871546	-0.44231812819771	-0.0280651055653356
1175	0.269629141967609	-0.92024109640246	-0.0112982872454592
1176	0.545631486963356	-0.569522401244606	0.0749373604731666
1177	0.150117461689537	-0.634642505580946	0.231250231639872
1178	0.401245180486339	-0.739093534387643	0.208457093012336
1179	0.371864074261199	-0.665158682530192	-0.111936667058353
1180	0.449824822177992	-0.720092932185353	-0.209358490762409
1181	0.45057353020124	-0.574436525325458	-0.262910785917984
1182	-0.0509374618278655	-0.565376272971755	-0.2438443156109
1183	0.176837499508007	-0.51856865156017	-0.178389833141707
1184	0.213941368913408	-0.554298045790438	-0.40040316802501
1185	0.0510716452933616	-0.763917603300839	-0.355221561412044
1186	0.269454560379984	-0.745928327731748	-0.169223493182814
1187	0.159807685327752	-1.00048420434193	-0.301221301364973
1188	0.0608104223774571	-0.853333465745165	-0.0363600578311557
1189	0.254880663036416	-0.980636660171289	-0.0771694820397067
1190	0.150708114468938	-0.869307078703487	-0.580363954552806
1211	0.341221380587609	-0.555085090885949	0.0156091893002042
1212	0.692922876117217	-0.545444171467674	0.126436919839318
1213	0.50565528945105	-0.351870261991848	0.043448891979742
1214	0.539344196895558	-0.649788754422424	0.212800627060664
1215	0.202482054148694	-0.523411457335472	0.308231785982015
1216	0.447338614664137	-0.520077852487796	0.536089606654873
1217	0.540566292942949	-0.243389125039133	0.545289451041303
1218	0.263361770442212	-0.349785878163535	0.53914719346095
1219	0.293552025957221	-0.172975727977399	0.415121030886305
1220	0.505014815547183	-0.122611135083769	0.289527010177126
1241	0.535832196073235	-0.177125476163063	0.122098514988836
1242	0.663263454844099	-0.210690725730826	-0.127664097820639
1243	0.375331903719306	-0.281363585563755	-0.162065156448208
1244	0.654191142966621	-0.220741821373002	-0.141478475028205
1245	0.577180282710562	-0.284226535314946	-0.404947244620788
1246	0.565018806828764	-0.266651575008415	-0.414736978835739
1247	0.4887353867873	-0.00131838192899286	-0.319272512210714
1248	0.506009856092272	0.0194226164086065	-0.323282236771303
1249	0.674974692863764	0.0892235402382374	-0.0637687161272058
1250	0.799144909052089	-0.0457077648655435	-0.335482496619574
1271	0.727979791362755	0.159350452495384	-0.0885391002028981
1272	0.870676819473138	0.00440637851837394	-0.0535369162536078
1273	0.853547460220941	-0.213847885212117	0.111155845938968
1274	0.585374380664319	-0.130376359204048	0.197799587865726
1275	0.346859883550752	-0.0491430690074721	0.145956652632342
1276	0.496012563916562	-0.200272633713449	0.298053861521951
1277	0.634237701680405	0.277654811673676	0.416492785887584
1278	0.536938717692679	0.312723953583833	0.125099054604413
1279	0.769317688031052	0.22155387088091	0.445482603592067
1281	0.566273010911791	-0.169736943854729	0.286355929108452
1282	0.290671097581819	-0.307736186983734	0.0917307452900577
1283	0.354888567541523	-0.205744723521187	0.0265245477648005
1284	0.550970303080682	-0.301831843822706	-0.00269555202935284
1285	0.525410235588908	-0.269754177580712	0.340103448104958
1286	0.407146456554386	-0.359366028747093	0.489283186802637
1287	0.760146844296544	-0.451395178853841	0.205101611306948
1288	0.570358199446067	-0.65611817647591	0.0589587187928841
1289	0.421989866945485	-0.613589806579087	0.27636453882378
1290	0.211393139257635	-0.295743691312581	0.305063986303357
1291	0.389780714221861	-0.138983444268055	0.259741216349273
1292	0.510639576979648	-0.1525876020171	0.102847005324405
1293	0.51760874586732	0.0662993589039724	0.372616082121308
1294	0.742329465796399	-0.0775218979911944	0.333475548597604
1295	0.770009078144356	-0.0405166705935115	0.308121996704082
1296	0.852429773303567	0.0161714649588049	0.101347855975387
1297	0.706885372937551	0.0891804299087411	-0.0403127082934155
1298	0.70779561919497	0.26344607778054	0.233638463082926
1299	0.534298426443904	0.382153041368103	0.284658447841876
1300	0.387026168575024	0.154302346062572	0.0771408820180532
1301	0.603514206783319	0.0608473962531026	0.0243166846498665
1302	0.774551997966175	-0.161155016458534	0.127674402769025
1303	0.821923559825025	-0.171200206311156	0.124876943852076
1304	0.947985605688897	0.0134497742452621	-0.15912705455669
1305	0.874351215800028	-0.174596404206088	-0.242537034652284
1306	0.68500169433762	0.00522066858127838	-0.229581748028496
1307	0.531181937559941	-0.16294036911348	-0.149923704630865
1308	0.586176404461484	0.124650221960165	0.0602933641108452
1309	0.794218287618559	0.263931653791287	0.0915729205675284
1310	0.970806939271904	0.139164841658769	0.216297510244809
1311	-0.091887579353828	0.44225034101566	-0.262401553284708
1312	-0.535473909796782	0.787262563602393	-0.219079613059024
1313	-0.350943118522383	0.297280989620036	-0.197056249446957
1314	-0.366841631659826	0.52739272977076	-0.232166688568026
1315	-0.61119655120474	0.40516694357223	-0.498032554762446
1316	-0.569187078750535	0.611895977928858	-0.542172927942553
1317	-0.516760338123072	0.466359371093796	-0.367496654972113
1318	-0.390890240554032	0.345668561792535	-0.541070018157566
1319	-0.302144341365773	0.634390710766066	-0.638903111477158
1320	-0.226074452930227	0.772577596145405	-0.496165596244069
1321	0.51795274352667	0.0764373213757805	-0.0109762613891208
1322	0.793952579964585	-0.0642893027409922	-0.204089375149215
1323	0.539615284168492	-0.136313084869285	0.305609141987798
1324	0.783195568665608	-0.306308091161084	0.0806016843467129
1325	0.607054471013814	-0.199595776619256	-0.039409365510451
1326	0.583231360149367	-0.393487486172856	0.171975380672167
1327	0.854314594010206	-0.315238741355643	0.278090519143712
1328	0.916576458390698	-0.052076542744132	0.315769666917036
1329	0.718135251961346	0.118163148028965	0.299814395674865
1330	1.02505314009159	0.0165204894163924	0.101123474025826
1331	0.311555985774971	0.519938177385292	-0.504066903868483
1332	0.367361146717576	0.584713777520476	-0.654285911065804
1333	0.106028318003313	0.694028449135884	-0.399345615722457
1334	-0.0310746009990413	0.422685561725948	-0.580522784911682
1335	-0.115125251582011	0.591694270698724	-0.578418620150804
1336	-0.0513446596360289	0.66121245848657	-0.884928800799272
1337	0.164731824045495	0.48130819458973	-0.824824366359748
1338	0.229438854895159	0.861077499583422	-0.653349144857031
1339	0.217877139900284	0.812790802905773	-0.957558525510531
1340	-0.0537771247902474	0.959814157245511	-0.674233345243118
1351	0.28141606310972	-0.224942136847572	0.00830949438908921
1352	0.184941440245657	-0.388452153312995	-0.0885919076561381
1353	0.455295154427116	-0.435416116572972	-0.035064447645815
1354	0.383003061005642	-0.687730732878297	0.054658483742151
1355	0.622559828549809	-0.556810183196407	0.134661636240637
1356	0.429053097771197	-0.532759588645827	0.288951575316022
1357	0.182353086916257	-0.711815213970707	0.260139144330272
1358	0.44803943451229	-0.743046558673977	0.237255070458697
1359	0.209084110006379	-0.490088943484506	0.406650201943723
1360	0.418942022979433	-0.30785932829631	0.446211670837923
1361	0.408626571944999	-0.397935462007029	0.266750818147739
1362	0.454566755658256	-0.282237400574471	0.113338090170895
1363	0.415906838492986	0.0542394512328461	0.0602164474053041
1364	0.412852180014156	-0.0580634016837065	0.453081834040674
1365	0.686259707471195	-0.0347648772400693	0.352082194795135
1366	0.724987741569699	-0.134825582978345	0.42053719388353
1367	0.739851898298945	-0.0449445964942439	0.0492591465386066
1368	0.650163825301419	-0.193052741930981	0.0466784791779715
1369	0.793932263834114	-0.344416617004019	0.210148064316474
1370	0.913218190406451	-0.312453878003451	0.20277334631896
1371	0.782279424158947	-0.127373240719684	0.0621189742474081
1372	0.933505187103448	-0.0270252065107767	-0.100365426201093
1373	0.781605086904429	-0.185361654364197	-0.160195735790217
1374	0.688485122879606	-0.225016084208003	0.128340604676339
1375	0.488190141565844	-0.0910944143910609	-0.104913403291396
1376	0.622108353560224	-0.00961622702832383	-0.333744864702414
1377	0.85587324921124	0.187096834179432	-0.183186894011299
1378	0.57556082783093	0.277216226161753	-0.0885890145898394
1379	0.429409152141196	0.172841029168154	0.06875401958784
1380	0.604701941834296	0.254421194095755	0.193164509163773
1381	0.637117593530658	0.11818808259391	0.0831639714410307
1382	0.547089520834176	0.156587204646782	0.120291535969958
1383	0.451995841956795	0.254446162699391	0.364094249240035
1384	0.571869267501174	-0.227286075396254	0.0648613141390414
1385	0.757199195768949	0.0777672084549012	0.439372269130445
1386	0.615009101700981	-0.217470718980041	0.44833761755683
1387	0.66743405823608	-0.276227449487323	0.370067333996997
1388	0.360271842348802	-0.229374947518437	0.477631801619536
1389	0.24228916263494	-0.177484071074193	0.238735143750653
1390	0.162050466212974	-0.0646987023646542	0.221119229796014
1401	0.746794987042844	-0.143944100989796	-0.0171304165023311
1402	0.454496319060321	-0.299726795014438	0.0472826213490204
1403	0.543926089031135	-0.127142091153524	-0.0267007853775578
1404	0.42832137047699	-0.017853687723618	0.15611048184229
1405	0.476610304331218	0.196908242830865	0.27762660613038
1406	0.52774606929197	0.2523194993537	0.309222177672642
1407	0.440359667603477	-0.276230542210083	0.461206869037714
1408	0.671546668262823	-0.0161131210831235	0.503308196798703
1409	0.775746256565961	-0.210882025925285	0.498702738228448
1410	0.642650708680862	-0.192152586932908	0.521821496871992
1411	0.633937546569791	0.0914680394365753	0.341535399975842
1412	0.532994639673897	0.147293569981703	0.28271190641466
1413	0.592413462407687	0.52569382037721	0.105147186305615
1414	0.580437626375595	0.484356135135477	0.355536569991007
1415	0.356102839366811	0.36000002293265	0.287845145493777
1416	0.362425233965309	0.287225845162278	-0.0191175611710555
1417	0.732922396850121	0.250089934421223	0.0138943980580991
1418	0.78737603977702	0.2230447458538	-0.00330455924576772
1419	0.928069427642933	0.326387373617808	0.243534114269529
1420	0.764415643402595	0.441769367539265	0.394723413475043
1421	0.701414246058328	0.191274325924538	0.198325183389279
1422	0.647096841524552	0.219038874274609	0.145817208914572
1423	0.385419286014128	0.120477931020912	-0.0916905447337654
1424	0.740575972370438	0.158868826094733	-0.191924516186689
1425	0.704167086791387	0.0497092097770058	-0.131746524843382
1426	0.362677748259445	-0.0657558514213308	0.205301904959368
1427	0.583286064368844	-0.208420684651893	-0.059142905818591
1428	0.641116113708736	-0.235016737324857	0.0198712070182007
1429	0.981789655967682	-0.0999147212300596	0.0353132014262475
1430	0.774420539726339	-0.174432618606458	0.318827162778268
1431	0.667061946052954	0.0228738696779985	0.00863931850382268
1432	0.617228064294262	0.0409294332450113	0.0298518873254791
1433	0.547643598362335	0.325319385340837	0.0463103101042453
1434	0.413394087530065	-0.148499029773203	-0.0455057205243676
1435	0.367529502359821	0.147183923512631	-0.182832015698169
1436	0.543978099688413	0.140684148658335	-0.228384734251383
1437	0.611483674504653	0.294109591929754	-0.227665659153423
1438	0.715508753362223	0.0121719212126321	-0.334378724074339
1439	0.835169118850849	0.114742182873622	-0.282607275522362
1440	0.852207955255294	0.197060926451371	-0.139977442828923
1441	0.846464549901047	0.141905419471925	-0.011602343364688
1442	0.847318954582877	0.144961814673187	-0.00830825859626333
1443	0.438773073978912	0.15386848450644	-0.087908421042119
1444	0.630011566666475	-0.158437861575776	-0.0795588236915052
1445	0.575031917594487	-0.127351748685253	-0.0316158116970276
1446	0.648673943015809	0.0446636462799453	0.276288777410328
1447	0.713134864072083	0.13219470099468	-0.338836504864683
1448	0.738542575976472	0.439226074035401	0.0575384668519041
1449	0.482098904920068	0.307164561152803	0.179579199306612
1450	0.621502624724841	0.426451304663989	-0.231689575869474
1451	0.506106098594152	-0.0405861977013127	0.175793133916331
1452	0.478804720416249	-0.310429931510441	0.102280028531047
1453	0.300139441077421	-0.217929657090572	0.213216786102142
1454	0.317986128162326	-0.436320104278376	0.380652877940542
1455	0.38341635311595	-0.399399037928747	0.276789181351547
1456	0.579905944580315	-0.129243032431019	0.378662423032603
1457	0.448333518066011	-0.204407056477565	0.543327085288739
1458	0.585535392457062	-0.287328248024744	0.557271956664154
1459	0.708251265990185	-0.381988086871983	0.386298330268881
1460	0.261081293311189	0.0130246949696695	0.478796269115415
1461	0.372102915409662	0.0982600481791298	0.380541344787602
1462	0.35864186092969	0.369615551037107	0.200824302430741
1463	0.399119175083019	0.325270162590143	-0.0112115503655361
1464	0.430103430585277	0.0638799247716034	0.144201110120856
1465	0.607081085561761	0.153535251991927	-0.0620325493422592
1466	0.687891356682103	0.259756233844442	0.203964985831417
1467	0.69667938322006	-0.0661410292268128	0.23486470519375
1468	0.473128986134842	0.333705080587418	0.554583239479539
1469	0.715640525706085	0.195978642426225	0.476994068855483
1470	0.640384209188758	0.522972941715597	0.213807251186998
1471	0.6046413389506	0.391490834010082	0.25302936420714
1472	0.657353031353611	0.370604575395001	0.300395372127269
1473	0.813941543096907	0.160939720632812	0.440136351944098
1474	0.495137548693875	0.0820777708891421	0.49559422287065
1475	0.435228683954159	0.165795809581445	0.400168559362161
1476	0.470095190329355	0.176551461224053	0.0327006735650019
1477	0.372407571643607	0.165777618086477	0.226220848977222
1478	0.707564581684684	0.0611021910476997	0.176316855851702
1479	0.615234857242482	-0.0232206620970833	0.295668022807489
1480	0.338903389420768	0.392196508287652	0.498190472823896
1481	0.45458683370587	0.34683833267318	0.536820811523754
1482	0.374797387319782	0.215395680564845	0.217351141958868
1483	0.692749808138624	0.0527804986288605	0.0296426819433673
1484	0.541258827383488	-0.127982044763112	0.263444223325681
1485	0.853357284771501	0.232014528010981	0.309876041330012
1486	0.712968773852646	0.464714373850209	0.399561037891921
1487	0.628096057207459	0.349511349898567	0.108326660902026
1488	0.44145156976278	0.0330261622733802	0.505961751167314
1489	0.812517269462886	0.00704413465097667	0.361562970921017
1490	0.756940226428883	0.194126520825823	0.657890237988289
1511	0.421235555796076	0.372803654534055	0.362337671911481
1512	0.605681633469917	0.323654443391744	0.438448417187388
1513	0.684598025286567	0.172961435192296	0.511094785698565
1514	0.508580533698543	0.254381884044957	0.113645981665402
1515	0.667487731728465	0.0116025195605384	0.233272376696805
1516	0.455954061925708	0.0538937442906722	0.109962164273491
1517	0.861612432511886	0.22108916828787	0.256960309587204
1518	0.573566565924015	-0.0701949950196498	0.437191783877895
1519	0.335155312214614	0.128781858074605	0.530111999588005
1520	0.22578830305046	0.0456807530437928	0.394081722162653
1521	0.423481202180375	0.114496976302346	0.311935096359187
1522	0.361828034331129	0.339199354594812	0.297641793361458
1523	0.52602783583111	0.0512063897648798	0.0375905364721084
1524	0.683217059068067	0.119956231288992	-0.0793625860586328
1525	0.825336389768376	0.148742338293587	0.0664164365657591
1526	0.699322418795166	-0.0108640695256852	0.11749448485137
1527	0.868691983392695	0.436288709654272	0.248971612687116
1528	0.800174870965469	0.273158570441426	0.392779317520728
1529	0.69760013433054	0.482919162909276	0.26617741722875
1530	0.761093494665023	0.0302985420497845	0.457700391161487
1531	0.789737614251012	-0.0618624464112906	0.373136433764191
1532	0.796360459885266	0.131509624420709	0.392384820523049
1533	0.645487036461337	0.14915108986836	0.184732724783483
1534	0.482328743450277	0.090503694125391	0.0108417754291881
1535	0.343246363871446	0.174457151598923	0.093654599342104
1536	0.350077417413592	0.345724444207405	0.393910513929664
1537	0.455036044446848	0.280448181188496	0.57664878296251
1538	0.340805147199621	0.0759594906720884	0.613102758788723
1539	0.273022963413254	-0.0406759757942792	0.477788208530386
1540	0.348631896278137	-0.213222212188415	0.408450422174941
1571	0.295609674699514	0.19208190072435	0.0863630247112729
1572	0.220045434012019	-0.0368345198941775	0.196314654181377
1573	0.167652050651957	0.0733669616530046	0.319872250631237
1574	0.00511149124403193	0.357227709507335	0.398453023220792
1575	-0.0053629848889416	0.0916568719581454	0.55104301995516
1576	0.162143576642795	0.307647427331611	0.578995822901146
1577	0.306845478677864	0.481066671344395	0.430198979046793
1578	0.517407004707991	0.310440114876458	0.492111957967406
1579	0.597531134810139	0.117081213724173	0.397351832499341
1580	0.48264266266699	0.0210612891291559	0.623548797057844
1581	0.460467726284753	0.079209744846837	0.590114766172733
1582	0.428277726743941	0.410620525915177	0.6701966498682
1583	0.404078058397207	0.630184378968971	0.524125999211847
1584	0.158895013196398	0.490554671761072	0.433269884347201
1585	0.248648289341626	0.262602954596664	0.531415381358615
1586	0.156549880666539	0.260577110642862	0.227631431740223
1587	0.421561857196028	0.131608925701644	0.212284124986534
1588	0.249103269761042	0.0460144431573977	0.413264149530905
1589	0.550507957833151	0.275897163782555	0.348418646482284
1590	0.487590484894885	0.47772677227664	0.201788643507747
1601	0.255103342966457	-0.0119587415580572	0.473747770681282
1602	0.296906822506142	-0.199562896563756	0.374679322872879
1603	0.0780142896513426	-0.337088684245395	0.387880256231062
1604	-0.0325620824606847	-0.175922457028617	0.524806572899127
1605	0.106130046306507	-0.417702376079455	0.623009822214226
1606	0.15518166190719	-0.146140380406191	0.720213546238974
1607	-0.17763389798941	-0.273865314395844	0.667656983054258
1608	-0.0311411732440011	-0.253009110102993	0.867316963576494
1609	0.254138020356085	-0.563041578285151	0.756123287918441
1610	0.413382083242491	-0.33910900246993	0.785659617289696
1611	0.413012923701003	-0.384435539575597	0.74138307757522
1612	0.246346512471759	-0.10122784321877	0.348244514294156
1613	0.275468679454546	-0.316364374070738	0.412784400175658
1614	0.169851515522208	-0.222376517238091	0.411503957225136
1615	-0.0104971605563142	-0.123610306369152	0.504388966847235
1616	-0.0331829610809159	-0.330445582175078	0.740059360190633
1617	0.426842891335199	-0.068747615119755	0.745853826905295
1618	0.252214487730855	0.0800857250858137	0.677222305496279
1619	0.0373297588030637	0.00229046172042993	0.794496431582122
1620	0.182967749549587	0.0174721971219878	0.840077585512755
1621	0.0869622607042666	-0.14243032436547	0.691945716711158
1622	0.0862631273621686	-0.0765388208714861	0.504677656388587
1623	-0.109222056205713	-0.110792356122577	0.443056516028182
1624	-0.237295868769612	-0.222878812345249	0.476202224526686
1625	0.184860183180898	-0.358740713783547	0.500561672451182
1626	0.0857251239951189	-0.4767923132495	0.648014160642712
1627	-0.0406915710826304	-0.592359960197189	0.537457303011217
1628	-0.0968593300070676	-0.494609814137911	0.432337142869238
1629	0.0335325175907269	-0.466237024154659	0.215026524522657
1630	-0.211255046277753	-0.296013363499402	0.791547869990112
1631	-0.0333657968918045	-0.352239552056353	0.648078850209111
1632	-0.187618835539252	-0.247119559369703	0.589855578023026
1633	0.125990340116733	-0.378053410544137	0.882755567755404
1634	-0.0450140048046969	0.0359596509577615	0.516333594050887
1635	0.13512137752103	-0.0552299200192186	0.556031290639786
1636	0.231483561359737	0.0150375972551764	0.731323967510218
1637	0.316783934472265	-0.141688964854898	0.897445645803181
1638	0.290703495928252	-0.0352000824192799	0.477694913037176
1639	0.323850241723111	-0.251188059463202	0.374317747182217
1640	0.329893969647255	-0.439084549674977	0.467649836731514
1641	0.175403472212768	-0.32556586368423	0.528264930439619
1642	0.155244823401761	-0.184109218933301	0.530157383250042
1643	0.165184335233089	-0.0091662211954216	0.471886146057352
1644	0.2359419961246	-0.219577465339508	0.842201207960138
1645	-0.127042673341295	-0.267632383302311	0.395987837018711
1646	-0.183393061612677	-0.105186103491211	0.605461512056291
1647	-0.0763320045769164	-0.0313282505049019	0.694149696747441
1648	-0.144958317563657	-0.00428702228059846	0.587306355361189
1649	-0.0621016540980097	-0.32583630414914	0.762668921460205
1650	-0.104343035187878	-0.522151541485357	0.53946629589512
1651	-0.0487934909137063	-0.338726183459851	0.574834374576461
1652	0.263785978718402	-0.251974785549147	0.500843139124099
1653	0.271182502784335	-0.334385208694631	0.760247178581669
1654	0.0796306083240314	-0.201950005568509	0.875901662787962
1655	0.0475064772691333	-0.0948530937928317	0.311110285286351
1656	0.446421076856568	-0.108733119517034	0.70316687166746
1657	0.262433923694847	0.128842297753132	0.537751481117754
1658	0.20055871754518	0.163716316117138	0.511821405261876
1659	-0.0825500882761689	0.131419669460844	0.743126835948467
1660	0.0907502436448279	0.156986878945753	0.868560158067493
1661	0.0135450255266834	0.0484279671031398	0.777850710879509
1662	-0.0550662494494657	0.0557570608424176	0.623371211086253
1663	0.090073296260697	-0.0203959319864057	0.723439305521163
1664	-0.174353584530101	0.0256438356011268	0.478704693730265
1665	-0.244389077013091	-0.0577823412347782	0.53435616120382
1666	-0.244984737056235	-0.284602216633904	0.62099367630675
1667	-0.113705436945891	-0.315505172469875	0.762089239595381
1668	-0.0844376527769724	-0.365343994435413	0.615914216989684
1669	-0.309981533886995	-0.00834714273835924	0.898082639724916
1670	0.115357476036009	-0.20131198813541	0.410128538566178
1671	0.0214342977726399	-0.284136093372458	0.536691158482145
1672	-0.248798675474527	-0.041768832095095	0.651544704119667
1673	0.0237128103618062	-0.0498906088298831	0.539954391913894
1674	0.204077099624756	-0.31461259809834	0.706085560419841
1675	-0.16709325346516	-0.26391700231016	0.708872894909038
1676	-0.0768608540337338	-0.159719212813671	0.882035975838779
1677	-0.0656232504918545	0.119885265264236	0.754656310980892
1678	0.212983469171803	0.170147022480632	0.850470721893917
1679	0.243355338016997	-0.0484010438221631	0.70943958254912
1680	0.220265264114993	-0.152671553416308	1.00384296549635
1681	0.0385571176474285	-0.058664595746354	0.835148994873016
1682	-0.0687301174695668	-0.216367359346451	0.569481535855687
1683	-0.0163759302706394	0.0875608708711026	0.554236782290223
1684	-0.389405006267159	0.244697165901273	0.670940428707275
1685	-0.132929693156383	0.246950389709634	0.772893883196831
1686	-0.22174017462518	0.308386819785943	0.580478852210651
1687	-0.378408912488241	0.0614900185555931	0.411122188788287
1688	-0.0668821930669268	0.124333082469571	0.322868366603559
1689	-0.460105337608782	-0.132552385481105	0.629668717229046
1690	-0.28111200718214	-0.0300401158649256	0.811125635034267
1691	-0.227567583328049	0.0825204955946312	0.802865505732383
1692	-0.507899395789249	-0.146814714577511	0.777200251531784
1693	-0.399453981904652	-0.141218006961273	0.918310583447683
1694	-0.43776535508993	-0.36210182627712	0.73281632286839
1695	-0.214276145677249	-0.376855351185787	0.843411185839858
1696	0.0119834478331759	-0.138539625282311	0.748279955210371
1697	-0.124995617482043	-0.360772961321571	0.595351273148993
1698	-0.195446706243242	-0.204736579071818	0.386865241878069
1699	-0.414294637440951	-0.26166098180828	0.463542073218342
1700	-0.390662253301171	0.0141002550706088	0.408353344797577
1701	-0.363946378527412	-0.129866638515431	0.509754850799449
1702	-0.297035052105387	-0.21461618736345	0.707713252861138
1703	0.0490609630989568	0.0564065663990197	0.496914490056825
1704	-0.0823544603908927	0.104977150552008	0.814335334351441
1705	0.00188671385703247	-0.13047040694797	0.858006746436055
1706	0.051511952973791	-0.152237936196252	0.648699431669468
1707	0.125477787134913	-0.284172470477859	0.485259218921929
1708	-0.0899380256626254	-0.227362637815574	0.429801777869231
1709	-0.10604196712249	-0.437774402166586	0.638600814564679
1710	-0.179940569327253	0.186100070660094	0.484227907210855
1711	-0.230023396515681	0.0432489170750216	0.526044583177667
1712	-0.324250562789243	-0.346967382119544	0.596674327424836
1713	-0.281426620987701	-0.0590268631331444	0.490307560480018
1714	-0.426446116259384	-0.0915409807048235	0.416394636489951
1715	-0.420521976161189	-0.247984746057782	0.456953611413111
1716	-0.489098400995704	-0.207003120702192	0.763229021736702
1717	-0.268505794279927	-0.392184990966042	0.342667701443128
1718	-0.124471621923518	-0.151776804110981	0.842693675285181
1719	0.0331461206225792	-0.197996600024418	0.652803556730583
1720	-0.512658481131102	-0.0477133123645456	0.796969144144453
1721	-0.508253648759661	-0.191879557183659	0.750155459440926
1722	-0.212002538446227	-0.0608170846282474	1.02438095305705
1723	-0.306099127785561	0.125300490741294	0.785185107629905
1724	-0.307216800260434	-0.0216437866751482	0.505752108808995
1725	-0.177116423470436	-0.212166695868151	0.813950499402521
1726	-0.152539497338945	-0.370887693107509	0.741938169787294
1727	-0.213660684135691	-0.2762426748494	0.447392779526642
1728	0.0425270784121383	-0.168396087372143	0.535520717185791
1729	0.0518969044513839	0.0218679086511276	0.766422740179649
1730	0.00497010242331272	0.0808086139077159	0.6294669263749
1731	-0.0656877575378026	-0.196956330873804	0.679270927754813
1732	-0.0686788091476579	-0.227206922137976	0.671261293391738
1733	-0.31368489688089	-0.136671228657103	0.827781253884535
1734	-0.402822752334879	-0.215832635270009	0.649451063268067
1735	-0.217009671936271	-0.439821862507975	0.605557920632565
1736	-0.203995468049822	-0.410925276226175	0.903399836516707
1737	0.0673932281442728	-0.374889742680829	0.890695104353854
1738	0.0272341280359303	-0.558066263683965	0.695467535963902
1739	0.185642751760389	-0.104071178712021	0.630910046927236
1740	0.0764791277205469	-0.316311500984494	0.420876877668963
1741	0.0837031162066096	-0.44721497188142	0.464458659602097
1742	-0.0673831461718171	-0.4050957271077	0.301012784969484
1743	0.0392739972656601	-0.417547412647092	0.744667594092916
1744	-0.226540130274211	-0.417386886511921	0.776977662310303
1745	-0.386376861726571	-0.300620210005775	0.662141649878536
1746	-0.134578858974687	-0.24097451804576	0.847177523144625
1747	-0.345650147653779	-0.100518927680139	0.49058399356109
1748	-0.108027772202762	0.0160165230540664	0.663659271400942
1749	-0.124053019350833	0.0168302442181589	0.440144916474553
1750	0.0959497309622916	0.00301341389272203	0.543301676936034
1751	-0.041006659523406	0.0878439220327545	0.603089293643222
1752	-0.12976381461623	0.135805034415653	0.842310898443298
1753	0.0112299969525333	0.313869054845268	0.668794583426842
1754	-0.170302799673251	0.199310901609134	0.457888620319216
1755	-0.328739250088517	0.111446730559124	0.707506097907687
1756	-0.383335116697014	0.0621703681014935	0.721696183841415
1757	-0.226041930602005	0.458259292960463	0.606428712801769
1758	-0.281647866462039	0.404959751890894	0.895868580803474
1759	-0.152878236116912	-0.14267862161866	0.64370046995735
1760	-0.444970257900319	0.316264273113266	0.638138454138757
1761	-0.291122465029702	0.0907689247688155	0.599840287519754
1762	-0.115773046515001	0.0741675828305028	0.493005294908761
1763	-0.290977951024402	-0.151441906220867	0.511396153406591
1764	-0.266697412287042	-0.0461566241771182	0.349809316634252
1765	-0.321780532262606	-0.348317274323983	0.497241783783882
1766	-0.113311240112824	-0.373539774865186	0.483731358851457
1767	0.214738319327795	-0.127473023749796	0.498735574894883
1768	0.109992347804282	-0.261334701371319	0.401627607041912
1769	-0.111314064604305	-0.153892346140974	0.889891824092245
1770	-0.0519824364539166	-0.245549798291625	0.857110614997682
1771	-0.00572051641669712	-0.0497714124629763	0.699687671304842
1772	0.0229790683689812	0.107874851584797	0.838855261622461
1773	-0.172065389955516	0.25368299789065	0.698168926572374
1774	-0.0344496209849204	0.372513896127537	0.505930507512248
1775	0.103021798226966	0.357272922173744	0.391304879304358
1776	-0.254469988886079	0.215392228020726	0.366710691043617
1777	0.260283623354179	0.314222164367107	0.598393277861116
1778	0.292815274933872	0.0752439658043537	0.55004314051947
1779	0.229445876316329	0.0714462152331064	0.316532212109859
1780	-0.0019062880118466	-0.110731006611835	0.338940210573644
1791	-0.149992186633412	0.189777941173827	0.786758823067722
1792	-0.435493757259502	0.217800067505831	0.722512014125077
1793	0.0969649406104637	0.0806756443895108	0.944957669191829
1794	-0.213153264694188	-0.0842493552963712	0.895962014718317
1795	-0.00612307284481141	-0.138912302822503	0.625367648704416
1796	0.127235820642481	0.312632366707694	0.624008378424872
1797	0.143050546982294	0.0742974213454971	0.633560479737091
1798	-0.123641142389274	0.128378965173705	0.402170084278746
1799	-0.361567348235733	-0.0311612263478477	0.564273605877624
1800	-0.200813853593309	0.384647066651697	0.529739690409586
1801	-0.290541583388327	0.491557997588948	0.585827410211086
1802	-0.46419334332313	0.355214964044884	0.685248197827678
1803	-0.535318945303799	0.337091302240679	0.481477412959245
1804	-0.309497572270584	0.231207677877469	0.674587028970016
1805	-0.159702266994641	0.387929787553437	0.423108369732162
1806	-0.134464833319367	0.132436202939856	0.482740517567841
1807	-0.416926896668855	0.332615343595249	0.909265212118797
1808	-0.248931871256756	0.00344271245325839	0.629712905825588
1809	-0.345874104277097	0.161452438304204	0.422304429230236
1810	-0.110571550208493	0.275390634536795	0.60830136491763
1811	-0.186130965678801	0.222507047735221	0.608202702408015
1812	-0.386183935776993	0.308453257712446	0.535694007293207
1813	-0.276387184272204	0.00144384614874592	0.789655825999759
1814	-0.709003651890605	0.221150462291739	0.594069768895999
1815	-0.517400960926706	0.288919925195565	0.790204535609199
1816	-0.635576587655195	-0.0136297031752672	0.816507619272284
1817	-0.478416028891389	-0.255447051664914	0.667525429099933
1818	-0.650638314250947	-0.132559291903205	0.515984484041374
1819	-0.488038954670883	-0.157188687010264	0.317342361181422
1820	-0.290199701628379	-0.212187307387475	0.440215355843598
1821	-0.23343156424482	-0.12168114454436	0.460520333155118
1822	-0.306471508800401	-0.0701282986468845	0.592414880774323
1823	-0.505715177892292	-0.388062692711956	0.703258745169184
1824	-0.635878541505079	-0.275899582678313	0.39963588205929
1825	-0.596017562094512	-0.260953950149563	0.210617747257687
1826	-0.480753044296463	-0.326699286883282	0.191274562550962
1827	-0.5536266486434	-0.628874521800473	0.428175184971261
1828	-0.165932557052295	-0.525164285688256	0.321956262198608
1829	-0.108142809879175	-0.398239919440317	0.231157696441813
1830	-0.200230642098973	-0.538373252332725	0.556746257405154
1831	-0.192022701029017	-0.455300259275537	0.682677746706785
1832	-0.0686194013553961	-0.426323053105581	0.756727180095708
1833	-0.225973776801033	-0.286030215195002	0.788544458195853
1834	-0.3157370826841	-0.0879663591512045	0.76178437122214
1835	-0.0724948532601419	-0.35291160651964	0.319950275036315
1836	-0.140445357610249	-0.188840315605382	0.38901637906539
1837	-0.0250258706109827	0.018524267767134	0.554582755425861
1838	0.183601630978331	-0.0819976168647953	0.563590164013891
1839	0.261761043014567	-0.299964958274018	0.612108921749622
1840	0.213184269470396	-0.131791652982954	0.709694765913334
1841	0.165132616024652	0.0228112064154626	0.616765514794362
1842	0.153343261248418	-0.182676999963604	0.577983133286987
1843	0.297458678400878	-0.218760168853756	0.70485327823204
1844	-0.0501580710864516	0.130431245307147	0.729248758397322
1845	-0.111377242461964	0.202996793810067	0.534165655465728
1846	-0.123265846853865	0.00264530226246729	0.37901538974971
1847	-0.0111652490676602	-0.282573204893959	0.570926610311238
1848	-0.0506941436957247	-0.225687427698193	0.888743661259318
1849	-0.234130543006858	-0.0620397795853814	0.739468725477236
1850	-0.190444001876189	-0.361910269213158	0.519259859349968
1861	-0.122815936183393	0.129426990157406	0.493616337682238
1862	-0.09352262169492	0.115113638755168	0.364422859983769
1863	0.205181844588361	0.483784935826573	0.307413499175755
1864	0.147269505644097	0.329905200457921	0.409430309305014
1865	0.0524888384425412	0.378489367721672	0.575904616604546
1866	-0.153228116973602	0.374764522993307	0.731872132153961
1867	-0.0955074047232161	0.571232869279902	0.715917040226337
1868	-0.228118735363907	0.539913633086967	0.620072613736865
1869	-0.304598420123518	0.529141158426261	0.2546855459098
1870	-0.249870870533489	0.636123573753764	0.317623435662886
1911	-0.18945658285482	0.502664352352345	0.216933373030753
1912	0.0488200905853791	0.492857706928171	0.347786401602234
1913	-0.150937502053162	0.36315482367272	-0.107455482418964
1914	0.0344794549559158	0.470754768995151	0.0477397812953055
1915	-0.244755195819876	0.615240993921285	-0.0738004221176137
1916	0.171125912195837	0.570948409065701	-0.152211939119977
1917	0.00056812391404993	0.800064691935867	-0.135663245408941
1918	-0.256690955467872	0.848452581335689	0.123623550304083
1919	0.249453942045195	0.704244033391905	0.0474396305939615
1920	0.00820646041760071	0.831278267896798	0.064359347566026
1931	-0.155654961150781	0.478719604463106	0.150619366061212
1932	-0.19854882968924	0.354081877346008	0.529196287504484
1933	0.0197746621360394	0.714991287532474	0.143418542134241
1934	0.0936728616823758	0.640574284694146	0.473166140289387
1935	0.120364533861965	0.801049488058551	0.555277559578762
1936	0.203952600894246	0.439037128923119	0.162794944587774
1937	0.129344628588072	0.370179451452875	0.569777527389696
1938	0.360433129167863	0.510180651137198	0.417901403547179
1939	0.0445174336560623	0.262849911708291	0.345063920523446
1940	-0.173382962321595	0.602484653434843	0.398055409029599
1941	0.0647270024013908	0.527624650255498	0.292721316182361
1942	-0.00263037582881218	0.492551655942764	0.367337995001314
1943	0.467541881706545	0.549289003646024	0.176609822770901
1944	0.282574107017456	0.456728927175018	-0.0710658493128276
1945	0.229978211152399	0.186778400714718	0.176042456790367
1946	0.275903277918695	0.255248725849847	0.277088982224565
1947	-0.041308101765772	0.38604226733125	0.0190639696972623
1948	0.320368836594129	0.663164244603556	0.457144025642445
1949	0.347920054976439	0.54097280442386	0.538983454426017
1950	0.14054768315003	0.764886977227104	0.0571497798553338
1951	0.124039864140551	0.624982673652673	0.104920378010425
1952	-0.045711192943119	0.377347214197409	0.180862170918312
1953	-0.0814413643796996	0.739680638562042	0.583740637831206
1954	0.100550124283988	0.736880526878121	0.404246007659374
1955	-0.0380624518160017	0.513880312902277	0.474120800896723
1956	-0.231061736851288	0.55260520906388	0.371931012803548
1957	-0.186659598064743	0.844187675188782	0.418358940600117
1958	-0.17715566074233	0.953534354415899	0.117318836198614
1959	-0.346979457273775	0.69276720167777	0.0774837493646779
1960	-0.448614972563273	0.639816296607988	0.315467939307883
1961	-0.377389880142794	0.704650376139885	0.239081150946696
1962	-0.34832910626932	0.928331943253303	0.144835118672344
1963	-0.26412681428962	0.448751934099787	0.17702280132286
1964	-0.283451782370206	0.561479932769059	0.082267572773431
1965	-0.0583797070574869	0.759346266815558	0.281291791644835
1966	0.000748654530704163	0.833207053709327	0.0652073627637106
1967	-0.219824634314935	0.739901392519029	-0.121620021103544
1968	0.00407712299756613	0.553054900075327	-0.0383298160403133
1969	-0.229734087848908	0.366342071410914	-0.0877668335330938
1970	0.0153061573358786	0.43686577973477	0.246298100613596
1971	-0.0104645772471778	0.569962089511974	0.217671634160884
1972	0.0260470464526706	0.648469029894667	-0.126761934477871
1973	-0.000379962558650082	0.652921570174591	-0.0483607621123996
1974	0.163382047542783	0.342800354817076	0.211800592814606
1975	0.23694825854587	0.366888583032147	0.0232498373563396
1976	0.403847363482583	0.408406120761933	-0.0637052125357793
1977	0.335983921512285	0.470485661416841	-0.102005646275201
1978	0.0435659672155869	0.307660944403609	-0.215650809210118
1979	0.338125258597047	0.687531004958259	0.174233416978248
1980	0.347688725802922	0.782738105929364	0.0351905954211812
1981	-0.0173407577564638	0.630177066857765	0.0489969701617477
1982	-0.151615581753349	0.76196350025526	0.0383287321945837
1983	-0.222259931650724	0.801472178206082	0.239638008084461
1984	-0.469836464094812	0.64443993900821	0.105765675676321
1985	-0.36852430501842	0.468401321070778	-0.00336693395688146
1986	-0.0614179431885148	0.366043369782633	0.125289778708313
1987	-0.269407035966264	0.270298812753486	0.11864367551385
1988	-0.224190302586987	0.397467610269381	-0.137293746660121
1989	-0.222266421097869	0.65044815043778	-0.269686504527694
1990	-0.304906983952597	0.417415338274646	0.304593013807518
2001	-0.0856233965603775	0.414478206897186	0.151826256318665
2002	-0.371101424533325	0.620484346841736	0.536501281315111
2003	-0.350418309911813	0.635662024106559	0.375558209384472
2004	-0.441687231867472	0.443919232214854	0.431062824812004
2005	-0.298558647659766	0.555404218590831	0.615644462423341
2006	-0.137582985965482	0.695168985683698	0.488801287277538
2007	0.0440452183751284	0.50974613935285	0.513584329888052
2008	-0.0386412529579367	0.313286866008911	0.364253120556275
2009	-0.170982478927634	0.166341103232289	0.505023696140115
2010	-0.457695839364312	0.532185037264547	0.158066457272357
2011	-0.400115649560941	0.668339395087317	0.294697854001383
2012	-0.39501451669155	0.440100389768369	0.317988937153572
2013	-0.255085161792446	0.3133395074913	0.152188257267445
2014	-0.451725599142965	0.327077313078618	-0.0111825877141356
2015	-0.359865414485603	0.442767607617923	-0.134273658387672
2016	-0.0637822647538994	0.514498252280458	-0.12368047761489
2017	-0.142348353157578	0.24886137468948	0.123752504418169
2018	-0.200041387316987	0.795980395791677	0.0205914170210121
2019	0.0576046237760878	0.525274730126599	0.261220318794574
2020	-0.0456303960210292	0.800947621785279	0.0750440529011584
2031	-0.0390624910549774	0.650684463115673	-0.020120879896631
2032	-0.195624343848142	0.738248363592898	0.357959271318493
2033	-0.195485892147264	0.901780431668629	0.164943768491534
2034	0.0134322638292684	0.621095710457378	0.327655607013056
2035	0.0530435884514938	0.944983682231643	0.396620892905992
2036	0.264542143132822	0.775659560285883	0.151192260421011
2037	0.10484849570406	0.854223290628687	0.100372199870093
2038	0.202561054766492	0.459845276149479	0.109262566500074
2039	-0.18522667468717	0.431990532285072	0.187645182640412
2040	-0.307125996588314	0.674491409010199	0.0442181061505668
