351	0.134830416169652	0.579662393601471	-0.187949691515963
352	0.139293641645488	0.583695090523126	-0.186559999961879
353	0.0516504262071444	0.444736060941375	-0.303112487064295
354	0.14874966398083	0.389261780565542	-0.241608175863132
355	0.131653584813758	0.395420597278532	-0.113069340607526
356	-0.0156817852418511	0.478873903558174	-0.102384129416327
361	0.173716829539032	0.406038533342357	-0.308269898806074
362	0.278801895403659	0.367184549845032	-0.270553740933393
363	0.292399030640388	0.463513326539018	-0.338678176837027
364	0.191365630093157	0.475330658962998	-0.404277506990774
365	0.168022270905685	0.356958439443402	-0.430755997811169
366	0.230547760780522	0.254704986383345	-0.415094632821789
511	-0.090102627914208	-0.0704952891409822	-0.35833162510923
512	-0.151253658755501	-0.207643966609925	-0.261781868955447
513	-0.0948758440459785	-0.203178323204339	-0.44574549344498
514	-0.125111425978977	-0.141635703490349	-0.208016698911414
515	-0.246387232633909	-0.0479727626013305	-0.302017356180818
516	-0.210094250954434	-0.224248373392281	-0.437828380311748
517	-0.25818101083671	-0.151311363004202	-0.398071591040274
521	-0.0429687591732635	-0.14536835535699	-0.456253671786396
522	-0.0366613495240515	-0.204024140173169	-0.421534276451365
523	-0.0408239238053006	-0.249821057840852	-0.365715572931184
524	-0.072700482507107	-0.284298442642098	-0.305043151320945
525	-0.114180330583526	-0.289191286042789	-0.274503545038715
526	-0.246740748266829	-0.161508497220544	-0.387621121335561
527	-0.236917557018127	-0.145784578885664	-0.33855020961765
528	-0.183941346873278	-0.0862961804920965	-0.301454123985865
529	-0.133748644441946	-0.0713367485328306	-0.268542045762337
530	-0.0750341146903819	-0.0667794824389061	-0.250582657313644
531	-0.013997420933087	-0.180152954114644	-0.258228482797369
532	-0.125018072887061	-0.152456980589392	-0.319560364609802
533	-0.0440551357383653	-0.0762639567826881	-0.293210199507489
534	-0.0341661805325365	0.0373864617208542	-0.31147390559341
535	-0.0553969097554528	-0.0488642610484962	-0.413790017210102
536	-0.0302057607779204	-0.152654721353648	-0.374133943519753
537	-0.119914838830191	-0.0305486076498733	-0.338386031413804
538	-0.1215555919691	-0.0971534905458969	-0.413697717321802
539	0.0163993274612242	-0.0377268168087879	-0.377045831051574
540	0.0489395593185964	-0.122009729646707	-0.454776133876375
541	-0.12181680172377	-0.236832194224731	-0.431215734429575
542	-0.113621363515779	-0.275541950100774	-0.382429298401909
543	-0.133876427375077	-0.296402359140146	-0.311008954864988
544	-0.171404898824696	-0.256456452515553	-0.246708247545428
545	-0.236543412574129	-0.21738935723006	-0.245559552841202
546	-0.242272195326585	-0.14679028664886	-0.274802815393672
547	-0.16545096455982	-0.107729578532727	-0.275610539507757
548	-0.176655765924968	-0.0751378637205319	-0.359067816234512
549	-0.0135485178000007	-0.150317475030679	-0.256431202618897
550	-0.0425499245330252	-0.103553005669017	-0.30884331094919
551	-0.249474082014563	-0.0812960669063416	-0.342713554475085
552	-0.22649761426251	0.0238965414725072	-0.334474052987574
553	-0.166308347239173	-0.0354855982653602	-0.23430695178316
554	-0.1090505542829	-0.107560034913085	-0.388082777850061
555	-0.146596616355497	-0.160074272381294	-0.280336167331347
556	-0.160283329711726	-0.0207020596764683	-0.46900587678415
557	-0.130213337267429	0.0955456065733583	-0.329901808541235
558	-0.0332850027277413	0.0197975785772587	-0.243083845091336
559	-0.00594120699939851	0.0408161261952164	-0.362459147667453
560	-0.0113419984701913	-0.0988857504212707	-0.32439395675402
561	-0.222115099942019	0.0689673133450468	-0.324035436336662
562	-0.201299835593899	0.0771173501524927	-0.34101177730486
563	-0.148276336501189	0.116111773390789	-0.422465532231994
564	-0.067789253724648	0.0593730483497115	-0.359938411492897
565	-0.0571603858823651	0.0206365592819548	-0.383244617483861
566	-0.143641475639621	-0.0539408402640081	-0.391048150268176
567	-0.246152291534226	-0.0771833210599166	-0.357344415651409
568	-0.132402882501213	0.0835605634259946	-0.20071154899325
569	-0.139505660808855	-0.0427907512710106	-0.26148290357942
570	-0.201126334835463	-0.0381427394003948	-0.23542162038855
571	-0.0396258569943466	-0.000298361073437264	-0.383626432158326
572	-0.056386913352967	0.0323960884553617	-0.292193773658184
573	-0.103614958427311	0.0643966670811531	-0.271662761857854
574	-0.0820248022366767	0.103097010738476	-0.381295666286011
575	-0.136581355072883	0.0525853908900829	-0.425042506887736
576	-0.196325837455838	0.0248313502486183	-0.316617730414993
577	-0.119888718177565	-0.0964863100339632	-0.279502177421884
578	-0.173567762522379	-0.0775008821093337	-0.343390446486928
579	0.0124035921557063	-0.0708632843182835	-0.258294538685354
580	-0.0562155187270502	-0.139560052667409	-0.36281256998584
581	-0.228158641027364	0.0258155724086519	-0.438148067090023
582	-0.246489388598379	-0.0418553858183532	-0.440429671513532
583	-0.219688327800349	-0.0724645412439515	-0.32593256022559
584	-0.26959565499144	0.152379326209577	-0.398776183079243
585	-0.105284665013627	0.0611069271339698	-0.452077288903364
586	-0.0683612658666851	0.0842679803298186	-0.401024883419523
587	-0.0807125025217552	0.0749612955129357	-0.313075241927651
588	-0.132472527663503	0.0196026802664117	-0.249486089058305
589	-0.216581697683755	0.102645085295301	-0.261941773060608
590	-0.291405008749342	0.0418332182435774	-0.263670473203573
591	-0.0913797833989408	0.0200225442324952	-0.241984526928959
592	-0.131347461687662	-0.0329215915696777	-0.197795658368696
593	-0.19757503950736	-0.141246089766096	-0.221880423006299
594	-0.0727312223518157	0.0169587003969559	-0.378492899613143
595	-0.17652822678795	-0.054430465786398	-0.432678649850122
596	-0.162496416659967	-0.144913382384452	-0.401482841092725
597	-0.163070937095008	-0.117273168602131	-0.378603443735361
598	-0.0575545981980335	-0.14474514992405	-0.37392643220422
599	-0.282708493759728	0.00565141301836035	-0.345773323657696
600	-0.266799944220066	-0.000168003741199255	-0.36112493176042
601	-0.13129903466144	0.145885069630212	-0.302714309056726
602	-0.142570086352964	0.0756981274112451	-0.196423432754792
603	-0.254352110586851	0.134364603791268	-0.30054470256853
604	-0.241446475174945	0.0390078610641054	-0.289590908154479
605	-0.276183934105521	0.0516752914970604	-0.377052477886557
606	-0.16427654391622	0.0671807859562155	-0.392096959871286
607	-0.118405436131546	0.0784699167016333	-0.434570873077076
608	-0.0459470747991984	0.108039439300047	-0.386813926256598
609	-0.10026798144998	-0.0333252130475769	-0.349986391799835
610	-0.047627175448084	-0.0100966151165411	-0.360862930968102
611	-0.201560693785182	-0.107075300692033	-0.283097539932285
612	-0.179371867126968	-0.162041466957612	-0.351235537768729
613	-0.109895205630975	-0.138460963685937	-0.370850554698457
614	-0.0903945472189471	-0.174080185594544	-0.284709845134438
615	-0.106298012209223	-0.16275514960575	-0.214384554117143
616	-0.31228215352533	-0.122714176907426	-0.27192063896794
617	-0.303553691711936	-0.193015951078311	-0.311116271098189
618	-0.168260791286882	-0.0385514623854321	-0.409221368412273
619	-0.118532577218983	-0.0503323880153832	-0.285476883897507
620	-0.240193319876895	-0.0121537567387428	-0.22804125417588
621	-0.192593491099435	0.0357006768620458	-0.271088826918104
622	-0.193713378675118	0.0168617982948718	-0.303341126787346
623	-0.128134150118284	0.123720632589275	-0.336049565238767
624	-0.197893513276366	0.137289400009229	-0.351641287025864
625	-0.256240536444225	0.12301470382528	-0.348024628761011
626	-0.130551534174966	0.0387882552132551	-0.164653181186972
627	-0.254348584411062	-0.0437830774227375	-0.202414683098059
628	-0.181445197468374	-0.0967236665094979	-0.331492904378644
629	-0.0600776939379349	-0.00314692436444343	-0.295415203670714
630	-0.136923790097166	-0.0690338322201003	-0.2216296848376
631	0.0359547861639339	-0.178758393541365	-0.258779909210237
632	0.00941170159856808	-0.207090848029015	-0.292793845487244
633	-0.0495757473259796	-0.205903231830831	-0.355931552825698
634	-0.0461596288385037	-0.161903878748812	-0.402247715665742
635	-0.074109641626306	-0.166788640967918	-0.407525046089867
636	-0.106223090552543	-0.176935758665931	-0.391048414226484
637	-0.125978587370377	-0.0743586546396546	-0.244401140895614
638	-0.147005123244816	-0.117721990722448	-0.224380026298726
639	-0.144196204138288	-0.144745762677978	-0.242491564635142
640	-0.0175985838167117	-0.0096905401542289	-0.314081897096046
641	-0.217742887981372	0.0189617469649402	-0.243560521398753
642	-0.216654703320777	0.100298104081884	-0.235281107607303
643	-0.193047490387083	0.158379487204994	-0.304817511351592
644	-0.125468730495404	0.136609533048063	-0.364102685868316
645	-0.176599101786867	0.110970783183567	-0.381546484096827
646	-0.256513209507941	0.038652476972025	-0.400691238188372
647	-0.102108003414009	0.0480492220520515	-0.381873560760971
648	-0.0957753152310449	-0.0158763161019001	-0.319019087819268
649	-0.0604389482031282	0.0374508831048782	-0.244721273045801
650	-0.0637147716839318	0.116094512434288	-0.234174367931076
651	-0.236947442547569	0.0208897596588486	-0.321621521617701
652	-0.266722055563677	0.0313346609632454	-0.257943113160635
653	-0.235712918115982	0.0150212261628875	-0.226847482604757
654	-0.163609664807197	0.00928981883220344	-0.280635700553371
655	-0.145032332921728	0.00886138863375775	-0.352651735931221
656	-0.163602249982672	0.110820616377516	-0.309108582642673
657	-0.249120961536612	-0.0904277339021579	-0.253484755530308
658	-0.276739681011098	0.116701038713609	-0.328874535172327
659	-0.127894577549678	0.0911863442585361	-0.199602507405413
660	-0.220266181038147	0.138398233907547	-0.227395900977224
661	-0.187784569117328	-0.272251220823527	-0.371279505875204
662	-0.0649547887051907	-0.26453723105884	-0.415161074537716
663	-0.160448910443187	-0.242315523664595	-0.222385875781104
664	-0.0830555360299063	-0.241806113733467	-0.311524698275335
665	-0.233008514404927	-0.154574334628368	-0.318032480154145
666	-0.169720205981476	-0.116014623624227	-0.349193036127569
667	-0.13082446114781	-0.0610705938424643	-0.357360238858863
668	-0.0700931994834651	-0.0893545929367194	-0.327819024172802
669	-0.0377022004677629	-0.147634321577563	-0.289733237180138
670	-0.062879118899797	-0.147657848350339	-0.226947021908714
671	-0.151775230592006	0.0480684087982231	-0.357331471120356
672	-0.0759831995483865	-0.0109896866162389	-0.413218689149518
673	-0.0492814284662286	0.0944784240808025	-0.33836087971761
674	-0.14156455389476	0.13817363799239	-0.29039233456833
675	-0.111749616967156	0.0127547163129268	-0.25496803732658
676	0.00933310201594384	-0.0114640272879094	-0.31884673307226
677	-0.177823460880749	-0.0987309407487912	-0.338620617922614
678	-0.0555721636096223	-0.0992982928805167	-0.253274078853351
679	-0.129854053985888	-0.032275670009045	-0.158047254719311
680	-0.236982114784107	-0.0408784604758192	-0.238913097032689
681	-0.113760999106499	-0.195213590946401	-0.286812563873047
682	-0.0943663467942312	-0.195963513465188	-0.364174151977311
683	-0.0366193498379735	-0.113410813327741	-0.315296874009556
684	-0.0961112165992401	-0.0346646962637937	-0.40113393239243
685	-0.186601370940319	-0.0686788359382369	-0.41819793686951
686	-0.266003208962976	-0.150892679185251	-0.388616780754295
687	-0.235111985104007	-0.0510794152989234	-0.318733061134218
688	-0.152601014430543	-0.0200225207733015	-0.214682702022527
689	-0.195306211031466	-0.0621461325157863	-0.21022416337477
690	-0.202748293649206	-0.104085167367856	-0.179005958858807
691	-0.18086568155686	-0.11000403324969	-0.401577961699888
692	-0.171291484129594	-0.065120946108086	-0.373622285387294
693	-0.210063849716264	-0.23586964039378	-0.256594220744254
694	-0.145684671595102	-0.188551151013278	-0.220421948567205
695	-0.173605023792909	-0.130694422395042	-0.204685638968652
696	-0.297710415064257	-0.171586807970077	-0.278463631074781
697	-0.156192245817578	-0.213519081259931	-0.352632293638902
698	-0.281222669798415	-0.208871467026563	-0.383007809384937
699	-0.0435429487863034	-0.150799834471636	-0.273311654233671
700	-0.138296044994268	-0.297493450399967	-0.344022733536147
701	-0.207205097187222	-0.105029761730994	-0.364477717686217
702	-0.183820624303116	-0.075271090506834	-0.270907263517454
703	-0.252487553816872	-0.0193984250041052	-0.205003335968101
704	-0.248895847373114	-0.0454649756797291	-0.302542522629206
705	-0.320517461703988	-0.120203566386696	-0.315781591593207
706	-0.31224829088436	-0.0884631261640868	-0.283683379446464
707	-0.247180449083603	-0.176306578116052	-0.324119855607073
708	-0.346936842665169	-0.0192950418660271	-0.364768128649969
709	-0.228603326128661	-0.216362571250941	-0.203704719249476
710	-0.317104648730984	-0.179804610680765	-0.188056708874983
711	-0.36753321898884	0.00913308635196853	-0.0824648384256795
712	-0.355186311479477	0.0628344413967655	-0.0879026547379721
713	-0.265806408509091	0.0332092588870962	-0.0611378634933088
714	-0.208972241798116	-0.0227571114417407	-0.0885939712835144
715	-0.188718951161123	-0.00352810793230278	-0.0853187555932372
716	-0.200978303378137	0.0386379191584558	-0.149506379480344
717	-0.267972435263098	0.0739585074382473	-0.223586552097798
718	-0.32562807384009	0.00347180634456365	-0.250118490119471
719	-0.323982025766303	-0.100531564996274	-0.202333681309989
720	-0.313536844114876	-0.143486275686275	-0.116569135303597
721	-0.249400185181197	-0.13929460820483	-0.318261500897093
722	-0.263214387000985	-0.130424535893239	-0.268145673544521
723	-0.262630349579965	-0.0958116657044456	-0.225969642195571
724	-0.196239641781371	-0.116527874443053	-0.255987743675205
725	-0.146760341380122	-0.0909295589016109	-0.241090881649277
726	-0.0965277507403347	-0.040064071502301	-0.244971479379153
727	-0.0807215789041759	-0.0380197528993193	-0.297051426044353
728	-0.223087082467169	0.0176915870038188	-0.397894007513803
729	-0.197472856814213	0.0481601515602976	-0.287938108270369
730	-0.238293215943568	0.0628302548341758	-0.221568204263624
731	-0.359966932054959	0.0843658907264673	-0.126667062159676
732	-0.357489700507312	0.0661638174577197	-0.220136867370679
733	-0.333321217688575	0.0769304746032188	-0.218193872229772
734	-0.298089629357401	0.140807228819197	-0.135798561718867
735	-0.232271021252159	0.0791464653857565	-0.195494245235647
736	-0.287142764909814	0.0338317506459227	-0.120987871119372
737	-0.370756872773602	-0.0117682740319005	-0.111219123448755
738	-0.394128252151727	-0.00451024785335211	-0.194219720631472
739	-0.329887624872256	-0.0467606408326943	-0.176834773613087
740	-0.380707318726775	0.196161416725324	-0.183942191662333
741	-0.338767774417813	-0.0527517831617032	-0.144799602238481
742	-0.362108359630076	-0.130707424356274	-0.13874056017219
743	-0.369470122238461	-0.170716827724159	-0.237767828399279
744	-0.379897642767947	-0.079112337392122	-0.285507500017476
745	-0.360895636897309	-0.254247783219257	-0.169129393054522
746	-0.241246856383908	-0.0892036690729816	-0.29212495904069
747	-0.228320455818642	-0.178731840957842	-0.234048441069366
748	-0.186595081685619	-0.12018930395248	-0.216965584176655
749	-0.180263619487925	-0.10658271981209	-0.137875623417757
750	-0.204923068495041	-0.17603376142639	-0.116238413775034
751	-0.287022299893007	-0.197331791073376	-0.260670063530891
752	-0.310766428238013	-0.200580121350014	-0.22122157762757
753	-0.317714775632434	-0.200460714238081	-0.202957017018708
754	-0.272573230616985	-0.18924475010455	-0.127270789306476
755	-0.229915196372628	-0.178588213844234	-0.103946444563821
756	-0.179676512590856	-0.198284080850369	-0.147448526736853
757	-0.161347055384567	-0.243544011530919	-0.221655970389589
758	-0.26075822846154	-0.328069312387104	-0.161107833994016
759	-0.225815344636804	-0.0721636288576227	-0.212745589433397
760	-0.304418418900286	-0.0581649210461113	-0.176983810942768
761	-0.318002216162342	0.10628225169575	-0.291962435198147
762	-0.315075750083436	0.015069813965022	-0.296655139472908
763	-0.27620858384883	-0.0626221855086648	-0.294929871048352
764	-0.237448868875226	-0.101648591778429	-0.261947187875144
765	-0.205007920673641	-0.0433026293314559	-0.192562823512611
766	-0.183860878225626	0.0276838013414344	-0.140136808546933
767	-0.141829566606639	0.0761570291817411	-0.198138008194873
768	-0.127815199678057	0.121469461431412	-0.286586306158058
769	-0.111901992081069	0.0611149069826023	-0.3236415695924
770	-0.128227401660595	0.0256520521892121	-0.375937316674312
771	-0.269887067276959	-0.0563878557821192	-0.220315700228088
772	-0.218194926936557	-0.155324756947464	-0.16649270870715
773	-0.391919795834584	-0.085071307600747	-0.238239217665533
774	-0.369658683604943	-0.141826294197587	-0.166400416223855
775	-0.375473672025263	-0.208173774916852	-0.0997905238542721
776	-0.252674423198147	-0.158935432610851	-0.0552975065784189
777	-0.328743057325844	-0.0702410458907847	0.0161028475779334
778	-0.219978095662653	0.00461688700954448	-0.114715808349715
779	-0.380960469979226	0.00943803673763736	-0.0783427198124785
780	-0.327977028680813	0.0411039512874392	-0.0593524721424425
781	-0.140587788317182	0.116890942570336	-0.0595638370151436
782	-0.158092055943554	0.0902436106380596	-0.0618587616825089
783	-0.159374331379405	0.0015780122980918	-0.0462867755457824
784	-0.24749358108633	-0.00144862451821598	-0.082676261324723
785	-0.283591401155411	0.0732400676306626	-0.0949473271747839
786	-0.267793742904752	0.123862420974295	-0.15884785326801
787	-0.267553470824755	0.0657622104839476	-0.201032922647608
788	-0.0567259405813058	0.00227623165629431	-0.176606183086469
789	-0.0424023404440257	0.0790635326877043	-0.186564294897531
790	-0.10999290448795	0.0953508743720451	-0.233033472762301
791	-0.207775538022875	-0.0309789091834357	-0.138244260917714
792	-0.253255134296945	-0.0258199082433573	-0.136345471559505
793	-0.318364931316898	-0.0432735951922415	-0.134960313338183
794	-0.358135145677651	-0.0971820908704055	-0.143110244479637
795	-0.356240395009695	-0.094445104094904	-0.142907852712229
796	-0.263555638182486	-0.120914804435305	-0.0153378244832566
797	-0.23916121322813	-0.1697330635411	-0.0631473324678477
798	-0.228088781998113	-0.184707852920746	-0.145311657764518
799	-0.2677169906831	-0.0931391025123319	-0.275798651922216
801	-0.202894426956019	-0.209327468894449	-0.0956744781259824
802	-0.370598814599647	-0.197704374172362	-0.0910933289311177
803	-0.333836063032582	-0.265536446375849	-0.0932810230241328
804	-0.186510538137821	-0.0709143131483604	-0.0555685506135966
805	-0.276196750972411	-0.201010963004929	0.0216582687445584
806	-0.210512202730334	-0.147428332462856	-0.202170325002608
807	-0.294445462542119	-0.0843926340071607	0.0465101571955028
808	-0.373958682487889	-0.0673420606466358	-0.116411247132567
809	-0.299142382371209	-0.108274926535845	-0.172191315699934
810	-0.317998295560949	-0.0374212562160643	-0.0997084854841407
811	-0.30412498187602	0.115304878515069	0.0640258543089958
812	-0.253115667547975	0.0317679020930538	0.0133229851994579
813	-0.212532493212875	0.0735799137591952	0.0419392289609058
814	-0.21065994631684	0.125331839814438	0.0220739667961275
815	-0.340839874392389	0.177572429298162	-0.000247282006426659
816	-0.282347377489568	0.02608284390445	-0.0980855431187454
817	-0.321100856799419	0.129476080618825	-0.107497056784318
818	-0.271768110082329	0.210660162709464	-0.074717366431612
819	-0.204667331445832	0.130040451264203	-0.107352470332114
820	-0.348268583471763	-0.0223982816329514	-0.00998290629104848
821	-0.478058116361403	-0.00568248845510195	0.0303265884328741
822	-0.333455837360539	-0.0358489514552301	-0.0317556905942295
823	-0.311904713066043	-0.0186977738594695	0.0175535567824449
824	-0.340999971266881	-0.0233740257036792	0.0929216868135276
825	-0.393098761950876	-0.0287497316858681	0.131245828503745
826	-0.389773555404464	-0.115111348724251	0.0931327186133384
827	-0.401151244208842	0.100285435817356	-0.00645782374600668
828	-0.356376598122218	0.122407565556554	0.0250703830622698
829	-0.428730416671911	0.055139139576336	-0.0919807497539524
830	-0.449099608543923	-0.0242274680724747	-0.112172667242907
831	-0.260328385659653	-0.0143931733896909	-0.0202529618995513
832	-0.305461668275789	0.0744984151331452	-0.00393377174505122
833	-0.213192613177399	0.031942492133649	0.0748983194825059
834	-0.303040509345927	0.00801677726681849	0.088835507617641
835	-0.279287782934724	-0.03239893449879	0.0898365834770353
836	-0.221748218419041	0.0530101234295041	-0.090735020950126
837	-0.167181837967315	0.067151230090147	-0.0310740019374557
838	-0.141228555235479	0.0517719522915597	-0.00860122121481219
839	-0.174574097809468	-0.0517879522641199	-0.0099628917998628
840	-0.261899594151664	-0.11807585176821	-0.0608727986478946
841	-0.308016529760802	0.11378205075183	0.00408618826350439
842	-0.260302848086857	0.0166016042549056	0.0125753014468053
843	-0.271621356319839	0.04321678051639	0.096497903542832
844	-0.337574771705304	0.115880526595257	0.112264462101576
845	-0.39566942625312	0.090146480701875	0.031068220613634
846	-0.31262549066123	-0.0249665730886843	0.130708429082356
847	-0.341199654544657	-0.0111502009900473	0.0670129336348591
848	-0.39261012800384	0.00500374459685037	0.0546071163435418
849	-0.19133850739464	0.150903302524173	0.0890551359263207
850	-0.17843023837501	0.105409533106486	0.0121914037223155
851	-0.252386443535855	0.26449010297676	-0.0641199875046403
852	-0.103986812306904	0.264338571217012	-0.0556636309947307
853	-0.272640497311333	0.106938336700115	-0.132382150213746
854	-0.276163651928169	0.197858878738731	-0.170426632017557
855	-0.288989940917999	0.148975834720033	-0.0344624310214708
856	-0.205621151700236	0.0560027263645456	-0.0292044937219279
857	-0.186026517975643	0.163482936894604	-0.0104839126854122
858	-0.14430031437446	0.186170803957824	-0.144812982393102
859	-0.17549217782262	0.0889423471119142	-0.209537550787397
860	-0.0646158443097398	0.12997215197989	-0.0442836992332148
861	-0.206600713594109	0.281128542730703	-0.0576000521178418
862	-0.322673110512226	0.255688306115095	-0.0701551472425633
863	-0.294389368792563	0.281567127454912	0.0151369354033937
864	-0.399948164231207	0.205257781624515	-0.015143294087838
865	-0.344162773862681	0.162734448426392	0.0773413220052257
866	-0.239578684669974	0.202386832337486	0.114085761477854
867	-0.247622887834439	0.105882546175981	0.102292688793668
868	-0.239833027642925	0.0897079314417016	0.0493679998631359
869	-0.232219275510215	0.0766393420862845	-0.0812470801273307
870	-0.225237037893071	0.0720518057253087	-0.0616270418696596
871	-0.276598376492074	-0.00548505267928807	0.0548514017719234
872	-0.278972416030598	0.00634447821344681	0.0395926709209173
873	-0.210374417280753	0.127913084262504	0.00259385091552716
874	-0.350641313186422	-0.0221274406853577	-0.0548223430230219
875	-0.269940680884318	0.0659515269074387	-0.078693898731627
876	-0.205695188843989	-0.0649540793210071	-0.0457793354868043
877	-0.181661173611008	-0.0855108709733795	-0.0095053696887202
878	-0.274324493571929	0.107273492098653	0.115665431182129
879	-0.391871844312764	0.0757613265254777	0.0251508584279741
880	-0.152832893845556	0.0371166819181195	0.0271894851694167
881	-0.384429003362683	0.0220797310193624	0.0451048752906032
882	-0.463924642725908	0.0611104290316037	0.0358814729370031
883	-0.42004844161868	0.112501238989421	0.0781725124678359
884	-0.325185878417822	0.107282779041046	0.108688556525032
885	-0.262506578937622	0.11830067548031	0.00672313893758077
886	-0.295750175476747	-0.0714324667049132	0.0578737046129008
887	-0.272234073214531	0.00344850692587277	-0.0430631132360846
888	-0.343952881017723	0.0434644127168869	-0.107730504926581
889	-0.377526564328468	-0.084265918857398	0.00339864830018783
890	-0.320414490933318	-0.0255286006039537	0.162964642487639
891	-0.178019451058858	0.0514079399324208	0.00260758988818826
892	-0.188337838355364	0.000492735687078492	0.0492397892112559
893	-0.214916799152662	-0.0619582793215986	0.00890247389375966
894	-0.222938506009886	-0.0584839949829545	-0.079802206192959
895	-0.271409620361911	-0.103270858490759	-0.0497650334304842
896	-0.33239467378725	-0.00860279793962351	-0.091580918481101
897	-0.326096076727254	0.0747076477008771	-0.0588245883302335
898	-0.344365512266605	0.0822581320596625	0.0246098250512048
899	-0.334914137742756	0.0442423113645068	0.0993900459636299
900	-0.345998465236993	-0.0315416544158738	0.12415259966659
901	-0.21841737535913	0.0997613687910582	0.00528671398507688
902	-0.218467817525726	0.0347816618582032	0.0605099128847543
903	-0.226534973930508	0.0198661620062039	0.136273889314445
904	-0.174342743427234	0.152844941170971	0.10166131008309
905	-0.166764743678616	0.0661836040628896	0.120900114217182
906	-0.103353397969575	0.0285785709937439	0.0693272160672702
907	-0.294233438156853	0.121835438954588	0.0640489182161969
908	-0.272596114984061	0.173171620907062	0.0809427899960103
909	-0.322138184460694	0.116022156667598	0.120283830962816
910	-0.277694385559563	0.158800936744905	0.142029468376036
911	-0.0992697265132511	0.0242233483817417	0.1361076639281
912	-0.161859102876852	0.113941154169039	-0.0194354716899294
913	-0.151002151290217	0.0597644628618479	-0.00490900366073414
914	-0.211969809071956	0.0271808780159181	-0.0162190310304483
915	-0.234016178737706	-0.0138045182618635	-0.00091952761765228
916	-0.259173942237767	-0.047383587169177	0.0397970621019375
917	-0.287936678983935	-0.00982459333213807	0.0851322851091208
918	-0.269878560596028	0.0753883941148419	0.164443032572271
919	-0.281956674973691	0.111776488935366	0.134894738996091
920	-0.247125171107307	0.162882943717155	0.122645848600649
921	-0.275245327240517	0.00794259488001003	-0.00494536718647626
922	-0.244906561896257	-0.0756223491445954	0.103870923458971
923	-0.172976379169712	-0.0420167126876573	0.0240326837476574
924	-0.126962274994828	-0.0655970156267601	0.127787357584398
925	-0.352073956609158	-0.0338897413698023	0.140282232274632
926	-0.281739978225808	-0.108267139521609	0.00209161945083858
927	-0.291579749703122	0.0321641822247065	0.071549282110162
928	-0.203287957087103	0.113716302057223	0.159975887131392
929	-0.25044961792508	0.132167414427368	0.0786214985019625
930	-0.277189547236925	0.0429353396815291	0.188242418803474
931	-0.385316968644914	0.0230100804680879	0.0174276825974332
932	-0.363719715930407	-0.0568342768308149	0.0451295031875577
933	-0.297244657021059	-0.04838885795702	-0.00623519340840914
934	-0.201240007323831	-0.0319764334455406	0.0113323664559303
935	-0.234947767583964	-0.0710128840223338	0.0731061124897413
936	-0.301494762087602	0.126468160221645	0.137430558134462
937	-0.312272932501661	0.135646987545888	0.00747008175313477
938	-0.377969621029156	0.022557832764593	0.202248747076648
939	-0.192461540756205	0.041850818866152	0.159697441723694
940	-0.292720052333471	0.0256380877027505	0.209671676602254
941	-0.360375198123829	0.0626927547914771	0.00823914078406557
942	-0.287664976365449	-0.0262495216938969	-0.0286029577677893
943	-0.373134221433458	-0.0788516660437262	0.0584137496314224
944	-0.219800320255514	-0.0482145342746936	0.147672137298213
945	-0.246174625122131	0.0865753379285253	0.0704496488040292
946	-0.243262603176112	0.0196622841569828	0.212721079266955
947	-0.20916117522953	-0.114931502985152	0.0818300057888199
948	-0.354551989891799	-0.0550526834234823	0.163165927288279
949	-0.317709904020471	0.080689812139093	0.143409814788288
950	-0.143578516834466	0.0446213145479809	0.0625309945976629
951	-0.285796970329538	-0.0371406963501988	0.174075268989782
952	-0.279343670742479	-0.0713043578052553	0.127434813472329
953	-0.306251681632976	0.152221910820166	0.0293755870820955
954	-0.399360732833423	0.102983009726047	0.0854375266648924
955	-0.358607433464128	0.0700408235338683	-0.0116522907536511
956	-0.323089013145449	0.0323604824133306	-0.0371697270495615
957	-0.294807743751387	0.00799339163456867	0.00300303098989822
958	-0.293331274549205	0.109874222304285	0.172192388819089
959	-0.207348774089166	0.137181697339629	0.11735018780474
960	-0.19087458920116	0.0706856241342799	0.00738447421010521
961	-0.300290616955067	0.0177492788008901	0.191334473116177
962	-0.365622219913623	-0.0103218578715501	0.11178334086224
963	-0.374422767797365	-0.0868366000033638	0.096469138583798
964	-0.28190297883749	-0.0949544525303792	0.250662542360388
965	-0.266272807061554	-0.150257496715431	0.0193310446466083
966	-0.265375184239016	-0.180090789388205	0.150074202789811
967	-0.157164252053232	-0.068908279521887	0.192004928468184
968	-0.135914416089818	-0.117384294333756	0.110679918832084
969	-0.163773048384216	-0.0393404528709304	0.0134887449505207
970	-0.234192911884488	0.0376525424478998	0.0674492476946687
971	-0.277643942822087	-0.0762144323583224	0.222867777566578
972	-0.321699377565667	-0.0123479717606675	0.209599656946317
973	-0.259141815487816	0.0306794212482013	0.160076845467145
974	-0.259309903422115	0.0451924104493644	0.242464093796254
975	-0.222424092286677	-0.0390562779109777	0.262424395995879
976	-0.351349625876282	-0.096598687184752	0.114211403236448
977	-0.351727507885239	-0.104146960304225	0.306458082195703
978	-0.320992747161796	-0.0015032954191689	0.336694337824257
979	-0.151838071328207	-0.123068185117322	0.211344966228291
980	-0.208836039826085	-0.083151267300153	0.115012969421789
981	-0.280809701457662	-0.108599959133503	0.0271786404809829
982	-0.339007872769974	-0.0567424502067735	0.124912399649865
983	-0.350634796470882	-0.0722108014704916	0.0270458760436029
984	-0.282715235458637	0.00547832596044227	0.0585746844840998
985	-0.273870992515958	0.000341558956798813	0.191944914769318
986	-0.16301161108678	-0.0644234728870183	0.176325424244047
987	-0.164907658959839	-0.11806834797061	0.0823604427450783
988	-0.136303609199052	-0.011996650603099	0.0586715755843429
989	-0.201799027381128	-0.195341596108799	0.15333609212573
991	-0.400038592576688	-0.202664684790771	0.0883812368519497
992	-0.39430176150572	-0.18953106444745	0.177945496613374
993	-0.428855018769703	-0.141838904207554	0.107683728655387
994	-0.327309010254725	-0.183651349224507	0.0544012067670072
995	-0.223234132272171	-0.15369830004536	0.0292674032427028
996	-0.282900135887527	-0.204217266217287	0.232227705358903
997	-0.333852376997908	0.0162226183490878	0.0976507412223507
998	-0.302671785671749	-0.0125523442662302	0.164065651422771
999	-0.255005260523536	-0.0861815080097936	0.229263251136417
1000	-0.222068721017823	-0.061561164853375	0.136319271695457
1001	-0.203760395462177	0.129280346141524	0.134450956111747
1002	-0.222650302290024	0.101253426105651	0.0114971080080211
1003	-0.307675613630224	0.102314602537801	0.0378427881737447
1004	-0.122285040763593	0.00221753255173877	0.0678524663606765
1005	-0.125589288491224	0.0124869846164873	0.177731357297984
1006	-0.204661495056147	0.0786780271988833	0.250523920233372
1007	-0.302508575962026	0.00876915337037545	0.217820311575852
1008	-0.268957532985158	-0.0835518057946767	0.165439386883656
1009	-0.272884311282321	-0.0731853458127832	0.062605049643834
1010	-0.340336732810116	-0.0736077117271918	0.110717468829533
1011	-0.168477685137316	0.00179692364962472	0.0405429043753637
1012	-0.104080981188783	0.0553013198868446	0.103426443688745
1013	-0.0413258805990946	-0.00372112323600168	0.19069661550184
1014	-0.0242237210473815	-0.072749821945493	0.177415385949692
1015	-0.079400738569689	-0.111107044661024	0.0656819266951083
1016	-0.155854639204591	-0.142643623231862	0.0222256322855534
1017	-0.12229790232621	-0.192545366228315	0.146944119312753
1018	-0.229180740561347	-0.134836534715378	0.220756296152705
1019	-0.264367092538772	-0.0523000411809017	0.217103293992849
1020	-0.256480367756896	-0.0309474916273838	0.216147066794819
1021	-0.178308980931829	0.0535699891990181	0.0558574276658909
1022	-0.153338502176767	0.0181074384805235	0.0626494198194753
1023	-0.143035564081448	-0.00719074302361147	0.234525999639289
1024	-0.123563702588148	-0.0326261584306686	0.249656175887714
1025	-0.073487787043018	0.00329038311817657	0.149646865543948
1026	-0.062296779709739	-0.0224809121187626	0.156926214970396
1027	-0.0578458556843538	0.112226174661168	0.15899874552381
1028	-0.244297066069196	0.0921950808055552	0.194401342280516
1029	-0.256689112388266	-0.049810002894602	0.150526586610738
1030	-0.162146205659685	-0.135198291655813	0.120052675286963
1031	-0.149579596158167	-0.223369622962365	0.220965488848159
1032	-0.100488149890602	-0.183904825779285	0.24855246232625
1033	-0.155721281457265	-0.112953748519606	0.272132679633119
1034	-0.198261606478137	-0.0190770862355797	0.254410337930475
1035	-0.100044283877593	-0.0521328427388405	0.192732857824122
1036	-0.174997454584784	-0.0131048216011742	0.140036887884139
1037	-0.0694863279508438	-0.0560872515574121	0.0860488289842974
1038	-0.176530542886741	-0.0799294241255125	0.0572859426593789
1039	-0.151260220811055	-0.131743802636566	0.0478217238267678
1040	-0.270883989287242	-0.13997265788754	0.0861381878243419
1041	-0.10508374755498	-0.0286426628248141	0.125439293761267
1042	-0.150912616112846	-0.0318952116685662	0.193704851617074
1043	-0.0720201216212222	-0.0364768322835002	0.218686761983882
1044	-0.143110198017814	-0.10272700134714	0.2861810665488
1045	-0.0400271819509401	-0.146170981724619	0.274652838454136
1046	-0.0846807333003108	-0.19919146119448	0.295207492023401
1047	-0.0418194064342719	-0.21991766009664	0.178209269843584
1048	-0.121454598436781	-0.224555321218404	0.110799170967078
1049	-0.12812457162215	-0.211445679553441	0.0892636076871704
1050	-0.235310011688954	-0.195677981683935	0.144073378698788
1051	-0.0344636264330395	-0.16005408191837	0.160672570576043
1052	-0.13803446551315	-0.177603540038886	0.13540214566771
1053	-0.148202419098447	-0.0949447676881344	0.257109489078357
1054	-0.188601723932999	-0.176580072065943	0.224633193209927
1055	-0.0937983397523126	-0.160122540896237	0.27394930013774
1056	-0.184666615526385	-0.0837947319076512	0.170166279200479
1057	-0.142569061963644	-0.107061994103199	0.0641138600646443
1058	-0.0938548044736121	-0.0232260522756	0.107079455242271
1059	-0.0110186083390664	0.00072208904200384	0.179273062581008
1060	-0.125905864984094	0.0155047435531358	0.207247586515812
1061	-0.208275015657207	-0.0981706130121956	0.0503657340308853
1062	-0.229887982044988	-0.17243765598156	0.0530982855865164
1063	-0.225851773322425	-0.201001149294543	0.146253458857655
1064	-0.168992622121037	-0.12692526193074	0.193324512930565
1065	-0.120506411388977	-0.0381549252759265	0.164979827729935
1066	-0.0916647821703565	-0.0157914971487274	0.129653089967128
1067	-0.0907353165199976	-0.122000910661648	-0.0132890073433872
1068	-0.0351557849384894	-0.149125455664986	0.0312315416644937
1069	-0.0278104184327684	-0.202506377346584	0.0958275662041189
1070	-0.0372821725807346	-0.24154458815109	0.145622839503284
1071	-0.214849823197537	-0.290985537736104	0.173828134888857
1072	-0.143903094000749	-0.170073464846202	0.203635362129727
1073	-0.157615287612625	-0.124307185884864	0.151687162435583
1074	-0.200323113490118	-0.185652586450094	0.124294344388755
1075	-0.0308928986854203	-0.168506120998437	0.166610168098935
1076	-0.108690751735062	-0.34422688777755	0.0709504032947944
1077	-0.0224795927334976	-0.246601434224352	0.0608656650606625
1078	-0.188456905045845	-0.281047327629975	0.00711911988785295
1079	-0.0862629469431325	-0.206443093776494	-0.0217394597205416
1080	-0.080446722003393	-0.165846855958848	-0.0297987462537837
1081	-0.128921604726026	-0.131343866104975	0.167554336126522
1082	-0.10441101863297	-0.129224398822766	0.17199869595501
1083	-0.13899762262847	-0.0792454297635938	0.276368305109521
1084	-0.112491945817136	-0.0672117598344578	0.295593311053683
1085	-0.0768718133616976	-0.0387887894884076	0.292947955679582
1086	0.014228572643832	-0.121388176592408	0.21721934816498
1087	-0.110387795388617	0.0200055106567802	0.18263571406114
1088	-0.0420673749045811	-0.181860588141051	0.30934486728822
1089	-0.151430566814669	-0.207340879436451	0.288099435806967
1090	-0.243831977334646	-0.153544235573901	0.248994191037686
1091	-0.0876868419987147	-0.0684450673555099	0.160866343959291
1092	-0.0449704051871903	-0.0246893244502471	0.190583506000563
1093	0.0260372264799789	-0.0436227483941785	0.199370699903661
1094	-0.0466386961215546	-0.0572576969143183	0.235729009263821
1095	-0.116182306301692	-0.0955214347565124	0.227628451634279
1096	-0.0354567729107678	-0.123386625520005	0.198622066711146
1097	-0.0391704587981484	-0.177669368254706	0.135561033350001
1098	-0.0233886022303887	-0.140348362718687	0.0933752080596284
1099	-0.0970620091743569	0.0483188600658242	0.17169396777355
1100	-0.0146782090652967	-0.106240727282665	0.33116007431577
1101	0.0100240037960968	-0.102567875275397	0.0892757291151155
1102	-0.0075590215463624	-0.134536843445057	0.0851741345725688
1103	-0.00751077278122609	-0.238581334217592	0.111930495513834
1104	-0.0271533706795848	-0.222209227287348	0.137030400068959
1105	-0.0473051158825233	-0.22146747035308	0.184362479542459
1106	-0.0774930509169575	-0.142741569169683	0.194696592160564
1107	0.0649482295980887	-0.158110349357072	0.209912292998212
1108	0.0702072554607673	-0.150418185297322	0.208068740451501
1109	0.113905578768761	-0.200932111560817	0.0771352078614035
1110	0.0411775580928776	-0.214390839181661	-0.00688309293221773
1111	0.107718478241665	-0.19116860891595	0.179217673273951
1112	0.107208193269272	-0.174063571845992	0.189638401224512
1113	0.0852429879760776	-0.121275568484105	0.149828445415561
1114	0.0740408293667603	-0.0371594896483629	0.149593906699764
1115	-0.0766133309933117	-0.0931187862471528	0.10303495963185
1116	-0.0669631857863228	-0.0957442786240831	0.214628349687101
1117	-0.0441409479668132	-0.0507338815029657	0.260884322343245
1118	-0.0148640439616345	-0.120441027666826	0.309503079603507
1119	-0.0767275231354647	-0.242330525354973	0.186875690627626
1120	-0.0249554338374275	-0.27965281702648	0.178978827610465
1121	0.0558920233662362	-0.0895687005974206	0.227719091855632
1122	0.0898287852990234	-0.144832597068689	0.193132646126377
1123	0.187918616450203	-0.189557157812537	0.214248904879156
1124	0.110375302020397	-0.066953201505284	0.293066862914523
1125	0.144458609954934	-0.130726706745441	0.338154200650046
1126	0.0612904976925235	-0.16425564516381	0.339564413616502
1127	0.0310647585846023	-0.222895080737699	0.277381449749572
1128	0.130499957424071	-0.178183901582972	0.271217963324031
1129	0.198538479308399	-0.027594102799025	0.224852618277384
1131	0.114635919691476	-0.235512754390753	0.309206166281146
1132	-0.0335439435401421	-0.159329926777093	0.213027830688776
1133	0.069478979801358	-0.162426896714681	0.2527666311276
1134	0.135720427205718	-0.100339486560792	0.322399963971831
1135	0.0606772183468823	-0.0721163856779883	0.288095523386438
1136	0.0599361269131996	-0.084082014451536	0.386147442741296
1137	0.0351515007326469	-0.0427707280046493	0.373274275561865
1138	-0.0393363319289911	-0.117158993711695	0.403080197896927
1139	-0.0659141422477118	-0.187052726977511	0.407604861417593
1140	-0.0213188530819255	-0.199538531838011	0.430089031467558
1141	0.124603869468275	-0.0409065449481959	0.407455653951849
1142	0.116852172667557	-0.153620834361462	0.283678367592484
1143	0.124210110524921	-0.131241577699602	0.322026186098052
1144	0.0419751774814432	-0.21032542464016	0.34999473799491
1145	0.062231386852116	-0.133291500300658	0.405772889162614
1146	-0.0223364923038253	-0.143207038941262	0.453117321823037
1147	-0.0482833140034395	-0.0556104448371828	0.37020596050288
1148	0.00622336186087768	0.0448557745230159	0.321786857262027
1149	-0.0464432817955693	-0.00857088233939499	0.268154554656879
1150	-0.0850963158571625	-0.118513228166116	0.263829929126848
1151	0.0832673691198864	-0.142409453263689	0.402998823053267
1152	-0.0224108114590293	-0.0329230173390592	0.336917373312286
1153	0.059866225888858	-0.0388134988443032	0.298495330996277
1154	0.0879780031831007	-0.0808965427540735	0.184047874022272
1155	0.0462912260915588	-0.0630654794683762	0.195430977113838
1156	-0.0263122945037409	-0.120183982842289	0.188435090346557
1157	0.0815762005443032	-0.186891780130088	0.178732221542251
1158	0.148547221511742	-0.185955439380315	0.268214488359186
1159	0.0436805211741887	-0.230115546738091	0.281247210193139
1160	-0.0534894550731701	-0.182193129277477	0.323963626515718
1161	-0.049939858122	-0.00680085258825148	0.206199628240082
1162	-0.0835300777980398	-0.019789440416253	0.253606416249777
1163	0.125802438618188	0.0290543947245506	0.203948864252664
1164	0.117514008840724	0.038088789603691	0.303707926832922
1165	0.0657477144786023	0.0061648211360975	0.381245342088414
1166	0.073295807976939	-0.0132051967453458	0.391155424097762
1167	0.0250891044562765	-0.0945517067331249	0.394398143815269
1168	0.122699927947832	-0.15955907651218	0.246533551722333
1169	0.0587447609923067	-0.174590755485059	0.292239623863579
1170	0.0516703927824144	-0.159888185678202	0.215789734113018
1171	0.140668124791838	0.0265932983108972	0.192401110733963
1172	0.0859267466702002	0.0285676596233664	0.21905210644128
1173	0.121313174084049	-0.0367619421104488	0.157527714669007
1174	0.155238805277399	-0.125258908126845	0.122069839484654
1175	0.106667415001583	-0.174146420145776	0.13299730832999
1176	0.0561047629684085	-0.18924612119329	0.186104996338214
1177	0.2658278004165	-0.093857730738593	0.304467357159787
1178	0.217178915803719	-0.122984848998087	0.333111677782116
1179	0.147266381646286	-0.13732616226645	0.350791391182412
1180	0.0976312186398268	-0.0986988027447969	0.371643332045037
1181	0.0418486620074763	-0.286368025093786	0.269532922546661
1182	0.120173173920234	-0.342049844479633	0.325818943918842
1183	0.199924646237102	-0.25453423219611	0.218170941144713
1184	0.200564668246789	-0.175389333831064	0.279416360921137
1185	0.264533003656004	-0.230268775921721	0.305595228807063
1186	0.0942060809088995	-0.192886438532703	0.249758245354086
1187	0.138794720163941	-0.190321294354504	0.380817086271644
1188	0.157940599516051	-0.271850969025756	0.391516581296264
1189	0.2182165120777	-0.353498481449659	0.286726285791095
1190	0.151128217149053	-0.306127372324423	0.150159309835596
1191	0.0915119054162764	-0.321554863944694	0.340756527896657
1192	0.094438602928931	-0.262874592509063	0.363942868421958
1193	0.115996412998988	-0.21056980856261	0.309186571847481
1194	0.114890639093331	-0.23664562901562	0.241437209065964
1195	0.0826363318779335	-0.164024025775948	0.202198654987337
1196	0.0149735565530144	-0.193623176964676	0.189961249502185
1197	-0.0128401143375342	-0.315356220212322	0.162341907809815
1198	-0.048692192465489	-0.34789357800145	0.21931738341684
1199	-0.0847934300397454	-0.268023418403217	0.269185614189019
1200	-0.0772034841208954	-0.17854166447577	0.326932641181983
1201	0.0686462820304913	-0.240750331381499	0.17631336835267
1202	0.0962907561868305	-0.138332034668165	0.139769777323137
1203	0.144427322544662	-0.339503459950479	0.18970978948611
1204	0.147388552823317	-0.231162742564361	0.143580073018936
1205	0.0742618131974941	-0.343992635077101	0.0939499900073275
1206	0.160266915099891	-0.255158163736083	0.0116601744921877
1207	0.0739082534959122	-0.266925326542594	0.0311150950204793
1208	0.234188086175143	-0.263785202488477	0.130096330300561
1209	0.250590982908636	-0.251637508010975	0.0439683895960204
1210	0.149127967478483	-0.349281514453446	0.012055519565105
1211	0.035753401779636	-0.224055046216673	0.125925716227232
1212	0.144481630813522	-0.317857415300745	0.199918215304075
1213	0.261078244916256	-0.310586892025263	0.138457181769521
1214	0.112166699652831	-0.335702573111328	0.10838253637505
1215	0.174323358452446	-0.22214786439144	0.0963383309443693
1216	0.255767241677972	-0.136508402954634	0.139396277718215
1217	0.153389598402939	-0.124875685398547	0.19202856232229
1218	0.268160304641167	-0.200436656402034	0.232136653462362
1219	0.217392993554485	-0.202709831452041	0.290881792704518
1220	0.0649836200956846	-0.222092336050145	0.266883788492218
1221	0.260218343033475	-0.163246620393902	0.268989899333611
1222	0.189970664064415	-0.151799574451304	0.282514758601548
1223	0.147926845018476	-0.206851201897683	0.296902467621736
1224	0.175572636571566	-0.28704385322362	0.293458285401265
1225	0.0925741288927876	-0.27478696333721	0.231145530158832
1226	0.0466909680243471	-0.21077305955889	0.165076747750798
1227	0.0947398132242054	-0.247235790575077	0.110849791769975
1228	0.151997699889905	-0.282316774446866	0.0928933517272072
1229	0.231253916793997	-0.276549075107452	0.0822219108408196
1230	0.228513092039966	-0.201444338631786	0.0658737426457768
1231	0.189191242137249	-0.222387673274406	0.252332251390327
1232	0.113245460617159	-0.167224064104596	0.200177594559874
1233	0.174343731727012	-0.0898114048932428	0.13362314102819
1234	0.253430547863793	-0.15035223161766	0.18310326231567
1235	0.15612197404766	-0.208749350279678	0.0969785630322951
1236	0.157733947642642	-0.310426986349115	0.156571547509599
1237	0.295142271251209	-0.280911050807375	0.152070240394175
1238	0.284428478030191	-0.16806681706078	0.0452414888374736
1239	0.363102989310512	-0.218098831044407	0.102160360985434
1240	0.251627409605044	-0.287702683601721	0.0288420057969031
1241	0.342916343663049	-0.245469450272862	0.206620667373719
1242	0.303261744307645	-0.239441305301035	0.15886148089896
1243	0.23430719602088	-0.248255174449361	0.140838977114312
1244	0.164202322808152	-0.266465816715335	0.142998198609977
1245	0.128295801568551	-0.303517547670338	0.205016156355684
1246	0.108092459940239	-0.171746921570279	0.183423688395721
1247	0.152610736927325	-0.149575721465636	0.311075062689446
1248	0.181440691078048	-0.288705851672996	0.34250482457851
1249	0.224373525497585	-0.22803535841494	0.361828658096921
1250	0.250064990098386	-0.102153583423368	0.2977125400855
1251	0.116250238231951	-0.231862648997152	0.171666408849164
1252	0.0866534365470886	-0.363879160702586	0.155013687124131
1253	0.125188122238164	-0.203341739226083	0.348186339044103
1254	0.16668653328314	-0.369539395235692	0.231227548997853
1255	0.249739521322062	-0.30100831140335	0.228359510581659
1256	0.0560017890444469	-0.321551005107585	0.208187996342502
1257	0.186515897405237	-0.248487499706791	0.204051624625517
1258	0.0703426161697975	-0.229939538418685	0.277791382997925
1259	-0.012845074955471	-0.28088526719244	0.246344193716636
1260	0.129099730050164	-0.384485203989745	0.35243554611529
1261	0.260950319098584	-0.18716886597836	0.112745572051034
1262	0.190124300155903	-0.180091414094897	0.12571759512828
1263	0.141106167815536	-0.197532473580516	0.181965927687321
1264	0.252741278953707	-0.189142113128887	0.18184797848448
1265	0.223424609042176	-0.241472109927008	0.277017971944883
1266	0.15546564593364	-0.2496235550126	0.250408383080949
1267	0.314710900141219	-0.241952836780602	0.213976087645842
1268	0.23445541383246	-0.311278224876794	0.222956621557993
1269	0.214184578744303	-0.335845523211411	0.139946319791417
1270	0.230192973022032	-0.0934063012348652	0.257559717438071
1271	0.296046142501218	-0.000148814480844625	0.0878076653767993
1272	0.384148709827562	-0.0318934160447513	0.0311115535209585
1273	0.389246308884535	-0.0372667569025898	0.043853159005106
1274	0.286048261745196	-0.0340570420720835	-0.0108985797565065
1275	0.186778537606241	-0.107386130411583	-0.0035984120855754
1276	0.231789319314154	-0.202277380091954	-0.0259984517028316
1277	0.295034590867747	-0.228214105561773	0.091816649979456
1278	0.23227162115546	-0.148569743420104	0.179550698225754
1279	0.338380448632339	-0.188173935172327	0.172174462384978
1280	0.405285787983408	-0.220816361845929	0.0783920478799334
1281	0.257629193498008	-0.0725988277065362	0.100934664737651
1282	0.294554136867807	-0.0580251671452192	0.146875935050785
1283	0.344778225976321	-0.0574103023868014	0.169661814351247
1284	0.300844742222717	-0.0651432845036889	0.3240117258456
1285	0.256539671277281	-0.0176874032096898	0.298454545993627
1286	0.173258186363952	-0.0160506506824585	0.288965505443291
1287	0.12757123984465	-0.0630521165848692	0.239958671441455
1288	0.119959597388339	-0.146215187337384	0.184104538244426
1289	0.241579715453124	-0.234151067351478	0.204627857191491
1290	0.29792717804151	-0.226416834015272	0.235390988828118
1291	0.158161930620989	-0.138595354483722	0.124713758754237
1292	0.23895367576705	-0.160268176568384	0.166273940631582
1293	0.302909975847485	-0.225307699021921	0.194800203761278
1294	0.30528023617441	-0.272035838376009	0.124522321172054
1295	0.267774322984124	-0.318026425452798	0.0513871660284772
1296	0.220069488134875	-0.348451912486145	0.0904467343857439
1297	0.195535246437994	-0.311556131904993	0.0345616848051117
1298	0.0993213526789938	-0.317448467798174	0.1280918062713
1299	0.115159927267877	-0.320122272731051	0.206790168791929
1300	0.160973005323783	-0.316838538208253	0.261131796332717
1301	0.303512648489125	-0.278418417155099	0.0972513040158528
1302	0.265254603673773	-0.418725680929999	0.136638333558627
1303	0.167614558346177	-0.314342336670329	0.169810193025999
1304	0.258446902104638	-0.200140815577455	0.225953197566445
1305	0.294571429151692	-0.311412254442648	0.204260357600073
1306	0.208844820333331	-0.213943432990139	0.108659556178901
1307	0.283056117909922	-0.209976418093765	0.00146655207321966
1308	0.366378355741973	-0.194717785446704	0.132447487328899
1309	0.236232461509774	-0.343798623663065	0.0407983055635259
1310	0.388646550059983	-0.360103779290059	0.119852719860967
1311	0.265859929115542	-0.318938444557303	0.271265611126457
1312	0.18075381197943	-0.33330606893871	0.299918830537283
1313	0.124984587667235	-0.296559888695521	0.20285113870285
1314	0.216571663291165	-0.281841302808643	0.135818031991094
1315	0.141849765117167	-0.236593249928769	0.133570933368887
1316	0.199269397477147	-0.204934961455484	0.105946886416349
1317	0.141985419257667	-0.155720881657188	0.192573091143061
1318	0.215212473377477	-0.111504779667855	0.271090509130818
1319	0.165291241803503	-0.148705834666954	0.312804774332046
1320	0.286224063797646	-0.151211252612253	0.304998518983634
1321	0.271979841308918	-0.227007641665686	0.116427246488781
1322	0.281933457651262	-0.265771381345051	0.10369943625677
1323	0.247507235983709	-0.148830511232236	0.171786224673525
1324	0.260422433725252	-0.0741645753132566	0.115803769367569
1325	0.251992995953478	-0.055283619172124	0.0562900265394183
1326	0.310651320447607	-0.0963064220990211	0.0366139044233955
1327	0.375694037467802	-0.157329713483379	0.00647626267707449
1328	0.126002923047609	-0.152185563115301	0.0913603060229594
1329	0.141805513170936	-0.187360779819349	0.0316578882962887
1330	0.206175212321046	-0.181246959557646	-0.0267933398628117
1331	0.246714026513486	-0.0846770675350988	0.153358583605043
1332	0.243677963334511	-0.133794472573388	0.153347257393976
1333	0.251018884267312	-0.187610269611833	0.103635989275671
1334	0.243427352967072	-0.236335172850432	0.10821542595992
1335	0.144729634102922	-0.168902583860441	0.125777607765768
1336	0.190116781413519	-0.156272967033305	0.0196063180473878
1337	0.281059215692934	-0.0730765493148656	0.0294282661877517
1338	0.298153947884134	-0.11133998814609	0.00584124578273343
1339	0.378527006730529	-0.126888968807322	0.0994141702848984
1340	0.352278968578371	-0.205724888062084	0.195803683887676
1341	0.366402637543809	-0.0830469824243668	0.0336435246206536
1342	0.363721963286729	-0.125867732093212	0.0145000576442887
1343	0.337437961751599	-0.184420587734528	0.0316005022426552
1344	0.255743958740544	-0.25248072035787	0.0759709779132392
1345	0.301533873835669	-0.228683780010674	0.153989421021112
1346	0.34963734600582	-0.143954173348027	0.209701356035582
1347	0.247004257568508	-0.073842678238875	0.166256449941039
1348	0.199238998861908	-0.0638786594504709	0.109443493820473
1349	0.176659779758734	-0.0934191745641325	0.0663543497592481
1350	0.16924701797514	-0.104257313997673	0.00503631952250903
1351	0.257472044248707	-0.124474164161354	0.177127805122948
1352	0.209260080636449	-0.061410446846479	0.109703618760116
1353	0.238682387594392	0.0133943445483037	0.0320258599320766
1354	0.330215578062022	-0.100351184852436	0.10621971858013
1355	0.322499351858661	-0.136161011211215	-0.016979617657313
1356	0.338418527207108	-0.154003584776536	0.00652812667267464
1357	0.203174066215116	-0.171353319200252	0.0849672594699932
1358	0.165723548206907	-0.130557226500881	-0.0119878512757101
1359	0.238270400581967	-0.20555558083686	-0.0112627290304724
1360	0.300287158955361	-0.189804720907511	0.0949675206629762
1361	0.208060714875967	-0.0719347954645882	-0.0552618098288986
1362	0.235013309703554	-0.163296231442476	-0.0231538311030416
1363	0.304881783674174	-0.150690104842572	-0.0356897080300593
1364	0.335940111996601	-0.105601475698729	0.0391785902741646
1365	0.299031321226589	-0.0427745937174642	0.00523886878468148
1366	0.211217336062685	-0.060219951315275	0.0628580115895727
1367	0.184157355098263	0.0393265979320215	0.00228217818969155
1368	0.299612654079221	0.0429545541106581	0.0412209199331614
1369	0.307111773888638	-0.0362306159416486	0.147771512625772
1370	0.403956551651618	-0.0254602812530217	-0.0487274829773008
1371	0.236958433132745	0.0498274380522866	0.0924246522159316
1372	0.27322063969403	-0.0770788117152723	0.00966040986964425
1373	0.216883850549314	0.0295151048151602	0.184393625654911
1374	0.251109261531736	-0.0161522747086307	0.22475083619245
1375	0.264638836250081	-0.13069512806223	0.207163913728097
1376	0.177214775682763	-0.148579010674436	0.163373690437033
1377	0.210319129394052	-0.163565250050221	0.13032848153566
1378	0.106778218851216	-0.110394360604267	0.120666098113879
1379	0.0622950490591216	-0.0210832944755525	0.0860203201030621
1380	0.109449985629539	-0.0620286238307335	0.0447088640321918
1381	0.274707340714049	0.0578944841190829	-0.0505877493566695
1382	0.280936900886175	0.0530904472569364	0.0246754807317544
1383	0.241030077566237	-0.056201713952797	-0.152657812712444
1384	0.193612549138368	-0.0962899611423523	-0.0875035486550565
1385	0.18436966878882	-0.122501758834503	0.0172397485543164
1386	0.231176319763945	-0.169957974796601	-0.0149747035878405
1387	0.283469272174058	-0.129538692104168	0.0523697409100239
1388	0.381134878727817	-0.121086243265035	-0.00481193151352085
1389	0.349132735308464	-0.0881746321434898	0.0784093931039717
1390	0.400759679444298	-0.108148921650262	-0.0980241185810023
1391	0.317622304816539	0.0169588034579309	0.040021031182408
1392	0.363396464832189	0.0271488194456991	0.146332573459399
1393	0.325561573835005	0.0164797369613981	0.230623710667415
1394	0.26257912617831	0.0586975110350909	0.161633720075433
1395	0.195095765008629	0.0122413233817476	0.231581560784564
1396	0.125900911200424	-0.00763042482348569	0.126788728102889
1397	0.172932314142062	-0.117212012434823	0.0560119580297003
1398	0.27636265573408	-0.175898705998756	0.0919634632130065
1399	0.263886717733603	-0.172328831846711	0.209551936286853
1400	0.199999474719048	-0.161082719903159	0.177800623428592
1401	0.26937329403779	0.0532580916306455	0.195079455243233
1402	0.320929724377495	0.0816034380546454	0.189351640179587
1403	0.420693187558636	0.101445328314886	0.0904334089006676
1404	0.413925069478859	0.0744852258095384	0.0214082892499559
1405	0.370090466510422	0.0195234655850541	-0.00267727327902853
1406	0.298536109396436	-0.00931758425008568	-0.00403781905347372
1407	0.275798421072715	-0.0642086153915883	0.0376480013493329
1408	0.202171810844668	0.110635785393301	0.0127745318604969
1409	0.22117669717121	0.163723307436237	0.0255956900423697
1410	0.265855725636088	0.209128283138795	0.0406357221769282
1411	0.298915671368171	0.00628829485678162	-0.0331837724777819
1412	0.376406896992603	0.0392398935555033	-0.0563805176204841
1413	0.422361313979604	-0.0444871928936913	-0.0657565134828239
1414	0.411365678335098	-0.0624445487902646	-0.195749029005732
1415	0.3162880485735	-0.0975659399804309	-0.227184332296807
1416	0.369127502768518	-0.154158550723153	-0.129052172394481
1417	0.378236988142653	-0.172862316912718	-0.0323152215316054
1418	0.26795479748751	-0.128050630526685	-0.0113586689574543
1419	0.258009032335961	-0.137708147624655	-0.123399937075455
1420	0.195049563315391	-0.0369476194259986	-0.0669159416489918
1421	0.338257760481589	0.103976864115774	-0.137759788668279
1422	0.403789890400129	0.0641958429543261	-0.127398093752625
1423	0.394804955985083	0.126179405042018	-0.0730145632798913
1424	0.319984681620443	0.109770374232754	-0.0613335492595184
1425	0.483924839626895	0.0662909912759704	-0.0584477835398183
1426	0.321630360969455	0.171116829540445	-0.00252097865272908
1427	0.344830247331763	0.132284315825083	0.0396265775837048
1428	0.346565478015053	0.0240591910652545	0.0142754596767516
1429	0.336507742383153	-0.0655955508469294	-0.036837359133659
1430	0.283766699936818	-0.0440406368485721	-0.103465415416661
1431	0.364016656408379	0.167722862964168	-0.0247903799633716
1432	0.283164228303512	0.0865969364369226	-0.051662673994986
1433	0.385207313276814	0.169335825508598	0.0710823668984164
1434	0.388579410132427	0.0444450415154052	0.000740120800613746
1435	0.420018253333049	0.04895092496863	0.126782658286411
1436	0.293688538825811	-0.0281837593915354	0.0464118505348067
1437	0.323866962231284	0.0412616402465244	0.148013305317093
1438	0.403993753086464	-0.0586909342468752	0.0845020381460416
1439	0.300144943285426	0.178465333931296	0.131788303610301
1441	0.392979857129742	-0.0172299202105371	0.171915240416107
1442	0.360066301823148	-0.0972361174310778	0.0783137388210162
1443	0.473137566425448	0.0628466643332114	0.161394122236973
1444	0.441929687243	-0.00590393428327845	0.0266488953137948
1445	0.506013805611347	-0.0535805876886958	-0.0131677926475909
1446	0.486212232273814	0.074673790461952	0.0539839858515066
1447	0.410963667623246	0.120598002314135	-0.0349195319142122
1448	0.3354874921765	0.0109187107308095	-0.0461874925038762
1449	0.287456788681318	0.0142913702794713	0.0633986870445561
1450	0.354847678084487	0.119941221822061	0.0750885843126112
1451	0.258418707621373	0.216717336512971	-0.0680609331897022
1452	0.230767007186703	0.231600931467869	-0.0287236044954312
1453	0.36275450365873	0.0532653732317142	-0.0669065053914498
1454	0.306241136284065	0.0374641874203871	-0.0235937567343227
1455	0.219659864218533	0.0477066949906906	0.0488639202190132
1456	0.206115939657113	0.0943130988645297	0.107954213304586
1457	0.368360435221962	0.0689215801496784	0.0890258406245477
1458	0.382920176113262	0.115347016423146	0.130441697108357
1459	0.324117030615612	0.227457814794632	0.120929930370916
1460	0.419964826884247	0.196943417757391	0.0287703325095022
1461	0.390160249579881	0.00761790702778513	0.107158458777601
1462	0.337979548636177	0.0143922006067804	0.103522163000112
1463	0.409375903152341	0.0428224042962305	0.171500305489441
1464	0.444999537321135	0.0669439352445739	0.230233920329006
1465	0.537896571655065	0.142166527357849	0.124846549084517
1466	0.511941319119777	0.153503059211202	0.0292975267095224
1467	0.456982925330445	0.106633092130897	-0.0246888071045999
1468	0.297613360083127	0.186682205772507	0.0729855340605576
1469	0.343728683026697	0.223490257795421	0.112095091334733
1470	0.412698213179615	0.246826841632624	0.17522194757639
1471	0.269446779585448	0.136164191263756	0.146387111906988
1472	0.293747984752961	0.14608026245064	0.0373326788734245
1473	0.323334151858288	0.0343757954726329	0.188116161315196
1474	0.325443855272994	0.04107274312125	0.200861979671758
1475	0.338174299354433	0.147132944075156	0.236757916588371
1476	0.265276957545586	0.221770046136887	0.234574281607774
1477	0.292696580594354	0.265019324848968	0.195115669704434
1478	0.379293007242875	0.243372502350114	0.169481516236104
1479	0.389393316514834	0.189023909383004	0.0418955253858573
1480	0.470162956665986	0.174150754698083	0.210659595344043
1481	0.324789046396485	0.174808180070726	0.0748647600542216
1482	0.341980336807131	0.213885696017898	0.0525560856141989
1483	0.374771980874247	0.300249537477966	0.0806455510365793
1484	0.369320323376517	0.288148498467022	0.166234143328041
1485	0.303431740911317	0.238323467805722	0.195155778167697
1486	0.237932436863597	0.270804612959503	0.133195164829031
1487	0.236468273232236	0.295448506104595	0.0909724319733432
1488	0.463766760485494	0.191526759875087	0.118816742827665
1491	0.292860002277502	0.297329348401851	0.218863639377772
1492	0.287664309638684	0.234319667983569	0.191256160237185
1493	0.33890785237036	0.218205933570516	0.152849266695193
1494	0.32722303095375	0.125181790119551	0.199157229272181
1495	0.371250871056559	0.0917289573691392	0.285273854160277
1496	0.317732105806521	0.231035731423516	0.385320985470839
1497	0.405159702304588	0.188461858621088	0.360753822945998
1498	0.5102048739284	0.211563438399594	0.227558417508505
1499	0.468636112374747	0.266354829267985	0.288846966052086
1500	0.382099406647158	0.31477279905007	0.216015042006054
1501	0.477285589253425	0.254719392285048	0.0425319605482282
1502	0.470097207646054	0.225522297348584	0.111169710692911
1503	0.453531480491168	0.192273940422907	0.19599598722465
1504	0.36571544116608	0.16947796833704	-0.00405975251571199
1505	0.309785601611923	0.0671559633076706	0.0869237320212042
1506	0.343170790204475	0.138118654397282	0.185071902589628
1507	0.278032024053926	0.240700257549393	0.0965856091195891
1508	0.299541152307852	0.167929373980374	0.0711463241009859
1509	0.413994563435459	0.0556022635215003	0.069465661442786
1510	0.403446146035517	0.0599461865833809	-0.000902078824482941
1511	0.348906505905336	0.205155615951797	0.141349884070346
1512	0.329437448297269	0.261070111463207	0.0969792653162318
1513	0.298865116744817	0.365143373305839	0.172605325011216
1514	0.240932397887189	0.338411424781923	0.196813987518244
1515	0.292781440783173	0.184315640711294	0.228930217601302
1516	0.344832809298125	0.261978386202163	0.250197289475022
1517	0.317667970402135	0.309681723404003	0.281257610160573
1518	0.432345691419022	0.290159255406993	0.273185166669503
1519	0.172696213431111	0.219941578643692	0.203770768316763
1520	0.258884987909824	0.212561448183838	0.30721294633733
1521	0.238081478039779	0.423170740995275	0.211790963235177
1522	0.19270329939787	0.369462973335509	0.27128594840508
1523	0.235200322621068	0.460360250697987	0.145613174009504
1524	0.293311363176161	0.238786358946752	0.165697965387818
1525	0.222511660356782	0.265582406389906	0.141826494515472
1526	0.361614395362996	0.381365055143563	0.327255108312286
1527	0.338990293429524	0.316899381546148	0.328581652222054
1528	0.412613396849322	0.378467572880706	0.144932657692985
1529	0.390035509651441	0.302798855672601	0.146352035935237
1531	0.290883878077246	0.294624727787291	0.211025550853633
1532	0.334835242828507	0.353877796365832	0.117074455618454
1533	0.39380233770199	0.209131135353344	0.204629762757118
1534	0.416972888186022	0.274094351501437	0.108953939282099
1535	0.414226840299171	0.332893445142831	0.201961025997529
1536	0.207794305764134	0.360838953748338	0.138977130163556
1537	0.274514790118889	0.244302488829008	0.097295919969926
1538	0.264780214214221	0.183490575061848	0.248816217565885
1539	0.321828096990898	0.319895239092585	0.326568424776201
1540	0.307119330344002	0.428012935440037	0.233943030505848
1541	0.449640155846234	0.32887981544663	0.144118424915778
1542	0.464289505245163	0.22423375071567	0.133417545767828
1543	0.498061516327151	0.382403969556904	0.0644171943124509
1544	0.363257495336442	0.370455433927461	0.200692147251141
1545	0.420177196977217	0.264633469314642	0.220072979207822
1546	0.391424876169486	0.216970991710772	0.0119427099818143
1547	0.351430609825058	0.244763209415189	0.00770563416719651
1548	0.348512288239984	0.326807998580869	0.0831219082694373
1549	0.327512738476969	0.332405350100135	-0.0115847586701641
1550	0.425120165731206	0.308518655707018	-0.0269065363939072
1551	0.365527192162209	0.313573580594469	0.211977272144487
1552	0.366795129667666	0.287861778213551	0.273506917886234
1553	0.278771853498062	0.242652594735695	0.241130922465837
1554	0.328004617940599	0.228406543058092	0.258449667048895
1555	0.26311872626707	0.233137022162324	0.187325508664231
1556	0.30165982078522	0.180419609031846	0.220159478644603
1557	0.347120102857119	0.236641117814774	0.185061254127519
1558	0.24781408342298	0.30694843389405	0.161661748280248
1559	0.423090183479829	0.220224019612352	0.13535913639826
1560	0.241518844514447	0.382013799538977	0.240154778895296
1561	0.22892734824698	0.331548306556613	0.0390508535456572
1562	0.302092338085482	0.364304947713926	0.0741043657285825
1563	0.33705063468862	0.401370367778266	0.155134530072053
1564	0.324753938066156	0.433494911402205	0.146155582026884
1565	0.192562353767569	0.335618358059576	0.123922947486526
1566	0.179695424998598	0.400192490366951	0.172919480033468
1567	0.319218484845535	0.289266975590586	0.16240351301956
1568	0.196746379789088	0.484502258044977	0.0972071566882266
1569	0.229722158918302	0.296528263700291	0.205240608439816
1570	0.267013047556631	0.270378711984268	0.182409582814756
1571	0.403821360875479	0.213038651582322	0.20997791082676
1572	0.298393487232192	0.226496330485834	0.221722927734733
1573	0.356319184296595	0.148226768353723	0.273789299838588
1574	0.355961934605357	0.146971617958348	0.272437362047376
1575	0.413653310856199	0.355540217146347	0.243703971356843
1576	0.36473759934617	0.229253731572499	0.0699630836287423
1577	0.222959768153025	0.263729735813875	0.162131027392555
1578	0.415496137068405	0.307016893592613	0.136632386612526
1579	0.29602166553625	0.277935338672595	0.108175025451129
1581	0.254632651258915	0.348592405947865	0.320624898307637
1582	0.304499639789364	0.258351911684354	0.290539123773812
1583	0.337702694503773	0.34099618722702	0.300292165323184
1584	0.337928796804001	0.268812264121296	0.194246647128051
1585	0.22967640136266	0.409264292255868	0.266109692972866
1586	0.214875595974308	0.248516112390783	0.172179623603423
1587	0.193366106800335	0.211521807149294	0.276422389649839
1588	0.351008798374233	0.361700143671901	0.140515258149918
1589	0.278178559075049	0.436026063050868	0.175853652074715
1591	0.214329891884146	0.247468940720269	0.087812396593392
1592	0.221091849119985	0.249071714990146	0.0736450012937849
1593	0.247485851289619	0.37830823185982	0.181126223499686
1594	0.234557682637625	0.368368516393031	0.190457300130911
1595	0.295827308135374	0.379627419975743	0.0355436819722364
1596	0.131569601364021	0.375537410022504	0.0795444175405201
1597	0.288021640171285	0.389231585909335	0.0175312647481745
1598	0.134074836107012	0.388261910572536	0.0621586517240001
1599	0.361962695205431	0.277073066997105	0.137192146759482
1600	0.351925933728754	0.257177077828871	0.169021555839154
1601	0.164565585693515	0.369644791628089	0.218802371344272
1602	0.0894052705394725	0.314746326756038	0.328162771140489
1603	0.106819536741584	0.286749732554986	0.32273743668215
1604	0.0316321904870251	0.231870719013243	0.432117998425689
