351	0.337701404323063	-0.069875317307279	0.416234922242657
352	0.337181141208012	-0.0745471259928417	0.409652407731258
353	0.343268028318256	-0.0311011085440131	0.664063950657603
354	0.490814006385134	-0.0842007219415423	0.618465073716773
355	0.559105682730376	0.0182406599212826	0.506840317935893
356	0.403720993656482	0.168486950902964	0.485197035685788
361	0.476333375241838	0.279026849001355	0.481982100791578
362	0.448010412657977	0.322933862197765	0.597184588700185
363	0.496415888786587	0.272234783523673	0.358661885872361
364	0.59635205267725	0.304247539115469	0.426800849766307
365	0.294163754415586	0.234988714024184	0.446575359276915
366	0.370749417544597	0.126870682244138	0.510389545435989
367	0.483592233265423	0.087128210833541	0.595838279116314
511	0.310365633335292	0.252054015264503	0.257689256532255
512	0.287197082017987	0.208628619596831	-0.00466651422826946
513	0.335418231245112	0.437773750261379	0.0800057085763593
514	0.22535921887106	0.163854136099432	0.0209495915860052
515	0.0625380638921308	0.294249246838973	0.174099661213955
516	0.232598300650593	0.471626142626078	0.100820739748522
517	0.146110467002461	0.409513048455079	0.126641428954288
521	0.310951189240962	0.29923188460926	0.175468359400523
522	0.242995173032972	0.34294835756588	0.191574607433377
523	0.155974239518496	0.381387881021653	0.181355466068644
524	0.0687267816264061	0.379520985006217	0.200254712127942
525	0.00965591735229152	0.339645032971105	0.234219256800755
526	0.184983570140059	0.153855574485886	0.357209948339515
527	0.115422170616697	0.133225126275442	0.3248702689908
528	0.12857735951799	0.0910735029339489	0.224312741861107
529	0.103859771313302	0.0974499049104832	0.146175138226095
530	0.116308017791345	0.127354874085565	0.0634255081120718
531	0.234612855359049	0.236163258009239	0.185940281213248
532	0.170509125077531	0.146594156984309	0.171381803618604
533	0.241882669675929	0.161913569654639	0.289695801856194
534	0.331057528248315	0.12053010860287	0.368156073371037
535	0.306697973383896	0.0749262391225507	0.261630636359679
536	0.281318017363463	0.0266832019792244	0.121493769017723
537	0.285014225844932	-0.0113809432136606	0.277406160975534
538	0.252417831099232	-0.0524951664083785	0.181472552947863
539	0.387182247780207	0.000321330690353797	0.160878936099452
540	0.438532273251656	0.112125986930634	0.104760641203995
541	0.277298595234922	0.1010238570914	0.225301299985866
542	0.285987474119602	0.174636170139626	0.272378236743475
543	0.28565800679612	0.269956892957343	0.278098880509317
544	0.261155893908866	0.361456318610899	0.194629440039956
545	0.251171562644154	0.377945596604993	0.108214428770852
546	0.233286647500447	0.3144202161474	0.0283171671486059
547	0.146102462297862	0.268790343305576	0.0500373068968479
548	0.155301910220462	0.161855094219115	0.01669539420173
549	0.0241510187325575	0.258959578582945	0.222089093057396
550	0.0326732936876772	0.193306121062973	0.169469439089734
551	0.254168083137326	0.202992846793101	0.174740343134957
552	0.363340523872717	0.147399973787591	0.0742960728748686
553	0.431869508786828	0.203402904477806	0.188175027071347
554	0.255889244203404	0.0607867433041819	0.156785894263735
555	0.359387076242636	0.0631098627388867	0.249245905153376
556	0.215591761365063	0.186582396721995	0.014940060617246
557	0.318483966854862	0.319346494477407	0.0922852397750075
558	0.305905358737122	0.33400332156869	0.266027763698683
559	0.225014171403377	0.339104259464294	0.260801388286751
560	0.217766912881626	0.163543432457326	0.321204156510679
561	0.346940705284371	0.253141532358143	0.178425916108374
562	0.205524370794517	0.184144367380632	0.227888330008392
563	0.204833770467166	0.141354474406065	0.14188726183802
564	0.241136749327022	0.219672684557491	0.038779473635585
565	0.34141684376731	0.299099040161319	-0.0158269402422776
566	0.325263244138907	0.394963461449608	0.0788238216588828
567	0.279765652515633	0.446789567078419	0.187781018476761
568	0.0680353557250149	0.322808226922211	0.0215783953271637
569	0.17337675365256	0.396611741028156	0.0193251526146316
570	0.12819618033344	0.434863981493976	0.162550536040206
571	0.241941399641266	0.271080539657352	0.134264001573179
572	0.185437215214483	0.28977529931119	0.140466990139512
573	0.160059901833746	0.272058552878107	0.205581995079639
574	0.151865442557141	0.22026182562375	0.286046665212317
575	0.213564702078107	0.149492889287837	0.299954593167298
576	0.29818115895472	0.133077381353449	0.255438932772601
577	0.320090919307151	0.137557365338358	0.14878100876322
578	0.226082240407848	0.0913378539110609	0.114783423484107
579	0.352100687852447	0.319251310748846	0.255520203132386
580	0.13064026709384	0.0988439388933488	0.109290735048339
581	0.326852679885736	0.208271945714086	0.0779320416659244
582	0.37881773126322	0.298882952643233	0.0876063848219846
583	0.33760210070501	0.380610816123861	0.00333280770159319
584	0.288080736187885	0.384233894418816	-0.0932653163595255
585	0.143378135578983	0.202204744677398	-0.0869672002895551
586	0.137334868798686	0.163150868013562	-0.0170657933939939
587	0.110987100644724	0.221458308762359	0.084214603386895
588	0.150797441735381	0.303812303001747	0.184157542834085
589	0.11636031558335	0.398535487030035	0.113090299815801
590	0.125974823075245	0.464192949692093	0.022353777563726
591	0.0409450894796606	0.447335809794697	-0.157940460889533
592	0.0821283727560162	0.515493753558028	-0.0758440744251905
593	0.129511838102635	0.490972548401191	0.00920038060730283
594	0.0280854177991727	0.280041798657219	-0.137466882348124
595	0.152160906501026	0.281971247044124	-0.213898726545137
596	0.230549874670642	0.266047790934773	-0.0222654043918138
597	0.191918069689545	0.283817608582859	-0.0425567480054641
598	0.0701669852403407	0.248926811050301	0.0273156752071293
599	0.27655959628171	0.393135116100437	-0.208201239062043
600	0.320704108993532	0.397893997658961	-0.109113219940749
601	0.157363516000799	0.277968938581965	-0.165288286821853
602	0.24762325105265	0.171431289388321	-0.159489283612484
603	0.339136441644683	0.281060454313621	-0.199317721803736
604	0.261789572070842	0.415490221218373	-0.209161986863826
605	0.22325255195676	0.193842630922874	-0.0181868766698178
606	0.217961257505973	0.377657228229636	-0.0486344692164704
607	0.133013007041176	0.283084704086566	0.0111239115331792
608	0.324357806127611	0.281864672899679	0.0119916265942073
609	0.232065087941843	0.322161335938282	0.0749717917317206
611	0.263960254487386	0.238416698827741	0.159612848611651
612	0.236745005513266	0.25337812861595	0.074278241406981
613	0.265174157104978	0.287428994775217	0.055724502387732
614	0.311033034764989	0.169789416680108	0.0668303380829383
615	0.352789098500711	0.146607097775138	0.162270260242682
616	0.0892742538161452	0.236669032919844	0.174328830033351
617	0.0805249751207492	0.236879825806342	0.0509498219741979
618	0.288290477344291	0.412260930895815	0.082642585036737
619	0.292195790355372	0.428322154266184	0.182089966344408
620	0.142346129673392	0.247601090565291	0.288779075052961
621	0.273512897594832	0.210156458999726	0.129191651014993
622	0.354466483510492	0.190663692887062	0.106968952889698
623	0.334032325350928	0.405069243332205	0.0252043877365263
624	0.295986302795769	0.390888869348702	0.138399955272306
625	0.206077246493512	0.371817728215738	0.208500691678022
626	0.081990001695311	0.195628814653121	0.120777693867892
627	0.14144364636108	0.140949764687402	0.0247146425185372
628	0.274823844031631	0.178850584741226	-0.0625892728473219
629	0.184240330584521	0.326450031646585	-0.0836013439091116
630	0.0944800364567228	0.347847201086084	-0.0527275311018205
631	0.281479567336732	0.379485577993648	0.0247883868653042
632	0.220723008168499	0.362055236807593	-0.0082524889481771
633	0.18216410316254	0.273236282651734	-0.0554621064117766
634	0.196340240342911	0.187987008536317	-0.0998011837015049
635	0.188826389663906	0.202080897635133	-0.0948504631593845
636	0.135974793571117	0.203601746311421	-0.0402119108805829
637	0.334940283056884	0.174619039940645	0.0719696057274359
638	0.266841451017653	0.177189131886925	0.124294292953035
639	0.248364666624032	0.178436427557191	0.113994753044098
640	0.407385049893226	0.249641153281051	-0.0930330024415025
641	0.225405793570281	0.331017883024179	-0.0825427286627962
642	0.153697406143349	0.344403434590021	-0.164184133788293
643	0.206244250861441	0.250544846612473	-0.193123956633857
644	0.366388868754561	0.264327334948587	-0.140725513104975
645	0.315363572203688	0.207357723352504	-0.0895135987473724
646	0.217889968119068	0.171420313881344	-0.0165010448445669
647	0.33117197896795	0.344757607441132	0.0120866958041222
648	0.319354271709783	0.462465914220616	-0.101031287060346
649	0.359416373007474	0.381551326420543	-0.259783499084485
650	0.368771751980924	0.221941455075999	-0.269515022074322
651	0.19986359913648	0.295149851141075	-0.0769505434930656
652	0.171580211072513	0.267881988964004	-0.105917633567913
653	0.076781059552455	0.254982599429236	-0.0655496667149041
654	0.0752779378480861	0.268153657361531	-0.031269462042144
655	0.226464499142566	0.351076572898644	0.0307880135261888
656	0.219041470150209	0.424250046034217	-0.10281347744111
657	0.0923829184057408	0.453495598468838	-0.0721375666935984
658	0.122165451924424	0.40804005967742	0.0695946059404586
659	0.229990386128027	0.149167798393653	0.0246776171602144
660	0.186822948281049	0.252947374503713	0.115597718528551
661	0.180391010331564	0.305381429364489	-0.120397816685702
662	0.0899558825609722	0.216700895200607	-0.1610649749471
663	0.0623659378863175	0.356312474950601	-0.218153001464134
664	0.174603887734587	0.293916052574393	-0.283072607199945
665	0.130819877647654	0.193027060291651	-0.0118939905945449
666	0.247448781585178	0.183206906299249	-0.122227340287142
667	0.306750195296138	0.154121613714528	-0.188054211869188
668	0.323530870411182	0.310933913611521	-0.18293401126112
669	0.316844993660665	0.356300957343763	-0.0587462188305392
670	0.244321794180022	0.446441789716408	-0.0695220898300158
671	0.0627700907972979	0.360823661352282	0.10123202565477
672	0.200252631310332	0.402592007700583	0.10928785388674
673	0.120421397490541	0.278973109933556	0.212452931614439
674	-0.0191923701193869	0.256856042658134	0.167050906905354
675	0.106110036114579	0.222636896887582	0.0571111752307826
676	0.257877790485056	0.248244722853253	0.139461528415687
677	0.154951130761386	0.362919061211206	-0.0705329498792077
678	0.247844502321624	0.206019524712352	-0.0154472399346452
679	0.099547277831294	0.119200449417892	-0.0413303042601239
680	0.0231078020432466	0.26640826385898	-0.096001921675654
681	0.176231836649447	0.235323126352484	0.0161619250361974
682	0.173691165146815	0.231221451296795	0.121804115531659
683	0.185045203730009	0.381000877904125	0.0873257838688396
684	0.0452767908281869	0.364202523992939	0.0950626918539149
685	-0.0134243338251114	0.229197010741524	0.0919642441012262
686	0.0321598152439526	0.120629367428986	0.0428401647955015
687	0.0376835932160906	0.239359170318667	-0.0732143054745475
688	0.0954512353306557	0.327205632185356	-0.156840478651061
689	0.191916998219738	0.359692105543337	-0.111192098315806
690	0.228099879920376	0.244589250437678	-0.145004319423196
691	0.0850680187251232	0.370116285091992	-0.0390312510552372
692	0.202499521821941	0.304094956008207	0.106674046590734
693	0.143013159210051	0.338942693921248	0.126553597757655
694	0.105385113124733	0.344548842696867	0.059848124553478
695	0.251020009469676	0.32783090050315	0.00619979724141469
696	0.225182699542176	0.423911390475539	0.0883487275648529
697	0.258938458175427	0.424577603339308	-0.0296016882635842
698	0.0956278240937313	0.4479333117372	0.137311259237678
699	0.0954339123489559	0.184694495865136	0.0170299750719562
701	0.200695998595734	0.386622911629535	-0.035716753325344
702	0.259433989281768	0.283616938590628	-0.0336391090901112
703	0.177159082398498	0.477811881232637	-0.129213643003144
704	0.247536932577461	0.367753771652101	-0.147156978204416
705	0.155895616297209	0.233879835961833	-0.106778909639853
706	0.141149416104185	0.32946006989756	-0.145992485032097
707	0.147342870659744	0.26357402087541	0.0280755028299097
708	0.240205631881361	0.246714774018928	-0.218717435152248
709	0.023464594765986	0.35938072289591	0.0340802629176806
710	-0.00595732032711432	0.32437949542372	-0.103472527576384
711	0.147204345580295	0.258979726343632	0.0224094004361768
712	0.161499189714446	0.25178165607525	0.0174040467709514
713	0.296004309589657	0.29541467358143	-0.0509429773845573
714	0.313748113650129	0.307970248926371	-0.0583341232371082
715	0.328190936929333	0.217521668764878	0.0552673673578284
716	0.331243467711522	0.283635795638163	0.0735334011481683
717	0.25552097785404	0.372563120706063	0.120630087005148
718	0.205905388416412	0.440499070300668	0.0176649134367666
719	0.152044214105308	0.376335462899372	-0.122001713470984
720	0.169374280337287	0.233085611186423	-0.164631608235539
721	0.287456138555272	0.293262570934807	-0.010003824885809
722	0.216322957969844	0.26208240020212	-0.0170185653060465
723	0.205284158130666	0.238773727269256	-0.0248501574225974
724	0.251576818930947	0.187157206939523	-0.0904159460186999
725	0.247786370526038	0.146359099226751	-0.160617688629121
726	0.266643480156112	0.165324840442138	-0.243373716765577
727	0.316448053397618	0.17831663411085	-0.255099455662023
728	0.34482693580278	0.406692452927416	-0.198895833590132
729	0.242839999761251	0.355034239943843	-0.253373121760996
730	0.118082706972472	0.345364138737585	-0.235657202732617
731	0.26430705929116	0.227094820517957	-0.0160472443066447
732	0.205109013455725	0.150443738002817	0.103508609964663
733	0.288605319474626	0.127382897963157	0.0848656651479795
734	0.270440029701497	0.0829066125698664	-0.0202732246863186
735	0.434107027367513	0.209363131937867	0.00851319695259168
736	0.394869175051736	0.216698038814836	-0.0857611689030561
737	0.267057722619261	0.353659113201419	-0.0310832384209388
738	0.255570063122343	0.292004712995799	0.137573707547327
739	0.143720532096399	0.266277676929675	-0.10198852672498
741	0.303645658221609	0.299923534311553	-0.238120576050997
742	0.209774743654608	0.227968265838971	-0.300494689237915
743	0.127614941633503	0.177173479475244	-0.184587007467998
744	0.191428445902912	0.276060218544062	-0.0756124404815135
745	0.109966621230611	0.0824910081954263	-0.249760037985094
746	0.291260235891228	0.163497217175828	-0.00611796296473585
747	0.258864847686558	0.0469652369955255	-0.108150595859375
748	0.376306625814872	0.0827029400596312	-0.113609369893784
749	0.361254153042308	0.0144513502283012	-0.229072472394916
750	0.409187275295152	0.097485746465098	-0.227296307960181
751	0.300904947625732	0.0734565948738334	-0.0481423473055689
752	0.323921665310456	0.0124816098113975	-0.00376363367560349
753	0.324624038336139	0.00624472990465044	0.00640308894576154
754	0.29082312474372	0.0194673964446314	0.113363526736765
755	0.209356358403712	0.102676779605486	0.107602420784272
756	0.250645381705518	0.0659320706063087	0.157772508463811
757	0.425261943678744	0.0659728475086086	0.141320094925979
758	0.35678452297221	0.203992821852884	0.0740932582562774
759	0.143811005553295	-0.0545336153514085	0.0372542336216118
760	0.130519066814943	-0.0171173093929378	-0.0367921431401519
761	0.171051429328259	0.159519689042666	0.0856702807468735
762	0.127557797640795	0.249497403983902	0.0567011239482368
763	0.133329819384856	0.353886958973479	0.0641124503193362
764	0.0627289758149056	0.348712603047935	-0.0244664102051683
765	0.223884198464776	0.358488996205901	-0.0355194920867851
766	0.346267837585976	0.308706648774178	0.0201199810741847
767	0.297496219621748	0.221350713687952	-0.088444643078586
768	0.211632093913925	0.0953143223576139	-0.0971895884306489
769	0.187742951460849	0.180028081725255	-0.169442302065657
770	0.0724375904438886	0.137961792154107	-0.124102724642642
771	0.12905954792251	0.189323427291412	0.0423938448877783
772	0.169523185430356	0.118026458356636	0.0215118450483495
773	0.164902058501378	0.326858816317175	-0.102553278035445
774	0.23715996990533	0.236299120981776	-0.106206079165066
775	0.310521167918081	0.165068733678724	-0.153724520618816
776	0.355560781062969	0.110303481724905	-0.0109564322099363
777	0.435359947615124	0.260645844373506	0.0213621160943724
778	0.251654378495713	0.230323849001157	0.178721378033541
779	0.32485621166478	0.366775564513351	0.0768949219215164
780	0.275612364595659	0.373608787090728	0.119683739366262
781	0.203303209411863	0.224791818636749	-0.0217778647602146
782	0.208150630373045	0.189170456127306	-0.0262552196620308
783	0.229527877450457	0.0875141245183879	-0.0391494780916772
784	0.126685119816804	0.0264309700347276	-0.0680089396525308
785	0.026945068214934	0.0551310082395395	-0.103234817607792
786	-0.0111036738624599	0.146183687184203	-0.109984444214423
787	-0.0204034907817511	0.223967937987909	-0.0566685388447483
788	0.245991461009552	0.204402685466803	-0.253856499973728
789	0.227924472697593	0.237321520935762	-0.261310230113764
790	0.137847964008114	0.289776503949043	-0.23136476626505
791	0.177637277063091	0.0985663053405185	-0.179391572909577
792	0.260954586380514	0.0841438869787018	-0.194027655495424
793	0.344329650998789	0.0963635869706735	-0.189596460993367
794	0.419726843665098	0.133195536006238	-0.156065359982717
795	0.425322432041944	0.172983596591039	-0.0771120550055445
796	0.252731583722695	0.0643506190191138	0.0572794875516962
797	0.300630083466476	0.131219185475431	0.0552552390360584
798	0.259890370401749	0.295593156228707	-0.0340902649374879
799	0.239858347606834	0.328588065378069	-0.116855552928499
801	0.295035517359011	0.128866047070664	-0.137573308794465
802	0.13652695836856	0.200381972937011	-0.26162292425062
803	0.264769362968945	0.171633632168487	-0.229321421140118
804	0.0488367304500411	0.191233251493533	-0.274730913021418
805	0.297495137994844	0.0543588489423149	-0.287092751303382
806	0.156045544265561	0.150857295294927	-0.0412814885844234
807	0.217893203938612	0.00696038460187651	-0.347785831039511
808	0.159869870009811	-0.0561113437666063	-0.149169888088525
809	0.132956488231841	0.0389883146120818	-0.088421748335828
810	0.0835169172981136	-0.0335618857190075	-0.19069122882128
811	0.27102518651591	0.0488328909088048	-0.186417436269705
812	0.344924536070362	0.0209234863839718	-0.0864740380669307
813	0.318964436236265	-0.0426733969511564	-0.128509310364507
814	0.330253453294975	-0.0358346620162123	-0.194973340651033
815	0.323430543023531	0.122533831227211	-0.238022086417634
816	0.469153534900043	0.0674270414028313	-0.112918921929808
817	0.453358111407015	0.109488154622114	-0.189873253495874
818	0.411388831832702	0.064962741056599	-0.30058580280087
819	0.468272986879212	-0.0157362334856433	-0.225679627411394
820	0.274377351549415	0.111708544289127	-0.0246547097740442
821	0.278765435500967	-0.0248383320721227	-0.203525545075663
822	0.136468843311106	0.0267917152165462	-0.16569552440235
823	0.14066821400237	0.0343079044832207	-0.180757943513374
824	0.23859647791279	0.0754250019036686	-0.269635320635897
825	0.374209535074454	0.00958054843719765	-0.309914570193967
826	0.357927771574338	0.117044034009593	-0.285210191115843
827	0.37410786413059	-0.124327897838712	-0.221928760602344
828	0.235479811582049	-0.187709949571478	-0.28350991621919
829	0.294128432352229	-0.169673302928886	-0.140813223670602
830	0.356535187767256	-0.0715536044421573	-0.0592764354923599
831	0.220700181395747	-0.0178043140172677	-0.206803844294412
832	0.321764675080748	0.0322306944887244	-0.185206574199321
833	0.396217939771833	-0.0087257659646691	-0.249353377074676
834	0.384604801474135	0.0462458958702708	-0.325465191696425
835	0.158589991640038	0.101756737828853	-0.142678820180578
836	0.228186611333373	0.167535937361426	-0.149529491880075
837	0.226396374366404	0.21029247684084	-0.230002469420847
838	0.187964731651881	0.133120679669002	-0.309760406897213
839	0.144792237348854	0.0373441374657994	-0.386016634920479
841	0.239561187371688	0.142642795995353	-0.233704513878321
842	0.125852475630541	0.0961212072868047	-0.27231916982618
843	0.141083050908301	0.0817132471913877	-0.19767283528893
844	0.281743792124822	0.0860577248801892	-0.14063300193942
845	0.29807897914664	0.0278272173574582	-0.243284044771233
846	0.13035311760763	-0.00250617291465574	-0.103894902273744
847	0.167105762658802	-0.0379634511652059	-0.209319862296301
848	0.190766165803586	-0.00419387043080141	-0.331366442723047
849	0.132521101795109	0.250296114077417	-0.142241605109799
850	0.204722279821129	0.272357240433927	-0.237876779034425
851	0.201953031409271	0.0584547720900404	-0.298354163306393
852	0.380660356841596	0.0668513313331242	-0.245937338811945
853	0.119540984053118	0.0139688278427253	-0.12275325952321
854	0.154618598936332	-0.0369917449399638	-0.152577874226659
855	0.114092210586158	0.14196257422022	-0.146490575473277
856	0.166179313079168	0.205572664647284	-0.11144062172305
857	0.232342587767058	0.179307048704439	-0.16043922917993
858	0.309234870158979	0.0405459356101254	-0.0644520046083326
859	0.259445087599312	-0.0173810585263185	0.00122421571491949
860	0.378893459629969	0.179226032424855	-0.0978443884132531
861	0.404277233601323	0.0494499820265822	-0.248362955660136
862	0.432023330205974	-0.0324423961653098	-0.1881397997675
863	0.334204533707404	-0.0339943468764692	-0.244063929793508
864	0.213984961691336	-0.038692458259118	-0.225315065591389
865	0.246576227531364	-0.109636519254111	-0.0951108460003532
866	0.35690484954509	-0.0810695091250136	-0.0143397812747864
867	0.259819482428259	-0.0498669980351863	0.0201795581701656
868	0.228333389202535	0.0766976929440122	-0.0282952455679212
869	0.267109965024319	0.188468244911674	-0.0850108207243905
870	0.325674081912476	0.144780190367179	-0.0158897486347705
871	0.283213474231856	0.0862027610673667	-0.211449001300082
872	0.216621285739086	0.0423190711634271	-0.150793283958522
873	0.26882435546254	-0.0453298913749102	-0.243074691588636
874	0.18053802555622	0.15069398199373	-0.159213634968517
875	0.111170281804549	0.124485379051399	-0.228240499904285
876	0.202397161294326	0.18904681882151	-0.270826049713731
877	0.298727957921746	0.177276917025383	-0.341092082102469
878	0.200677156320883	-0.0245346876545966	-0.367645984953631
879	0.108292528047585	0.0674218785333155	-0.0889816295705906
880	0.169983037202488	0.113579529828041	-0.380978078304256
881	0.285559698688933	0.0160039499102077	-0.195335656847612
882	0.164164579835785	0.0484133565893095	-0.166034859311816
883	0.171072586543049	-0.0143768151134673	-0.146698088741152
884	0.267968471581178	-0.104969761481312	-0.169129948220765
885	0.379954732410458	-0.0753626877627332	-0.11052449951643
886	0.375573840667754	0.0709411587519922	-0.258975072707391
887	0.384358980146	0.0729580401778991	-0.104598116194775
888	0.331573842977154	0.107756824132191	-0.0338853791390066
889	0.296022153630546	0.0467323945518932	-0.341723992848293
890	0.301268162137593	-0.0842303399391084	-0.313312017068229
891	0.317746079686004	-0.0179820937940826	-0.117154311562589
892	0.312973734898131	-0.0642897938170208	-0.158787247872858
893	0.267833730660576	-0.112193955110391	-0.198582838195483
894	0.141192661909764	-0.167982303610787	-0.210258064408315
895	0.242677570668529	-0.229936791104194	-0.142127085554911
896	0.209851652828723	-0.182028981644231	-0.00256605419562572
897	0.166719847416283	-0.111729944221504	0.0128372050010253
898	0.125838567946773	-0.049390266758594	-0.028722588923726
899	0.109399192717225	0.0420792658393428	-0.14831655657959
900	0.13277448850274	0.0498615070626132	-0.225844886265618
901	0.0932697636709739	-0.109568164555984	-0.0917014940499084
902	0.154339924488247	-0.0462689228145834	-0.0240074829855308
903	0.262207981007694	-0.0430165244905575	-0.0437292456764648
904	0.172147229814989	-0.19101791105624	-0.119502155535353
905	0.217209181061223	-0.14481680461638	0.000805814031559215
906	0.126516311042012	-0.11066861298825	0.0760000629650368
907	0.125530764296656	-0.101805224499592	-0.18896107026682
908	0.143949624036111	0.0161045188344587	-0.19150464446319
909	0.144851603807028	0.0162096187562099	-0.191567462849779
910	0.215318340018837	-0.0654143503031995	-0.22965390658425
911	0.315927473825727	-0.175528920110109	-0.0799646255669651
912	0.0787707524157218	-0.139683259068311	-0.141451377889354
913	0.200569732355041	-0.111351593537845	-0.141693978928607
914	0.1029006726569	-0.0244465990315669	-0.101003093929789
915	0.188427541477807	0.0203242515871346	-0.0846961688268774
916	0.208707131477441	0.0501183570867973	-0.0501823361535164
917	0.145421985589947	0.0200169807888426	0.0469746299438632
918	0.0852941721580537	-0.101827832212739	0.108540237637572
919	0.224740705640208	-0.12885527005303	0.120177284563654
920	0.136114801773513	-0.218008793792521	0.0776339847294413
921	0.131577902817009	-0.0254363643915502	-0.119698990831535
922	0.133953151507963	-0.0253470104126074	-0.114299115718554
923	0.123873869408678	-0.125751129389419	-0.103111606395273
924	0.195750549106739	-0.068989126272322	0.022598195341873
925	0.149973783845028	0.114914947463596	-0.0239171687560108
926	-0.0457132760848221	-0.0183388815176055	-0.125487026909673
927	0.0335997930419618	0.0754332264912954	-0.177455548869275
928	0.147422584719713	0.0582222256699465	-0.259343784232081
929	0.1825697458874	-0.0226203409834507	-0.271251505453464
930	0.280212513149811	-0.0485615657256527	-0.219461729806238
931	0.227148622105504	-0.0581531720745531	-0.0660350721883781
932	0.281776023320218	-0.0858947001311188	-0.0510958461323079
933	0.358361915613408	-0.0378842887823367	-0.0637115370281164
934	0.338646575628763	0.0371964209785252	-0.102626077335912
935	0.275303079124324	0.0628937923424517	-0.106768154533225
936	0.150680458238228	-0.139490249092177	-0.119929957800809
937	0.210388708154715	-0.0641490347579642	0.0851873575915166
938	0.278221628543751	-0.197785264572665	-0.14958714809531
939	0.120448067020136	0.0163032438496479	-0.151262227596517
940	0.188126355580582	-0.104365223990157	-0.227615677310678
941	0.0942478673280419	-0.124362862488696	-0.177250156800126
942	-0.00410236682341872	-0.0755649427054677	-0.260858480567444
943	0.107485587990252	-0.172622164470605	-0.337587802930232
944	0.211377208084627	-0.0934013408954332	-0.265704878384872
945	0.0851901018920907	0.0497743790912028	-0.201280272247848
946	0.135090216169033	-0.0134942357038457	-0.0825577741778715
947	0.231574615592553	-0.160748945793496	-0.102532192842823
948	0.337835282990472	-0.0814286863413254	-0.193543371557987
949	0.230134748242195	0.095205349989552	-0.172990264866945
950	0.184842558677813	0.0838031187996449	-0.33325258447604
951	0.175142724779625	-0.0996117688240376	-0.152411903366659
952	0.0610681736586974	-0.203985850331891	-0.138738386627786
953	0.176733555789574	-0.260405477928804	-0.218007981002322
954	0.216856287208046	-0.144527709097295	-0.295830040829839
955	0.286033978803869	-0.194888109201083	-0.135689629064649
956	0.260640929143416	-0.225754876691059	-0.0511292478455522
957	0.143347269915665	-0.156181863011454	-0.00289237544722537
958	0.0462421895817484	-0.0239016629072684	-0.0991523903930194
959	0.151902665648954	0.0496289959256653	-0.12709923318346
960	0.286460857059394	-0.0574481321161644	-0.0396582211060083
961	0.12665531927191	-0.188490063585791	-0.0707495223379487
962	0.0563731438263596	-0.235080911693735	-0.159472931953333
963	0.0832911741944677	-0.24631203384219	-0.234818433627993
964	0.164668890911326	-0.246906108335046	-0.15359271828621
965	0.275970649763084	-0.0750447120531125	-0.0383943359816309
966	0.334515070578496	-0.165575142462313	-0.193564822014148
967	0.157936893795512	-0.0279744932082976	-0.0464780103022436
968	0.090383040978386	0.0301052505187969	-0.168831547924713
969	0.144422756971679	0.00638313737458746	-0.287443152854415
970	0.25706705793743	-0.0666245416976995	-0.318690821689914
971	0.301878199685062	-0.171028079239835	-0.069599915397033
972	0.332718491747091	-0.216940455284018	-0.0043495387066245
973	0.384996041136738	-0.257161053451767	0.059406785976372
974	0.327751559390283	-0.313106984922826	0.0291245172767563
975	0.315458301209441	-0.360870979320924	-0.0619290292214971
976	0.476410567511229	-0.190083827832147	-0.076070252129584
977	0.155778951995339	-0.215749332674336	0.0140067234461869
978	0.212233946094283	-0.165935336079937	0.0888986847078826
979	0.267357294001829	-0.0838029702906713	0.086139319446911
980	0.390865767905195	-0.0809148885267185	0.0626064903770757
981	0.213469839513906	-0.121980757431733	-0.173005617020464
982	0.316586684247946	-0.225379450625272	-0.216544358168099
983	0.363133219508047	-0.0808807780272051	-0.160735452641524
984	0.283955192551974	-0.102320216584034	-0.310326763936852
985	0.181994193375675	-0.259183280423406	-0.293693922067411
986	0.0577786825455573	-0.160425523575852	-0.202331126903642
987	0.0789597931647449	-0.0346422665252513	-0.13394071238752
988	0.121323859969618	-0.00236282584817987	-0.273721330802291
989	0.118164022926103	-0.155971446141524	-0.034701430005991
991	0.306377527558937	-0.0567184003100198	-0.0196027326433414
992	0.374949210987058	-0.0941795062861251	-0.0198924740128799
993	0.347008363273099	-0.0264385673818545	-0.0923028316423608
994	0.25379809179954	-0.086966648942857	-0.0835054288789016
995	0.154427470763989	-0.18673264728547	-0.130775616859073
996	0.190227902642652	-0.268632691424275	-0.0695093090310301
997	0.340105065752207	-0.132079345289586	-0.303780166586473
998	0.405404160348112	-0.216642855729708	-0.235081056322425
999	0.424606331736828	-0.281020093116591	-0.124557073721635
1000	0.39328881390306	-0.283306831755752	-0.16210296066958
1001	0.278666952390787	-0.169491906150987	-0.029963169956422
1002	0.179927911222293	-0.0150330604079662	-0.0322030368494977
1003	0.335775660909062	-0.104343352159301	0.0386234344554823
1004	0.154183219952137	-0.012103097231835	-0.145355465256862
1005	0.110305615834943	-0.143136316675007	-0.149375896081738
1006	0.151994970653974	-0.279017566922686	-0.117785569290884
1007	0.299673595341067	-0.261219676980296	-0.189433738134087
1008	0.313832952083262	-0.145274132422135	-0.252254891506291
1009	0.370401402302393	-0.0577105160293681	-0.180045042214149
1010	0.397084724970643	-0.170563590747769	-0.194373154026932
1011	0.142273434958919	-0.145679304273549	-0.0418948671358859
1012	0.175485458855166	-0.0418116107262823	0.027183858158443
1013	0.0738554690319075	-0.0118016043102925	0.014808509521941
1014	0.00270581685214229	-0.117217441406391	0.0660012242901694
1015	0.146032210189157	-0.149002373773444	0.115633212976128
1016	0.210236596021931	-0.239459722562492	0.0775251085402861
1017	0.0701549764037772	-0.271348264087203	0.0330899868529716
1018	0.0455231946352785	-0.212349801245411	-0.15195752677955
1019	0.140071621196391	-0.126350871650145	-0.205029380588893
1020	0.16306385068064	-0.117116313540881	-0.20246654630627
1021	0.102896899534938	-0.12782134228739	-0.12288097409907
1022	0.125549083847761	-0.133521865214478	-0.0810205705984257
1023	0.255460685395301	-0.179297329710687	-0.0120101560737677
1024	0.306115024122415	-0.169335440972968	-0.0435111335050883
1025	0.269001879187521	-0.100691975315028	-0.0707764257039252
1026	0.302654230096025	-0.0820958800055906	-0.127818856086772
1027	0.213991476602119	0.0136277147722496	-0.0248815420977084
1028	0.131924891175284	-0.286519845780257	0.00861391559933695
1029	0.206233217255288	-0.283092489256046	-0.161936578195963
1030	0.244923150630538	-0.199806845694986	-0.242805687658092
1031	0.186652046293511	-0.154155468591916	-0.0578313750647059
1032	0.196818485115948	-0.0774031408858933	-0.0859919734986213
1033	0.179799808163676	-0.0116650368455796	-0.181016544735268
1034	0.126898636253126	0.0129602365033655	-0.291367739623569
1035	0.127577474229866	-0.0845956457475412	-0.31660174477624
1036	0.0780590573692129	-0.161175977251242	-0.318705170402124
1037	0.0413657392319247	-0.238167174272454	-0.264383730040064
1038	-0.032782887486592	-0.197415241412908	-0.198955593865406
1039	-0.0702038476701795	-0.132052651846506	-0.143358914756321
1040	-0.0721618188356707	-0.0419084217492155	-0.113668420224422
1041	0.107366051531764	-0.115767683518787	-0.174517230982902
1042	0.0829131138996713	-0.127796757966368	-0.099336019053875
1043	0.047865079007409	-0.17954873587424	-0.0414070894845896
1044	0.0163245436857321	-0.263624037898498	-0.0814204862147383
1045	0.0164474096293255	-0.348942781103592	-0.0799080858009304
1046	0.0358562481823342	-0.402936713366641	-0.153949915433744
1047	0.104485934953323	-0.383657680182942	-0.210514955576313
1048	0.266550536547988	-0.313187036290235	-0.197643148347559
1049	0.288794189373748	-0.307689439806131	-0.10406546524581
1050	0.276978261802844	-0.301574434771827	-0.0177045204192683
1051	0.280710391936929	-0.156923949397527	0.124053186735615
1052	0.297948611030335	-0.120932000281382	0.0590100028367151
1053	0.298254768565698	-0.136093525730771	-0.0808678803388339
1054	0.213207265019567	-0.170486572314749	-0.185786973132085
1055	0.150773261455018	-0.153693132764806	-0.167609230501488
1056	0.109443676573715	-0.173430497781493	-0.0708912543177688
1057	0.0669652910079995	-0.190492478655899	0.0530512831756211
1058	0.0781950761443426	-0.311399213574483	0.0343922406094377
1059	0.221822234854963	-0.395378068380988	-0.0107459336816656
1060	0.297583665184702	-0.368219161851863	-0.054478586495402
1061	0.209879024123	-0.209996820912675	-0.0675157721556713
1062	0.170977956312328	-0.214121690700258	0.0294711127513436
1063	0.0151298668574357	-0.226440049297907	-0.0296304057066656
1064	0.0667428578994822	-0.167909856424574	-0.175714004762693
1065	0.185595032873196	-0.114088611730603	-0.223288695319533
1066	0.198460435182601	-0.0807605429213843	-0.223431444569886
1067	0.25488738643059	-0.0444777418241569	-0.000278221551397922
1068	0.153316340296227	0.0395708892026843	-0.0299714750072998
1069	0.0564713887740015	0.026128205737671	-0.0385693792427454
1070	0.0278548470107886	0.0346159679931166	-0.037811777756378
1071	0.201291019155201	-0.065075576581913	-0.0250900651147423
1072	0.113117546944189	-0.11584100835441	0.021896610717658
1073	0.0180083710400239	-0.0800590698336026	0.0252528303324143
1074	-0.00414324932017808	-0.169530221770859	-0.0416450702866654
1075	-0.0447117738890723	0.0311130527348321	-0.168291008011104
1076	-0.0451515392334147	-0.211720328411545	-0.178563136251412
1077	0.0308273646579184	-0.0892138304077289	-0.25333680942165
1078	0.0570604764357929	-0.235450620263879	-0.196719130184309
1079	0.146397244254426	-0.162981020426821	-0.253262502117311
1080	0.166529744247226	-0.0243839126568129	-0.24903693946071
1081	0.0352555993006205	-0.191071353051928	-0.0892477821690242
1082	0.07246029550067	-0.152223617070957	0.0277831926532286
1083	0.0662013784756291	-0.261232694731308	0.0471032319407168
1084	-0.0477600747322855	-0.195777585225055	-0.0455183334659631
1085	-0.0651247560670936	-0.25824492457684	0.0429195874187464
1086	0.0071090347850152	-0.0349508323573571	-0.0434279016005998
1087	-0.154777450661778	-0.267245296867267	-0.0484019831305874
1088	0.127135243981542	-0.33721922108323	-0.0782510570636235
1089	0.0975863963808828	-0.276584599221769	-0.206259199444493
1090	0.00554322210685407	-0.198421079129849	-0.239928835515274
1091	-0.0245224131025839	-0.174746651706056	-0.0431740638507804
1092	0.050323124467081	-0.161630831516276	-0.0254772054944497
1093	0.126459088726539	-0.179341368987266	-0.027124286179597
1094	0.0900525895806134	-0.241020473872268	0.0146826532973456
1095	0.0204253857014847	-0.289871932822203	0.0340780958199438
1096	0.0457448579473851	-0.299210005035464	-0.0500650750976878
1097	0.0540306606588054	-0.29393523229717	-0.135895509143266
1098	0.0698079321075555	-0.230571123142336	-0.175007680720887
1099	0.0417312322079015	-0.0781868830444797	0.0842265690422159
1101	-0.0917840410855334	-0.177303510456695	0.157194859623665
1102	-0.0609717832859137	-0.158704009745749	0.0770297745628203
1103	0.00543139041156332	-0.0998025619397475	0.0546244087258823
1104	0.0585306471048133	-0.12091033938031	0.115823265625064
1105	0.0661345569079794	-0.0871045338321453	0.187422928680297
1106	-0.00510256787726278	-0.0424178500624447	0.21375600536833
1107	-0.00236129937377045	-0.00108520809871374	0.138340902726846
1108	-0.122305735878455	-0.0114927640108547	0.14862342691108
1109	0.047579958581394	-0.287866269205207	0.158458841633232
1110	0.0404382734300261	-0.298234872801202	0.0814201689461135
1111	0.034657563959451	-0.104478410008204	0.142242288790976
1112	0.099655734546215	-0.210145823323777	0.126091571678014
1113	0.127265123881301	-0.232324927410011	0.228901120413832
1114	0.113306965907677	-0.187238237209438	0.319642433920525
1115	-0.0791397905552144	-0.0683859704609949	0.284275677306066
1116	-0.116460416243589	-0.178590209941161	0.265358279466695
1117	-0.0735111632632883	-0.265607159100931	0.353771522807154
1118	-0.0367496081911098	-0.367561891025262	0.251197978615125
1119	-0.0968499181517876	-0.333548554758433	0.112391184337004
1120	-0.0833585742295884	-0.219991733974647	0.0440639718994785
1121	-0.064478587548807	-0.198378088219774	0.123916417674734
1122	-0.120861548190343	-0.23810456339322	0.0689358460902183
1123	-0.141772074555062	-0.276059618406713	0.00532790026472665
1124	-0.00704358153658856	-0.194856921068892	0.0497940865281195
1125	0.0363196002002382	-0.264583206042476	0.0132686548072005
1126	0.0305983809531565	-0.293772195913864	0.0938351855647369
1127	-0.0383822038995883	-0.344328382161197	0.140510769457884
1128	-0.0026463428384592	-0.3653008250376	0.0475436103958141
1129	-0.106205285645392	-0.0943079859247777	-0.0128748073390451
1131	0.00488579954997713	-0.332898193276281	-0.0401227459482842
1132	-0.114571674884686	-0.294949878747262	0.185490219934003
1133	-0.0980788430100048	-0.405866032437688	0.0902084664265698
1134	-0.0522827211901939	-0.456125116378797	-0.020636576146609
1135	-0.0503225032742517	-0.317472647000545	0.066707266453128
1136	0.0604031113657185	-0.430126665628566	0.0564978967661186
1137	-0.00837671860965086	-0.489191648334597	0.124653551655494
1138	0.105093311844731	-0.342629159770755	0.146804611584551
1139	0.178437431483377	-0.339844103191239	0.130763955290324
1140	0.115498082920415	-0.46821191605463	0.190313676251491
1141	-0.058961389422841	-0.376892365105794	0.129717507855004
1142	-0.141525638552153	-0.285517509265807	-0.0229146784660049
1143	-0.0930257714771496	-0.362667798374439	-0.0269604928013402
1144	0.00137724875968303	-0.398781427212296	-0.0398957812270139
1145	0.0572357511452427	-0.319489414104489	-0.0653718975082714
1146	0.0432927898217355	-0.22662969817274	-0.0930660809172291
1147	0.0130470881204821	-0.161674017622334	0.0680479185831973
1148	-0.053380411174999	-0.151361271307516	0.163942894946647
1149	0.0394627476640556	-0.213415488561985	0.207211099555732
1150	0.146140177231503	-0.33382919683238	0.13606011839904
1151	0.131835820466203	-0.25092974570029	0.0589664847554951
1152	0.0571571205431485	-0.383544398298954	0.262350271955066
1153	-0.0410612522436378	-0.390612600628534	0.231517244601375
1154	-0.12336333686183	-0.281850960243579	0.192429899065881
1155	-0.0251949519367853	-0.261172537244978	0.234423653315748
1156	-0.0501566703673992	-0.186927457083043	0.167886248921933
1157	-0.0987964957783036	-0.247414120115347	0.0789660448018949
1158	-0.11795334383769	-0.367903876826217	0.0396279278143355
1159	-0.0182475509452409	-0.357557774215509	0.0343079785979249
1160	0.0813996054768396	-0.408281537573309	0.100437790563786
1161	-0.00877259194842256	-0.245591059742466	0.0812536022094365
1162	-0.00786729638766437	-0.321417690884146	0.0447495540670165
1163	-0.0858204487512771	-0.422949745445898	-0.0521113608780953
1164	-0.231582628838137	-0.374562355578893	-0.0697472002164037
1165	-0.28028223801893	-0.293955600172429	-0.0193248198165421
1166	-0.268865997743585	-0.222774853501212	-0.00142280828074253
1167	-0.23320411975645	-0.149372055343985	0.0181745253230016
1168	-0.0652704824331247	-0.239444165751873	-0.222181855660118
1169	-0.0444055046211786	-0.18741979170296	-0.190875242841787
1170	-0.0234463931283217	-0.139277282850097	-0.150538483560537
1171	-0.11287158337582	-0.303618253676412	-0.0750192717668893
1172	-0.18404467758272	-0.320055608280663	-0.0960994602348
1173	-0.162768729643911	-0.241058835513187	-0.0226393281628243
1174	-0.112048565240884	-0.175340889746659	0.061417193638742
1175	-0.0357710704147033	-0.163010085401866	0.103786947370131
1176	-0.0817012797855663	-0.208903442455108	0.165785900904305
1177	0.0939083387792482	-0.381783595221146	-0.00845384852353002
1178	0.0585495463699147	-0.41135139579728	0.0602813190987977
1179	-0.0150171335120338	-0.44138563175127	0.116514104982129
1180	-0.100682845677191	-0.44990252090582	0.129022180680715
1181	-0.0903923071764827	-0.259231192172633	0.0388787970196579
1182	-0.0808953665788662	-0.384193781995881	0.0768680257113892
1183	-0.144007441322878	-0.276175215583763	0.178952456947621
1184	-0.0397340750666939	-0.27727860171792	0.279602450449626
1185	-0.0783015090462551	-0.313307345037334	0.302015018149383
1186	-0.032050871504393	-0.189304732913735	0.155239695969149
1187	0.0748977870994915	-0.295814954655811	0.174572487483081
1188	0.0157082988761019	-0.414827026533576	0.172210851519189
1189	-0.175719430733831	-0.420361495223191	0.194943356998206
1190	-0.252979733762028	-0.245247983407436	0.178680115924898
1191	-0.0866698255254355	-0.326481546482103	0.0961360724178077
1192	-0.149623596854313	-0.266583506126345	0.108876543451509
1193	-0.227121286789844	-0.234631264556164	0.179746201114435
1194	-0.224646087821506	-0.319700787775051	0.227727658445756
1195	-0.260818356918499	-0.205840903898314	0.317469401300343
1196	-0.173305758124097	-0.318744776100531	0.355463751485769
1197	-0.107844262620494	-0.409942754833296	0.348924569181392
1198	-0.0256576494371485	-0.371879642513709	0.330639873463487
1199	0.00463444038061644	-0.253720922816966	0.312274914910923
1200	-0.0229450440987904	-0.136300253154199	0.285602003942669
1201	-0.0443623849694756	-0.0132350625285848	0.151216487601647
1202	-0.0239125081407398	-0.00499899921577782	0.273010734816633
1203	-0.150348780694897	-0.14210500743267	0.0881890623646771
1204	-0.148255295188647	-0.117405906584137	0.21170221677978
1205	-0.170990970452616	-0.234534594472043	0.264155786906789
1206	-0.00674162887458649	-0.306345715731251	0.237865038578698
1207	-0.0642204106352453	-0.254268144050047	0.305522260277489
1208	-0.0295496269987783	-0.251627011523904	0.0974456588325321
1209	0.103055603011487	-0.220396875754824	0.137340185580833
1210	0.110117756152472	-0.198450863545932	0.279771615948753
1211	-0.0369148747668983	-0.096984720528132	0.194765274164919
1212	-0.00583770138563232	-0.173205511651361	0.226416280919324
1213	-0.0765680582116058	-0.0883138025483632	0.370742244105038
1214	-0.174608806872935	-0.173413067597538	0.126109093725528
1215	-0.202541097958331	-0.18317370994807	0.305569481566214
1216	-0.173284530882705	-0.249066120988282	0.415941289763402
1217	-0.152061691790427	-0.338496348905391	0.340193259717072
1218	-0.00712656729317407	-0.280984024447312	0.389417345928084
1219	-0.00364552177501455	-0.36794242225626	0.292188591203542
1220	-0.160110036746255	-0.360157150981151	0.170937325424675
1221	-0.168148603533329	-0.306254265988372	0.305567561882145
1222	-0.0940099518268879	-0.339984946039895	0.246704827519875
1223	-0.0421478167859593	-0.319568027470969	0.176243965563983
1224	-0.0282419339238946	-0.305028826025562	0.0777798688668448
1225	-0.0960278623483252	-0.182982802623734	0.0856589840348681
1226	-0.198475172416106	-0.110113868402288	0.132744244761923
1227	-0.272138956782256	-0.183244293565257	0.0986322367628867
1228	-0.259919177585557	-0.228464312399124	0.0164760291765452
1229	-0.282530723910585	-0.358854474481729	0.0231526501786485
1230	-0.336910789689181	-0.347058081615989	0.0995934470536814
1231	-0.188902764984791	-0.333384208654141	0.228169241453277
1232	-0.234119685094315	-0.12550491905888	0.238259418748385
1233	-0.273870761419681	-0.203646747237424	0.230855858604134
1234	-0.128734429907391	-0.202473038935592	0.15033633952337
1235	-0.121349338930613	-0.260964533047272	0.368982848002848
1236	-0.0672153383633941	-0.0894150215849164	0.336036064524754
1237	-0.0241290011812037	-0.36363526143844	0.237036168469293
1238	0.0335517146509996	-0.239429490402436	0.113281257539873
1239	0.0323329668631366	-0.241959255631816	0.118381235108139
1240	0.0524439373521569	-0.224174136207402	0.311153371481697
1241	-0.0152999265982253	-0.167724482955173	0.1448726999952
1242	-0.0551673543897666	-0.126039067911071	0.200383353209001
1243	-0.145530588601095	-0.103318549041697	0.205412462330162
1244	-0.228088470532373	-0.105385477728794	0.238255460938232
1245	-0.302052210810214	-0.135875487279237	0.211741460821341
1246	-0.321801725390074	-0.19905503522977	0.163017492261323
1247	-0.24237380771275	-0.361895716709613	0.168824803535209
1248	-0.155793023896134	-0.352486636953584	0.322112739681339
1249	-0.13277593526904	-0.378975293447051	0.244117022710946
1250	-0.154538302735337	-0.34875458574368	0.0591412470919176
1251	-0.156888563862834	-0.266831085634542	0.114683925253924
1252	-0.127164385307965	-0.350345051687107	0.162727784616982
1253	-0.219760892569341	-0.196818838342261	0.167347761491996
1254	-0.0580055061624942	-0.287517424381006	0.0874343124061011
1255	-0.105108190049361	-0.196258414665772	0.0198286171855042
1256	-0.154997004365938	-0.374135680632135	0.0581070887275092
1257	-0.149655522032776	-0.270437655926744	-0.0133004489650964
1258	-0.26283722979808	-0.29470251860348	0.0698321790913249
1259	-0.248011293076603	-0.384886014397553	0.132578415289043
1260	-0.0109175817230878	-0.233490041278809	0.209654724606813
1261	-0.0347500569008858	-0.318562465237033	0.163451176887826
1262	-0.0477551389292065	-0.3022783715157	0.252895947450084
1263	-0.125685830477182	-0.355594667506495	0.297079238710275
1264	-0.14122852718461	-0.411796495036353	0.285789381057944
1265	-0.171702234168816	-0.243569252514114	0.0869702481586229
1266	-0.143167782805561	-0.259363167433612	0.0827274209063993
1267	-0.308442104856414	-0.35054142330245	0.198910896958981
1268	-0.295144888935202	-0.261329293242853	0.215838711188649
1269	-0.243567405580489	-0.195387448013963	0.284935490014514
1270	-0.194742454092853	-0.440650582240817	0.0625261551803646
1271	-0.202223106968764	-0.136893679162008	0.287436646520219
1272	-0.28470511138738	-0.0355543657693244	0.31400880195799
1273	-0.28467108697117	-0.176368651896951	0.418956297942706
1274	-0.370653043450639	-0.176979633118154	0.289537276817688
1275	-0.285119315096062	-0.122594951876262	0.155980122123444
1276	-0.20308269927678	0.0339319718289847	0.206227982510149
1277	-0.0750096241486891	-0.0614232313976495	0.295012646211578
1278	-0.115136109003559	-0.228219064112975	0.181017542380108
1279	-0.102968975285979	-0.233589406067909	0.351375742016825
1280	-0.124399096896658	-0.12539760630829	0.458189521926155
1281	-0.209103525142531	-0.115339085996704	0.273861848577784
1282	-0.243061785400626	-0.0763995499537139	0.183162348394189
1283	-0.268809258112532	-0.0834710749124904	0.14171712208876
1284	-0.306917066807356	-0.257950273133575	0.265356621075519
1285	-0.323358138132036	-0.248487095675811	0.270415469911653
1286	-0.379570504396777	-0.100178712613036	0.333880126617463
1287	-0.38985847198325	-0.0727277040905283	0.304517011212698
1288	-0.424301271193501	-0.150094019093383	0.1346183343207
1289	-0.24118161595759	-0.255806343056983	0.083777093147349
1290	-0.147510839448341	-0.253572359522766	0.151607665643275
1291	-0.112819053443312	-0.181885393289454	0.091592948115633
1292	-0.209929937348851	-0.0788921595420281	0.100988316399848
1293	-0.256294362877754	0.00193047846685802	0.160643587696844
1294	-0.118153261256091	0.00846791876776568	0.188024978951992
1295	-0.0367350149759604	-0.0130999873805035	0.296972595615376
1296	-0.205800052694249	-0.0140815484814377	0.289886451630621
1297	-0.127833385722801	-0.0618543189900211	0.360748504839618
1298	-0.265529794423993	-0.144991577397664	0.357379105644965
1299	-0.271132897118844	-0.231711780058148	0.290930966106708
1300	-0.135528214389444	-0.264305779121737	0.292988907722175
1301	-0.157205500609264	-0.0967789465768489	0.142067487364076
1302	-0.256349792619393	-0.275383198383523	0.215900926100235
1303	-0.182551768930491	-0.159919631549353	0.246411581427674
1304	-0.267413743164799	-0.0377638546315873	0.30348754910691
1305	-0.377740809361409	-0.00993329460856943	0.235850674356072
1306	-0.295214894147028	0.0190309491929316	0.109241144910606
1307	-0.29926885007608	-0.0683845216943985	-0.00254581309967553
1308	-0.412072542844944	-0.0352814320131015	0.124152874796174
1309	-0.318340515095888	-0.204772466198012	0.0558839515535128
1310	-0.448792608288254	-0.200091027736009	0.155561609682045
1311	-0.34167355724654	-0.0301551124522869	0.153296282762813
1312	-0.351903578770588	-0.0827337005901866	0.253520312496023
1313	-0.223559729995225	-0.171364748935549	0.245500864902151
1314	-0.169282259033563	-0.0929012769187487	0.128141296321194
1315	-0.151464710495442	-0.200244282431622	0.153029093953367
1316	-0.13679637454591	-0.1804080626251	0.0713460567075594
1317	-0.239719015606932	-0.286804826127508	0.107268916890725
1318	-0.361045958637281	-0.266386139018801	0.0213056286806518
1319	-0.397751775109326	-0.276389541645009	0.118232123370145
1320	-0.415408955473383	-0.165931324096619	0.00314830366619122
1321	-0.338967308336084	-0.112306672231252	0.155207189082113
1322	-0.407938950009707	-0.126147287333085	0.164341399234585
1323	-0.271059705574662	-0.0362200092629019	0.0712916833607661
1324	-0.238202506001867	0.0647519901868728	0.129908638586076
1325	-0.214826934018297	0.0839882984652404	0.249951712100559
1326	-0.298683425046905	0.0476986463245915	0.345297105057313
1327	-0.334315963210677	-0.0657197051356423	0.395899202238347
1328	-0.0865383273269897	-0.0450441586774931	0.25354965911064
1329	-0.122868869711135	-0.165314317230293	0.246570672539381
1330	-0.226381348253286	-0.19346310790776	0.331475254986342
1331	-0.266143123552149	-0.0318436795631169	0.211322608093697
1332	-0.257017751600539	-0.173827577406296	0.123303725884477
1333	-0.274359828533022	-0.172742492635338	0.105666594144374
1334	-0.157274750687307	-0.0683786875842405	0.129010733957323
1335	-0.266425664338917	-0.0225578092237231	0.0412934157208366
1336	-0.306482544438101	-0.030005416061395	0.0654555846840579
1337	-0.395185306583128	-0.127276583009728	0.186230481156071
1338	-0.39768265989617	-0.104641362764674	0.193962211175314
1339	-0.289113729986792	-0.150617309693253	0.309136921586574
1340	-0.132287384307875	-0.105645449455427	0.280869222574165
1341	-0.269889797775079	-0.0756190745955015	0.0616815182278417
1342	-0.249056422223507	0.0664720058382346	-0.00996112981955475
1343	-0.385640040016319	-0.0160418675142682	0.0694102766803581
1344	-0.426944646478535	-0.10228833608727	0.0515849272374011
1345	-0.357874073703887	0.071494743875517	0.000788751327571231
1346	-0.172517686695281	-0.0287483383148006	0.00340667468385654
1347	-0.296838726292019	-0.174397649813549	0.0199721979902507
1348	-0.285802588185672	-0.161566858551929	-0.139253679980118
1349	-0.411977645260914	-0.149607968435587	-0.0836135691863281
1350	-0.371579012484378	-0.0579623187192551	-0.199452444087099
1351	-0.275656154640302	-0.114850413088646	-0.000877821226000552
1352	-0.292874258837803	-0.097844685457695	-0.0117435448687636
1353	-0.412718587037351	-0.0555777742920811	0.00476172017396399
1354	-0.26813783747224	-0.0173614331430261	0.116334072710513
1355	-0.331789837807901	-0.194865153134044	0.111982885892272
1356	-0.208280188461122	-0.161034754465188	0.171719228544235
1357	-0.132953990755797	-0.116498899610956	-0.0178072543107254
1358	-0.257290008663181	-0.256185548727292	-0.0601819290447389
1359	-0.19544976486578	-0.255390902368575	0.0425482965032162
1360	-0.151928323188082	-0.0840027950053177	0.106787324794562
1361	-0.360086655880316	-0.121074155998707	0.129279778285019
1362	-0.35245984564514	-0.0914228414619321	0.000148971281789284
1363	-0.198704899586938	-0.0924889731758129	0.0442796868833537
1364	-0.199834307168591	0.0195397793430468	0.138801594750957
1365	-0.283040557164719	0.0668748780696605	0.0813678943088647
1366	-0.404203288423972	0.100861761693227	0.0783920043790098
1367	-0.489805844596895	-0.0505593363529126	0.191599227646042
1368	-0.355729511249464	-0.0465677415668854	0.31231091841174
1369	-0.315534130220139	0.109928877703768	0.26559407983024
1370	-0.194301068641516	-0.121829092376775	0.244601720053274
1371	-0.227901187301079	0.0346646469117034	0.140911414356742
1372	-0.390111126651277	0.0198321649779545	0.165171957051854
1373	-0.172765511505899	0.176617673242695	0.0651069180634112
1374	-0.175390461203292	-0.00825436674019603	-0.00129395315746242
1375	-0.223023104799634	-0.0250508675720067	0.0165534743327502
1376	-0.328091615350818	0.137822653325404	0.11071451172278
1377	-0.314806668866516	0.150997099810898	0.118688771405896
1378	-0.297636535291921	0.22223025415799	-0.0240688351026092
1379	-0.35760009325016	0.0977292235916551	-0.126054711769647
1380	-0.424401913693143	0.148054520504261	-0.0151108004189702
1381	-0.245292412305002	0.0825193660078411	0.00368692883173168
1382	-0.244764526137532	0.141504586899459	-0.00984714400523455
1383	-0.389018129011079	-0.0340478958667604	-0.0379738177242309
1384	-0.44267076819941	0.0206046030358619	-0.067404772606343
1385	-0.456361687918982	0.113816058715546	-0.114988742719479
1386	-0.422686388938455	0.182401346649938	-0.128105563497555
1387	-0.351132143851686	0.146691666104377	-0.187070349401776
1388	-0.278311678673292	0.0970928897191143	-0.187236228732458
1389	-0.26814804235772	0.0175910110498205	-0.201819897914592
1390	-0.414531469117041	0.16751719948595	0.0695412984752419
1391	-0.306937814371294	0.00349055355467025	-0.162709464446161
1392	-0.204106486177816	0.0621048674067224	-0.181330535484936
1393	-0.163353491257294	0.0681462233646422	-0.291571448338335
1394	-0.288607758639084	0.0524208846467027	-0.310992337452845
1395	-0.23424874136573	-0.0321172412432423	-0.379204777389161
1396	-0.37358973820293	-0.0893095804076657	-0.34150242899676
1397	-0.364258472167594	-0.180589044649166	-0.211271328173575
1398	-0.208379514397049	-0.195067869539711	-0.150094602944778
1399	-0.0991499084868212	-0.178995180732546	-0.270318474057341
1400	-0.232105260286339	-0.224113476373235	-0.293480034926947
1401	-0.24556724504324	-0.0542017762157942	-0.150891255214337
1402	-0.29904716101396	-0.115245591814479	-0.227946023554602
1403	-0.432541250679799	-0.15021819953271	-0.26477596630305
1404	-0.528404110121263	-0.143340387968212	-0.175400067937264
1405	-0.521314844897593	-0.0884077562376426	-0.0562249059522713
1406	-0.500286612633013	-0.00899713878692485	-0.0488582911606153
1407	-0.40225128895757	0.0109282359796643	0.0205835024924295
1408	-0.503479093984869	0.123903691151822	-0.219383103537919
1409	-0.405360091509772	0.140149972719998	-0.223801144650781
1410	-0.409114520316392	0.135415271498857	-0.239843125952789
1411	-0.342581849615962	0.0481390262829538	-0.0676922476289092
1412	-0.366778628515802	0.111352550897925	-0.0956639791958624
1413	-0.416321144109613	0.189163777097008	-0.0831922659409712
1414	-0.498719926388406	0.107189836936664	-0.0495613550357864
1415	-0.480613529668961	0.0374037714791631	0.0119131335989961
1416	-0.357497122612677	0.134035787210379	0.0507979014885979
1417	-0.251718674373055	0.192827675924829	0.00405155908776524
1418	-0.246933484589894	0.151280813754581	-0.147889012621586
1419	-0.233564650388464	0.0174238394217664	0.0499586288213616
1420	-0.245251195818246	-0.0339247491732685	-0.13064301866868
1421	-0.353643171374881	0.0885656324423619	0.016006721757175
1422	-0.425515796162907	0.00934668435190172	0.0810631462911193
1423	-0.310432129389807	0.000861647303467675	0.0799847036027991
1424	-0.266884493232031	0.130176976829935	0.0901296064532307
1425	-0.396596770504514	-0.0799435586222305	0.127744684323829
1426	-0.237699141229808	0.0510996253091588	-0.00235227436555613
1427	-0.207563154449893	0.0472255612794371	0.135436891557537
1428	-0.295163439028479	0.112308172468575	0.229501866183322
1429	-0.435271214439764	0.173929540346187	0.202889932464657
1430	-0.479604053563427	0.189933863929602	0.0791228054672265
1431	-0.370505086991152	-0.0295044391911919	0.0600250905935378
1432	-0.357377767813744	-0.0356115511655156	0.109746355188817
1433	-0.455454648216228	-0.165255588442466	0.137950046062111
1434	-0.378156491197096	-0.223120875333609	0.100370583490572
1435	-0.297932989263631	-0.222123065375015	0.0840963572074352
1436	-0.226927868002061	-0.160860652314075	0.058621942688159
1437	-0.253603862268662	-0.123267371881984	-0.0324056709609899
1438	-0.195207007689244	-0.0812513897414559	0.0167463793251341
1439	-0.412456001515713	-0.0692312259028961	-0.105761973719686
1441	-0.473120209424804	0.0129798298216103	0.0606025691239845
1442	-0.545603754339115	0.00128695212791278	0.149626212805323
1443	-0.633165378408819	-0.054471292354428	0.0477174286509061
1444	-0.55146142829775	-0.09377623616365	-0.0612046279348052
1445	-0.549190627486927	0.16756731624546	0.0265928404718057
1446	-0.439525470933757	0.0751532468141302	-0.082425848092109
1447	-0.344701963792575	0.014428407007576	-0.0799874004671435
1448	-0.388662325608364	-0.151187016674276	0.0287062967442965
1449	-0.388632527639766	-0.0265726868281085	0.177257828364704
1450	-0.339644720020293	0.0982818883560604	0.0616247695216411
1451	-0.441226148088475	-0.0502181532048396	0.057040994118597
1452	-0.486400999962084	-0.112305748907302	0.0546772108693281
1453	-0.459642544519572	-0.0605028040120404	0.219957295239524
1454	-0.495649957826391	0.0639969320056467	0.15606248167933
1455	-0.571317072283721	0.0625028135615938	0.0221247190163076
1456	-0.516584275598502	-0.0164552031456439	-0.0916329790872762
1457	-0.373863855660515	-0.0562029337519811	-0.0867634466021837
1458	-0.300135868773928	-0.11450930027552	0.024017859540367
1459	-0.267833994847756	0.0560445121019322	0.06736405942331
1460	-0.330443260030056	0.117312514094749	0.0445871525437529
1461	-0.387627385638689	-0.0909037876365915	0.0287903555209142
1462	-0.423408665296462	-0.0826954869852176	0.142548700295361
1463	-0.319227235945484	-0.0902750123800336	0.0923906411628462
1464	-0.297338076882282	-0.174974352971677	0.0511671653521161
1465	-0.546119687035495	-0.18002571744648	0.0197605976431146
1466	-0.580316398320576	-0.0461036622532963	0.0354651225264782
1467	-0.538817051864199	0.0555251677623364	0.0912352663378889
1468	-0.338425325948769	0.0648362107923761	-0.0702576833753348
1469	-0.429885926645453	-0.00741642188106669	-0.143380565685317
1470	-0.462898322298911	-0.136613753594147	-0.158993082765098
1471	-0.323692692193793	-0.222839309515965	-0.117387496572726
1472	-0.396193719843335	-0.247469096480636	-0.036902001005125
1473	-0.331052295607635	-0.106883926762999	-0.0215628080623664
1474	-0.348689441556829	-0.0978150724828252	-0.034582108084032
1475	-0.428197190404102	-0.134956048113309	-0.134965747823258
1476	-0.481432990179468	-0.229328584481763	-0.186324753856973
1477	-0.426928054049068	-0.212073944599254	-0.256804330666617
1478	-0.340554630808799	-0.27299812695675	-0.230213816392841
1479	-0.308676388507506	-0.36568715794743	-0.0793746953296072
1480	-0.196091425528025	-0.199166906192761	-0.217207313286303
1481	-0.400307814566384	-0.24046331427593	-0.147335395387879
1482	-0.482131787600747	-0.28150364641915	-0.0313044000322489
1483	-0.39025411948279	-0.371103944308954	-0.0874050674073171
1484	-0.50617444414873	-0.335988018395969	-0.148256554707002
1485	-0.534732476168383	-0.181025360803966	-0.104123965143995
1486	-0.463978662638607	-0.156088924315102	-0.236578486287257
1487	-0.448785455158661	-0.296800256978796	-0.284765397386109
1488	-0.283192900095489	-0.178027144169933	-0.0802180193308329
1491	-0.472178120544321	-0.194292248560422	-0.182041289416989
1492	-0.365865608518645	-0.200840335310851	-0.266328321946181
1493	-0.389893814446955	-0.104983138398244	-0.300646223951479
1494	-0.508424247585573	-0.10718119689712	-0.280857740450265
1495	-0.571953462436275	-0.095901311538877	-0.154204965439371
1496	-0.419385428981514	-0.246761815537608	-0.0527783675047544
1497	-0.464524202053942	-0.134334409004637	-0.0424888499030769
1498	-0.399859885009978	0.0606587473926404	-0.120598508743251
1499	-0.330072473658592	-0.0336496191159463	-0.0810922837382217
1500	-0.264662207662674	-0.0993179292979569	-0.199913057393221
1501	-0.469216015083671	-0.0843324477027074	-0.0779429858611829
1502	-0.45147645671795	-0.0672129344480188	-0.0221667397133202
1503	-0.434353801853532	-0.0427263377384527	0.0577800097913247
1504	-0.455143702011611	-0.22666469935235	0.0050092701897237
1505	-0.572811517665436	-0.164560242856934	0.0572272646504107
1506	-0.608095695327385	-0.00835593477192964	0.00474007720892855
1507	-0.481338450080531	0.0895380214390506	-0.0492881545624951
1508	-0.576359383650883	0.00204784445764493	-0.161291673460417
1509	-0.59765540527788	-0.162961993123466	-0.106362765967444
1510	-0.49857752191085	-0.125407607600722	-0.229044192614856
1511	-0.457705722798572	-0.114297166038114	-0.0508564544225214
1512	-0.447173667763775	-0.0668642524006424	-0.0173514369791492
1513	-0.469138115369143	0.0571941690541684	-0.104271780219008
1514	-0.495590015844618	0.056014419436896	-0.158879799626517
1515	-0.517645095443019	-0.14414025884324	-0.181493772840737
1516	-0.46047007465381	-0.0867039004574452	-0.20087685432613
1517	-0.494911021621249	-0.0702489846514065	-0.253407957482634
1518	-0.317374923652744	-0.067381697627672	-0.180349613214685
1519	-0.641573366208246	-0.0564910057664718	-0.117800684024593
1520	-0.643034133653233	-0.0680014231944966	-0.0679476827975057
1521	-0.392492417843264	0.101492684045886	-0.0468247881172485
1522	-0.387653839223343	0.0970663289237234	-0.0276074714398056
1523	-0.399733872111063	0.107920750221736	-0.251735982541851
1524	-0.535951754602863	-0.0156637708282344	-0.15089591560115
1525	-0.552169102807216	0.208002917418009	-0.1245442436805
1526	-0.545763717674752	0.211677826478743	-0.134854710537346
1527	-0.334937884633962	-0.0824666806842233	-0.150162740276595
1528	-0.319318794942529	-0.071982083269327	-0.155612899151047
1531	-0.412221705183376	0.0742461882351674	-0.276274731252044
1532	-0.444308998111319	-0.0741670683537817	-0.236626803399669
1533	-0.336998567404686	0.00847404881356046	-0.415451826357953
1534	-0.334333184227727	-0.107877823116038	-0.326067734143561
1535	-0.485327649135971	-0.0304182948246019	-0.373977095487977
1536	-0.438641792337303	0.0413943705360641	-0.112342452182819
1537	-0.306444425939605	0.0120776751729549	-0.193740160137005
1538	-0.302617630643302	0.169786228525826	-0.324545180487002
1539	-0.505895072770768	0.161625952660981	-0.360833785838196
1540	-0.580170917943503	0.0398964443400045	-0.243771233368793
1541	-0.576178882226253	-0.0381627024266664	-0.120473799232713
1542	-0.575879572506588	-0.0382033719659294	-0.120378699847704
1543	-0.645758070086307	0.0914420824719265	-0.0423018151431465
1544	-0.700105500210608	-0.119308214451152	-0.0649780526381787
1545	-0.672783198703533	-0.0925540839901963	0.0129841268297042
1546	-0.414141752251814	-0.00564911575128967	-0.0592219445955717
1547	-0.457579641155897	-0.0656060549839612	-0.217321565975069
1548	-0.620032015763691	-0.154923795046914	-0.238838108218269
1549	-0.592234651921965	0.00345943520965439	-0.295150197534976
1550	-0.509529469273114	0.104429229683158	-0.162759068453067
1551	-0.495628602123124	-0.0984972301662976	-0.199332046918069
1552	-0.604531191978556	-0.0495615798528042	-0.234771597131943
1553	-0.544488342776129	0.0437165383899321	-0.147716584832714
1554	-0.520893573784202	0.0161811630613392	-0.249492808390798
1555	-0.461630402563202	0.0122648493331959	-0.101700525167883
1556	-0.429298207720206	0.0375323077768501	-0.232879090186127
1557	-0.48374091895111	-0.0360596405597235	-0.356436594916286
1558	-0.443122596311298	-0.15157919349937	-0.0821027238593384
1559	-0.353404686612428	-0.174538035100248	-0.186036884372658
1560	-0.577687963142576	-0.206899830109417	-0.121172440999092
1561	-0.444048227017681	-0.110241992970147	-0.21985706186594
1562	-0.315299528176866	-0.115345924139841	-0.247954960507644
1563	-0.318708700187736	-0.158346857772176	-0.194718687414338
1564	-0.449631087278848	-0.011501600970859	-0.277317141608913
1565	-0.509803296127855	-0.172802219719714	-0.322176226935866
1566	-0.244868284647691	-0.120877053749183	-0.373986358483401
1567	-0.431988039567087	-0.304313519946137	-0.291052100186665
1568	-0.452004700177164	-0.135639316870608	-0.456119586059421
1569	-0.358029213467834	-0.008024061155793	-0.414919946369255
1571	-0.425081545212221	0.115515534956951	-0.208895146686624
1572	-0.398940998993141	0.0810265661190267	-0.145407790523974
1573	-0.412801934879946	0.124239006612969	-0.0703927500598991
1574	-0.441395420358045	0.197717136491653	-0.0697044865681559
1575	-0.278797632509438	0.0356978714305682	-0.234264902533013
1576	-0.414560517568885	-0.0305806569489093	-0.248507167791401
1577	-0.548118341918466	-0.00872100106949536	-0.20607803425798
1578	-0.530050745309497	0.0831727167155667	-0.313801061847407
1579	-0.463092653905744	0.216533216358772	-0.333875141738253
1581	-0.47430676519411	-0.0112983483305239	-0.240030665593298
1582	-0.474158052240252	-0.0112558684116305	-0.240194378807641
1583	-0.444404167594353	-0.24877503675214	-0.308433018292097
1584	-0.425404848489868	-0.240794946295216	-0.323169851616418
1585	-0.315631482506893	-0.157422244987027	-0.115834475109561
1586	-0.315426757080695	-0.157225467090462	-0.115834168049451
1587	-0.643965673511702	-0.181544888873287	-0.175258988545115
1588	-0.644115329626536	-0.181458958654202	-0.175449525326698
1591	-0.404200752682216	0.0236095534200703	-0.275199963218421
1592	-0.270533744744588	0.0621270381342933	-0.255201876526847
1593	-0.286447643746339	0.054596972227782	-0.346757595173671
1594	-0.298330717958177	-0.0782348283492537	-0.31298621741748
1595	-0.347087169107237	0.15573684389132	-0.34593444225293
1596	-0.391863033182196	0.0675963470166033	-0.436443726965433
1597	-0.393297918620284	0.180802732591605	-0.227734500869706
1598	-0.487008711093764	0.131763761740545	-0.36903725756512
1599	-0.428329428702229	0.0440186203880107	-0.120606339147124
1600	-0.404317676030151	-0.102340194163294	-0.198472647795228
1601	-0.571334128355215	-0.102150286708378	-0.222114592610044
1602	-0.494819952488553	-0.0737524966873326	-0.24219522948888
1603	-0.309451288658154	-0.10384074655852	-0.301025701438014
1604	-0.341072291012589	0.121078035313649	-0.268360245686558
