-1.573119338521013511e+01
-1.468468797496042377e+01
-1.374080109206975919e+01
-1.349888474801548455e+01
-1.514056202963345932e+01
-1.576527705099559462e+01
-1.482596193854368671e+01
-1.348489181451816243e+01
-1.334238331150574020e+01
-1.375936140193135948e+01
-1.281537953900388160e+01
-1.294478287440852249e+01
-1.303759910912637032e+01
-1.292542673898566719e+01
-1.352245427209888362e+01
-1.225727585318570156e+01
-1.122591342620213339e+01
-1.130725641283479632e+01
-1.299670590149169236e+01
-1.425465732286256504e+01
-1.463310988512037092e+01
-1.430898741476195646e+01
-1.319348548272346555e+01
-1.308619844150092959e+01
-1.259295043329442976e+01
-1.159135267590121288e+01
-1.027002874847573644e+01
-8.836976374708109816e+00
-9.479195120830908650e+00
-1.095093723272944430e+01
-1.070020031160668061e+01
-1.169249761813563460e+01
-1.334610471101656337e+01
-1.373009308199399570e+01
-1.320577717583300803e+01
-1.209905812388596225e+01
-1.193256347480197199e+01
-1.129976374084225554e+01
-1.022669723082577420e+01
-1.010867312819381247e+01
-1.177649593928836858e+01
-1.332759991643919584e+01
-1.355722341960913901e+01
-1.316260988669262133e+01
-1.247536544430747973e+01
-1.242780653708774175e+01
-1.258855451611637655e+01
-1.174360227614486440e+01
-1.274450156063466899e+01
-1.374334398637824073e+01
-1.318769586803494676e+01
-1.158240979759100320e+01
-8.819023315873277369e+00
-6.231177367119337340e+00
-5.615355081969968687e+00
-8.281699493537603374e+00
-1.077331081357709408e+01
-1.124842453061321201e+01
-1.144224023189905459e+01
-1.125787967622922991e+01
-1.092954692639295722e+01
-9.016982803856219419e+00
-6.148796876189844163e+00
-4.928742370836585174e+00
-5.341150038959252555e+00
-5.382189203806098554e+00
-5.903524002734329201e+00
-6.902161138998858192e+00
-7.196380571650517588e+00
-9.664676342975697665e+00
-1.134293203649715132e+01
-1.242371473758833211e+01
-1.299831947371198204e+01
-1.263497680907728871e+01
-1.186856281049819550e+01
-9.694703006028879244e+00
-7.614124332217094171e+00
-7.454039627751707364e+00
-7.476162165177620444e+00
-8.480303828435024727e+00
-1.000594649099954303e+01
-1.112534787568834638e+01
-1.194766480829253119e+01
-1.202760005563838774e+01
-1.113809555550882635e+01
-8.932686004186036755e+00
-6.085424306440651243e+00
-5.795833682545588950e+00
-8.717831487808089364e+00
-1.032470013538419096e+01
-9.658326046706912749e+00
-7.966633604713485362e+00
-8.711260773342381469e+00
-1.021792226752351951e+01
-1.160909930849630456e+01
-1.333267517199124441e+01
-1.329497603983006826e+01
-1.185823264860252735e+01
-1.010886163973997043e+01
-7.710460863408622245e+00
-6.401626164180547640e+00
-7.331850015314912206e+00
-9.270239491420429800e+00
-1.108936857599395509e+01
-1.173113650015551812e+01
-1.092656254461364362e+01
-9.096775912639403217e+00
-6.920306342388600207e+00
-7.313475343720205579e+00
-9.038320978274386519e+00
-1.067744646542946008e+01
-1.145582581247285425e+01
-1.005032020777611912e+01
-7.971064019285488023e+00
-7.798314327376650645e+00
-8.885156208468929506e+00
-9.257832667141126848e+00
-8.064394113866219627e+00
-7.987359189409325211e+00
-1.027854149079116297e+01
-1.095236690158822590e+01
-1.107986448313780237e+01
-1.031201384955350342e+01
-9.153961298318618489e+00
-8.500540721275099187e+00
-6.988273928452385597e+00
-5.453853915337389502e+00
-5.709286066395335091e+00
-9.327074715779369640e+00
-1.288047397786906068e+01
-1.375591462467609283e+01
-1.371878443237177336e+01
-1.355078973370505757e+01
-1.302782713793517289e+01
-1.265885762918282786e+01
-1.336990005186843966e+01
-1.406631409589332371e+01
-1.374630024729863287e+01
-1.238132592616175387e+01
-9.997350382426317239e+00
-7.679614280210743438e+00
-4.661958337102221073e+00
-3.725503104633703266e+00
-5.989934453532765879e+00
-9.577244666753877311e+00
-1.200212419432522459e+01
-1.398823924847380162e+01
-1.546874012619822913e+01
-1.615680024990325236e+01
-1.507192498378249290e+01
-1.289766300929344744e+01
-1.030488788277427581e+01
-7.774916016356855586e+00
-9.381614825379628542e+00
-1.136632969019097494e+01
-1.172996826658001801e+01
-1.181168463483141373e+01
-1.238162908638899395e+01
-1.397229069661420731e+01
-1.485848738988022255e+01
-1.514666001414489749e+01
-1.524293621920582353e+01
-1.258932615645738728e+01
-6.558687795469391624e+00
-5.154431483705570471e+00
-5.787622792334420119e+00
-5.393730942206876655e+00
-6.850518068474650057e+00
-1.013716361987937375e+01
-9.142248245094004133e+00
-7.310263878471222831e+00
-9.064851173455060973e+00
-7.848916163848502769e+00
-6.494744412598051575e+00
-5.921984227347642182e+00
-5.416645285010186051e+00
-6.295011496058647182e+00
-8.014102696450542851e+00
-1.079407432430386216e+01
-1.284148511428826644e+01
-1.334987574586891057e+01
-1.204221350531237000e+01
-1.270747522543613073e+01
-1.425454803095294487e+01
-1.524283781499704027e+01
-1.544004468703161415e+01
-1.431691077163248060e+01
-1.269055980753267221e+01
-1.100348962019001142e+01
-1.091101006320843858e+01
-1.277682802200268419e+01
-1.272117545741777001e+01
-1.284059164166733069e+01
-1.387640278080743705e+01
-1.360469524113103290e+01
-1.337899684297247127e+01
-1.289557420266503129e+01
-1.208849363247568220e+01
-1.394934071053335423e+01
-1.464616469088000983e+01
-1.497191029362167214e+01
-1.643379443943251772e+01
-1.500748803292540678e+01
-1.117902025234781149e+01
-1.051332401296748387e+01
-1.219880554691711971e+01
-1.378607043988898440e+01
-1.477946327940827764e+01
-1.586323854436309411e+01
-1.576593219135756030e+01
-1.500334875196375606e+01
-1.414321902400545383e+01
-1.356115604408936726e+01
-1.433590450807786887e+01
-1.327571051792672385e+01
-1.025944452032329757e+01
-9.273588673865377885e+00
-8.747749014217548691e+00
-1.094657069502083147e+01
-1.332291003643622851e+01
-1.178249480264632432e+01
-1.016951890267674052e+01
-1.175635245249821459e+01
-1.259806940430525835e+01
-1.188557836226214093e+01
-1.014793536319010236e+01
-7.715906650183831594e+00
-8.231790491793207210e+00
-8.393258521618983892e+00
-7.792761917303994146e+00
-7.436096780996821920e+00
-5.902769175674636770e+00
-5.584439041303853379e+00
-5.384443660238326324e+00
-4.014339646779579773e+00
-1.339366042844802873e+00
-1.060044382133730867e+00
7.466754421263317454e-01
3.127150528627355541e+00
3.221302315113879544e+00
2.091432754756062717e+00
-1.962563403703682319e+00
-4.468666497252127279e+00
-5.297881893910104445e+00
-6.318181176309624725e+00
-6.852012944213742074e+00
-8.465075079239932521e+00
-1.002309648846562773e+01
-8.672434959406594146e+00
-6.871137552137485116e+00
-7.279604141662901817e+00
-5.517584076677436222e+00
-3.132094789150632330e+00
-4.237490615625241652e+00
-4.374294358397306404e+00
-3.384393303640397477e+00
-6.214361342604602712e+00
-9.674098378717273405e+00
-1.052876168975283555e+01
-1.103214467558125556e+01
-8.028897577282517517e+00
-3.367827086904068068e+00
-2.091012608304961162e+00
-5.081903569726660130e+00
-1.133171858389399311e+01
-1.438895619290860139e+01
-1.487122961751443562e+01
-1.336353057768630315e+01
-1.085096245103553869e+01
-9.592859184187103594e+00
-1.086554403529614454e+01
-1.254340764799452934e+01
-1.407902362549750208e+01
-1.504480865846882587e+01
-1.489616757100517397e+01
-1.373336247528357212e+01
-1.284418585719033956e+01
-1.276850639454621827e+01
-1.199006754916958606e+01
-1.143137639686376517e+01
-1.049766178123067917e+01
-1.132603289972974459e+01
-1.400822640893047399e+01
-1.494652954071269768e+01
-1.555582573192174323e+01
-1.587782998819579738e+01
-1.579781212365100096e+01
-1.672251353937117813e+01
-1.770099864172663828e+01
-1.782398421439297209e+01
-1.754110018397842907e+01
-1.714069548205342741e+01
-1.654068493797474915e+01
-1.623520673920748791e+01
-1.461466933483619535e+01
-1.364104702696156046e+01
-1.296524094951629458e+01
-1.192626117442684475e+01
-1.042649487005683007e+01
-9.264319655681594767e+00
-1.194398823459088455e+01
-1.233663472343204859e+01
-9.780692265606369062e+00
-8.632680919607400583e+00
-6.002880132449623929e+00
-5.281264087314532674e+00
-5.154705226149613573e+00
-4.815520468459532744e+00
-4.326483088564986978e+00
-2.301117172106116993e+00
-4.378221147227111310e+00
-2.730490940245856812e+00
-1.202747786432817545e+00
-2.483577154464030823e+00
-1.096279392562514943e+00
3.379380736484682290e-01
2.982619805864009876e+00
5.336436006634021290e+00
6.383167785167455754e+00
5.814714634216604061e+00
6.751170817449638761e+00
9.930302495846188293e+00
7.955917203427301132e+00
9.538243220231636954e-01
-5.042514725879846615e+00
-8.765063926488291912e+00
-1.059220260449760431e+01
-1.239437457415766453e+01
-1.264731020989825083e+01
-1.181510102510522664e+01
-1.094217421885499952e+01
-8.254735283732587803e+00
-6.377112862209227906e+00
-7.440295413402426838e+00
-9.041594855552263610e+00
-7.088408491505890474e+00
-5.108585360731311198e+00
-6.124402201692970671e+00
-5.649893740613607385e+00
-4.896555657139182394e+00
-3.235084939496499778e+00
-2.650403209017665240e+00
-5.509705932101263137e-01
3.961580693900992878e-01
-5.597223505122423948e-01
-1.945243903466559399e+00
-4.243192833777929884e+00
-5.698623014208958004e+00
-7.557616794079881295e+00
-8.088487852967421787e+00
-7.467887478548481006e+00
-8.582982124079583386e+00
-7.942863219257541907e+00
-6.280529903595755137e+00
-5.888962020673434772e+00
-6.101144072354687253e+00
-8.398821913138936779e+00
-9.797268900120796431e+00
-1.012410789490220431e+01
-9.762167383759949857e+00
-8.099854370593673636e+00
-8.641879914231163085e+00
-1.060209934209228777e+01
-1.203553722685491856e+01
-1.304307582757401462e+01
-1.140847329643205299e+01
-8.585035289842997130e+00
-8.928804559302870203e+00
-9.208601253307465484e+00
-7.807872916281998421e+00
-8.195067607788780961e+00
-8.426405532274916510e+00
-7.114290718403101010e+00
-5.574014969511601691e+00
-6.177600044321825301e+00
-7.228880759483301333e+00
-4.828134872393926358e+00
-5.553489522768192188e+00
-7.387551168448831973e+00
-9.332735952202483531e+00
-1.156757165352076200e+01
-1.222170681497231648e+01
-1.261789531123709729e+01
-1.182738038685900328e+01
-1.216731695860553053e+01
-1.087613725379979179e+01
-8.632757507549216669e+00
-9.395865821257311623e+00
-1.101627590732252138e+01
-9.886674809489502280e+00
-7.439073879793416388e+00
-6.611713760342232682e+00
-7.337828519870984501e+00
-9.313732800862938532e+00
-1.077117312009029071e+01
-1.160132842694187794e+01
-1.178717017203094564e+01
-1.071700155958973788e+01
-9.268389199528384026e+00
-8.761997909381552319e+00
-8.948619011985645244e+00
-1.136446840274352432e+01
-1.402531083288658387e+01
-1.369082117848506108e+01
-1.097021184992012799e+01
-8.235883744532939588e+00
-8.210635649057973495e+00
-8.015306558848996232e+00
-5.753280390165137703e+00
-3.424511810472736784e+00
-2.388290263879131459e+00
-7.149514745872296295e-01
-4.387210681726620431e-01
-2.593510283082459011e+00
-3.815332102227722011e+00
-3.218569829900057577e+00
-5.142567303998275996e+00
-7.748721280909592224e+00
-8.839164170510761309e+00
-9.362744964880272747e+00
-9.786503905975882489e+00
-1.104351864593863120e+01
-1.247140382964245831e+01
-1.208472686643355409e+01
-1.159695733692519504e+01
-1.090989336885288274e+01
-8.569356228566425315e+00
-8.324243936782663056e+00
-9.744562024952710289e+00
-1.080690408603848951e+01
-1.005289394178140228e+01
-1.093539571297913326e+01
-1.101404943873798103e+01
-9.595260662967129761e+00
-9.795940887473856051e+00
-9.701633804463131838e+00
-1.198959123803359361e+01
-1.504835504713490657e+01
-1.534583801397438130e+01
-1.437640850039268514e+01
-1.278978271911949705e+01
-1.269042593419780651e+01
-1.220671798129655272e+01
-1.007759754310097655e+01
-1.103122764639768505e+01
-1.142835318791989430e+01
-1.115615492558133148e+01
-1.329281332873663679e+01
-1.454405962161744092e+01
-1.490083020339435471e+01
-1.544628953723409204e+01
-1.566392252324128087e+01
-1.589420821747389034e+01
-1.574176486480266490e+01
-1.478817388018748424e+01
-1.283870316394983568e+01
-1.370661078517065512e+01
-1.452755057464103494e+01
-1.345627441852444406e+01
-1.310819916807716545e+01
-1.418898928963234241e+01
-1.518752205302610037e+01
-1.570914101598578760e+01
-1.564928123255744019e+01
-1.373422614109511564e+01
-1.201435316445644297e+01
-1.101133840983592904e+01
-1.131177258580036771e+01
-1.189115388691837083e+01
-1.003933813182105794e+01
-7.233069579958251616e+00
-5.660066765225496788e+00
-6.237233630809831730e+00
-5.830765352961861048e+00
-4.778768531978103695e+00
-6.148600809275554191e+00
-6.814267592748906033e+00
-6.602372621912241613e+00
-8.535312989346442336e+00
-9.886315933198932981e+00
-8.640148816664217080e+00
-5.576653597197123169e+00
-3.029248943655010518e+00
-2.657638621784233379e+00
-5.444262006564998480e+00
-5.840803836990599684e+00
-5.364227245481717254e+00
-6.855836884830089240e+00
-8.233317306466178209e+00
-7.290116366906901568e+00
-8.273748934315699799e+00
-8.899303005141817380e+00
-4.004782605785575988e+00
-2.340148932024330719e+00
-7.186638354466766465e+00
-1.002817003637374427e+01
-1.029784923704013622e+01
-9.828129663323656118e+00
-9.157399222638185066e+00
-8.413493045001745330e+00
-7.706005488645322643e+00
-8.796987512236160711e+00
-1.058691544290009467e+01
-1.151502636420380554e+01
-1.152390351140618208e+01
-9.235007360708239688e+00
-6.663614473551032980e+00
-5.283655098473329481e+00
-5.335484606941686359e+00
-7.659570935477369780e+00
-8.418142240532308307e+00
-9.265360608990516056e+00
-9.183726251072426905e+00
-9.543805846947600813e+00
-1.069307616741333256e+01
-1.145286144600015987e+01
-1.234121565890387906e+01
-1.108098381876588334e+01
-8.010881610938804798e+00
-7.910354146294208633e+00
-8.307278867365971209e+00
-1.084109257845226004e+01
-1.310374524652625716e+01
-1.229520425778066439e+01
-1.041837827887888501e+01
-9.482842391939401594e+00
-1.100893660648266170e+01
-1.030041373810150063e+01
-8.234114491631126853e+00
-7.174851386011337873e+00
-5.715777190624563353e+00
-8.585840268669217679e+00
-1.200107529239630821e+01
-1.111586671184197961e+01
-1.040831439260344915e+01
-1.002208676683119393e+01
-6.785200834609296905e+00
-3.043397283707146350e+00
-3.522927581042723855e+00
-4.309421108130703892e+00
-4.235472020619921452e+00
-4.113642038063193063e+00
-1.428472060939790955e+00
-1.451566995348779976e+00
-4.349909703223888258e+00
-7.098134159006323607e+00
-9.622440998473846818e+00
-1.019538009755035368e+01
-1.058339125025069372e+01
-1.119365041949444084e+01
-1.026371870950481302e+01
-7.296165028307452616e+00
-5.776110979821227787e+00
-8.466860552384977368e+00
-1.172253225902191964e+01
-1.292051075009601568e+01
-1.341150487849637329e+01
-1.457939312393821751e+01
-1.493216790504420821e+01
-1.558710988723818858e+01
-1.644455215478710741e+01
-1.636346491384542290e+01
-1.631408376214897871e+01
-1.588539840905701617e+01
-1.408216260983414436e+01
-1.114013296176530865e+01
-8.873657011974094289e+00
-8.580640604773591917e+00
-9.007086315766526852e+00
-1.068374065438998244e+01
-1.042374310964648565e+01
-8.497500115048444158e+00
-8.082959329029954176e+00
-7.451691208260567301e+00
-5.052704077233451052e+00
-3.823403953875894601e+00
-4.072043522744491106e+00
-3.411215231908502510e+00
-1.166750622177898711e+00
1.303317083534064613e+00
2.276237671213259706e+00
1.341180588461625689e+00
-1.955086078202278976e+00
-5.805810119266255676e+00
-8.916284927348074874e+00
-1.136203358067170655e+01
-1.249623394672616072e+01
-1.282558129672874792e+01
-1.247863416401685477e+01
-1.227178055962433056e+01
-1.201170631771567621e+01
-1.102902710442214307e+01
-9.338764397755968005e+00
-8.599060356747616041e+00
-8.988806933501132690e+00
-9.662591846144531260e+00
-9.174077896739943228e+00
-9.910292333673945464e+00
-1.029893465792577700e+01
-9.171085807217400188e+00
-9.327427590243289046e+00
-8.251503406150249020e+00
-6.096195360778805750e+00
-7.118961343342896875e+00
-1.031576891907641347e+01
-1.256184777571852607e+01
-1.378503567038935707e+01
-1.384082078572234131e+01
-1.397679102433318654e+01
-1.513727214723220804e+01
-1.563639030424927689e+01
-1.531360633789203973e+01
-1.581082174577961119e+01
-1.624928662708751759e+01
-1.614024781780825535e+01
-1.574243028017613177e+01
-1.535386132090248168e+01
-1.458562381420523124e+01
-1.363066637582652341e+01
-1.309821525021714095e+01
-1.236528828039604733e+01
-1.187548086675051806e+01
-1.221868855638898133e+01
-1.360618800232294134e+01
-1.309576648448892122e+01
-1.088755872642947509e+01
-1.108366451317812640e+01
-1.174037312430491831e+01
-1.135077697958462650e+01
-1.049977618015185676e+01
-8.843867208442640404e+00
-9.848738580924559116e+00
-9.866730345472396024e+00
-7.024576498899885557e+00
-6.410534956329239087e+00
-7.025587682745882745e+00
-9.260152767129104845e+00
-1.190258482980745391e+01
-1.153221681820234323e+01
-1.045709378565821090e+01
-1.136053893006926963e+01
-1.159969959252808458e+01
-1.003061221227771149e+01
-1.075761340471124150e+01
-1.346904596911179830e+01
-1.491835365062461172e+01
-1.590553333826979987e+01
-1.623528354075704883e+01
-1.602464078901768829e+01
-1.586903430643542912e+01
-1.544959730000950593e+01
-1.479159619044462382e+01
-1.439879194226945991e+01
-1.473182746285909950e+01
-1.512219597800953075e+01
-1.528183635210193181e+01
-1.482859552737044062e+01
-1.429765288500881404e+01
-1.477974187106552861e+01
-1.490219443168408553e+01
-1.353588456284211183e+01
-1.498344021579796603e+01
-1.615932079258806198e+01
-1.619224722704132802e+01
-1.596002281700115866e+01
-1.497722626155300141e+01
-1.355536803455944117e+01
-1.328984706906963709e+01
-1.354590378458426159e+01
-1.456139211069760542e+01
-1.537253912573041070e+01
-1.543811887447211006e+01
-1.541951401031282920e+01
-1.589837675171433595e+01
-1.568704923020868236e+01
-1.528774040441257220e+01
-1.547907095598834815e+01
-1.503750671448857901e+01
-1.383200012202274820e+01
-1.242529429061192836e+01
-1.325764151942088453e+01
-1.363204389247771253e+01
-1.311545855798074278e+01
-1.312321061233232378e+01
-1.386678867404207516e+01
-1.458228464119541812e+01
-1.442105415789913003e+01
-1.262804671187562278e+01
-1.260028448192253059e+01
-1.297074590897961777e+01
-1.355349897115519120e+01
-1.534738854480292680e+01
-1.500760793440223217e+01
-1.314297263873664967e+01
-1.320898066075514699e+01
-1.229212455183431096e+01
-1.063175427500783954e+01
-1.160901223891902312e+01
-1.113053684709667834e+01
-1.175394453298909347e+01
-1.213809465679262267e+01
-1.135902464680077983e+01
-1.363620540469261577e+01
-1.476498438722635775e+01
-1.452379520608876540e+01
-1.506353645932303209e+01
-1.551128381829016156e+01
-1.542901435770453844e+01
-1.546094628692414297e+01
-1.504807898221864804e+01
-1.333274914121973076e+01
-1.294003443503596351e+01
-1.242627596515615984e+01
-1.187461112047807887e+01
-1.131200858026638478e+01
-7.596960814463119327e+00
-4.470801347561768502e+00
-5.339300840604390253e+00
-7.831892145895489321e+00
-1.018435541133766797e+01
-9.746832839647302293e+00
-8.534154715012613579e+00
-8.021176141131087789e+00
-7.596800886571386968e+00
-1.094410345028063425e+01
-1.334965107154665098e+01
-1.277325388981526721e+01
-1.084896641282375107e+01
-1.043335362660575072e+01
-1.242228497452509650e+01
-1.462545110928245684e+01
-1.573918844621826274e+01
-1.551881528131435850e+01
-1.497218526528197202e+01
-1.180232907273238219e+01
-9.127144144661201608e+00
-8.275380443308813838e+00
-9.001923746624493461e+00
-9.682782240012501873e+00
-8.558665943076990246e+00
-9.276662686511429001e+00
-7.250283584499356060e+00
-3.121140761764764626e+00
-6.102040209970376772e+00
-1.018862208523355584e+01
-1.155486101118505005e+01
-1.289940248629926067e+01
-1.357220053978080365e+01
-1.405267492815109165e+01
-1.493424170297348219e+01
-1.544010272693487629e+01
-1.465904021341575536e+01
-1.346050390728555080e+01
-1.380512013542964134e+01
-1.341563083618784091e+01
-1.366300270148493645e+01
-1.282478785128053111e+01
-1.108480129304485295e+01
-1.090520426263135789e+01
-1.171563662563256436e+01
-1.212554898943931825e+01
-1.052713559747021144e+01
-8.709192310909703139e+00
-9.343603868372513332e+00
-9.081617422839103781e+00
-9.495028789781388312e+00
-9.994925040123900928e+00
-1.051395135302092143e+01
-1.128324892558632975e+01
-1.134226674760545350e+01
-9.840084349403502628e+00
-7.344100654452883070e+00
-5.843317409489372949e+00
-4.994808107741683045e+00
-4.548056876520744751e+00
-5.188753031470716870e+00
-6.710300394414042913e+00
-6.074598444802713715e+00
-3.533120372076336224e+00
-4.602426731452651687e+00
-7.627882126853561040e+00
-4.647180560152500028e+00
-2.811199409837063179e+00
-6.602209502874759828e+00
-1.151748329244836633e+01
-1.324641370783034411e+01
-1.289032292051142470e+01
-1.138926428236354305e+01
-9.879830362640465324e+00
-1.125315545777934823e+01
-1.339696455306153489e+01
-1.271239236720729515e+01
-1.051581525179232024e+01
-9.920692423299279028e+00
-1.054765160430911664e+01
-1.048823247160375338e+01
-8.375919058065807832e+00
-6.790520353725493230e+00
-7.951488957877732133e+00
-9.652969955721166784e+00
-9.825111688371114482e+00
-1.070113595889609570e+01
-1.300791394998915074e+01
-1.407026009013802081e+01
-1.475369484899233541e+01
-1.529064737482882030e+01
-1.477695627398118106e+01
-1.379094607206436152e+01
-1.180815255073052050e+01
-1.030494702397458262e+01
-1.023215679360654562e+01
-8.877226444849052100e+00
-7.365159976907574624e+00
-6.520824528868049086e+00
-7.678285742229154387e+00
-7.412608567188132547e+00
-5.683856759353480115e+00
-7.506967707077540020e+00
-9.006868825013260249e+00
-8.421707083876462718e+00
-9.186280475739938112e+00
-9.309907814517121238e+00
-1.040004595341682325e+01
-1.168996502643352997e+01
-9.773262847036404466e+00
-7.404759290962796392e+00
-5.170096451640258550e+00
-5.816128853228103246e+00
-5.790670271168010252e+00
-2.615625249033791011e+00
-2.730467448064696878e+00
-4.629245998148806329e+00
-4.059601076308976708e+00
-4.433638498517202819e+00
-8.162773474445971900e+00
-1.092737019749027461e+01
-1.260893545442751140e+01
-1.248042036523128040e+01
-1.040846167462973249e+01
-8.964701736338232863e+00
-8.749290447717802621e+00
-9.489670417878050657e+00
-1.102577889188019533e+01
-1.100645780516504857e+01
-1.200774887767119914e+01
-1.312111953432535039e+01
-1.163605399294596587e+01
-8.669971608206694214e+00
-7.593347376275914939e+00
-7.373170087694089325e+00
-9.979067868493542548e+00
-1.146303137863672639e+01
-1.151108105094648515e+01
-1.164344864763374332e+01
-9.358718836580614209e+00
-8.639690871431305652e+00
-8.403471018042750984e+00
-7.211783278057876778e+00
-5.964352170473334880e+00
-4.427642923141067222e+00
-3.540794193834448045e+00
-4.321315503036983863e+00
-4.244698757447649129e+00
-3.269029727825552456e+00
-4.870356530000660378e+00
-7.261032085558650984e+00
-8.797384556514908027e+00
-7.912143500859818879e+00
-7.660468107806599924e+00
-7.323883087948996895e+00
-5.282849494992620798e+00
-6.113958266708721112e+00
-5.085973500427392935e+00
-2.044639044697190933e+00
-3.655088263869190612e+00
-5.609597344701422905e+00
-5.876722511639027147e+00
-6.418660454806379256e+00
-8.163189432423534342e+00
-7.431360201886728412e+00
-5.134396094448477221e+00
-6.776149709079322569e+00
-5.967620973328618739e+00
-4.167029967680146108e+00
-5.828460989653375890e+00
-7.473568942589939645e+00
-1.075958086131569225e+01
-1.082692871074119800e+01
-9.606126834511265145e+00
-1.080120875959683246e+01
-1.232874524524922855e+01
-1.311440283676878416e+01
-1.088104862643813497e+01
-9.187291981839239341e+00
-9.962435314293340838e+00
-1.095351234232947135e+01
-1.108006218833816270e+01
-1.246965907931771511e+01
-1.366702675688558344e+01
-1.347323370083950778e+01
-1.337262110778353197e+01
-1.346691171718366142e+01
-1.493146175145661481e+01
-1.548056560204273246e+01
-1.576459712997565354e+01
-1.563763386111180331e+01
-1.482564847892328430e+01
-1.467975225874467249e+01
-1.324374133181726343e+01
-1.090700192526780832e+01
-1.128122941059330486e+01
-1.316198742297801871e+01
-1.516087462135179109e+01
-1.508944683440966905e+01
-1.221665212777167930e+01
-8.557103503724754034e+00
-4.887670048722004168e+00
-4.309510142106851127e+00
-7.115596490010481112e+00
-7.112627105843428055e+00
-5.044853012159875583e+00
-5.984217011253154972e+00
-7.374930888565500275e+00
-8.179890084226896008e+00
-9.453672079293403030e+00
-8.664929311682469049e+00
-7.319382170176142566e+00
-8.025107262750291071e+00
-8.628659349879280072e+00
-7.700913826342253188e+00
-5.319361808727280483e+00
-2.427049874042850774e+00
-1.414406358328513358e+00
-2.278004178731539042e+00
-3.882257645513677247e+00
-5.592234683522044669e+00
-7.443320037308253312e+00
-7.594948697518993264e+00
-7.884978826157516885e+00
-9.116428642345679734e+00
-1.072441057676644505e+01
-1.184846208323346417e+01
-1.245870877806879662e+01
-1.306662870317115122e+01
-1.278582717989915452e+01
-1.226821753633010914e+01
-1.174314702948846012e+01
-8.550736317395356778e+00
-3.880111786084597725e+00
-1.364015417822310283e+00
-1.182772131830624796e+00
-5.046074058167564935e+00
-6.553037362380075059e+00
-6.151026657038527468e+00
-6.350072586963325882e+00
-5.405918587648717022e+00
-6.436266572120540985e+00
-8.369861859918612979e+00
-1.014205542693713902e+01
-1.201301847807286016e+01
-1.348273066009524790e+01
-1.428207768779117970e+01
-1.315796252853257542e+01
-1.106115492737521144e+01
-9.620453936744231882e+00
-9.578399259641324548e+00
-9.950487739154771916e+00
-8.743819339302438820e+00
-5.605038881745131540e+00
-3.266689893612904072e+00
-1.218233584873304132e+00
-1.557791638054296587e-02
-1.497802536477568669e+00
-3.846256939538574393e+00
-3.266943897552685883e+00
-1.077270152966351091e+00
-2.843430758853155993e+00
-6.197681873473813496e+00
-5.009270627101284568e+00
-1.762108475116211270e+00
-2.916019789212695557e+00
-4.914817641539504400e+00
-6.906820182262972452e+00
-8.091291337732972266e+00
-4.155253639105939811e+00
-8.291177555188985471e-01
-4.869037778815721862e-01
1.880071702127646294e+00
2.716622397888807328e+00
1.816600949212580973e+00
-1.324601588216954173e+00
-3.195078037204374333e+00
-2.144279344313821500e+00
-2.855131011938997432e+00
-2.981022471193101264e+00
-3.179660453541321985e+00
-6.290455423596758244e+00
-5.839994214273168005e+00
-5.219143141086804327e+00
-8.507940455626284759e+00
-1.037993026376086370e+01
-9.415566519785210531e+00
-6.126725517105128027e+00
-3.286823877696469776e+00
-7.032371924624816195e-01
2.346591551370789119e-01
-2.165007217093610770e+00
-5.865382963406179151e+00
-5.355232265219103560e+00
-9.188132250165975679e-01
2.580638369436677682e+00
2.384770963794328402e+00
-1.798742311409803118e+00
-2.299356473218066910e+00
-3.012138496990293124e-01
1.032490514112614388e+00
4.021754167618962761e+00
5.717566559090612621e+00
5.187875610003845672e+00
6.428700431690869799e+00
8.210341811714085836e+00
8.344982510348772919e+00
6.832558544584744098e+00
4.665370455347569667e+00
2.435801534532394452e+00
1.609093624158826064e+00
1.098585864446375293e+00
-6.110026044645671117e-01
-2.391373461996512795e+00
-4.667854841394619925e+00
-7.080665740889640070e+00
-7.455912342339868104e+00
-6.546461453943398290e+00
-5.803261417421669677e+00
-5.961628959575246078e+00
-8.214824619983080112e+00
-1.141343512560875872e+01
-1.344667366074745019e+01
-1.270525125102480679e+01
-1.049760933448044220e+01
-1.039806464563308808e+01
-1.183223550132510660e+01
-1.174536474014574594e+01
-9.624804814070037295e+00
-7.225994696292043606e+00
-3.105038845564992656e+00
7.989459927881537027e-01
9.224849998304049947e-01
1.022547785226116668e+00
-5.550285980994350554e-01
-3.869149853065591671e+00
-4.383195172964867048e+00
-1.701083148335219786e+00
-5.255617328354432738e-01
-2.131235718316233374e+00
-4.143847958961953459e+00
-3.400520646196929064e+00
-3.322694603021727922e+00
-5.303310428576804902e+00
-2.438562762764926894e+00
1.873803813033028565e+00
3.294011569671368989e+00
2.710212557721159321e+00
9.612770293950535505e-01
6.647825896970234183e-01
7.315946174509719846e-01
-3.062916962819048461e+00
-5.942043759809210179e+00
-7.814207186185393006e+00
-7.196622049042596281e+00
-5.964901183406192686e+00
-5.041527525611585681e+00
-4.221882791787179734e+00
-3.918592078942756629e+00
-1.129491193627047974e+00
1.441522630957902340e+00
6.511842392462570128e-01
-1.757344855981675114e+00
-7.786995636771982809e-01
1.588391612149707477e+00
5.268987057720972089e+00
7.795781307392052106e+00
4.323764971368139420e+00
1.705003748378496109e+00
-1.075708600050369945e+00
-4.615126630687957920e+00
-6.073005142606414886e+00
-7.587175111206222233e+00
-7.014761361287793484e+00
-5.280753785972705394e+00
-2.188093127642337432e+00
2.170307854840185513e+00
3.549111916267547517e+00
2.360133173000514173e+00
-5.720761501686719708e-01
-1.213013543619866574e+00
-2.012796034110237109e+00
-3.550153495828943573e+00
-4.134350425612534963e+00
-6.252420855373892472e+00
-9.728749997792332849e+00
-1.204463268113058483e+01
-1.258906936844330282e+01
-1.042657885417889574e+01
-4.416481009418721015e+00
-1.241099630307350710e+00
1.240847329662209786e+00
1.406326984200711117e+00
3.294464345484351409e-01
5.097475410958389297e+00
9.009644934272406758e+00
9.933613968160534213e+00
8.749848413300592043e+00
8.095679126370235679e+00
8.025484589214245901e+00
8.179533950690551336e+00
6.270266473356866932e+00
3.272487284868438540e+00
2.944527251954419889e+00
3.511948490499504416e+00
8.977351459781928611e+00
1.228236942008561172e+01
1.264127278097342888e+01
1.113534225681239853e+01
6.600872773924344905e+00
1.384903254138976969e+00
-2.035280551381451808e+00
-1.925369456705642524e+00
-1.185757235240322949e+00
-2.695067454983722577e+00
-5.711086269198445642e+00
-6.153101340332885805e+00
-3.471177423663639239e+00
-8.460169172175311392e-01
-1.035068042936727828e+00
-1.017903268218125712e+00
4.530909772717341411e-01
1.419269387330837962e+00
-2.310812385490856186e-02
-2.216695561165090034e+00
-3.813139981783909338e+00
-6.425843462178345789e+00
-8.689567816907379338e+00
-7.868871108638191281e+00
-1.949124705682258263e+00
4.663467116614505303e-01
-1.403489568451306235e+00
8.448614506004241687e-01
-5.698190973162875483e-01
-3.423375905749080239e+00
-3.532315671623082132e+00
-7.132458100417815583e-01
2.266613828546844900e+00
4.032572110495061146e+00
4.783454213637816643e+00
3.959043500584080277e+00
6.093328741678086580e+00
9.850531790567819357e+00
1.186932130989770506e+01
1.267531524207836391e+01
1.302675021316679249e+01
1.267021241527868014e+01
1.203186203552530387e+01
9.943720818377594028e+00
6.850129172542476219e+00
4.214741246703278321e+00
8.256188537421035312e-01
-4.368383857618057808e-01
-2.130634934347531040e+00
-5.056339304179014782e+00
-5.811381918866444174e+00
-3.414570297106841235e+00
1.649398976662768412e-01
1.207578333450997299e+00
-9.027999466339612367e-01
-4.017580228124761454e+00
-6.775298296502687556e+00
-8.088113285133859520e+00
-6.804595449637757199e+00
-5.095625985562297622e+00
-4.038040975634822338e+00
-1.801893993879010392e+00
6.326640137785290996e-01
2.068944001899936325e+00
2.919847567029940194e+00
2.280131083475665399e+00
2.060231108095666563e+00
2.297959592406353391e+00
2.555608835674616053e+00
4.955419720904660430e+00
6.491194214115125760e+00
7.256412092016597093e+00
9.715086457541529441e+00
8.981683606356265059e+00
3.443549478266110242e+00
-1.671529180737542308e+00
-4.846067097447201100e+00
-5.617218488909689889e+00
-4.361322655995954811e+00
-2.209705626433313697e+00
-1.715200674469527842e+00
-4.425584548588252787e-01
2.207882907120609417e+00
4.979620172388609767e+00
7.555547862459375708e+00
9.209491795684185078e+00
8.106881395636294840e+00
7.447266175407065703e+00
8.933825976823769111e+00
1.018367382223665807e+01
9.718267032762186730e+00
7.456769535186123399e+00
5.524415355545539974e+00
5.368250651723610822e+00
6.481365178106570646e+00
5.199723246145272704e+00
2.071847505037741399e+00
3.950486617880045070e+00
6.459065244807470130e+00
7.979318435126796949e+00
1.040312059880111839e+01
8.437612578269867214e+00
7.913736647364415511e+00
8.412393941031449884e+00
4.416760996703106734e+00
9.410642828628463796e-01
7.340887168941818697e-01
2.079808118299874220e+00
3.514883901419358025e+00
3.572581327779121629e+00
3.014975925126846423e+00
3.968830178371097528e+00
5.315057780542752575e+00
5.918952069989892095e+00
3.490791844360709995e+00
2.193839766787674672e-01
1.271912146255697040e-01
3.451197265230264932e+00
3.526992219352315328e+00
2.781540483591571911e-01
1.069557097595545070e+00
4.939906427066334871e+00
1.237196870358733047e+00
-3.425908897986469359e+00
-6.447341049344680108e+00
-6.255851607782975776e+00
-3.730154019735076876e+00
-4.244488080221757720e+00
-3.562410540117959989e+00
2.205192155658418640e-01
3.676617845285822916e+00
3.206848317636654677e+00
3.450783318733611882e+00
6.710303939865274181e+00
9.604354809155919881e+00
1.034855031284029714e+01
8.213667862928987873e+00
4.139359566838593629e+00
2.198757918984838966e+00
3.707373473876380832e+00
4.605522371877001753e+00
4.346328027526076276e+00
3.396037222060575012e+00
1.176776190557403901e+00
-1.060134837629127968e+00
-2.208934966378469866e+00
-1.796609745689386806e+00
7.282651784249327687e-02
2.117606832919001647e+00
4.245008810902176855e+00
6.892338712020379177e+00
9.465454735580303591e+00
1.070542362933292857e+01
1.075032653275222749e+01
1.069709229822830032e+01
1.077206149859281936e+01
1.055276982410722475e+01
7.477204355744592412e+00
5.116590241097468628e+00
4.887207191340156243e+00
3.829439555207887480e+00
1.682838662768575411e+00
-1.010621330119008121e+00
-4.106070857876355618e+00
-5.836144201573191026e+00
-3.206877422067814010e+00
1.948483726542718841e+00
4.671055930578650539e+00
5.002418544192835270e+00
3.971917131946709478e+00
2.651292071957978447e+00
1.387201482801261765e+00
2.408506619447455810e-01
2.543415872997564775e-01
9.712816642581563187e-01
-1.657555747333748775e-01
-2.373922761518857172e+00
-2.698109584940915795e+00
-6.287766531978261630e-02
2.696747506711786535e+00
4.545592059284127906e+00
7.003573614129502189e+00
8.734062973048573042e+00
9.730308270397925341e+00
6.470665775920301233e-01
6.470665775920301233e-01
6.470665775920301233e-01
6.470665775920292351e-01
6.470665775920292351e-01
6.470665775920301233e-01
6.470665775920301233e-01
6.470665775920301233e-01
6.470665775920301233e-01
6.470665775920301233e-01
1.045320542333703351e+01
8.555084504965284609e+00
6.071620388684846326e+00
7.038850690962598300e+00
7.841896733106805684e+00
8.386771759541099769e+00
1.107482867334604038e+01
1.312034445804328620e+01
1.321846462627320840e+01
1.309736961773245412e+01
1.213178976021967514e+01
1.252137175304365435e+01
1.216675534136023806e+01
9.656883852989766481e+00
8.475295091711444684e+00
8.863916006832026184e+00
9.297416936060814763e+00
9.422027965492768331e+00
1.155150941147492283e+01
1.243108208891803912e+01
1.068544227645267419e+01
8.087144337616264167e+00
9.616670206567308199e+00
1.174970081275128386e+01
1.270509367468053341e+01
1.437073209241233052e+01
1.326938710270878552e+01
1.055049520237118621e+01
6.921602337877473587e+00
5.252896257066770325e+00
7.325374040829138345e+00
9.012363622050445500e+00
9.417179965372765693e+00
1.049696447728915594e+01
1.128732205422397428e+01
1.038333219736357549e+01
9.647730504254564465e+00
6.947379228884474678e+00
2.722663504924075273e+00
2.064982945316543805e+00
4.421256851993634385e+00
7.110325698022079699e+00
8.512832275580539232e+00
1.002959728737693368e+01
9.520072371861783012e+00
6.806316546050359406e+00
5.950737735597389388e+00
7.263797449966741482e+00
9.913301779973952677e+00
1.234358670162950844e+01
1.291103085607520562e+01
9.269090706765117815e+00
9.298119509991797926e+00
1.143937610026669738e+01
1.051145377330550446e+01
9.825316870360058630e+00
9.026991374296656545e+00
7.824670750143551068e+00
6.292528072868523559e+00
3.963711782870118494e+00
3.288446073766593258e+00
5.018659917519015856e+00
7.768802943562719499e+00
1.082351753450143761e+01
1.165302899215968857e+01
9.988967327945356800e+00
8.093602107871786799e+00
6.789006661498325990e+00
5.569093647318735130e+00
5.903470590994000844e+00
7.783336057086867932e+00
9.100220977871531503e+00
1.164716723283576627e+01
1.208572154161221235e+01
1.054473827092193083e+01
1.001212989919205931e+01
1.107012303001412334e+01
9.507893170981398967e+00
5.310334781505800628e+00
5.771575887104998692e+00
7.869881992877385990e+00
9.953844233211407655e+00
1.062638668591779556e+01
1.039250784576408471e+01
9.870715781675986733e+00
1.183219120627812515e+01
1.430141644539127377e+01
1.430718965008989763e+01
1.270532626371686469e+01
1.129978063565140722e+01
1.195626408834046828e+01
9.857489366633862105e+00
7.104788814151326015e+00
7.309501628847656640e+00
8.864893425671834137e+00
1.113756195055982801e+01
1.394166893135184360e+01
1.527429142479503454e+01
1.489457390355174660e+01
1.416294511667306999e+01
1.431355102092257781e+01
1.468397112410580441e+01
1.498069817824949901e+01
1.631222869865184677e+01
1.561345563514360357e+01
1.329780412740358742e+01
1.316466399798386711e+01
1.518400544867723490e+01
1.678774709449641733e+01
1.605679661280602843e+01
1.385626858497859359e+01
1.208892644788157078e+01
1.079162446968155287e+01
8.497651486581071723e+00
7.277492666394794085e+00
7.676019172016281367e+00
5.734914117771733544e+00
2.921400783911973331e+00
1.591732141641311049e+00
2.412007818155581518e+00
4.492782068622325653e+00
8.308557712918593907e+00
1.259949688510861598e+01
1.376954760664649413e+01
1.274692393034573534e+01
1.086222830567403363e+01
8.392750606677811476e+00
5.921760844707278260e+00
6.113459669335780333e+00
5.858469029779659110e+00
5.115044684660920993e+00
6.517810058290256059e+00
9.097914137445510363e+00
9.174031492819326061e+00
9.458445250446324337e+00
1.094902225977907584e+01
1.057782555919123446e+01
9.484128991378886653e+00
6.534311669663760647e+00
4.737885363969795982e+00
4.498270074075516156e+00
6.703790077542321590e+00
8.515397020349707802e+00
9.517445779591197308e+00
1.222424179542689693e+01
1.179394365580659709e+01
8.109388702175928998e+00
8.331787095721892911e+00
9.505572666672565063e+00
8.373281688520227917e+00
8.187003145114388758e+00
9.360990486011472100e+00
1.235329624975788043e+01
1.167987293487611744e+01
8.691478620213924700e+00
7.949804155954797835e+00
9.480060226723223238e+00
9.299096760633213776e+00
6.571991900161025413e+00
6.716193542652577619e+00
8.515480118045671176e+00
1.029491740765412899e+01
1.379163253434567871e+01
1.420940020787062785e+01
1.442070814956974090e+01
1.648826254239336109e+01
1.647064172625976752e+01
1.585554378655437802e+01
1.617749540399475094e+01
1.701679381531797830e+01
1.797541446752203242e+01
1.866677615496968556e+01
1.914080368676728838e+01
1.882539769957601905e+01
1.784023841937203869e+01
1.615046396622114955e+01
1.383994969866022373e+01
1.348837659456952132e+01
1.479878264387198605e+01
1.644482947617875013e+01
1.718254608684816276e+01
1.603211089061572281e+01
1.612876265253168384e+01
1.779577174191351929e+01
1.693493995251834505e+01
1.616857776901327881e+01
1.685882813322927376e+01
1.721673611534091108e+01
1.751655020885521097e+01
1.721711748140579701e+01
1.695706889584858246e+01
1.725107941630033892e+01
1.755595062200023193e+01
1.688505849029133543e+01
1.586354537381795460e+01
1.368330657699344322e+01
1.288493182946880999e+01
1.253406300000833262e+01
1.183190334927053122e+01
1.364468776569574793e+01
1.731097375947422634e+01
1.816902034966119928e+01
1.629588085376911621e+01
1.539259605963783351e+01
1.632592622519900161e+01
1.754681056383675042e+01
1.682151495155021692e+01
1.546644791984118683e+01
1.588028007423403309e+01
1.700192027572956732e+01
1.728043121498759049e+01
1.619614354383287136e+01
1.514876791487839114e+01
1.620905330324425009e+01
1.872425811696789211e+01
1.913758285574217055e+01
1.934597978204317670e+01
1.958804304793830298e+01
1.910339681360056829e+01
1.814174428541600648e+01
1.683690834149678395e+01
1.455682533780981558e+01
1.389899449584111046e+01
1.417115680397735922e+01
1.575024754652507397e+01
1.705377164227349596e+01
1.699070997159740770e+01
1.584919403002945337e+01
1.593069071650371527e+01
1.628737291564905831e+01
1.726046256365815523e+01
1.739194254470409717e+01
1.625471850769469029e+01
1.564768206875807088e+01
1.642948715016380135e+01
1.772882898280545660e+01
1.733456234942904572e+01
1.529310820521019210e+01
1.467755238134428986e+01
1.501925716186742576e+01
1.399742595196023665e+01
1.152281005440166695e+01
1.157662901265404365e+01
1.248571704480894518e+01
1.187297857626832176e+01
1.299859897130988173e+01
1.371951236259316254e+01
1.195517412941628699e+01
1.273178192228576044e+01
1.403435867840990348e+01
1.460595299123689550e+01
1.472725690250977770e+01
1.462616115098304093e+01
1.538550462802301055e+01
1.607404899886423877e+01
1.680018819062019730e+01
1.767277439575219589e+01
1.853986442484617569e+01
1.916636963887284750e+01
1.840482920615726314e+01
1.342123629692759046e+01
8.205100592967147222e+00
6.394178022873791001e+00
9.066551894297063541e+00
1.088031613196559633e+01
9.948159092103820100e+00
9.463401902343797190e+00
9.751678516534422414e+00
1.006183337801667399e+01
1.079561138179407465e+01
1.118162978381663386e+01
1.234777087885869484e+01
1.356541545699479911e+01
1.441963142815923682e+01
1.507969944948060004e+01
1.581451469323894621e+01
1.707313496602394309e+01
1.684947409000716689e+01
1.534847299214183103e+01
1.510979748697019254e+01
1.428376116231849657e+01
1.504776820748927513e+01
1.457126198674316697e+01
1.344994921471240978e+01
1.463663977832388419e+01
1.332506953557289542e+01
9.979303695268729513e+00
8.604874532009935351e+00
9.944126962667400704e+00
1.179357153149318727e+01
1.033564414066724702e+01
7.945937670010962073e+00
7.673868264775539849e+00
7.856341793793916395e+00
9.519018597212868471e+00
1.129859220371929673e+01
1.031174654249959488e+01
9.904653484963580112e+00
1.239411521819531892e+01
1.395134817736257560e+01
1.434960334156785144e+01
1.453412612399394988e+01
1.455988514556159963e+01
1.381376674366953239e+01
1.165170000969434483e+01
9.998988509240438916e+00
1.033808140170027379e+01
1.325972548334550716e+01
1.642648499020732444e+01
1.806420879247148648e+01
1.783320377264201184e+01
1.693858111670354205e+01
1.640287275751596141e+01
1.525979488830269304e+01
1.480686880889300916e+01
1.408855304029509625e+01
1.491612238818929903e+01
1.619278288458099624e+01
1.604048356961115473e+01
1.564325754911886968e+01
1.445574270262858008e+01
1.370655591342619140e+01
1.205349090895621522e+01
1.012149068718608191e+01
1.187666276920688624e+01
1.343700093012465580e+01
1.203486847329669907e+01
1.046217075659984097e+01
9.002576574997240400e+00
9.164099257652532415e+00
1.125557748579545070e+01
1.323584130199522058e+01
1.240380874447039261e+01
1.323750887410380805e+01
1.425451818642121005e+01
1.377098067470683596e+01
1.411997812162161559e+01
1.551794695689831904e+01
1.619129490171731689e+01
1.599279766244987222e+01
1.609577778330202946e+01
1.691650702618007429e+01
1.787791853064830860e+01
1.759696236250758972e+01
1.670232466749081723e+01
1.654753454438236204e+01
1.765878320682020330e+01
1.845651236897912284e+01
1.806637585002209079e+01
1.791124417756491383e+01
1.873177801910229689e+01
1.752871721353610113e+01
1.832220866227294565e+01
1.911594923199116636e+01
1.872709257608090994e+01
1.783103058538865326e+01
1.696772883026294565e+01
1.527805957189767305e+01
1.402190958316364799e+01
1.529307079612142495e+01
1.656319570906115857e+01
1.736317356688897817e+01
1.740016054226444098e+01
1.761896630408690712e+01
1.834995590439224955e+01
1.833367325231657219e+01
1.870632083189054029e+01
1.925995244539505435e+01
1.967041734465099623e+01
1.969476813582441110e+01
1.932778572587115562e+01
1.892419512177184160e+01
1.842854849575580545e+01
1.815309857838918006e+01
1.843733850988347456e+01
1.783697514069923429e+01
1.686129503804552243e+01
1.811260252114908198e+01
1.820373021158245663e+01
1.731853536243425751e+01
1.703134764215987573e+01
1.743875403684649683e+01
1.713438307843452080e+01
1.575656782234031361e+01
1.469019686827021154e+01
1.598679765667303521e+01
1.799704776996213340e+01
1.716844005686509789e+01
1.550650401270093148e+01
1.621287995468154008e+01
1.546869452757456109e+01
1.407214472462705679e+01
1.411898529108925082e+01
1.444075727933488018e+01
1.468078913707116406e+01
1.581623790093301629e+01
1.707426815484312854e+01
1.821637856455335580e+01
1.843486552330037043e+01
1.763526706057048798e+01
1.652754035866842841e+01
1.568206278604741044e+01
1.407042041335184202e+01
1.142859698362394028e+01
9.109084429681001183e+00
1.126144605775171748e+01
1.244331888989116131e+01
1.134225469705292433e+01
1.140583825674764817e+01
1.316949819686432299e+01
1.526023973450702265e+01
1.520907561163438970e+01
1.671135039225780261e+01
1.753830627437440270e+01
1.828422937263210102e+01
1.916884742829620336e+01
1.938762433230529680e+01
1.913985048114777854e+01
1.880309458371353415e+01
1.806150157622404961e+01
1.617342813405769064e+01
1.450048363278306063e+01
1.516435668383312141e+01
1.562267169236540809e+01
1.660894989621070650e+01
1.761507315634108295e+01
1.815472358818197307e+01
1.864011458553035894e+01
1.881706755690456490e+01
1.881273203279920736e+01
1.822131065985724163e+01
1.636111584497686522e+01
1.260826366425080458e+01
1.095160747672065149e+01
1.147575952305925640e+01
1.220127822847476651e+01
1.302513935448123483e+01
1.423821162893307068e+01
1.563892324166375403e+01
1.574524434912774318e+01
1.552390327433038486e+01
1.650557220405681491e+01
1.678589816188460659e+01
1.583253342344721837e+01
1.423747940240517451e+01
1.251776431579929216e+01
1.230228054515930225e+01
1.300420926102076358e+01
1.199999956967960202e+01
1.168994605644230766e+01
1.379206581298008416e+01
1.628218122381545641e+01
1.787359661186369664e+01
1.789460441401640978e+01
1.701918513679664002e+01
1.606692087536554681e+01
1.526552552183422407e+01
1.452924039626284625e+01
1.354898710244546578e+01
1.524701249493610611e+01
1.757772847250950576e+01
1.808496171620527448e+01
1.672458054543546879e+01
1.601591360249663509e+01
1.809952857917723890e+01
1.861933297596329240e+01
1.793063392385477428e+01
1.685553868596133853e+01
1.689776466821342282e+01
1.803902860835311728e+01
1.852752524137411072e+01
1.835033121141097823e+01
1.645742725562420006e+01
1.303215418189033947e+01
1.249787596319620953e+01
1.307533959287082759e+01
1.207797014150362180e+01
1.049826624473611680e+01
1.057183188216053793e+01
1.440707550207138432e+01
1.718395358890678182e+01
1.790880816354462368e+01
1.730809968431753987e+01
1.642439986084691483e+01
1.677876486227033936e+01
1.769252142057810673e+01
1.858429693415441264e+01
1.892639082650162763e+01
1.906144441800446998e+01
1.928164047079009080e+01
1.873186669485894740e+01
1.749599529583705149e+01
1.543664246187031885e+01
1.191185578939420076e+01
1.249215066967707877e+01
1.374673566834180072e+01
1.431888556678305946e+01
1.443899235141255666e+01
1.496439949650417489e+01
1.686328310224366689e+01
1.824089466776984736e+01
1.885219545547067455e+01
1.871211460257048387e+01
1.843608538330755664e+01
1.829447465627384517e+01
1.867624087805668154e+01
1.864676616021883149e+01
1.819521605702959377e+01
1.806383643956887397e+01
1.827768044485583587e+01
1.846697710777588597e+01
1.861568041478748725e+01
1.798338694925297432e+01
1.697224975097052990e+01
1.641062066633411831e+01
1.664854904071222208e+01
1.685406952041777018e+01
1.741179296329895010e+01
1.840400566472714416e+01
1.831704470627471082e+01
1.713314192947431636e+01
1.552772276736396329e+01
1.444262009231434440e+01
1.461092641712693840e+01
1.382532119208140031e+01
1.281494006111073425e+01
1.089727634288196612e+01
8.619139438118260443e+00
7.671662777862223059e+00
7.933755523279717892e+00
9.501872408505493084e+00
1.393246072150642689e+01
1.644311503009831554e+01
1.654806989771736525e+01
1.682234685966529142e+01
1.571956388591939735e+01
1.297950579492930778e+01
1.217555197884686002e+01
1.154257041037399212e+01
1.140072829854829983e+01
1.354863635838893288e+01
1.522527229787987935e+01
1.351857797615709345e+01
1.130389213356727929e+01
1.375196733942299865e+01
1.386913036385638875e+01
1.162564530091975357e+01
1.274554607147996599e+01
1.539801843353968280e+01
1.647204825292596198e+01
1.645469932200989049e+01
1.627654100765967726e+01
1.590627241867410113e+01
1.479489379409942451e+01
1.360964508156025943e+01
1.443463016950649802e+01
1.527436681165250398e+01
1.645628227875667804e+01
1.754849982317702839e+01
1.709257135994986854e+01
1.549147656556760566e+01
1.405114189142866898e+01
1.187684823670828926e+01
1.053026384980946872e+01
1.010091850898252908e+01
8.248368073403620215e+00
5.943330883424056132e+00
4.842044863474286309e+00
3.485181566520093366e+00
3.718933380112372955e+00
7.266680557022339393e+00
1.141782280689353613e+01
1.326932464450372429e+01
1.294900841084869292e+01
1.080536397007166372e+01
1.078361052755057337e+01
1.056075013663640583e+01
9.508472458599225519e+00
9.902169230379508136e+00
1.201624633820152432e+01
1.417628659263103152e+01
1.566778778908413194e+01
1.658113303468776323e+01
1.604394432111382685e+01
1.653695763301402977e+01
1.725690652524380297e+01
1.732267995832620144e+01
1.746218170052733498e+01
1.688420794478987830e+01
1.508550188315618179e+01
1.410921065719519696e+01
1.286996310123585907e+01
1.113183690675983328e+01
9.805246974771145929e+00
1.014386870476219293e+01
1.083022467283580426e+01
1.114191644574762385e+01
1.031230175276670202e+01
1.018381770657409113e+01
1.116838605190456413e+01
1.210495037247755512e+01
1.345686362318997098e+01
1.380745861936728325e+01
1.274867288213282812e+01
1.265586957872456431e+01
1.303832438863507370e+01
1.139032312920300427e+01
9.192754375928226196e+00
9.178693700093431218e+00
1.040394982731077711e+01
1.233873706645941049e+01
1.399533717828259149e+01
1.523127518734519370e+01
1.618193078969405363e+01
1.642132493929420178e+01
1.626111830804871161e+01
1.664399869600449833e+01
1.666872376188084104e+01
1.651180892249848497e+01
1.731754657433404532e+01
6.470665775920301233e-01
6.470665775920301233e-01
6.470665775920301233e-01
6.470665775920292351e-01
6.470665775920292351e-01
