-1.273994562640375072e+01
-1.410714580486759573e+01
-1.500396658365749580e+01
-1.469563195376210452e+01
-1.467025828172966939e+01
-1.463531334726295086e+01
-1.396158987852558298e+01
-1.308178970995398060e+01
-1.274471992868986270e+01
-1.233740354477136592e+01
-1.172648292735235565e+01
-1.064602929614412119e+01
-9.273340142319812074e+00
-7.247970582953993102e+00
-6.607767282130065922e+00
-7.045642848526614266e+00
-7.088626973728458402e+00
-7.528329252429863061e+00
-8.840688235937644635e+00
-9.486811319051913216e+00
-1.027891010996466115e+01
-1.187150685059429023e+01
-1.217711816471129715e+01
-1.159113510942282232e+01
-9.930963569862129248e+00
-8.963098916865893884e+00
-1.177616293081972643e+01
-1.297478485091531830e+01
-1.143118805309737773e+01
-8.121486289750805554e+00
-6.443324881977773089e+00
-7.170526918531786364e+00
-8.576571676658071297e+00
-9.889850140286675639e+00
-1.050624171276964169e+01
-9.851800173808296535e+00
-9.531651690292447299e+00
-1.023372528788514835e+01
-1.004904654884182591e+01
-1.031259741168707578e+01
-1.100885768505822604e+01
-1.111429097466142935e+01
-1.010885518988866849e+01
-7.963745821713730244e+00
-7.820297392373930734e+00
-9.602656484543212301e+00
-1.168195601631687097e+01
-1.241869870784712404e+01
-1.161897789027788086e+01
-1.097499369581096218e+01
-9.802665712898662065e+00
-8.103219162058406866e+00
-7.393924909853756056e+00
-7.632630535343392530e+00
-8.517687611443406581e+00
-9.971538549129226325e+00
-1.072910520142194812e+01
-1.049141479691559198e+01
-9.673671993646481226e+00
-8.003022095871346053e+00
-6.435502878061164722e+00
-5.503244194386572197e+00
-4.548871647205345425e+00
-5.124617558468506751e+00
-7.521992583857848302e+00
-9.952804656595025889e+00
-1.100493623102038399e+01
-1.095407128406899311e+01
-1.045211679329979582e+01
-8.856031673051218078e+00
-6.423069911726503101e+00
-5.068592120755342378e+00
-6.248044387076864048e+00
-6.788031777636213349e+00
-5.343958883810498328e+00
-4.394249723590997192e+00
-3.853281016999340114e+00
-3.925383995758135125e+00
-5.121196436938718399e+00
-6.259751152684034814e+00
-7.765800250685744643e+00
-8.654265257565844749e+00
-9.011818036175254676e+00
-9.340467255198779739e+00
-1.016490977791745820e+01
-1.113379050325355735e+01
-1.213298137095060625e+01
-1.287745560114397136e+01
-1.165754260054855429e+01
-1.062477085203994420e+01
-9.781063060410385646e+00
-7.906293347028947593e+00
-5.899344830837361719e+00
-4.482761260461698427e+00
-4.665867633907799572e+00
-3.259231089893958710e+00
-1.810701122558947329e+00
-1.886630646270854195e+00
-2.370391495610003840e+00
-3.820082628944992731e+00
-5.559973822752659167e+00
-7.015445831544967703e+00
-7.669320675618943817e+00
-7.139027601170755410e+00
-6.431700554345964882e+00
-6.210332446313528543e+00
-6.718916424935334142e+00
-8.773057158021455137e+00
-9.295503290916995454e+00
-8.494361477675314021e+00
-6.298710043896151412e+00
-2.684733876676836939e+00
-3.312728805035868862e-01
-1.497508160223215423e+00
-2.510298955657188191e+00
-2.052705232633525334e+00
-4.071977207082523087e+00
-5.818256789110244576e+00
6.470665775920301233e-01
6.470665775920301233e-01
6.470665775920301233e-01
6.470665775920292351e-01
6.470665775920292351e-01
6.470665775920302343e-01
-5.267680982069155249e+00
-5.002377835381678572e+00
-5.183719461472618306e+00
-5.885258388401649832e+00
-5.899776127918087809e+00
-2.268144439255391998e+00
-2.368066671657865774e-01
-5.914812887252300921e-01
-3.125030471613857941e+00
-5.896160046479288042e+00
-5.174379735951539772e+00
-4.795224316470116044e+00
-5.436542208223954731e+00
-6.009880906423703983e+00
-8.332651502771975416e+00
-9.801480324816530754e+00
-1.015082337535486801e+01
-9.630335304933137053e+00
-9.174518669595659759e+00
-1.001868403237643967e+01
-1.169416158923646698e+01
-1.374950390607737916e+01
-1.487005314102067643e+01
-1.518673573122494247e+01
-1.455207441253521061e+01
-1.198460336445712748e+01
-8.202305783655047478e+00
-7.387987939011014582e+00
-8.386029651125445739e+00
-1.054909274268420738e+01
-1.388896861679575245e+01
-1.573455279656418071e+01
-1.648547414298697333e+01
-1.663360315589998706e+01
-1.594878699078465267e+01
-1.557059199657010140e+01
-1.512300402750855355e+01
-1.400802666921990713e+01
-1.273085532922941532e+01
-1.106249037323839701e+01
-9.353052825035547357e+00
-8.459176464116257677e+00
-1.042614714634991913e+01
-8.060714216657991926e+00
-2.774891577645231866e+00
-3.952733492096364376e+00
-5.001100653982971878e+00
-4.111437440054702463e+00
-4.876536748610586613e+00
-5.094843978042487009e+00
-3.846055268543225214e+00
-1.099340310686997002e+00
-3.116971573108225257e+00
-5.794449285999726307e+00
-4.954137747560592331e+00
-3.562331653975258750e+00
-2.773589729354904332e+00
-4.535423099011347325e+00
-6.472223162874144009e+00
-6.431110065942993614e+00
-6.880990757587000850e+00
-8.263958276718948781e+00
-9.675135647501560854e+00
-1.002579078776448362e+01
-7.095210464017507768e+00
-4.685047557133548146e+00
-6.681438197700100723e+00
-6.450869825572930871e+00
-4.483055761235229753e+00
-5.775604491452352107e+00
-7.324681071355223949e+00
-8.626811489926094367e+00
-9.091114845718337278e+00
-7.740982631649894863e+00
-8.774493396561464209e+00
-8.961085386538931274e+00
-8.023312091371483490e+00
-6.079417751366463563e+00
-4.834840108435294326e+00
-7.221851751265633723e+00
-1.056468347804169738e+01
-1.157894224949772344e+01
-1.052200882379387537e+01
-1.098122327606415993e+01
-9.623134483458517963e+00
-7.013020716462053272e+00
-7.576344286478401635e+00
-9.510599250754165013e+00
-8.626389907673699398e+00
-8.658563285153519473e+00
-1.083303876981623581e+01
-1.209801327159865458e+01
-1.147741065231322644e+01
-1.024192726247680696e+01
-8.766612771373567981e+00
-5.297583596088884406e+00
-3.642762140366467616e+00
-3.930783191320825321e+00
-4.816075643052744049e+00
-6.337452078460134253e+00
-8.308468835769847516e+00
-8.830050956612339519e+00
-8.422210840249610087e+00
-8.872681068616945055e+00
-1.073023764338578445e+01
-1.358106339796436934e+01
-1.512867078371736618e+01
-1.509125145511049482e+01
-1.459241424081569782e+01
-1.485870437448210524e+01
-1.505187454697976790e+01
-1.472834695632581692e+01
-1.413129780006544856e+01
-1.298113598291410398e+01
-1.067515754043817466e+01
-9.414764811148490509e+00
-9.526836689668146008e+00
-1.066939648321629441e+01
-1.119126736514205156e+01
-1.136030741742094996e+01
-1.162001895756134573e+01
-9.905005905269895550e+00
-6.104738341208038932e+00
-2.492398945793487197e+00
-1.597521917732333874e+00
-2.892995348276731882e+00
-5.185032263488137616e+00
-5.478160730961159963e+00
-5.049410457537548247e+00
-6.272192872082445803e+00
-8.818928467243566161e+00
-1.151134848285731849e+01
-1.038356731908599251e+01
-8.920090519935076401e+00
-1.026537106514334496e+01
-8.993272454246636016e+00
-8.945530093827308349e+00
-1.045928986265582594e+01
-6.352672050335172571e+00
-4.667641347645221650e+00
-6.002793025440995578e+00
-5.505482845763819633e+00
-5.691314902311898294e+00
-7.919885509782567112e+00
-9.462197180610278480e+00
-9.107687367820778590e+00
-1.008405845322006300e+01
-1.218314534218769118e+01
-1.162390233282670060e+01
-1.000174569571712446e+01
-9.061064524096705597e+00
-6.374256473480749641e+00
-5.136635990014743136e+00
-4.400616067614964599e+00
-5.614025313393486094e+00
-8.868974389005909842e+00
-1.143152377883445858e+01
-9.999134153808009629e+00
-5.017476391412277081e+00
-4.415493633826898190e+00
-1.655191488010258949e+00
-1.768081268886685153e+00
-5.372674659011075882e+00
-5.454174471671133340e+00
-3.574018866822004981e+00
-4.429937717043392453e+00
-5.327067042972911892e+00
-6.409007367536274202e+00
-7.999588726766432956e+00
-5.792620504985778851e+00
-5.882357294018732752e+00
-7.704900933827874887e+00
-8.861637562885352537e+00
-1.067256004451679274e+01
-1.106068000341396917e+01
-1.164074642744588850e+01
-1.211166484397484489e+01
-1.261372093112881387e+01
-1.336343407296907770e+01
-1.285101966180902977e+01
-1.361184625048561969e+01
-1.465227154555149447e+01
-1.558923301236487902e+01
-1.651837414185396469e+01
-1.716516573517660760e+01
-1.731181899644319699e+01
-1.700740791706816424e+01
-1.601892220900923292e+01
-1.508761834037001925e+01
-1.365960018167141143e+01
-1.428916932972777154e+01
-1.441791989199188251e+01
-1.366103000354844177e+01
-1.501157214107566418e+01
-1.584996146882816959e+01
-1.598661341538654490e+01
-1.584215228893010163e+01
-1.555501160758632295e+01
-1.431641095596303614e+01
-1.479492892830284489e+01
-1.610003166123934548e+01
-1.641996870797597197e+01
-1.664961076427005437e+01
-1.666262796189663220e+01
-1.622536807137698744e+01
-1.637038779567672719e+01
-1.608697709680026833e+01
-1.632961591609381458e+01
-1.710148790819012277e+01
-1.660003845099292974e+01
-1.289335289029368603e+01
-1.074838652668470651e+01
-1.100872199004757057e+01
-8.894960110977750745e+00
-6.407303272351621004e+00
-4.467807539048493481e+00
-6.082871654723078336e+00
-7.899735924678757293e+00
-9.932790262287578997e+00
-1.146940138836604284e+01
-1.250895937162720806e+01
-1.344007759133051927e+01
-1.437843753449768158e+01
-1.471545788309199487e+01
-1.298538248394269523e+01
-1.150452040949170041e+01
-1.233718332670822093e+01
-1.473271788852400910e+01
-1.542635206582605356e+01
-1.409979041898353103e+01
-1.206320112947729406e+01
-1.033986338984439968e+01
-8.352703881450922907e+00
-5.998558638315413027e+00
-6.104371981514773893e+00
-8.146458678259239861e+00
-9.936163468762146067e+00
-1.031827730396271114e+01
-1.204365390064440788e+01
-1.308105962898008912e+01
-1.238024669841794179e+01
-1.127390873485127898e+01
-9.017846363166894363e+00
-5.763423734071596805e+00
-4.639460357967396753e+00
-6.273571812495041478e+00
-6.350612452444462264e+00
-6.797371165880034205e+00
-7.393113774258440962e+00
-7.120467884108568235e+00
-5.484427047803146493e+00
-2.522143990386145340e+00
-3.375827070279852293e+00
-4.580963417717349273e+00
-3.071513323790585392e+00
-2.568921154331349488e+00
-5.277088990242497779e+00
-7.462039747050554617e+00
-5.766779748321711807e+00
-3.254221920993819239e+00
-1.471153500612005116e+00
8.516763488687438821e-01
3.619626076030336481e+00
3.999796870371202129e+00
8.815739843303039835e-01
-3.256753275593750718e+00
-6.519390486550112662e+00
-4.930650457516996710e+00
3.650864021414200078e+00
3.172437901398747151e+00
-2.867888732266028473e+00
-7.402605684015015619e+00
-9.917853365091502837e+00
-8.808439109771134312e+00
-9.770088059712074724e+00
-1.100358018149285755e+01
-1.121248051547967428e+01
-1.056301067912471936e+01
-9.223405018535842714e+00
-9.011133163772642618e+00
-6.951151488829212965e+00
-5.235239255361754829e+00
-6.875923577509600371e+00
-4.742971456578164435e+00
-9.594450912434142609e-01
-1.264989974505123183e+00
-1.520504924504932465e+00
-3.085253549335991163e-01
-1.099964693347651234e+00
-2.552861844953196790e+00
-5.457642431092146751e+00
-7.687363225127078259e+00
-7.734535004589615959e+00
-7.960074065720983860e+00
-6.682589804712683268e+00
-3.268505718952086969e+00
-6.094510127458331539e+00
-9.005624911770686580e+00
-5.104890998537397806e+00
-3.078971660324333559e+00
-4.280123931704269857e+00
-6.042631245654828120e+00
-6.005613467403946970e+00
-1.494285072977129536e+00
1.748959737705412687e+00
1.536268837350702521e+00
3.207138841802339435e+00
6.277374792656432057e+00
8.395559446915239477e+00
5.434559416685409872e+00
-5.726049765859621665e+00
-9.663360683255239891e+00
-9.068318776715905472e+00
-1.153548744641738288e+01
-1.111139402756903216e+01
-9.470840241586383712e+00
-1.059001356783378789e+01
-1.174717241552016134e+01
-1.266169661162328453e+01
-1.270724064433746037e+01
-1.259736599100441445e+01
-1.278151499187188911e+01
-1.149683084387824472e+01
-9.596248288255793568e+00
-7.233065151538150772e+00
-4.410754874100347500e+00
-2.991253155862398483e+00
-2.962549480190459050e+00
-6.410121650548557426e+00
-9.243077168829673340e+00
-1.031233639684014847e+01
-1.135542057499041135e+01
-1.105890517585002009e+01
-9.351383531563698170e+00
-7.160901429560154519e+00
-5.108881596694835103e+00
-4.165734034803986852e+00
-6.006963313714530628e+00
-6.218029703688112697e+00
-5.235363772236151014e+00
-7.539640928792424646e+00
-1.195521055561941282e+01
-1.465613257455279417e+01
-1.420501065157979070e+01
-1.369335599251214752e+01
-1.442037521481289453e+01
-1.423810065570256178e+01
-1.300992012794387165e+01
-1.161445769990534060e+01
-1.067511713007866270e+01
-9.077160461678337455e+00
-6.564705796283800687e+00
-5.897479670369149218e+00
-7.360998332546766498e+00
-8.548683482990730553e+00
-9.927528035805130102e+00
-9.350935724871467514e+00
-6.209037864997657863e+00
-5.605666788893127084e+00
-6.666866496695314837e+00
-6.512504115450509445e+00
-5.638926338516894177e+00
-5.205842377842313518e+00
-4.393805829092833015e+00
-4.878916905309460539e+00
-7.863715251594269873e+00
-9.593300454181260761e+00
-7.506051833803537576e+00
-1.614769458832957083e+00
-3.193079852098041904e+00
-9.027690694546823380e+00
-1.071518703178262300e+01
-1.195713235148550346e+01
-1.235421463251471152e+01
-1.257591605221729303e+01
-1.313460995701158041e+01
-1.334165132959846112e+01
-1.417030456795180449e+01
-1.461558934976447688e+01
-1.397870990685881942e+01
-1.248887739101336436e+01
-1.185748051493188449e+01
-1.074238140765091565e+01
-8.208613261726977584e+00
-6.417516736632362218e+00
-5.553780134731924889e+00
-4.386423508761875034e+00
-4.786107437409558685e+00
-4.121249887636364129e+00
-2.937748674785985337e+00
-5.008702522564441040e+00
-9.118150047578151174e+00
-9.885361730727318275e+00
-9.160887609544239751e+00
-9.701306302724447050e+00
-1.016268959135628158e+01
-1.156937480552900865e+01
-1.201472432989808681e+01
-1.068018583784643916e+01
-8.453546389927078408e+00
-8.067135104640348331e+00
-8.551849456860741938e+00
-9.213853599115465087e+00
-9.777502567730380179e+00
-9.730933801669378269e+00
-1.116786786967928613e+01
-1.286832930637665484e+01
-1.385511886761040223e+01
-1.387537254894416527e+01
-1.320006021387148465e+01
-1.263093393737107739e+01
-1.097007435371618556e+01
-9.931322164477398573e+00
-1.008621278368568142e+01
-1.024499044294291927e+01
-1.088665743191879187e+01
-9.877740296376849471e+00
-6.986297894952837595e+00
-5.989779825796941459e+00
-6.822892920127248573e+00
-8.044072279046750040e+00
-8.362450358644355930e+00
-7.307214529479469256e+00
-5.631964690659156503e+00
-3.923002071755531173e+00
-1.853949179027865934e+00
-3.188351002885210783e-01
9.150529108145428747e-01
1.595728776265921134e+00
-2.869186225711390037e+00
-8.504637706653630502e+00
-1.019878890630343093e+01
-1.114806114201396170e+01
-1.239456622748645920e+01
-1.386037578696917372e+01
-1.508893923968750173e+01
-1.535191378720713828e+01
-1.449250239731906653e+01
-1.382390617321188131e+01
-1.381437662290458412e+01
-1.353164839200567826e+01
-1.239965912691336136e+01
-1.157697286317274354e+01
-1.049383537325395110e+01
-1.031329769403052943e+01
-1.217227635849481437e+01
-1.368678586317568424e+01
-1.401662963572390908e+01
-1.228641890900319567e+01
-1.052829863881157912e+01
-9.799946951421906860e+00
-9.585359449782059116e+00
-1.006526868479084946e+01
-1.100148735203115358e+01
-1.076801481350499401e+01
-8.480200933522000994e+00
-6.755732773819569381e+00
-7.148883630540883161e+00
-6.134462670950971308e+00
-4.068927366126841250e+00
-3.652166238075926774e+00
-4.555797247009913953e+00
-6.629230881140249387e+00
-8.576061054133061745e+00
-1.038335200350028487e+01
-1.073799550754775289e+01
-9.919249991678846357e+00
-9.730925452160747113e+00
-9.901509562772892181e+00
-9.210029754331875651e+00
-1.036441117081268182e+01
-1.173119335651921347e+01
-1.295489495582042672e+01
-1.299971033030302792e+01
-1.189870411420620222e+01
-1.149902305706992323e+01
-1.208101067651667826e+01
-1.327129477367823185e+01
-1.210024485524575333e+01
-1.009374905706581771e+01
-1.083437639780159678e+01
-1.016573677857966551e+01
-9.153051126747204336e+00
-9.477541079546364600e+00
-6.363461955628832989e+00
-2.897746119191661585e+00
-3.887994217047489709e+00
-3.909408192268994942e+00
-4.247867378026255025e+00
-8.248639578591197008e+00
-1.203967812412388128e+01
-1.329989558719961806e+01
-1.407651054089568632e+01
-1.472702842385888289e+01
-1.434209952188872705e+01
-1.277017063731128133e+01
-1.073117345685654200e+01
-1.046220665243319026e+01
-1.017021751612752034e+01
-9.672259849613505267e+00
-8.100924757759415229e+00
-5.524768053045484351e+00
-5.648926711128846812e+00
-7.818037166835873464e+00
-8.769101211546965757e+00
-6.769670759667697268e+00
-5.170327919069049649e+00
-3.731344697184679315e+00
-3.493530797183877379e+00
-6.577478566803812043e+00
-1.148038570412455073e+01
-1.398435491930544927e+01
-1.344747747785922520e+01
-1.255288607672739154e+01
-1.331987060162241399e+01
-1.471418943111935107e+01
-1.485204699205954348e+01
-1.369785163423384411e+01
-1.235790807008450365e+01
-1.218252497556162517e+01
-1.193712397903312805e+01
-1.077391495228281748e+01
-8.621056888737882673e+00
-6.441871719692768394e+00
-4.573178085932664949e+00
-5.946002452706698804e+00
-7.879373687544628524e+00
-7.532469413113696888e+00
-6.610904177675000604e+00
-6.290725876916165582e+00
-6.445985467921503620e+00
-8.451122014310033848e+00
-1.033234645735543111e+01
-1.173427527476600396e+01
-1.286602832338764557e+01
-1.165162028316281528e+01
-1.095555913883999999e+01
-1.087812711567137214e+01
-1.110905081412208695e+01
-1.201036632959634431e+01
-1.252343848941795379e+01
-1.140803813001343947e+01
-1.019642933209274993e+01
-1.019851904342050908e+01
-1.016780297021246326e+01
-1.079179672460908535e+01
-1.097027085087253262e+01
-1.214114002468157238e+01
-1.428386925851546430e+01
-1.498228627065014251e+01
-1.530138788636318203e+01
-1.453745145820183815e+01
-1.396939729942086039e+01
-1.482662940936078222e+01
-1.516334842152877016e+01
-1.502261425789783367e+01
-1.447162925833498548e+01
-1.428520570231011355e+01
-1.543901502984092211e+01
-1.586099966025461860e+01
-1.543942777790246446e+01
-1.448356595517446799e+01
-1.307661099443833486e+01
-1.231173009792988005e+01
-1.122821291556505585e+01
-8.807831654835181823e+00
-9.206533478134147686e+00
-1.022802709279625333e+01
-1.079454568788209556e+01
-1.136093631782101987e+01
-1.215249500369025171e+01
-1.143745943077407112e+01
-1.015837262577494648e+01
-1.136247286336769413e+01
-1.086069653912894495e+01
-8.214407685765641176e+00
-7.913443381017708944e+00
-8.690323227781838966e+00
-8.514002939243214385e+00
-9.056662292651500579e+00
-9.709896741811260057e+00
-8.291447074554737284e+00
-7.846495910945305852e+00
-9.007579861380786923e+00
-1.107177883817787922e+01
-1.270391616386637068e+01
-1.233640819292147661e+01
-1.316144652445071372e+01
-1.403940464878072802e+01
-1.409552296129388615e+01
-1.422292556907548722e+01
-1.368554407659306271e+01
-1.298572188939893479e+01
-1.338621007605500424e+01
-1.304592286306206539e+01
-1.194306745564442984e+01
-1.076433892188505226e+01
-1.068150668635865763e+01
-1.037695560770980130e+01
-1.068717061318749728e+01
-1.309324082558887348e+01
-1.490274889639149336e+01
-1.579340148670510935e+01
-1.593882689507526251e+01
-1.529443565667735783e+01
-1.344983330252391163e+01
-1.222407909042984997e+01
-1.284514942452897479e+01
-1.374683301389537249e+01
-1.228004168429869480e+01
-9.279591756142409054e+00
-6.692516821196530685e+00
-4.920851379207901388e+00
-4.620035514433887158e+00
-5.142196971409043194e+00
-6.167745561577667068e+00
-4.588060857093402944e+00
-1.999542985997512456e+00
-1.104824591558162261e+00
-2.916450825467582941e+00
-7.494727867306669289e+00
-9.565929297996282443e+00
-8.797501254331391962e+00
-9.616371586654992143e+00
-1.075773737123813056e+01
-1.050453586081700408e+01
-1.129240881796577511e+01
-1.177680938120011866e+01
-1.195553307024343148e+01
-1.152490204689864939e+01
-1.009949872749014155e+01
-1.013273671602397563e+01
-9.803320601068101325e+00
-7.326035051416663002e+00
-6.841372295464151598e+00
-8.937822999464053453e+00
-1.074712640920251161e+01
-1.223012981002673527e+01
-1.334745244822738108e+01
-1.248153623216607500e+01
-1.115962174965325993e+01
-9.677499960437890181e+00
-8.681119673043701468e+00
-8.574780994264862954e+00
-9.185341199555333347e+00
-8.360708564436830414e+00
-7.124703790252059576e+00
-9.074009623874349728e+00
-1.192108763227157731e+01
-1.305648076712121686e+01
-1.288864025699888849e+01
-1.140277049526969222e+01
-1.037469199143248844e+01
-8.960764159207288415e+00
-6.289213048386894656e+00
-6.418540479681262845e+00
-6.131740300652913866e+00
-6.091957722755322990e+00
-5.750154476627802325e+00
-5.891128246200511676e+00
-7.480920396011318196e+00
-8.437350657655761310e+00
-5.998048624797055695e+00
-2.747143668212556289e+00
5.023056416277432712e-01
1.578430540600410659e+00
1.504852524985634377e+00
8.704315907915687323e-01
-4.960011742240985622e-02
1.079244479685672886e-01
1.337335076737541595e+00
1.979186762387606491e+00
4.044080956508461000e+00
5.897481814463331418e+00
6.153483334849477515e+00
5.710916682102355146e+00
3.390628223174439793e+00
4.396594648540438577e+00
8.224631827898468472e+00
6.390809235863511795e+00
6.678582348584266581e-01
-2.248067793186625529e+00
-4.012055977240480686e+00
-7.252624535826004859e+00
-9.346229788412054873e+00
-9.427059276199059923e+00
-1.065475919938070604e+01
-1.021766164521135067e+01
-9.252157036950725555e+00
-1.018941301152728052e+01
-1.111236301239112478e+01
-1.160258871188514007e+01
-1.361179219742570368e+01
-1.433425051578911358e+01
-1.317669774207496225e+01
-1.223009538685112929e+01
-1.368641642594172048e+01
-1.511861534822772235e+01
-1.550483005150513449e+01
-1.511241801481919467e+01
-1.449486642438662720e+01
-1.357818306879365089e+01
-1.279303232319975336e+01
-1.153078851296699270e+01
-1.137686327269972608e+01
-1.081818600489051185e+01
-8.666142537060386175e+00
-8.755887741598062490e+00
-8.100366477855372338e+00
-7.386007535478303687e+00
-7.191575902154955457e+00
-4.329981579324235774e+00
-2.507116775140693754e+00
-2.917921034389625579e+00
-5.249255888936180448e+00
-8.165680235291766564e+00
-9.749122498074303422e+00
-9.223134665253329700e+00
-1.031952060194905485e+01
-1.176608689425761511e+01
-1.175133480642020167e+01
-1.089635298698999577e+01
-9.687209505101392892e+00
-1.084223351155151427e+01
-1.206376902013921182e+01
-1.427833199768147310e+01
-1.561500383477941867e+01
-1.391425238605224557e+01
-8.808183727757150194e+00
-7.691741353013818561e+00
-7.182018264190104695e+00
-6.430969985237599218e+00
-7.229974293395540208e+00
-4.831921997977573824e+00
-2.435665803251723549e+00
-1.461886246362539499e+00
1.470274675349695581e+00
3.208160257594510512e+00
3.261922025508652734e+00
3.084230458674945830e+00
9.579289011499542150e-01
-1.403848711396114668e+00
-1.945732755414482096e+00
-3.977390667676655500e+00
-3.171085054560989658e+00
-1.632445799323704927e+00
-2.333421418317533469e+00
-4.490911673326389852e+00
-4.987815703694690406e+00
-3.924330220341607500e+00
-5.556884468698364721e+00
-7.327820127534101502e+00
-8.450172899743002120e+00
-9.376966519368103548e+00
-1.141238047184205229e+01
-1.354723331512772511e+01
-1.511434062039458048e+01
-1.539138816272284771e+01
-1.411502660118590491e+01
-1.268542816645876847e+01
-1.105156415390807467e+01
-1.138654326880451784e+01
-1.230098418899555668e+01
-9.455732890662387646e+00
-6.643393659521145800e+00
-4.542302037015239158e+00
-2.596890216131749973e+00
-2.798819687089486585e+00
-3.905558232940396390e+00
-6.048444129985758977e+00
-7.520474817488078223e+00
-5.188304242194957006e+00
-2.107275331042473887e+00
-2.319788043941370947e+00
-1.929515787858707698e+00
-1.356757563111014919e+00
-2.384107958624417378e+00
-4.734219973864006725e+00
-8.035574599515275196e+00
-9.667663543606055399e+00
-9.889604116714393101e+00
-1.165787019634271360e+01
-1.312746633156448794e+01
-1.191531971641408916e+01
-1.089410218891253379e+01
-9.982240935918669678e+00
-7.466482636322284705e+00
-4.434535814747779803e+00
-3.942414285755841075e+00
-5.628356403407456021e+00
-8.685704834319853518e+00
-1.100702189149651211e+01
-1.225840400427130561e+01
-1.266131948923116113e+01
-9.427627962111497339e+00
-5.583431105481883705e+00
-5.710162731503878319e+00
-8.524162315821197211e+00
-9.015212255164566812e+00
-8.366845826016570342e+00
-8.183388763003742739e+00
-8.988560662883463337e+00
-1.227800237948624584e+01
-1.422065542345535150e+01
-1.419824684709343821e+01
-1.259818621800162042e+01
-1.205195844969901664e+01
-1.196037800489039427e+01
-1.169561642986766614e+01
-1.282040709898451603e+01
-1.150038989938517275e+01
-1.035350036981421873e+01
-1.234939822885662331e+01
-1.195042266790270524e+01
-1.157920423093292328e+01
-1.127523449590886351e+01
-1.018672222504321567e+01
-8.985909020770902700e+00
-7.990728155111699316e+00
-8.991625988379112755e+00
-9.863573698675121904e+00
-1.030168557630086035e+01
-9.470661669146016592e+00
-6.122676666861253558e+00
-2.424771211928155701e+00
-3.003323964822787850e+00
-4.013150408249872569e+00
-4.454983651538219291e+00
-3.915254804818258716e+00
-9.645900701670555577e-01
-3.504721206002118894e+00
-7.970040124918185143e+00
-8.776125792409484205e+00
-9.123750050957852409e+00
-7.267862294115066568e+00
-4.228549510311286674e+00
-3.915253107651030628e+00
-5.173496862152359377e+00
-7.021868518306056295e+00
-7.299531394475033075e+00
-6.715229534260057420e+00
-5.571003777170246529e+00
-4.853232609769727368e+00
-6.756079123821034038e+00
-8.090775834334900551e+00
-1.006288205724590057e+01
-1.100834341235662528e+01
-1.087131082659420755e+01
-1.207972144293774086e+01
-1.196942771936988414e+01
-9.896329872134973726e+00
-8.698593543748772916e+00
-7.966388378348785437e+00
-4.356973785808545330e+00
-2.556601546630364319e-01
6.971375681976358374e-01
2.655325165128626708e+00
4.366004786330046628e+00
1.446946362477724124e+00
-1.741586130571190827e+00
-3.368288534623286701e+00
-4.886706888741433552e+00
-8.259442785592748137e+00
-8.995081878199533421e+00
-4.991733688083834330e+00
-1.741791247941048226e+00
-1.156686571055998369e+00
-4.281325953343539936e-02
-2.158002909417438442e+00
-6.285813365684633780e+00
-9.285299343103316616e+00
-1.108942130438167339e+01
-1.339900859030044522e+01
-1.492282510426476705e+01
-1.486702898984803944e+01
-1.337956750611627399e+01
-1.096300267058041911e+01
-8.732136671227703317e+00
-8.937826573081004256e+00
-9.993180354541511434e+00
-9.149684153276499643e+00
-6.922457570492577261e+00
-6.074060868930660995e+00
-8.094196318427904657e+00
-7.869715412943794952e+00
-7.063833244085887308e+00
-7.210666503546063311e+00
-5.429946578762570475e+00
-7.267603112721733538e+00
-1.042539695305159952e+01
-1.010078507731231845e+01
-9.129640254647082287e+00
-7.262946488068442008e+00
-7.154156754985797839e+00
-6.949149646962298199e+00
-4.938500508348316664e+00
-1.769102353794723692e+00
1.283450204083850021e+00
3.848574474570188864e-01
-3.599952993442377291e+00
-6.520561137735695567e+00
-7.400861284780510196e+00
-6.833189067809882999e+00
-7.941841746886113107e+00
-9.377833492046775632e+00
-1.001487344253796685e+01
-1.113138255740888916e+01
-1.182361211306712256e+01
-1.258055728015089869e+01
-1.072629230044329240e+01
-8.064873485163776223e+00
-6.484342205077454402e+00
-3.892692999132043585e+00
-2.748997014058832900e+00
-1.167317970786988957e+00
1.698451029826716363e+00
3.263989280228669188e+00
4.690704540549339718e+00
5.994236880928138334e+00
4.870851438075084694e+00
1.975124787592788200e+00
-1.013207840383166358e+00
-2.754758788075502896e+00
-3.175117747521368106e+00
-2.368719578307425966e+00
-3.003454199699562732e+00
-3.948328924316594879e+00
-5.478189815156488507e+00
-9.315307352944813601e+00
-9.225311525265592394e+00
-6.537311148569745711e+00
-4.438229716147824355e+00
-1.307173025437851521e+00
2.939124568983125574e+00
4.272332249354826139e+00
2.390445930438526823e+00
3.008679685487436917e+00
5.755841097727779854e+00
4.872292084338750051e+00
1.855128087666439551e+00
2.520323474429607025e+00
2.329018484649706178e+00
2.381296985136323041e+00
2.824531440798314641e+00
1.946375042737785277e+00
4.333101723827505580e+00
2.302809327815847240e+00
-2.082744065407434508e+00
-2.110005114698769280e+00
-1.650313139796046435e+00
-2.671738793015693947e+00
-1.124895171598069732e+00
1.117165813612199576e+00
-3.267079285266495159e+00
-6.814929700462871054e+00
-5.420273095070761826e+00
-2.796558603734692561e+00
-4.350317018258706425e-01
-1.523637242958941984e+00
-4.879378181189655272e+00
-5.820290091842548641e+00
-4.028721787578115610e+00
-3.475435016839417912e+00
-7.001913085935160375e+00
-8.405531336299773670e+00
-8.697277569158073263e+00
-9.718206530984014435e+00
-8.445134382156732400e+00
-5.801767799029613926e+00
-5.104005790782685459e+00
-4.861434185059287927e+00
-5.771142603927516213e+00
-8.911668533263471303e+00
-9.806678672524530072e+00
-8.220930851971433029e+00
-5.649503089748796114e+00
-5.008518275719205270e+00
-6.871912185831416053e+00
-8.638316323232837490e+00
-8.974386958166583383e+00
-5.960748359342784575e+00
-4.491607699353162175e+00
-4.689969117393877340e+00
-2.007367770230887860e+00
-2.819071288547839949e+00
-7.524741336516198587e+00
-8.956570261662726296e+00
-7.144159992467898235e+00
-2.907083666550739132e+00
-1.200695849640059376e-01
8.529301961007166311e-01
4.054903945705690127e-01
-4.687738552973967354e-01
-2.887796300771598990e-01
-1.897648655874554446e+00
-4.916335729771048157e+00
-7.059782311838741720e+00
-6.771185162008085179e+00
-3.243808813631303245e+00
2.603066613962187054e-02
1.399419140434555286e+00
2.975624939216899634e+00
3.804590838420716103e+00
2.870685158559268313e+00
2.774108311809643235e-01
-2.846711280214628825e+00
-5.145814512093997983e+00
-6.662369167860144437e+00
-8.313094634503249480e+00
-8.433998960398660927e+00
-7.832906315905022510e+00
-7.248979416858500890e+00
-4.091640295508871539e+00
-3.799696202966862946e-01
1.949975924330637822e+00
4.144461510122909864e+00
5.293922698144598371e+00
4.155342952001211287e+00
2.586773073081317875e+00
1.719335636564889302e+00
1.076185095367828692e+00
-9.641036107637671604e-01
-3.107937626511517060e+00
-4.474785425537879391e-01
9.252636589263709688e-01
-3.950419153067730171e-01
-2.635602597360774180e+00
-4.154180455313780662e+00
-2.117248962385629429e+00
1.622580000068296391e+00
4.346056537755115912e+00
4.138248975248290051e+00
1.928891891552096949e+00
-7.643358892231187918e-01
-3.985156343335105600e+00
-5.756242849596647559e+00
-5.789256328790825634e+00
-5.380285362058526033e+00
-4.469716114133658103e+00
-2.818030898885102165e+00
7.603634725530673544e-01
2.946534852983232255e+00
5.489666161678533385e+00
8.798181272880132298e+00
8.251374853951160659e+00
6.447721847955184771e+00
5.289666621708851935e+00
1.876727983277466816e+00
-1.840055645199521805e+00
-1.761387278014234115e+00
4.764617617232495550e-01
4.010811407363027215e+00
6.926225943693147258e+00
7.635808658058740761e+00
4.798812747893903996e+00
-3.710793818414921952e-01
8.221403896447502246e-01
3.209252694009569140e+00
1.507036398696018908e+00
2.413556659888658473e-01
3.434105120224751340e-01
-1.061479619125711704e-02
3.785426150017716096e-01
2.483419061255502491e+00
4.332852985699505943e+00
6.638024225929291866e+00
9.337914159457278984e+00
1.062233157270117978e+01
1.187769865403847902e+01
1.363161073861822814e+01
1.345265290105505862e+01
1.188096298594671296e+01
9.242678051134211259e+00
7.176263796529983807e+00
9.337777024098535605e+00
9.011205670859022021e+00
6.376757397585573806e+00
8.460399391382219747e+00
8.534339186006789646e+00
7.438349098221444855e+00
8.324469959616138226e+00
8.237043144580141529e+00
7.338934493927398606e+00
8.609410781015867542e+00
1.089237079273049069e+01
1.064460017566984362e+01
1.045199062350290120e+01
9.533682017923228003e+00
7.388075355938778621e+00
6.453584636379015471e+00
8.003724230912768078e+00
9.533807920352881382e+00
7.919503270143218643e+00
4.206799834277274996e+00
1.401442346258821026e+00
1.914458099386774137e+00
3.117432282325064197e+00
3.239415482101209331e+00
6.535724760002205258e+00
8.890554240484885185e+00
6.592712813099324443e+00
4.189875662309038518e+00
4.277624802071740895e+00
6.519863128930244223e+00
8.256024382422916474e+00
7.731270296924970253e+00
5.733291362489819853e+00
3.597643313951828237e+00
2.397448371124495381e+00
2.945412906699480526e+00
4.728640669853833245e+00
6.929917720071887111e+00
9.493524728042043392e+00
1.190098334836830851e+01
1.311102561958129442e+01
1.186436095523239942e+01
7.917833523747085600e+00
3.796429100876076213e+00
1.882275633945674320e+00
2.384868690611758879e+00
4.838151115311537964e+00
7.307396765954640827e+00
9.862178744059693969e+00
1.107417074174929184e+01
1.180177985537819296e+01
1.353321946212916416e+01
1.467524931751646378e+01
1.543170803372655442e+01
1.560666451189684878e+01
1.403420502631141886e+01
1.147640476898388684e+01
8.785539398961761393e+00
3.606312456437923419e+00
-2.054878970337452149e+00
-4.985580225681288447e+00
-1.917569549270289331e+00
-4.959616378800255077e-01
-1.203135622475080213e+00
1.450652805234863951e+00
4.970031904184200933e+00
8.363291078341546836e+00
1.065599912381943426e+01
1.202833583854654265e+01
1.311020153099802066e+01
1.342295759586075121e+01
1.171756458331266337e+01
8.573193283910578444e+00
6.703904401199330287e+00
7.503323627673443852e+00
9.432994385942713222e+00
8.106997937667150822e+00
3.892678077957727023e+00
2.415236756072749014e+00
2.406399195123946733e+00
2.944005564712975698e+00
6.203793663434923999e+00
9.191643465898891918e+00
9.703007183152655202e+00
9.816432999671677706e+00
9.281494655559285434e+00
5.271129467175752481e+00
2.413746910202714258e+00
6.072887953970484975e-01
-1.326376108942768584e+00
-8.669712345334917858e-01
1.167923363079295673e-01
1.459826933170438101e+00
3.754005208547388950e+00
5.742949627998065409e+00
6.039604674755368663e+00
5.430432455880994880e+00
4.077631689239275659e+00
3.049255397560916236e+00
4.790121763847079883e+00
7.736728813729977006e+00
5.464807439034700565e+00
3.542348148376017303e+00
4.751739677836932962e+00
3.503389851691101065e+00
1.922682956843873914e+00
-4.393616053156477741e-01
-3.024398230363502638e+00
-1.974828073296602815e+00
-6.317504803240997502e-01
1.933525067450207052e-02
2.431205848251452473e+00
3.721249995787447862e+00
4.517457700772328444e+00
6.851931144609366697e+00
8.989729685318030405e+00
1.060239914757959845e+01
1.363822692800775371e+01
1.520774855110370005e+01
1.578673057869956686e+01
1.691093194240866282e+01
1.672939851987489490e+01
1.463617602492858616e+01
1.329307553640263784e+01
1.222981105580311834e+01
1.158849996292935458e+01
1.230288951086637894e+01
1.343871146791452809e+01
1.410310306468888797e+01
1.518052950470566387e+01
1.636810927754598666e+01
1.529078617058404532e+01
1.177804663045974465e+01
8.786584904592588785e+00
7.923561919831946909e+00
8.687805783300035500e+00
9.001426348575698455e+00
8.921546487522478586e+00
1.195180316402519516e+01
1.344457508098457410e+01
1.406090256979461728e+01
1.570127254443265308e+01
1.640930652937699108e+01
1.435155819153404266e+01
1.044154914785099564e+01
1.004903960429702892e+01
1.127154718710232295e+01
9.759888964254011867e+00
9.333244389391852636e+00
8.906079069587644170e+00
8.144035066790319632e+00
7.285996406997406361e+00
7.058112187208130273e+00
7.751471470985560330e+00
6.043617727013239183e+00
5.357422864645216443e+00
5.085071233367257193e+00
3.094090833944057817e+00
6.510333210400939263e-01
1.002409056307392632e+00
2.766674792944773476e+00
5.138986015242990923e+00
4.697022045014658254e+00
2.171959575485495897e+00
-1.082263890542544960e-01
-1.503003235056043385e+00
1.471216640504936946e+00
5.726191766899376923e+00
8.912621030161309577e+00
1.026661887898410086e+01
9.483444100503680474e+00
8.967532751671450697e+00
7.353729976930344137e+00
4.615195238650859899e+00
6.345905907748941921e+00
9.670958694778951426e+00
9.720698256888848476e+00
8.063815501872550584e+00
8.247456715401799698e+00
1.113451142937382699e+01
1.484863678655219132e+01
1.657059180772488816e+01
1.593541503475968035e+01
1.531036095444529899e+01
1.475495899330090843e+01
1.406296077432367753e+01
1.347046103975272580e+01
1.383355259524724445e+01
1.296952932164521322e+01
1.252469845867613252e+01
1.210789993247471052e+01
1.007095403469108419e+01
9.187601820743038772e+00
7.389795177907938495e+00
5.321850729334765440e+00
4.412765440545336482e+00
3.710923615878758852e+00
4.325504810855337112e+00
7.300993064533816579e+00
1.070849157432447463e+01
1.248036678181082060e+01
1.194408000399178071e+01
1.015827385299348329e+01
8.691212653483553652e+00
7.207287265973093326e+00
6.235123674710855823e+00
4.096291170511969781e+00
5.069212237604580062e-01
1.661996055678938378e+00
5.004960394898561482e+00
4.762341909537551210e+00
3.792170056372787812e+00
-3.639852736795855526e-01
-3.622242592927144678e+00
-3.430579538257120031e+00
-7.047094254752980236e-01
4.367411281017190561e+00
7.803300786189738325e+00
8.512777024145565363e+00
1.021128641974650897e+01
1.332479614535685464e+01
1.309634022089493577e+01
1.108822495619060788e+01
1.138411636991192033e+01
1.283379932386389122e+01
1.370206633304785093e+01
1.364185487573233857e+01
1.252849030641064232e+01
1.019951319449987004e+01
6.801778758935736136e+00
3.343721355170859777e+00
2.746528621458662389e+00
4.263679575582185244e+00
7.133115516759617414e+00
9.851106039294096561e+00
1.015214653156717795e+01
9.141104258611095545e+00
7.888931890594603757e+00
5.168353478525523848e+00
3.810784380498438928e+00
5.513867848964693508e+00
8.838540382122385353e+00
1.234387389439399740e+01
1.435275893952639414e+01
1.552888423228207593e+01
1.627281955585244333e+01
1.640582267634606950e+01
1.531984001696605624e+01
1.302293016327114117e+01
1.041853895835343913e+01
8.963085537006731940e+00
8.943983181758316192e+00
9.912166702075023039e+00
1.106775762784680595e+01
1.264054917778934595e+01
1.356932562564542089e+01
1.446786033463643228e+01
1.419520319587678969e+01
1.215261452949949650e+01
1.078780254600797406e+01
9.342007486031622676e+00
9.112403002443354438e+00
8.322329924499348053e+00
6.214197184368871696e+00
3.973600664087367562e+00
4.667174411784478671e+00
8.222635006762175180e+00
9.944999557797986611e+00
1.289242813761898176e+01
1.506563168174701417e+01
1.569088253229775809e+01
1.600955182197069959e+01
1.715963981955251327e+01
1.775386014882650443e+01
1.663764492939858286e+01
1.557921224543108529e+01
1.471298226949977916e+01
1.202866134596212433e+01
1.137257264464395767e+01
1.183230172778342393e+01
1.162207704346615422e+01
1.370315946436453913e+01
1.371411301046865105e+01
1.251461967990288926e+01
1.281856799027792171e+01
1.348831926818127158e+01
1.493283169353026629e+01
1.513850864936460283e+01
1.432137153481960290e+01
1.416808077355008599e+01
1.472598202462308770e+01
1.606968519995537292e+01
1.731833455064444038e+01
1.841965194409158713e+01
1.892224439146813708e+01
1.869886074255509456e+01
1.621723403451135326e+01
1.354191854364074565e+01
1.351719765227848491e+01
1.220864445575274004e+01
1.203847385590488628e+01
1.359424206875325680e+01
1.341995057114374035e+01
1.307251953620608376e+01
1.224523695714939642e+01
1.148465102816081718e+01
1.497097778332150675e+01
1.652889215554812807e+01
1.755596062956917436e+01
1.835804379109447737e+01
1.814845242335531950e+01
1.733475089701348892e+01
1.701206570336517387e+01
1.802906322760893687e+01
1.800655901236256540e+01
1.810686225394597670e+01
1.880099915310729841e+01
1.833010548370846848e+01
1.755239461749183860e+01
1.851342173257765822e+01
1.836163958000383545e+01
1.700806841968456595e+01
1.556022257687549448e+01
1.589626063128613964e+01
1.595990096961277871e+01
1.605548782050040657e+01
1.702087680229656286e+01
1.742242069209643418e+01
1.804055364963424424e+01
1.842004340513387106e+01
1.777814543679210502e+01
1.660638209591411041e+01
1.582373167408700176e+01
1.507848166732896722e+01
1.377073708465140456e+01
1.420880967908514414e+01
1.616454589989961477e+01
1.780026059032108066e+01
1.839161900254195103e+01
1.882127935117229001e+01
1.909869918496654861e+01
1.831529073365636862e+01
1.789356144409308058e+01
1.769040307256553746e+01
1.711644124770672803e+01
1.732194997482341847e+01
1.784833264450490020e+01
1.842632021777686191e+01
1.812937372509078671e+01
1.656045897141635237e+01
1.750937324769074621e+01
1.788801459752472311e+01
1.822621934050283699e+01
1.864212580116562634e+01
1.695591682373576958e+01
1.658424530990309265e+01
1.753741543415720372e+01
1.666064567698535015e+01
1.662801888712866827e+01
1.685149329393221151e+01
1.708585679406179736e+01
1.790852121022501819e+01
1.868069524621117239e+01
1.916315389244538281e+01
1.913187837239215483e+01
1.823691551457816118e+01
1.823339542863462626e+01
1.792380134858658991e+01
1.705571348890021355e+01
1.590986727964311775e+01
1.385108621567639986e+01
1.165382041970513249e+01
1.067226227751797651e+01
1.202999277964505254e+01
1.385097634734165872e+01
1.494621578597632094e+01
1.658241783374889877e+01
1.784516719573497312e+01
1.744674545971875901e+01
1.717418747313511673e+01
1.665555014340595008e+01
1.542380324393193547e+01
1.717991120619798551e+01
1.860618105747294848e+01
1.852105935285530336e+01
1.741972165359903713e+01
1.639706568015088450e+01
1.609383832190431107e+01
1.708840357546644739e+01
1.864325999552475110e+01
1.921205975647598763e+01
1.905825426779959741e+01
1.829426118449853789e+01
1.770155480922446145e+01
1.750977823441104064e+01
1.709747601232941250e+01
1.638248315006503475e+01
1.447549154586614328e+01
1.248134605247539675e+01
1.139384798197837334e+01
1.042975848804746519e+01
1.106311938121965532e+01
1.338638338462511257e+01
1.516626670626657969e+01
1.589116269723457719e+01
1.624738814937892784e+01
1.605115370376577033e+01
1.578106625443297872e+01
1.526414058086543513e+01
1.481656111952394106e+01
1.670020956075971341e+01
1.673867214560099370e+01
1.513058832270669818e+01
1.550854569173667841e+01
1.681412022114486504e+01
1.751904321951842647e+01
1.706823627670955545e+01
1.591424165774851573e+01
1.448289552057438812e+01
1.422314402547448609e+01
1.405302213235807329e+01
1.301528544711569246e+01
1.361627622453565500e+01
1.494807224000592782e+01
1.406777899820137456e+01
1.279376509131029849e+01
1.160130956485880560e+01
1.112105560507433033e+01
1.294679884071226361e+01
1.214268726585224201e+01
1.126388682671802322e+01
1.171420571030323465e+01
1.279981344742741634e+01
1.410727251284037642e+01
1.175736313832567426e+01
9.694879242339434100e+00
9.358713720020894300e+00
1.089197119959885818e+01
1.242703157421547289e+01
1.285717483779447612e+01
1.470705063019041603e+01
1.634097737055467547e+01
1.651560580075080154e+01
1.617221576974289476e+01
1.513639367824869630e+01
1.363939684268596686e+01
1.480135025445553154e+01
1.686548727955007720e+01
1.748466168643656715e+01
1.717072502738285067e+01
1.774195740926787224e+01
1.753586120564496298e+01
1.629733364062363776e+01
1.694795191122965505e+01
1.643965832451433329e+01
1.532231758138773792e+01
1.558895046810986251e+01
1.635468856194213316e+01
1.680883049650240935e+01
1.613414345008063577e+01
1.350161228662462598e+01
1.505376929992340251e+01
1.721453880183249652e+01
1.729561037593177630e+01
1.634094672774972423e+01
1.626867218426567163e+01
1.689936513716047628e+01
1.756953773432590893e+01
1.791002843875539696e+01
1.738277383448409097e+01
1.715163129316209734e+01
1.758551187095271473e+01
1.864769022400927057e+01
1.822851642745563439e+01
1.701623993344067287e+01
1.660275170003717093e+01
1.574792862274664351e+01
1.569353793820472553e+01
1.639338488000683824e+01
1.654676563052636595e+01
1.474741990021687599e+01
1.184330336949001428e+01
8.711065210523697644e+00
7.049163564073762878e+00
7.212818288760902696e+00
9.685323260383325916e+00
1.197532861873316357e+01
1.538813226090605824e+01
1.768459307309741391e+01
1.610832950433485777e+01
1.458246641743842886e+01
1.632844140095334851e+01
1.660376287908168180e+01
1.564960270598852077e+01
1.531164161430611692e+01
1.637990103301330436e+01
1.698463693928617957e+01
1.795725253997189697e+01
1.813682480428580490e+01
1.840742400449594030e+01
1.875485677856466538e+01
1.835673291505976579e+01
1.817877937879465478e+01
1.813406651343578346e+01
1.628157035481359216e+01
1.713498102695001535e+01
1.741448380061769541e+01
1.625765227396457746e+01
1.766508435807257982e+01
1.774581326819060934e+01
1.568314037467214561e+01
1.343088521000205482e+01
1.355624024226175628e+01
1.492365277691025938e+01
1.622436909770779678e+01
1.597230680878066700e+01
1.396061269265716120e+01
1.232808641715237918e+01
9.953553349275132689e+00
8.139432086361535923e+00
8.211609914802227905e+00
6.603213742640302364e+00
3.771875367700519011e+00
4.566752715570803645e+00
5.635794683258196436e+00
6.653341981530925153e+00
7.960781669914518410e+00
8.473434908301523905e+00
7.812162784168008578e+00
1.058574890776319499e+01
1.427353250511577265e+01
1.576431603377723079e+01
1.598440197733361146e+01
1.535765657259474004e+01
1.418683747772488069e+01
1.469976465201665583e+01
1.574863733258899501e+01
1.645424334945177236e+01
1.574609294812636051e+01
1.377443161708561448e+01
1.427734645415256765e+01
1.590072510763085489e+01
1.590698300978816704e+01
1.480573310924270025e+01
1.528148206576834234e+01
1.602233181624083969e+01
1.643959946207267109e+01
1.590764863568371901e+01
1.505101930628210205e+01
1.486148181963700132e+01
1.519009389253105446e+01
1.594034315404366531e+01
1.714607436064355639e+01
1.818912788508442446e+01
1.865121846877226375e+01
1.872567813092893019e+01
1.860986137956172826e+01
1.865083785714731945e+01
1.825415756560027347e+01
1.769774837742972196e+01
1.651979065152968928e+01
1.541676544123173720e+01
1.506633777795323859e+01
1.450279853624545900e+01
1.355181265724940509e+01
1.367722453323266230e+01
1.534539661274572708e+01
1.655364194120427968e+01
1.679291651710392230e+01
1.767434718952819139e+01
1.842252787849977480e+01
1.832508276741159392e+01
1.805650166485056118e+01
1.777274128504016559e+01
1.707194021252304594e+01
1.768009924007929712e+01
1.768536090232231928e+01
1.699101099413446647e+01
1.604030249038621392e+01
1.407776134831249770e+01
1.132573967070216625e+01
9.834481486546092555e+00
1.038085890838057068e+01
1.098338667563084314e+01
1.133897650686745706e+01
1.172066995219017649e+01
1.309154798031281253e+01
1.505658908537902008e+01
1.590773056382660222e+01
1.489288120378573232e+01
1.431353170602441871e+01
1.613064811004125332e+01
1.714062521543927176e+01
1.686111661080677138e+01
1.587946042001748737e+01
1.389146943627122610e+01
1.332806232479533648e+01
1.432271636384056279e+01
1.530663242914575228e+01
1.530409127321881613e+01
1.483228219318217000e+01
1.566223310147862513e+01
1.676154561861812198e+01
1.543088102450524346e+01
1.307629276659394257e+01
1.321276199024778819e+01
1.408439566288435074e+01
1.342855731719246926e+01
1.044576896032656776e+01
1.021123256986096273e+01
1.329855771117536101e+01
1.532503794540761533e+01
1.421822842042645085e+01
1.203914683757301418e+01
1.130411373448244383e+01
1.138741683602717103e+01
1.156617872442303074e+01
1.227614626130735331e+01
1.391009527635270615e+01
1.490450907727207941e+01
1.590716145061582587e+01
1.670163731052458189e+01
1.681659148925090008e+01
1.624255820232716729e+01
1.614298986946371173e+01
1.665057020049936654e+01
1.746524268360474252e+01
1.803503357853777089e+01
1.778192950213623647e+01
1.638942700062107605e+01
1.505806832689802910e+01
1.366408412429016472e+01
1.272358320552490518e+01
1.238225330541306057e+01
1.143670838822208857e+01
1.349421065407491227e+01
1.589329246406228968e+01
1.595385956734966015e+01
1.546061301183927483e+01
1.640299592056421218e+01
1.711652662791206225e+01
1.731047223121792911e+01
1.716945409324903693e+01
1.637039449403020441e+01
1.487001049715482992e+01
1.342652175128468883e+01
1.287326356292073370e+01
1.286266030437965391e+01
1.279559769532926694e+01
1.246506053168349659e+01
1.238187070431590620e+01
1.342913483251009765e+01
1.461455560408392707e+01
1.549686454285532911e+01
1.617545849408323377e+01
1.613048629544621448e+01
1.570261451645336948e+01
1.415820917188021077e+01
1.267676610151386818e+01
1.237149732016511905e+01
1.229970171773626575e+01
1.122481638853167674e+01
8.565824090694674098e+00
9.706119216688511742e+00
1.169567673127900775e+01
1.220388190362838543e+01
1.242148049644515773e+01
1.080365438508026088e+01
9.736207020185226213e+00
9.891275461417471604e+00
1.109497637661051250e+01
1.199755822707700936e+01
1.078714113445257539e+01
1.152428682470202226e+01
1.393869668910088500e+01
1.389598974063422432e+01
1.194760407269045999e+01
1.003201407773454434e+01
9.658963313236506920e+00
1.011576168900207762e+01
9.464308439379344406e+00
7.804636109234476926e+00
6.408304504660599754e+00
7.894827755867600771e+00
9.340747785016571214e+00
8.332638907595233846e+00
9.119098998923757193e+00
9.594309319797073243e+00
1.032047137620440758e+01
1.287930405078225249e+01
1.311656232551383638e+01
1.274669702242821145e+01
1.123090454774000868e+01
8.961581289984637877e+00
7.279889548113999354e+00
7.532738237506776180e+00
9.722130412674546918e+00
9.535687514233808670e+00
7.852423020617006699e+00
7.256716347211710882e+00
7.948925597255417586e+00
9.936309399080890614e+00
1.115637072213882774e+01
1.146290405170132765e+01
1.075959446665510555e+01
9.889751345105684877e+00
1.047433713344108419e+01
1.190716707481698045e+01
1.304402657097297613e+01
1.326761070427490274e+01
1.288501405133113309e+01
1.174990099791442688e+01
9.350264972839768873e+00
8.153870367747698467e+00
9.768458873861947112e+00
1.150294508675551164e+01
1.147728384426045167e+01
1.262540636163530827e+01
1.291822297219713356e+01
1.168930886570811367e+01
1.060047101325188201e+01
1.005984012908366765e+01
1.035843220377718055e+01
1.126082520620460414e+01
1.231889752313485253e+01
1.251522124781794432e+01
1.109026064478222295e+01
1.106117838208195714e+01
1.043296131339224964e+01
9.522573045509904688e+00
1.033174614917628809e+01
9.881815767223349312e+00
8.949844239752803077e+00
6.822339767742384709e+00
5.292102712124362007e+00
5.878229080805481566e+00
7.071624821109750769e+00
9.405342340890276986e+00
1.196963284096348445e+01
1.362988031996306582e+01
9.181257495336103247e+00
