-9.857582741767345169e+00
-1.002366144924000757e+01
-1.097657605991278551e+01
-1.243318452487850756e+01
-1.338443077901211176e+01
-1.321808126128375704e+01
-1.286503867845956428e+01
-1.269248380252444441e+01
-1.230239091666139650e+01
-1.194079869601999100e+01
-1.116937159511214972e+01
-9.960665954032991820e+00
-9.478808094667167339e+00
-1.019784535706403794e+01
-1.228596299597005093e+01
-1.392874065111901061e+01
-1.457844112610947818e+01
-1.414981106186081661e+01
-1.380921951651306756e+01
-1.245731896420270601e+01
-1.018253563297292175e+01
-7.747936555378728940e+00
-6.196895189954329197e+00
-7.116944476192098357e+00
-9.133343588010824021e+00
-1.007258720952405540e+01
-1.013467147166025306e+01
-9.973584039989050964e+00
-8.537284546902222715e+00
-8.789053452106069031e+00
-9.063266737094325620e+00
-8.257029724948742100e+00
-8.877194287128446604e+00
-7.791320847323319754e+00
-5.341253972122716576e+00
-4.500364239700687996e+00
-5.675941804391287704e+00
-7.255033328639957979e+00
-8.041397039984957473e+00
-1.039473711534405354e+01
-1.236637883628977086e+01
-1.326477945863745589e+01
-1.296975159824048696e+01
-1.152313313761794333e+01
-1.031182957545119905e+01
-9.191292813474179368e+00
-7.328001377808393890e+00
-6.133579315707919477e+00
-6.524036534168928370e+00
-6.756411817343354720e+00
-7.004718110632742523e+00
-9.001845583080132940e+00
-1.045429341325826122e+01
-1.129680131462658110e+01
-1.246661900849652405e+01
-1.153717460407233375e+01
-9.084219636257957475e+00
-7.515179375892607538e+00
-4.582431929263048431e+00
-2.381251113296192656e+00
-1.877988298373019171e+00
-3.518603544641028869e+00
-3.623837239876353866e+00
-4.644533239419417647e+00
-7.110908574469046783e+00
-6.568222319549378518e+00
-6.330448559702131384e+00
-6.781708057469453266e+00
-5.662782819898359854e+00
-4.644579672871290477e+00
-4.208387254905252561e+00
-2.877212236393714928e+00
-3.573633214332794683e+00
-7.467365019169291962e+00
-1.053266441797721775e+01
-1.121799765269849836e+01
-1.135414754957878358e+01
-1.162152536972741146e+01
-1.158904395726278480e+01
-1.077504887730195371e+01
-8.153605127192856017e+00
-6.446665584951903227e+00
-6.578214376718849898e+00
-7.352766515939975100e+00
-8.592978129189958736e+00
-1.034355208943641280e+01
-1.220650185571645707e+01
-1.226183919277946899e+01
-1.075339678767016238e+01
-8.439999875819275132e+00
-5.094626713745172175e+00
-2.230225863027534228e+00
-4.935740106298784013e+00
-7.541852697251020921e+00
-7.666785383576193880e+00
-7.672981655799938849e+00
-6.018668362612629608e+00
-3.748418416378839879e+00
-1.766209128326956757e+00
3.059564823155643265e-01
1.341599823679661352e+00
1.020794031088170239e+00
-2.147101355793322508e+00
-4.204711895262213339e+00
-5.501983019113287021e+00
-6.448663654697240233e+00
-6.415469314863570638e+00
-6.042457941825879253e+00
-5.673374953956992428e+00
-7.571507480301684190e+00
-9.962136290238031933e+00
-1.034565591964823028e+01
-1.069627711946807835e+01
-9.036962623839162490e+00
-6.449453028787675457e+00
-5.944730817761312736e+00
-6.616878949385296416e+00
-7.230766336508092529e+00
-8.370096448784709153e+00
-9.661121004809610113e+00
-9.145176289318664331e+00
-6.632310802340028566e+00
-2.857456998810592452e+00
-2.119367941321350202e+00
-3.642538088796083873e+00
-7.006770984904322930e+00
-9.466185635988717095e+00
-9.861777486978581919e+00
-9.218644197679365604e+00
-6.332558390689238870e+00
-3.108832242722888939e+00
-8.729684281113941902e-01
-1.379956830542643953e+00
-2.602310506801886358e+00
-1.438391281298798452e+00
-7.087738894793877975e-01
-2.287931656553933824e+00
-5.273170093409340176e+00
-6.343249676951506544e+00
-6.461986049948145627e+00
-7.121485422009317112e+00
-7.335886737237095723e+00
-7.254977265969163369e+00
-5.442966599249828619e+00
-3.210544358677067223e+00
-3.169425865180700352e+00
-8.417454284910567353e+00
-7.721349864336881197e+00
-6.222173431551525802e+00
-9.756573846037932540e+00
-8.860093474371158351e+00
-7.244328867924302529e+00
-7.937415812918132474e+00
-6.865487120932729503e+00
-4.597358193066204635e+00
-3.232044957034434951e+00
-4.712252736121222085e+00
-4.170314975048666994e+00
-4.541668700194287034e+00
-8.127791692681103797e+00
-1.131803009798921167e+01
-1.116690849709427269e+01
-1.169375270491987528e+01
-1.202220828549317311e+01
-1.187658863231175310e+01
-1.123786380891374925e+01
-8.835405244244087797e+00
-6.759994635018095721e+00
-6.702126932054145669e+00
-5.131172917423370450e+00
-2.014420611854196075e+00
-2.315959786439517831e+00
-4.579548184785798171e+00
-6.751413488473824387e+00
-6.207971101336577924e+00
-6.245534522061374716e+00
-7.083752745575602638e+00
-9.081538989453315835e+00
-1.056490376906792150e+01
-1.235049533279638112e+01
-1.467367541226647099e+01
-1.485598915013254917e+01
-1.299398694747155325e+01
-1.049807603887167851e+01
-9.181689982077250178e+00
-7.635296736607471324e+00
-8.756521615895723087e+00
-1.045801605106207788e+01
-8.941969418624420740e+00
-8.695865449747289588e+00
-8.723647029402465947e+00
-7.452862193263199764e+00
-4.865053972737695354e+00
-2.624949619963545810e+00
-3.160530217012127885e+00
-4.397086117506132652e+00
-6.101425380949335953e+00
-7.174446512339201831e+00
-8.267427549663505459e+00
-1.037125156915543656e+01
-1.095629268907363674e+01
-1.086204636661345724e+01
-1.186449261451925707e+01
-1.243422987100386123e+01
-1.144054605029951865e+01
-9.820405957071326242e+00
-1.201775320505985789e+01
-1.355369479605053940e+01
-1.404374932274351906e+01
-1.418635927235002470e+01
-1.362599153559132148e+01
-1.286688331230927673e+01
-1.265039212626020060e+01
-1.385815899852578070e+01
-1.438549601771974551e+01
-1.291449546745930377e+01
-9.812719769863512909e+00
-1.245820672128599682e+01
-1.529149022481472286e+01
-1.329734837744317844e+01
-1.344002333572840691e+01
-1.388673103675538378e+01
-1.328673817167879356e+01
-1.256348124268616218e+01
-7.623759635881338426e+00
-5.348427799016004514e+00
-5.674719406316109271e+00
-4.512418206665757658e+00
-3.289943444387751992e+00
-1.976264663909852892e+00
-3.683949033631344516e+00
-4.556684607885645555e+00
-1.204037979608223008e+00
8.101560995429101242e-01
8.957421118961094164e-01
-2.095803088088162180e+00
-4.193847068336262751e+00
-3.528455342382107673e+00
-3.489584755528610582e+00
-2.267244583504902877e+00
1.154114322486378963e-01
-4.450309660370372900e-01
1.104210684090162431e+00
3.172067740942444480e+00
8.931378211004191714e-01
-2.303424046910732270e-01
-1.302761036702850150e+00
-2.547451010802550986e+00
-2.346997095558786217e+00
-1.568541779092895716e+00
1.923533093162385965e+00
1.202059113094416265e+00
-5.112431419422340362e+00
-8.449307361622684809e+00
-1.055453000382490458e+01
-1.008178060927924413e+01
-6.387385381621237812e+00
-3.334883529669085522e+00
-1.200385666853511779e-01
1.244127365223348658e+00
-2.698970299719936072e+00
-6.826680816379668393e+00
-7.618019026481902323e+00
-7.944926325311795878e+00
-8.953599170692751130e+00
-9.020717701336868899e+00
-5.181156082756530168e+00
-2.471665444273498657e+00
-1.546087465820834783e+00
-1.402600525696354072e+00
-2.011010614424145526e+00
-4.883353186651152811e+00
-9.587661982890706369e+00
-1.246412738031211553e+01
-1.111428185893603526e+01
-7.714213361770407396e+00
-7.692651043855041060e+00
-8.146121185708574686e+00
-1.138952415510646965e+01
-1.495597904821935309e+01
-1.428058709289159722e+01
-1.248397081623861382e+01
-1.217764541038870618e+01
-1.277499460371676321e+01
-1.553317765570863962e+01
-1.670952306091878370e+01
-1.596394435264898348e+01
-1.391845901930006058e+01
-1.211004774517763671e+01
-1.110825941275499673e+01
-1.040562782251503116e+01
-1.022861453638807561e+01
-8.897123706159904444e+00
-9.601061788630669724e+00
-1.373939798762752673e+01
-1.506205920164051015e+01
-1.659821052649043693e+01
-1.732559263625407553e+01
-1.706015336005515692e+01
-1.645503448921542855e+01
-1.697887528370342736e+01
-1.662857753676652095e+01
-1.404609928649012929e+01
-1.305240866230742114e+01
-1.298983640796675054e+01
-1.403974322574601885e+01
-1.438361461521815521e+01
-1.247903618905170298e+01
-8.397531496520995731e+00
-4.368274693909454776e+00
-6.108856560654468915e+00
-8.918546649387385727e+00
-9.796529030339041100e+00
-9.706291642414932141e+00
-1.134418877004580217e+01
-1.139762463300393591e+01
-8.836476888328759216e+00
-1.119940405747026091e+01
-1.347848965794830711e+01
-1.157488049136453867e+01
-9.189678047200215971e+00
-1.081263479047754750e+01
-1.325291072458628072e+01
-1.354093285807894631e+01
-9.528113707345958971e+00
-4.424876603133969688e+00
-5.098866226278265579e+00
-6.064386063554208839e+00
-3.441655972733085100e+00
-2.961371972701910327e+00
-2.813996303513333963e+00
-3.989128912999711840e+00
-8.861458258411811784e+00
-1.133039049705935319e+01
-8.582174899767682774e+00
-6.242068014836029022e+00
-8.109801846512974421e+00
-1.026531044774720236e+01
-1.163695933607440303e+01
-1.026202850635409014e+01
-7.948583902059065842e+00
-5.585182336245517298e+00
-1.980109638462826060e+00
-3.666287054118229527e+00
-7.349513602869023110e+00
-1.126200654269351453e+01
-1.367198363236241931e+01
-1.376369708321907837e+01
-1.481928270440139883e+01
-1.590143528312074039e+01
-1.500119674910393641e+01
-1.126425692261412870e+01
-9.461554239481889894e+00
-9.759615418433236655e+00
-8.604210916750492544e+00
-5.302453932749238597e+00
-3.998645840211310531e+00
-5.412194911602367320e+00
-5.360215847284249158e+00
-4.880038021333766629e+00
-7.059030243122264459e+00
-1.034060416215587885e+01
-1.239445749089526139e+01
-1.223189313299597814e+01
-1.071405121271651595e+01
-7.708830072406533951e+00
-2.907961055966457042e+00
-1.760318193622159688e+00
-2.255135107931110383e+00
-3.533553472817280716e-01
-1.116697327592247602e+00
-4.748850008979753845e+00
-5.875898181078444971e+00
-5.394953973016242799e+00
-5.518520715802520904e+00
-3.914842257608550646e+00
1.487888108887997607e+00
-1.436412388752388525e+00
-5.294677241155303804e+00
-1.375327952869769721e+00
-1.726774473671075061e+00
-1.906268598732608677e+00
-2.250476942379649348e+00
-5.174032124305242064e+00
-1.675187528672271053e+00
1.207747030258869536e+00
-1.432039137941943374e-01
-3.121769306143779232e+00
-2.445056644785852384e+00
-1.313411299803689758e+00
-4.954798673734839731e+00
-6.227553957715320720e+00
-2.405427187940690548e+00
1.501494362194670362e+00
-2.028933274321635949e+00
-2.730154032657765129e+00
2.059073911858051442e+00
4.837731119854622008e+00
1.915601475695414724e+00
-3.531264354008813999e+00
-5.820633723083324718e+00
-3.489092213174654233e+00
3.392372936303189590e-01
2.745784971371325156e+00
5.562242263292350053e+00
4.922884523411305224e+00
7.896887312515364910e-01
-1.951123114755697996e+00
-6.330347374530912452e-01
3.542710575763229119e+00
5.227802378938230632e+00
4.015163400122430559e+00
-1.377762949643478174e-01
-4.492669047439654229e+00
-4.655036919337223189e+00
-6.058526729493685536e+00
-5.234114709739372095e+00
-2.836561350018478311e+00
-3.169995514334300046e-01
3.544566556319942663e+00
-1.478923973672834069e-01
-5.828731141841638319e+00
-6.558293196060985153e+00
-5.346044448195441667e+00
-7.971982655012863184e+00
-7.478279606985717365e+00
-8.237344189367115987e+00
-1.254017399698661528e+01
-1.482818637712892063e+01
-1.465626290475080573e+01
-1.441569871179805951e+01
-1.348319572034867520e+01
-1.167712101659634527e+01
-1.019463157543505893e+01
-7.212580387435100882e+00
-4.686183701950768388e+00
-1.957670029366167519e+00
1.860652867533564958e+00
4.563713469465894512e+00
4.512755138288535584e+00
-2.403200444477484599e+00
-4.972543800590271346e+00
-6.185719463124317308e+00
-9.024918799520046164e+00
-8.660148195073620769e+00
-8.958777463611856007e+00
-9.001980879714826855e+00
-1.004725196428308109e+01
-1.033673892073386291e+01
-1.013499577871141710e+01
-1.209697276307047709e+01
-1.086089477763102273e+01
-1.119077155873378793e+01
-1.362121219193865862e+01
-1.032356682933177261e+01
-6.819748680980725730e+00
-8.044351955054162673e+00
-7.246753154483167592e+00
-3.267683633155344491e+00
-4.460732868495551617e-01
-1.079567721261160296e+00
-3.794703807836996567e+00
-6.715584024849393430e+00
-7.572787322446413505e+00
-5.819396797254464460e+00
-4.084057592136991488e+00
-4.124893670667382217e+00
-5.315742829439723316e+00
-7.118212770471631146e+00
-9.963113343612368666e+00
-1.150506707603917711e+01
-1.252871940511532856e+01
-1.330347291905533957e+01
-1.189228412324041884e+01
-9.927914099351674793e+00
-8.664668354632899749e+00
-7.613946278606050555e+00
-5.641463884123965933e+00
-4.812626818628424452e+00
-5.613675382224270649e+00
-3.206653034142350478e+00
-2.042055222806899106e+00
-2.167038181403027064e+00
-3.702044808943552034e+00
-5.922320015984917418e+00
-6.952896071622538976e+00
-9.573598636524799588e+00
-1.238623815662728589e+01
-1.403698179834919557e+01
-1.431301041623032155e+01
-1.341258337335999862e+01
-1.384139500584186777e+01
-1.512730589330640107e+01
-1.442383360813153459e+01
-1.096609817494850425e+01
-6.058540187056617121e+00
-1.477577624909550247e+00
-1.908531493726256967e+00
-2.410129054735085763e+00
-3.795755245963629232e+00
-5.487933518651978204e+00
-5.244989822271302060e+00
-7.695113375621450480e+00
-9.926787599107566251e+00
-9.215233075271436647e+00
-6.868171491134298812e+00
-5.009280006132752483e+00
-4.147484453287718864e+00
-3.005196114503003724e+00
-3.311150823104353158e+00
-2.804038380546798326e+00
-1.667002103318729445e+00
-4.003032477222244090e+00
-8.379469995049410258e+00
-1.204101479173182732e+01
-1.190869617771113198e+01
-9.237182670017096697e+00
-5.570929639395817645e+00
-5.014011881339576426e+00
-6.632500336053182011e+00
-6.625683553313610474e+00
-7.617522524307368315e+00
-9.509637533246042551e+00
-1.058806422270398429e+01
-1.282948407597050711e+01
-1.322435220272339684e+01
-1.246301104422857797e+01
-1.071422970346158721e+01
-8.708507692845346426e+00
-7.332032501178022521e+00
-6.676860229215408005e+00
-7.338015722003834895e+00
-1.179644821568623314e+01
-1.309459373722367381e+01
-1.248849986118519340e+01
-1.079171201155509152e+01
-6.871779218433834657e+00
-3.741496053090695106e+00
-3.464164593225765643e+00
-4.159133580527061724e+00
-5.719527971884298623e+00
-6.966610257784680016e+00
-8.071474334231243830e+00
-9.361011441700913593e+00
-1.008251567778146551e+01
-1.102474839349050839e+01
-1.088277256913634439e+01
-9.439635052788307945e+00
-5.405635531068202049e+00
-3.067261787707882270e+00
-4.119697287731605151e+00
-3.805031783744242446e+00
-5.103757567068045731e+00
-8.157237073255984683e+00
-9.346018475493758970e+00
-1.156474568512772905e+01
-1.498796276384373805e+01
-1.513847770040728058e+01
-1.263041042698197636e+01
-1.038843057666246494e+01
-1.186274839301650097e+01
-1.352286778141466961e+01
-1.277476290615724253e+01
-1.228792586066305503e+01
-1.352696601882668404e+01
-1.341595210124639337e+01
-1.251695219363229050e+01
-1.288642360124514674e+01
-1.425163631948792009e+01
-1.471324307820184174e+01
-1.336480364237448093e+01
-1.125964333908676274e+01
-1.033497513424389247e+01
-1.082670493963309255e+01
-1.301141572403632907e+01
-1.313804099463024855e+01
-1.152183233396878492e+01
-1.192267904859489747e+01
-1.228906866735865044e+01
-1.165321447660160281e+01
-1.277673972002506986e+01
-1.480887921561551401e+01
-1.566895791623526613e+01
-1.507604652996646877e+01
-1.317208976316524272e+01
-1.087663586306958940e+01
-7.673205716240016905e+00
-6.038519467180713640e+00
-6.024425295887525955e+00
-4.697584863791520071e+00
-2.334183461249087710e+00
-2.132281109035002675e+00
-4.622527506866981106e+00
-6.473588737963315687e+00
-8.288911181587932830e+00
-1.084135699509949013e+01
-1.259138861997907632e+01
-1.358370792202678423e+01
-1.524554356513755771e+01
-1.571948459283222199e+01
-1.575930285577087808e+01
-1.580992878433035287e+01
-1.548294814031891597e+01
-1.498646700887606897e+01
-1.510626536048292223e+01
-1.530883530912943336e+01
-1.530413742464105020e+01
-1.507925325077644274e+01
-1.548362917740748657e+01
-1.596317770495337385e+01
-1.595380914130783445e+01
-1.593834274823764119e+01
-1.551793285461155847e+01
-1.536348720725996131e+01
-1.556605678409435001e+01
-1.492773143716214967e+01
-1.542775778580934265e+01
-1.615434733961377844e+01
-1.558838159486318098e+01
-1.370337531886734794e+01
-1.199985840990234820e+01
-1.349880011030605331e+01
-1.507271594808061366e+01
-1.487035729764648195e+01
-1.259937526782897166e+01
-9.327866712803981386e+00
-7.389167938469527463e+00
-8.715495082276262906e+00
-1.004995100557320775e+01
-8.790739664733738579e+00
-9.366982645951928532e+00
-8.182253229802396888e+00
-5.280080342246857406e+00
-9.285674743628538508e+00
-1.262199425752532633e+01
-1.209950626010586738e+01
-1.076724755109527898e+01
-1.113376832040462716e+01
-1.313744981629087150e+01
-1.248063462327028184e+01
-1.307218656804784196e+01
-1.419185917734312774e+01
-1.340163385901098714e+01
-1.393677044439021628e+01
-1.388588085554886753e+01
-1.431552405097346714e+01
-1.465795654575859430e+01
-1.284083702037714048e+01
-1.092261880466099555e+01
-9.462056729395754928e+00
-1.005135268915803337e+01
-1.042684043685859585e+01
-1.271238915207382192e+01
-1.469756836769146879e+01
-1.433946121659733386e+01
-1.364714447799695307e+01
-1.351506156595333508e+01
-1.452526139885504364e+01
-1.550798072814877493e+01
-1.486990215363140244e+01
-1.331498689929674839e+01
-1.203099654350208603e+01
-1.029586164871798459e+01
-8.894424292709114610e+00
-1.044179234089745378e+01
-1.312781967585943299e+01
-1.431579806428582202e+01
-1.309678887809253567e+01
-1.246447483438803872e+01
-1.292338733130042172e+01
-1.253298597141002446e+01
-1.128478484342964272e+01
-9.226715215764125233e+00
-8.815627807486322354e+00
-8.731717588853951995e+00
-1.173367285903030144e+01
-1.407946384790528249e+01
-1.442561582325479996e+01
-1.352535273563528762e+01
-1.254179770018293993e+01
-1.298419428366412554e+01
-1.375872258019281524e+01
-1.326790979015380501e+01
-1.323100657769736799e+01
-1.419827581527778015e+01
-1.445489353265906551e+01
-1.392480142829147027e+01
-1.290176068910855989e+01
-1.494588973692501632e+01
-1.590010339991400734e+01
-1.545955841813701248e+01
-1.473265904251904423e+01
-1.473415397620568612e+01
-1.516307235665589026e+01
-1.557004391555092937e+01
-1.536550701309873546e+01
-1.547995231369923985e+01
-1.593126140264359769e+01
-1.581826373509562522e+01
-1.521359384655967517e+01
-1.394506331472299898e+01
-1.271169704156042357e+01
-1.062779677440135018e+01
-1.159633795636654519e+01
-1.507499706455811683e+01
-1.624331382723122985e+01
-1.635203503333101693e+01
-1.618623343367156409e+01
-1.565669352308512430e+01
-1.538309605356029230e+01
-1.566612305864057220e+01
-1.627771905388977558e+01
-1.634060633633553294e+01
-1.575024398904175804e+01
-1.561712899922701148e+01
-1.448005980176372276e+01
-1.359727439974545860e+01
-1.443002966997501346e+01
-1.491316649360086544e+01
-1.458280482572197378e+01
-1.525696435001893470e+01
-1.561908805805953904e+01
-1.468602405848869630e+01
-1.338864426699094068e+01
-1.280494799575883746e+01
-1.322468895583791593e+01
-1.423062384136533964e+01
-1.445198425432799461e+01
-1.421202059573383103e+01
-1.527140851072618410e+01
-1.604687582278594604e+01
-1.646178166823627720e+01
-1.616802315445356442e+01
-1.565359473379900024e+01
-1.433662240736965288e+01
-1.252296527331026432e+01
-1.094245700710898106e+01
-8.854447577852345930e+00
-8.888333766908589340e+00
-8.503652922896597133e+00
-9.484736487095858593e+00
-1.156844493251101014e+01
-1.323855306338571403e+01
-1.404094568699953527e+01
-1.351580726433818391e+01
-1.341844007122990234e+01
-1.399098562073625551e+01
-1.404625191514558757e+01
-1.296001590236116563e+01
-1.106950270780495771e+01
-8.654993710272293583e+00
-7.512781452883764644e+00
-8.328814419101659539e+00
-9.391696315555419616e+00
-9.770239551859228655e+00
-1.074793428262082351e+01
-1.206410255605189619e+01
-1.231671745641879134e+01
-1.324370752628686709e+01
-1.452718280112447680e+01
-1.440621348754435260e+01
-1.504073872493082220e+01
-1.587020784471589785e+01
-1.570769409605163247e+01
-1.361695683798539314e+01
-1.119004396035427895e+01
-1.192266011721662089e+01
-1.141474581243067199e+01
-1.278062692160125735e+01
-1.253303213029093932e+01
-1.066536629373695000e+01
-1.084270297819369588e+01
-9.958793825960041701e+00
-7.536115798173516289e+00
-4.665112419289911827e+00
-4.485482258148565826e+00
-4.913832505235038894e+00
-6.035208156197418461e+00
-8.471070140173118546e+00
-9.208651652116616404e+00
-1.056487671262744499e+01
-1.280911900955676330e+01
-1.384750620304674307e+01
-1.278873945100856169e+01
-1.187245236121341208e+01
-1.059387907102351711e+01
-6.953676988252737168e+00
-6.320061190235335857e+00
-6.006868323419026545e+00
-2.950431288639051353e+00
-1.823314886783029998e+00
-3.410359400763206761e+00
-5.140046656663932900e+00
-7.775200452115691441e+00
-1.010381548660430973e+01
-1.337343175969262887e+01
-1.545785507201631148e+01
-1.516659411363847632e+01
-1.341983931638715610e+01
-1.195435728841131251e+01
-1.125254679198931207e+01
-1.118823446702608670e+01
-1.147167824490747101e+01
-1.245074156858874481e+01
-1.412407769547119685e+01
-1.486848070787825904e+01
-1.542105542946923791e+01
-1.648840139298023288e+01
-1.597721887875242253e+01
-1.364102960885244720e+01
-1.154380448094562617e+01
-1.149622166358114939e+01
-1.185825088240670411e+01
-1.229004752782892673e+01
-1.261073680093423199e+01
-1.133561981783624617e+01
-9.089733405040673730e+00
-8.470580237191457584e+00
-9.433964990042053245e+00
-8.502345397879913946e+00
-8.869539657464667215e+00
-1.211409577961670259e+01
-1.269003786935109268e+01
-1.043962853104159016e+01
-1.038387803408038579e+01
-1.075454405776192246e+01
-1.338922197191586250e+01
-1.555970681664074462e+01
-1.566779932830435129e+01
-1.476653757799519262e+01
-1.357794452601385871e+01
-1.338412104872248598e+01
-1.453521602112491173e+01
-1.564917256346162944e+01
-1.576965468988050567e+01
-1.552952000321044679e+01
-1.512875780699466688e+01
-1.382457206665579186e+01
-1.237669185393940552e+01
-9.991488490046604554e+00
-9.152472404400821659e+00
-1.167489029827796898e+01
-1.201137593248867397e+01
-9.918469243372012301e+00
-1.074400366635520321e+01
-1.243959452341137073e+01
-1.354214724141796111e+01
-1.388713866242603601e+01
-1.357498215012897091e+01
-1.453063046363082833e+01
-1.485930336425569109e+01
-1.413997620478749973e+01
-1.472195814877104070e+01
-1.566949522728994992e+01
-1.493251305202317702e+01
-1.458597680582944278e+01
-1.483914910540829979e+01
-1.323091650168395716e+01
-1.094248962441008466e+01
-8.745159893552067132e+00
-8.380113507505415171e+00
-9.799603442648939122e+00
-1.090894195192179694e+01
-1.106842067561560050e+01
-1.097553718399538880e+01
-8.054726233997108409e+00
-6.179820431979612394e+00
-6.648317745671773693e+00
-4.853805124545705674e+00
-8.086500506644151542e+00
-1.181649763714824886e+01
-1.128347051642390220e+01
-9.312968821719268320e+00
-8.319878771961851882e+00
-5.750449694451497784e+00
-2.257677506059101891e+00
-3.438616884114902295e-01
6.103786498295241669e-01
1.717147820940663649e+00
-8.255831370457366036e-01
-3.611689348152007817e+00
-3.466602370980832237e+00
2.295968290588769889e-01
2.937119892228387208e+00
1.409547901413071402e+00
-4.024315372707343297e-01
-2.716973376768669457e+00
-5.967318234042497060e+00
-9.016511482654616216e+00
-8.120967975278460926e+00
-5.183348037617496296e+00
-6.393754237822027342e+00
-9.263940403516631505e+00
-1.217439454079672778e+01
-1.231707997435145074e+01
-1.092353212004773333e+01
-1.220171406366426936e+01
-1.413220008500388936e+01
-1.422833294657082170e+01
-1.428887867097035524e+01
-1.201486273939594795e+01
-7.677616157795236873e+00
-7.573095429865497330e+00
-8.312725626978815896e+00
-6.794613787954925321e+00
-4.533897916533145001e+00
-3.543611937412571855e+00
-4.877724114181414272e+00
-8.725096965619043132e+00
-9.850212585031215440e+00
-8.452304375100151645e+00
-5.847217455536226183e+00
-2.697765706422612375e+00
-1.623822411906758800e+00
-3.068838857421810395e+00
-2.176012256179683746e+00
9.863607221428076777e-01
1.962708899548199382e+00
1.339309282252301392e+00
-1.284067791759685440e+00
-1.902912885278472466e+00
3.880115583915151323e+00
7.740443216979418395e+00
6.586921237066474255e+00
3.434667320579523508e+00
3.280453803825767789e+00
4.978758447335129844e+00
4.798723010187621263e+00
-1.406635881185296366e+00
-6.040538029926935337e+00
-6.901910609623356230e+00
-4.639797178225657959e+00
-2.841570362149602680e+00
-3.522766183020565323e-01
3.820508032452961000e+00
8.271294833551277037e+00
8.844670196130397954e+00
9.220599575817050919e+00
7.677016700435045138e+00
3.706281983074783959e+00
2.422050504180018660e+00
2.291119116185388993e+00
2.461408202958720981e+00
1.083483585438896668e+00
-2.582345400252862078e+00
-5.486025271199950204e+00
-5.303822824056135588e+00
-4.547212582017978733e+00
-1.398837552416124952e+00
-9.504721821841710661e-01
-4.822217899748330594e-01
2.240095906089019651e-01
-1.177538138290715519e+00
-1.604297661397243058e+00
-5.488833223084877311e+00
-7.049510645278286525e+00
-8.180871206383105942e+00
-9.346623906930926040e+00
-7.588197318156858273e+00
-4.172908499448462649e+00
-5.864925313554393282e-01
5.250816646568582380e-01
-1.130251940841269453e+00
-2.397181858735641491e+00
-2.310076735529384973e+00
-1.988104111506779903e+00
-1.778124769803442140e+00
6.817115556269313092e-01
-1.866762045647294699e-01
-5.967500232700886365e+00
-7.776118511468484762e+00
-4.553394788302796314e+00
-4.684416732148653395e+00
-6.550679726258482383e+00
-5.142369917574954208e+00
-5.948084617424063580e+00
-5.040420473759787079e+00
-6.517688527475820948e+00
-1.054147592486562779e+01
-9.219443422660717147e+00
-8.427414427270413455e+00
-6.420627861074517995e+00
-6.874458354993151943e+00
-7.744451880160630353e+00
-5.843667144589947071e+00
-2.343246351745182920e+00
-1.838966225111198449e+00
-2.690652957892795794e+00
-1.706463132837297447e+00
-4.864797404608580678e+00
-6.442109577253260611e+00
-6.531861338406723227e+00
-6.227128711225119240e+00
-4.255154468390086819e+00
-4.925946872903682383e+00
-5.712475867602341495e+00
-5.191624269441246220e+00
-6.211295957156680814e+00
-6.675796533882033756e+00
-8.177850766345688527e+00
-1.116726291648632419e+01
-1.288271049593143402e+01
-1.290200469646848447e+01
-1.103808427447492946e+01
-6.665941633123764198e+00
-3.892647763102755842e+00
-4.734208532456098517e+00
-7.186964118469515439e-01
-4.190992307828173558e-01
-3.775845170313041343e-01
8.657747215065771940e-01
-9.584446456749788901e-01
-3.415154236642789165e+00
-5.127042808188515544e+00
-6.211422553417395243e+00
-9.068653072937969739e+00
-1.159885931871470532e+01
-1.321207582089435206e+01
-1.342654594983350513e+01
-1.314814441285351876e+01
-1.373603974512196224e+01
-1.389332374368548528e+01
-1.279757777659895268e+01
-9.470999075136491641e+00
-4.754434733300740845e+00
-2.327898653519375305e+00
-2.048768807083083843e+00
-1.551191295922249580e+00
-2.322372308964846255e+00
-7.340538769473439196e-01
2.938481776881671337e+00
9.160268914022087205e-01
-4.213527140870627186e+00
-5.738318370353475473e+00
-4.323898672583836422e+00
-9.252133458299116597e-01
3.846222763048397830e+00
7.414698064909305053e+00
8.804976162641036552e+00
8.238962911507302422e+00
6.017329092950213010e+00
2.854872313176105791e+00
1.510228857246159295e+00
-2.700726565067137486e-01
-3.295922234846549781e+00
-5.109221044116217136e+00
-1.205740589353381687e+00
-2.999326698872566421e+00
-7.150124384408258926e+00
-6.660283718853658108e+00
-4.641900005289235409e+00
-4.439835826896864290e+00
-7.308535137117814884e+00
-6.416010014259705407e+00
9.234237608725281987e-01
6.243053792098279153e+00
6.503859871852371910e+00
5.381021703027427883e+00
4.902251001632601302e+00
8.474979125004562519e+00
1.170321969992154898e+01
1.324054271895685098e+01
1.391877329710512434e+01
1.238972782057082611e+01
9.403409496039994764e+00
4.360035032111317932e+00
9.016008225486804584e-01
-1.044179556502377704e+00
-3.630893492474862150e+00
-7.532770811853144455e-01
2.920557322460685779e+00
4.013114785895723458e+00
3.361457326974052418e+00
6.443946876469939244e-01
-4.041592373101974833e-01
-4.597981347844204869e+00
-7.019797345375467401e+00
-6.460228784037757244e+00
-3.886105363448027372e+00
-2.749688361120592894e+00
-3.421604714407407766e+00
7.053269688536190074e-02
2.786261091858592831e+00
1.121661313499138890e+00
7.107412079799688698e-01
2.369306542541005367e+00
1.926217775017139422e+00
1.489525940783922975e+00
-1.224128902555405851e+00
-6.604417008179466642e+00
-8.881646022274312102e+00
-8.896650081758313178e+00
-6.714823078469734696e+00
-4.812706674778058691e+00
-4.679316296947088283e+00
-3.601634803502505644e+00
-4.049185549542367868e-01
2.699448529755675175e+00
1.873436389295345672e-01
-4.691721555934305066e+00
-7.610520401653245948e+00
-1.099858420135952031e+01
-1.264458276153040295e+01
-1.154480489242699726e+01
-7.257359713024503556e+00
-3.924646483344475634e+00
-2.788469175978487868e+00
9.685877274319626418e-01
3.833367889454509125e+00
3.820078559384184835e+00
1.485442523491089295e+00
-3.385969016482083260e-01
-2.143970675167383710e+00
-4.865213171105039258e+00
-4.358546316651710661e+00
-2.125119828802645383e+00
1.671811907757168258e+00
4.665381987965519173e+00
7.239399333941754833e+00
9.342298249988239434e+00
5.946157728327226444e+00
-5.540559352367722123e-01
-2.560870058123219106e+00
-1.640067754557529733e+00
-9.592636756436248024e-01
-2.630838842585486947e+00
-4.922035335008424717e+00
-5.546831049700919891e+00
-5.359687553102158830e+00
-2.920242644897524276e+00
1.874338203786845680e+00
5.611155639374589832e+00
7.337547571572217819e+00
7.227798785480446853e+00
4.471583085160833804e+00
1.034045515648001734e+00
-1.614985199385459147e+00
-2.121764004228590128e+00
2.865191303880335827e+00
5.177968772950262810e+00
2.977586412268218741e+00
4.037901620552902138e+00
4.422545813222041211e+00
1.976193144086103803e+00
3.881556538319497762e-01
3.373454518798403856e-01
2.297210610073120218e+00
5.398244556634429259e+00
7.859205399856564078e+00
9.715387923553135963e+00
1.001314193033440247e+01
8.285188041239132772e+00
5.356579915650612200e+00
1.956722968072922564e+00
-1.611946545913936157e+00
-3.247699797698771818e+00
-6.529849291358333474e+00
-9.803020051675639834e+00
-1.005308000634806653e+01
-8.619931194295315180e+00
-7.909600413984638756e+00
-7.367652639924241242e+00
-4.823919196939831622e+00
-4.001023219076073723e+00
-2.889959338017822343e+00
-2.909976824898261594e+00
-3.942636475372468308e+00
-4.837944713301264521e+00
-4.701490188207912091e+00
-3.979884183899842220e+00
-3.295933527979774791e+00
-4.281404234180279822e+00
-9.689466196185172464e+00
-1.124649182262345803e+01
-8.071088087815631695e+00
-4.571370665724092675e+00
-4.512179354279409083e+00
-2.168009269244154602e+00
1.076396908445696132e+00
1.824449469137128022e+00
-4.926582832927655087e-01
-1.727867950023018739e+00
-2.520029780200061076e+00
-2.374748962783281847e+00
-3.813535536524411684e-01
-3.935352240256716205e-02
7.298111142652172756e-01
5.371559145253889334e+00
8.522206037260968259e+00
8.640152557602245764e+00
9.237283101621395431e+00
7.486880506376264677e+00
5.431644244852418701e+00
3.851231954343988573e+00
6.876077751445777708e-02
-4.234316752897166580e+00
-6.477501500206281015e+00
-3.548881205945638051e+00
3.334085016961399361e+00
7.591669239707987238e+00
6.573351271253146777e+00
4.150230931637714171e+00
9.595485049516082610e-01
-1.913254533769070953e+00
-3.996151600162791251e+00
-5.526400708529693340e+00
-2.932995148178189293e+00
-7.751676166433206783e-01
-3.649349527478298327e+00
-4.091547449471025999e+00
-3.201603761804203252e+00
-1.303919287164259977e+00
-2.997291210345378043e-01
-6.458543661719235995e-01
-4.219708162256629036e-01
-1.599032322646360083e+00
-3.064096756094820240e+00
-6.257924828622497548e-01
1.683619517487835227e+00
9.971897885233216297e-01
4.355627484770923097e+00
8.603729220402943412e+00
9.102134084611755327e+00
8.648321609755196704e+00
1.033423280160725177e+01
9.235417677317228069e+00
7.527109544792158324e+00
9.871071870602159848e+00
1.103238360720662392e+01
1.015433714469732784e+01
9.417034979027508967e+00
1.066636029227195870e+01
1.184014098647427815e+01
1.123638429267523264e+01
1.147513092192253126e+01
1.087256547225876169e+01
7.062960426433721572e+00
1.401568194691380720e+00
-1.990584737198228593e+00
-1.485791176118746337e+00
2.619420339504586970e+00
6.072705356160270185e+00
7.660062365827736919e+00
9.826865995354294725e+00
1.140736034614981875e+01
1.383345211696082444e+01
1.615870490726326381e+01
1.655901743188718456e+01
1.527357859571789334e+01
1.328644288753612557e+01
1.144450376583979079e+01
8.104070629523294045e+00
4.844525938224874650e+00
2.358599214441708281e+00
2.390906599721674408e-01
-1.342164976828512879e+00
-1.100504457934777580e+00
2.997473791953086053e+00
6.757013312588542320e+00
6.991394097562942278e+00
7.992615860474560741e+00
8.580581029355199618e+00
6.622973587733926415e+00
6.500422651327021129e+00
6.895924023176070783e+00
8.242291726288945242e+00
8.925653086485567655e+00
8.429026841592518693e+00
1.048356123446803245e+01
1.388000060888175469e+01
1.574789205810669124e+01
1.613916208379240658e+01
1.719761298368207747e+01
1.663960051630499848e+01
1.453686427353916599e+01
1.367496958428607456e+01
1.139344721622083156e+01
8.110597303321169349e+00
6.283501103397256315e+00
3.719426446626712846e+00
8.154338410340382648e-01
-3.747082661866113495e-01
5.015392597938437280e-01
1.794756525346588028e+00
3.462095310888753108e+00
1.276338518704736691e+00
-1.488216945817644854e+00
1.076500324131809627e+00
4.037391161737813761e+00
3.945991409755980506e+00
1.877027193296907814e+00
1.949493734007676116e+00
4.818603424221975295e+00
6.579498708745001423e+00
7.594177628782341039e+00
7.641140469783530342e+00
7.528937777476508941e+00
7.829801003513350288e+00
6.655162489312229646e+00
3.176419783720406897e+00
5.943059085738103819e-01
3.971698268593637504e+00
5.314270767612316426e+00
3.686921058526201556e+00
5.137847775209108292e+00
7.367405193764010818e+00
9.726579974718983834e+00
1.178442987266347686e+01
1.309811363804803186e+01
1.411650657071348647e+01
1.510315039945756155e+01
1.603655441763547884e+01
1.555795412210545869e+01
1.426815510596103387e+01
1.167189504872054684e+01
8.234809109267239080e+00
6.991459967271951292e+00
5.233294336714306993e+00
2.012479703666409048e+00
5.191307945946552316e+00
9.282814893180576732e+00
7.875778154454305735e+00
7.214458954070901875e+00
8.405050064678942334e+00
5.976079643772500560e+00
1.278178819813101663e+00
-1.603005304729660407e+00
1.073311591140770682e+00
2.391694101256157889e+00
-3.831190559602462020e-01
1.202178568585247298e+00
5.196265332672880710e+00
6.428349705526203550e+00
5.681605084816286677e+00
4.064531393831701145e+00
1.182526830653673366e+00
-2.198576785260182742e+00
-2.012222809505146870e+00
8.112186423663120260e-01
-6.273052530898266532e-01
-1.671788033703343279e+00
-2.077431406378176693e+00
-4.159481898315110726e+00
-2.582305253432949588e+00
-1.326447924617344620e+00
-1.671734255511577505e+00
-1.172132642400783714e-01
1.273952535544068398e+00
3.145260800860199435e+00
5.555487571315700812e+00
7.132553862241819864e+00
8.891745812578031760e+00
9.966901912648864936e+00
1.009939495722828617e+01
1.225910461426778930e+01
1.398848541081165742e+01
1.351423011552617304e+01
1.191954695499486583e+01
9.733237170759238666e+00
6.961331542999555921e+00
5.345553267116677887e+00
4.722209590577052474e+00
2.055202910765633550e+00
-1.385943809087639700e+00
6.465069810634768155e-01
5.558583758877655434e+00
5.030632352558551901e+00
3.598307405365034572e+00
3.379739075960398687e+00
4.332966912394495829e+00
6.106280700882444457e+00
4.363473524488836297e+00
-4.607074493364491929e-01
-5.485636183584901016e-01
3.436821857518501222e+00
5.388426467649670037e+00
6.800894216959217253e+00
1.029041794398270682e+01
1.373965190358677546e+01
1.457637286480821359e+01
1.376901308458879569e+01
1.166688434031973642e+01
9.547017487150512238e+00
8.537855973361695661e+00
1.003481306544691876e+01
1.063077623063439958e+01
8.697865527490336035e+00
6.425927272231130694e+00
8.213208830354059131e+00
1.048360738796806402e+01
1.181476447238547678e+01
1.193973331449702968e+01
1.221535411615920985e+01
1.393450503006063812e+01
1.334804388085420968e+01
1.253523700770336369e+01
1.337179340619387347e+01
1.283940624768637306e+01
1.314373608848671893e+01
1.531928250250761003e+01
1.553287539239012460e+01
1.532906728711833999e+01
1.668640820195196284e+01
1.607368474752254883e+01
1.383720364050625307e+01
1.028919782225273494e+01
8.651948178364039066e+00
7.071576897732560596e+00
5.373343599770487700e+00
3.185561138896995548e+00
2.285272488187260365e+00
5.829290183147692872e+00
8.803464007601082386e+00
9.539702218169718861e+00
1.107805101862513197e+01
1.186221632321964847e+01
9.181588721184152035e+00
7.704006006566320508e+00
9.509772154157875690e+00
7.073782987156649327e+00
3.002022994665900057e+00
3.554703409502620648e+00
3.922756252785132514e+00
3.737151684975251964e+00
5.613454028079433833e+00
6.429014025679947508e+00
7.169583714387324669e+00
9.579080323131911712e+00
1.298609123914467567e+01
1.514623093419760380e+01
1.440831905236397326e+01
1.299324966519568925e+01
1.117737751374841615e+01
9.093366423351204375e+00
8.270344063775404209e+00
9.069198230732837374e+00
9.892328392559488037e+00
1.052388120952550743e+01
1.118500567437753190e+01
8.750077895885524981e+00
5.983406876545400266e+00
2.659155470481173733e+00
2.027413065994105867e-01
-7.975723045134019973e-01
-4.125929006256359166e-01
4.300827476033737273e-01
4.680109390732761554e+00
8.807312674501423189e+00
5.559116303622402278e+00
3.785720893283677668e+00
5.755006335924699457e+00
5.382204136152924256e+00
4.177561754295044061e+00
4.296325942200951431e+00
5.370753451567042980e+00
7.423500325251814580e+00
1.034886216470848908e+01
1.080932065040381218e+01
9.971407570444352331e+00
9.426108591345935039e+00
7.718087113666546983e+00
5.580159028973413093e+00
1.631441735432141105e+00
2.323995029167826853e+00
7.851663598566697821e+00
1.205004674100820949e+01
1.389574628084845642e+01
1.528296935242284249e+01
1.731834813193704292e+01
1.766556603062297981e+01
1.685030544560166277e+01
1.470610414515989994e+01
1.193843200192076281e+01
1.304163656495310519e+01
1.527563779094283802e+01
1.637965592254212766e+01
1.646166508969175624e+01
1.712174312828354417e+01
1.691163308274426669e+01
1.640496984483424114e+01
1.739352498884591824e+01
1.659047921092023259e+01
1.449147472023452643e+01
1.314970089004965281e+01
1.378396017834574216e+01
1.484679670865399537e+01
1.381895622081260555e+01
1.337338474323686377e+01
1.415419452994928839e+01
1.191043294242574113e+01
9.589705153008731386e+00
9.161965311186948568e+00
7.748193187139633231e+00
6.112458233708149002e+00
7.244702916285406857e+00
1.066244061268259813e+01
1.481423591542577434e+01
1.775370326881264305e+01
1.876283128057717065e+01
1.795197390451521713e+01
1.605920055629538012e+01
1.540604413458833299e+01
1.457864020798411175e+01
1.417950984670834202e+01
1.467605382124357405e+01
1.675547239553112888e+01
1.821491069249128358e+01
1.893907670833283774e+01
1.832238322621124738e+01
1.589910249617939186e+01
1.303378877572074401e+01
1.281899534337243018e+01
1.183226785850684415e+01
1.431911178866139522e+01
1.686659204877652840e+01
1.522500592637315364e+01
1.620817987617033751e+01
1.675355404480120569e+01
1.695622749968825360e+01
1.752993794822864970e+01
1.705331691400697736e+01
1.821521592259314914e+01
1.912885192441877180e+01
1.868447107190599610e+01
1.657653154190709088e+01
1.340284397386566262e+01
1.015879052467351684e+01
8.614478500448610632e+00
7.919802372995135009e+00
8.208941121474756741e+00
1.064769325501177732e+01
1.410508799986191342e+01
1.435148147358141379e+01
1.314886404912123652e+01
1.302017467462599676e+01
1.480492813577170530e+01
1.551832453902014208e+01
1.308023209158604416e+01
1.420025408454231197e+01
1.665665903104835621e+01
1.610559028178833074e+01
1.428480063516580856e+01
1.030036201903217652e+01
8.634447973078833272e+00
1.199454806945016472e+01
1.441097407394200580e+01
1.584112142028586590e+01
1.780139863115924470e+01
1.775720928215845973e+01
1.681869279239022674e+01
1.492564783836226994e+01
1.265081111845629813e+01
1.290103099097196804e+01
1.459551773970560440e+01
1.670182715728215328e+01
1.723092994439686976e+01
1.685232270595553672e+01
1.700170833679424476e+01
1.747365114278163389e+01
1.821127929467003881e+01
1.829453571041120696e+01
1.903968926872393652e+01
1.902787236519148806e+01
1.781432560381542984e+01
1.793235628031604989e+01
1.650495285924353794e+01
1.402285381754785654e+01
1.340641897530240279e+01
1.579263086398485960e+01
1.761778303859046346e+01
1.781861182777554120e+01
1.770634337243397738e+01
1.576960121780020074e+01
1.500148040967865626e+01
1.619716466126222443e+01
1.644044017362080723e+01
1.824989857063733822e+01
1.969954649259055657e+01
1.957460740584791736e+01
1.826170980505967378e+01
1.801448215366967531e+01
1.862236093220867161e+01
1.854361384888145281e+01
1.788715247653315643e+01
1.675877663383965555e+01
1.715599042509954941e+01
1.853039715350892180e+01
1.871280138958952932e+01
1.769654051401544947e+01
1.668516679861482288e+01
1.574817591938096761e+01
1.336447945809652715e+01
1.156399467985240292e+01
1.264822452671910114e+01
1.496360805431075214e+01
1.683147150639707945e+01
1.723850193831357203e+01
1.668966517976113195e+01
1.575979051054960323e+01
1.556698834264199327e+01
1.685807984504122459e+01
1.817153288925464594e+01
1.914399460276138498e+01
1.940266684682078946e+01
1.945646267026244303e+01
1.911279537028377007e+01
1.881319929868057272e+01
1.923022179889921901e+01
1.886344730013990656e+01
1.930295687143072314e+01
1.992256324518985977e+01
1.993505914873097495e+01
1.968028753940072662e+01
6.470665775920301233e-01
1.879260812767586586e+01
1.611969823053861361e+01
1.618839434328672411e+01
1.568515353562626125e+01
1.469594817044159640e+01
1.550227663022372759e+01
1.720784515844464480e+01
1.766207175330455925e+01
1.784252252062828248e+01
1.850883546809127012e+01
1.898619133363874667e+01
1.897786481901190925e+01
1.875287384807820956e+01
1.905809597233374220e+01
1.957774096102735228e+01
1.966228208664946564e+01
1.971785629886350932e+01
1.962566923211342740e+01
1.864046915016796291e+01
1.841051748900813578e+01
1.760431138455303568e+01
1.559514255362057256e+01
1.444479068766896468e+01
1.273502832034253096e+01
1.411256693562231312e+01
1.664840736779771291e+01
1.624316012722017177e+01
1.426802989056154480e+01
1.306066098519876206e+01
1.581793004174100048e+01
1.878727946037261276e+01
1.877011166626796523e+01
1.774938549209366911e+01
1.559837100603884252e+01
1.386423005347663739e+01
1.366974465664708127e+01
1.374389154554888393e+01
1.462119995704119013e+01
1.450843293870256545e+01
1.351276259728230578e+01
1.441028452973234941e+01
1.606386024096378051e+01
1.775160411823907225e+01
1.912826174137768120e+01
1.925331946972108810e+01
1.828730450779104189e+01
1.652419482445127130e+01
1.523138151022679132e+01
1.498603438954410905e+01
1.557335983320277251e+01
1.583185273034323437e+01
1.564929509185884271e+01
1.445681776447242584e+01
9.777918495744067684e+00
9.633189036764033375e+00
1.120863062536887966e+01
9.785240111994170320e+00
1.164372447124511112e+01
1.586555464174274910e+01
1.844261794383350761e+01
1.826565244339120753e+01
1.676575436847489442e+01
1.753253262084437836e+01
1.844585921230388337e+01
1.803230279131656388e+01
1.621394042313499284e+01
1.458994939830310678e+01
1.478140810065258393e+01
1.581947940181385093e+01
1.696805421095657351e+01
1.840544925649841446e+01
1.921417704092261047e+01
1.944268332448407222e+01
1.969196375525446996e+01
1.963063804659433131e+01
1.983238707312807136e+01
1.952671832612212555e+01
1.886603566835346513e+01
1.882585530619973468e+01
1.808378621325176994e+01
1.759756863829587203e+01
1.878174590240652719e+01
1.915720336261225398e+01
1.879706355059858680e+01
1.800458939477590192e+01
1.758094094727879764e+01
1.652103502278049163e+01
1.774928327826301810e+01
1.888984876766048870e+01
1.889618499246261507e+01
1.671339569543854964e+01
1.386149028873279399e+01
1.409535406930116253e+01
1.545098949954615719e+01
1.455058993449646820e+01
9.316409942040191794e+00
5.468345793508437858e+00
5.695564987555328251e+00
6.613994971718035742e+00
9.087872625994622311e+00
1.315327235350020629e+01
1.350853725119774218e+01
1.101859848511198692e+01
1.204819007090038241e+01
1.461109830660858933e+01
1.600782374990511769e+01
1.535546559299479696e+01
1.422750913912136461e+01
1.295077516137185114e+01
1.229051016294862464e+01
1.296808973580439428e+01
1.410285613585053177e+01
1.496704845011793239e+01
1.669549943097916511e+01
1.807442220759957507e+01
1.899375622171307398e+01
1.941044740602022145e+01
1.933279745619400813e+01
1.902804224979735181e+01
1.862222285562808821e+01
1.854230930702448532e+01
1.830795333632614330e+01
1.747825232348698066e+01
1.612810824499491602e+01
1.424641084969423943e+01
1.325440262845097728e+01
1.540738488627824410e+01
1.749055613225504757e+01
1.720353675918087788e+01
1.614389124509760620e+01
1.639592680100312805e+01
1.694007513424660161e+01
1.748556213922526226e+01
1.813250683905103244e+01
1.773304300938684364e+01
1.708537463360977426e+01
1.813494145860830642e+01
1.918051004549220551e+01
1.962056212825775958e+01
1.917878930064815179e+01
1.760877978084312900e+01
1.457244526583762934e+01
1.089666846800089850e+01
1.240263059941580082e+01
1.314352496741217813e+01
1.048330785543108057e+01
8.550511357089588316e+00
9.328805596958352098e+00
9.758878124745583804e+00
1.056270307027593702e+01
1.247747850017851867e+01
1.453692095473031110e+01
1.635438237123582184e+01
1.757954703735496338e+01
1.830912427386103403e+01
1.798545685178998710e+01
1.722590453638944297e+01
1.610304696311192885e+01
1.396475574892500582e+01
1.405243442425098621e+01
1.609081655662701138e+01
1.611807659985574404e+01
1.436138651964941459e+01
1.380430323275223081e+01
1.386141085613392754e+01
1.546703786422925830e+01
1.619251424632771119e+01
1.575562915105049733e+01
1.665848666614849094e+01
1.694294564259742231e+01
1.699182284202194282e+01
1.790972052795686409e+01
1.890496423406641213e+01
1.880182712974525217e+01
1.775212198133660735e+01
1.722925308339149097e+01
1.626813022216592231e+01
1.477998187192244650e+01
1.360910219358292217e+01
1.377681871693572191e+01
1.466230121982474799e+01
1.605587641027144841e+01
1.788577920230377671e+01
1.820605564992954939e+01
1.842156659341401692e+01
1.846061973347144303e+01
1.731526563162152854e+01
1.777745419436602603e+01
1.849291785803117349e+01
1.862539259066030439e+01
1.905237945429936985e+01
1.864027563825167277e+01
1.725003973532621515e+01
1.613036839605857864e+01
1.721131528637107522e+01
1.759815335823292770e+01
1.666165268295866397e+01
1.583250429646671797e+01
1.541690049970900844e+01
1.534614571414428674e+01
1.587929251184709400e+01
1.448419045377321801e+01
1.251169194785131644e+01
1.226992386629378728e+01
1.319206494307609567e+01
1.367621627683274710e+01
1.475857693584823416e+01
1.706389737009185481e+01
1.720554683586039246e+01
1.736720927999045472e+01
1.793727449139705143e+01
1.841138701468272743e+01
1.833100688846633375e+01
1.706818370509434502e+01
1.585600929642259160e+01
1.556009684738688037e+01
1.379781072529100605e+01
1.254939639504144999e+01
1.618885723897637874e+01
1.801178220801456220e+01
1.785241665541519751e+01
1.781287825761313215e+01
1.776578996639548791e+01
1.692974133869855180e+01
1.610198481128773196e+01
1.451612094523059859e+01
1.326561037507785024e+01
1.249920383314716865e+01
1.121184498776633554e+01
1.055471840220597812e+01
1.226936478047202606e+01
1.096365990567930915e+01
8.963027825060871479e+00
9.893541051426749888e+00
8.760423551422409361e+00
8.743906430963061638e+00
1.010477357313165925e+01
7.942506278728397540e+00
4.956843973068652431e+00
5.956488398352133729e+00
9.862886884928835585e+00
1.219200779379924349e+01
1.318142934654839671e+01
1.329667747806884570e+01
1.440747626144453974e+01
1.593490354920396257e+01
1.634813584189024027e+01
1.580813785890425294e+01
1.616215629023249889e+01
1.610459645871547352e+01
1.304270400244072370e+01
1.213791927701011453e+01
1.330650423084689393e+01
1.182244812817370061e+01
8.678934798943421569e+00
6.539421523420479332e+00
5.769205781530446941e+00
7.091113336024099212e+00
9.711347736790930441e+00
1.079746267826188522e+01
1.036159666885135699e+01
9.477455526969157162e+00
8.616660258057983413e+00
7.736496406584304708e+00
8.316374989443932719e+00
7.577420486487592477e+00
7.403666647906352871e+00
1.017307628687216514e+01
1.215991235591273956e+01
1.343377471317180039e+01
1.352496268470885887e+01
1.145910429255277840e+01
9.180816278977296463e+00
9.989686493550346214e+00
1.218489274463155425e+01
1.397150799903213070e+01
1.438747593738854036e+01
1.318857590298704352e+01
1.365285110073552843e+01
1.492406564423438198e+01
1.342978852558382208e+01
1.151685922960084163e+01
1.172214517887867835e+01
1.312526327593749720e+01
1.466922099488634323e+01
1.583299155863737440e+01
1.570881604957147282e+01
1.475954552025465993e+01
1.487005231512610237e+01
1.307507637070897211e+01
7.788737800580823212e+00
3.341638724380715963e+00
3.292263651571507133e+00
4.653355862321194358e+00
3.425484729217420199e+00
5.569635422416353565e-01
1.111201494548888391e+00
2.872474434864791704e+00
1.040727522139453187e+00
2.017596359259983263e+00
5.839139990942812553e+00
8.979192789348212855e+00
7.643653416899602426e+00
6.890526136037141924e+00
7.998967304845308490e+00
6.870765749157229152e+00
6.657919271004962170e+00
7.576937739048532627e+00
9.067534250757603331e+00
1.078850950788650387e+01
1.113361727049591110e+01
1.176943927851232097e+01
1.274039760476359007e+01
1.192621980367073853e+01
1.076461749760080622e+01
1.004894799910704606e+01
1.002272463180607964e+01
1.121774190479001199e+01
1.058958479657054141e+01
8.918304621476051963e+00
1.006975715099209445e+01
1.086071489245824218e+01
1.148917986057329443e+01
1.353137395704787593e+01
1.455647717215610371e+01
