-1.422200718626799976e+01
-1.375534924082325361e+01
-1.275768446049405469e+01
-1.304862488885977001e+01
-1.416376962493496094e+01
-1.262294330122167807e+01
-1.056955680056835511e+01
-1.170559863950135515e+01
-1.175161023316342401e+01
-1.025566155224656129e+01
-9.133775506024447211e+00
-9.016034980613341077e+00
-1.119347140240863325e+01
-1.342208332192073250e+01
-1.273804144777817982e+01
-1.387994418638360195e+01
-1.519763340189597578e+01
-1.513092171660406215e+01
-1.349987899092911547e+01
-1.189310219224959297e+01
-9.994886365587575483e+00
-8.432181607388704592e+00
-8.518720743687849151e+00
-7.361878022613604244e+00
-7.492184684778214532e+00
-7.506044836283884969e+00
-8.875320735328907418e+00
-1.126306591383013433e+01
-1.074859937477466509e+01
-9.251605133676260806e+00
-6.185752494370736265e+00
-5.402019213914719842e+00
-5.855445590877335071e+00
-7.755117800086031465e+00
-8.826317668324938026e+00
-8.808952346661868660e+00
-7.134284626405392515e+00
-5.442187291090315959e+00
-8.134899409607506016e+00
-1.031656274938199580e+01
-1.179517537171620312e+01
-1.151004112659530954e+01
-1.122068341826112281e+01
-1.058738679912576508e+01
-8.457702034208384845e+00
-6.951653754977494160e+00
-7.022899461003247801e+00
-8.226174615943055102e+00
-7.047631357578918454e+00
-4.516934743332543967e+00
-4.793062982229367996e+00
-4.430319191773139487e+00
-5.497055235744875645e+00
-8.293086224879919754e+00
-9.520447724090084662e+00
-7.150285182778648441e+00
-4.295452266788765350e+00
-4.412845642476809438e+00
-6.305684278845641977e+00
-5.604909260121297088e+00
-5.827549758444982686e+00
-8.044016841576782539e+00
-8.888887364690932102e+00
-1.025122874203117895e+01
-9.195216718564250158e+00
-4.670297210536159760e+00
-3.454439404484646481e+00
-5.712823262104540945e+00
-9.658396020736502052e+00
-1.218627883206010232e+01
-1.166001369763955076e+01
-1.204155521058499900e+01
-1.283073183453966237e+01
-1.386205405783681854e+01
-1.265056496904506211e+01
-8.589632922857415309e+00
-1.010778590074628980e+01
-1.202457466442054113e+01
6.470665775920301233e-01
6.470665775920301233e-01
6.470665775920301233e-01
6.470665775920301233e-01
6.470665775920301233e-01
6.470665775920301233e-01
6.470665775920301233e-01
6.470665775920301233e-01
6.470665775920301233e-01
6.470665775920301233e-01
-1.207012945434411755e+01
-1.191012097037581086e+01
-1.104444040161912532e+01
-8.544324770211810360e+00
-7.161963251149923160e+00
-9.041380934566838334e+00
-1.003829306693877932e+01
-1.133950476318098133e+01
-9.639637064573564729e+00
-7.196155982019589281e+00
-7.846013165489468477e+00
-8.061598161312511834e+00
-7.013137824506981310e+00
-4.346801615457461132e+00
-5.682313052968782863e+00
-9.756282586812561775e+00
-8.846899569108829908e+00
-4.423475206276628491e+00
-2.674167997557781007e+00
-7.265803168647837484e-01
3.967994116282122508e-01
-4.495063648666277167e+00
-7.604547832026495868e+00
-7.526434432834887112e+00
-7.513740368490309685e+00
-5.325837703488677022e+00
-4.993549617803685337e+00
-7.392396084957450597e+00
-6.758154785896325123e+00
-5.080411605420702692e+00
-3.275786239031546643e+00
1.263955779268507995e-01
-9.211741134584882085e-01
-4.452216518350958552e+00
-6.893001469442542550e+00
-6.645131644848174979e+00
-8.285451043663258019e+00
-1.046341381950011851e+01
-9.816000300904729414e+00
-9.391318967411265817e+00
-9.468477373868172009e+00
-5.808871821465941387e+00
-5.701277961344757728e+00
-6.311971254650080354e+00
-3.265599298790741400e+00
-3.545334643174260059e+00
-3.929896364642678996e+00
-7.649596049678013543e+00
-1.184439616778865378e+01
-1.089577586684463917e+01
-1.034200257817651547e+01
-9.906834934622418487e+00
-8.991542053530135803e+00
-1.063202022343185149e+01
-1.008426776613114129e+01
-7.797455325447509189e+00
-6.619566339595350790e+00
-6.367937295907584172e+00
-7.540086438508012634e+00
-9.672193443064754703e+00
-7.769581368683192046e+00
-5.962388703576681159e+00
-7.551464183273950859e+00
-7.282079556217051497e+00
-4.351357050897460610e+00
-4.409261804541658947e+00
-1.108487315941345130e+01
-1.444106971605338607e+01
-1.451599252836543030e+01
-1.355439557201792056e+01
-1.427579936953988238e+01
-1.510251838656705203e+01
-1.334211152842919113e+01
-1.365613793929679787e+01
-1.375866538532950401e+01
-1.245666114562125593e+01
-1.326072008524994317e+01
-1.193859447322319589e+01
-1.123606515439557363e+01
-1.374168359023645181e+01
-1.284258173905945632e+01
-9.747427618250361192e+00
-1.118231062966854239e+01
-1.331456560422767410e+01
-1.296377710292817120e+01
-8.921144128039841803e+00
-6.307668168398441466e+00
-6.336674472699883154e+00
-8.674595858901177792e+00
-1.142265525595706244e+01
-1.192357241862460526e+01
-1.146191251920192045e+01
-1.215835282517780058e+01
-1.391634600557781276e+01
-1.477064922301504879e+01
-1.378648462704730093e+01
-1.329064630633100386e+01
-1.293274293070416370e+01
-1.243035489043115938e+01
-1.307370949957461370e+01
-1.430224913659832531e+01
-1.212848368269456856e+01
-7.980805207757555308e+00
-7.609895784540197994e+00
-8.804625899688417690e+00
-1.007364073721269904e+01
-9.848720860764748508e+00
-1.118248108104876160e+01
-1.281333393584381142e+01
-1.221147194550192694e+01
-1.345553314990105065e+01
-1.424561448690901599e+01
-1.308221167230863990e+01
-9.836916972980763063e+00
-6.586894844867605237e+00
-7.239978256952609215e+00
-7.899168514736250479e+00
-6.005116405124070411e+00
-5.572428025953838571e+00
-6.574255692128051720e+00
-5.280430939433105486e+00
-3.986033575708833321e-01
2.760902439299129707e+00
1.654326630738691017e+00
1.700403631303986973e+00
5.187241051349231746e-01
-5.664786563653070317e+00
-9.538240916031785588e+00
-9.398904094855476288e+00
-8.250471002765484840e+00
-8.271816503801655784e+00
-6.350602376742224386e+00
-3.579194870216387603e+00
-4.661166939984837221e+00
-7.484821608463001930e+00
-8.313060934434961524e+00
-4.259857526276078943e+00
-5.431189385885034637e-01
2.795862497712146233e+00
5.592167253542882355e-01
-2.518018723533447023e+00
-4.883271965281196003e+00
-6.584676826632381186e+00
-3.087744033731301130e+00
-3.694389501973249779e+00
-4.693962857842561398e+00
-7.241697016243991980e-01
3.151569324356187085e+00
2.642086343952081862e+00
-1.087678949161990927e+00
1.502208483927621741e+00
1.458595004387856497e-01
-1.261382105411065435e+00
3.343858211513160317e+00
2.232361621536814056e+00
-1.786535550555652607e+00
-5.753995134205822204e+00
-5.890840977805236633e+00
-6.438480200299066425e+00
-9.695594100910330582e+00
-1.001310394621257949e+01
-9.142746684158698400e+00
-6.149255150431360839e+00
-2.343003994027644588e+00
-6.000126192862505370e+00
-8.385742950935124895e+00
-5.918616953595649655e+00
-5.888022946042061889e+00
-8.529476263378828804e+00
-8.919237699709420042e+00
-7.722310001749082886e+00
-5.581526868643330808e+00
-1.305702271567907857e+00
-7.713791747401614884e-01
-2.493313337303501243e+00
-4.299027357523629966e+00
-5.140618909810240389e+00
-4.604965037163629482e+00
-2.913641133900515268e+00
-4.576791305569241963e+00
-7.192715188044616959e+00
-8.215410440984856066e+00
-9.983436595607665609e+00
-1.084838923776112729e+01
-8.136583841363208336e+00
-4.507647283507256297e+00
-8.559639335122030346e+00
-1.015808648591798224e+01
-1.115844660527461762e+01
-1.189295024802382983e+01
-1.276591231389564207e+01
-1.129536208801034824e+01
-7.462733192598593135e+00
-5.447596644484544726e+00
-9.337291564035380631e+00
-1.377440618729544219e+01
-1.460855826308480765e+01
-1.281668654101693328e+01
-1.123793284890422761e+01
-1.256178981587748389e+01
-1.457914737776381209e+01
-1.516361961887966103e+01
-1.466262819102586867e+01
-1.332559991780502884e+01
-1.172389850470617034e+01
-1.219289695096310311e+01
-1.243948050149188411e+01
-1.151634782208983587e+01
-1.030612688211840400e+01
-8.016670841903897227e+00
-5.801963798602472799e+00
-4.094631425455897755e+00
-2.756680061897044176e+00
-3.824918032768126697e+00
-4.783818910131476976e+00
-4.353327306558493426e+00
-1.937752978331743980e+00
1.758447401981606983e+00
-1.402656181897038223e+00
-4.053504643900029514e+00
-2.328380548400400318e+00
-1.437173314564212045e+00
-2.759084737729412318e+00
-4.558045299026693975e+00
-5.909874677525001729e+00
-6.831461559115811433e+00
-5.401182547355858787e+00
-5.849422776990307327e+00
-6.577118030763119627e+00
-2.797298145874162145e+00
6.077761095326030816e-01
-7.766001711112165973e-01
-2.723482809976322194e+00
-5.071298987204835740e+00
-8.424491919014320374e+00
-1.013009760310450424e+01
-8.985701529536846976e+00
-8.234246154101287019e+00
-6.815731281261391494e+00
-5.791693296249075473e+00
-5.611255609881714790e+00
-2.374104518357951665e+00
6.502540210023119438e-02
7.732867882168791285e-01
6.701140187523106917e-01
-4.757118307119347356e-01
-1.886685292901483901e+00
-6.749173515047350858e-01
9.356413519726303196e-01
2.672034387685234269e-01
-2.784111979735311770e+00
-4.927899425644723941e+00
-5.736462246537503695e+00
-5.164077573796111764e+00
-3.624714601213154364e+00
-3.240853638435241546e+00
-3.141779817858378010e+00
-3.415671105108724070e+00
-4.896841153759869059e+00
-3.650082209567057756e+00
-3.559857069607611724e+00
-5.688339286469364708e+00
-7.236785417675776877e+00
-4.682704181328875670e+00
3.518773923317803920e-01
-2.287483155996578588e-01
-4.178044297758443548e+00
-6.389151211015011711e+00
-8.619338300951405074e+00
-1.080287732340280549e+01
-1.045654911506639451e+01
-1.118690743300812507e+01
-1.222267295971920298e+01
-1.166315730552172347e+01
-9.118317846059827758e+00
-8.866683392324830493e+00
-1.113462655654856981e+01
-1.187715336162862556e+01
-1.242266916225437434e+01
-1.259710709528702743e+01
-1.225281852850334019e+01
-9.783336246764736899e+00
-8.434861009961581502e+00
-9.028214449056461532e+00
-6.802047223278064436e+00
-5.627418334017657564e+00
-5.925239009080805808e+00
-6.448480604490577583e+00
-8.664447598047422261e+00
-1.057810492238681377e+01
-1.145355285967032977e+01
-9.520670092955214159e+00
-9.308986852290615843e+00
-1.123421135441412488e+01
-1.282757136854380420e+01
-1.300361500494284606e+01
-1.096451044038941447e+01
-7.695402185947326501e+00
-5.432481252797154880e+00
-2.709167961445701600e+00
-5.807243541315422197e-01
-3.429613148755831453e+00
-7.612974522850318060e+00
-8.222516340753776021e+00
-6.772385366962373254e+00
-5.612107025049231979e+00
-6.794740577177897478e+00
-7.582311966996626573e+00
-5.547208069484347526e+00
-2.547095445387844048e+00
4.269668227028118879e-01
-1.343868465492227049e+00
-3.490305864848631590e+00
-4.451381799282667195e+00
-4.437689600347663799e+00
-2.701926842190914169e+00
-4.300419526205508269e+00
-6.179229604437458612e+00
-3.599762109301369417e+00
-1.117580303032396527e+00
-2.282057669295073588e+00
4.066321199754879823e-01
3.677246457200450624e+00
6.043820038860999722e-01
-4.137629240833176070e+00
-5.669286137250529656e+00
-6.988455678600193011e+00
-6.094474210407836878e+00
-5.652921493118764573e+00
-7.899247690917418296e+00
-8.596801952261968083e+00
-6.564247236013014408e+00
-8.607881687121130554e+00
-1.101654230422092162e+01
-1.152916030171156159e+01
-1.149517839334275671e+01
-1.145425569710178237e+01
-1.218227907335551308e+01
-9.725072783845735813e+00
-5.993475507584029138e+00
-6.049559712397907241e+00
-9.229133175091851271e+00
-9.878798090362856499e+00
-8.014379153738103057e+00
-9.184209036193770714e+00
-1.230179972944327815e+01
-1.302105783438045528e+01
-1.134943530266242107e+01
-9.942361342626737652e+00
-1.203325303865447182e+01
-1.231767482303743755e+01
-1.168800501330678188e+01
-1.117594463471499289e+01
-8.672694162726513056e+00
-7.602099564953539890e+00
-8.334603881490744826e+00
-7.440224034623125426e+00
-6.779063231172185233e+00
-5.247931366299588340e+00
-4.848718634716398412e+00
-7.998179573658248387e+00
-7.537277002516373337e+00
-4.222707378618530072e+00
-4.889296138738686182e+00
-6.147967103536851496e+00
-5.111851320065733617e+00
-3.619174652263408287e+00
-2.729097269870250031e+00
-3.903487750151794611e+00
-3.799523378390065709e+00
-1.075412942091461765e+00
-6.745226126309831205e-01
-5.241431221899091053e-01
-2.478586193482131605e+00
-7.088534778853978757e+00
-9.285042544161260736e+00
-1.119629803187688921e+01
-1.125773342253105902e+01
-1.104580420090949566e+01
-1.255298748751932081e+01
-1.131121143443603216e+01
-9.340466016573431673e+00
-1.010531402850916471e+01
-1.024665272398718763e+01
-9.756297395727157706e+00
-9.126583597129574343e+00
-6.424028876953680189e+00
-5.921169360789045655e+00
-7.696089610506225753e+00
-7.013500781369253367e+00
-5.287753159904252875e+00
-1.682917162092870900e+00
2.013697452224564088e+00
5.613574725887719996e-01
3.062754236629411375e-01
9.706687722273191210e-02
-1.115659043912101023e+00
-2.925557331149740037e+00
-6.059336423305651032e+00
-7.652120383434398043e+00
-5.810176581422590303e+00
-3.166914952091034241e+00
-4.661363287984695347e+00
-5.791346853704977704e+00
-3.758138723863870378e+00
-3.742404917670450804e+00
-6.933059141590640628e+00
-1.048455994153584747e+01
-1.281627026906107680e+01
-1.262216780156574991e+01
-1.161361258621584014e+01
-1.232879110213312046e+01
-1.286195907960286711e+01
-1.028808221442413284e+01
-8.752379045289146120e+00
-1.020975102098530485e+01
-1.144446006036563546e+01
-1.364927912917533348e+01
-1.487521935665771089e+01
-1.513630548487672556e+01
-1.535923232167926500e+01
-1.529151172118638513e+01
-1.467081113475690479e+01
-1.304607128707154651e+01
-1.318255238654831452e+01
-1.324848914655048837e+01
-1.073784022480660916e+01
-8.818283320608978570e+00
-7.566433955616716389e+00
-7.864566267106312125e+00
-8.462817475436906989e+00
-6.873115974705761744e+00
-4.799551407473361841e+00
-7.173593790556007654e+00
-1.007648546830921710e+01
-9.206347228689189421e+00
-9.656139326738705009e+00
-1.033699127430665143e+01
-8.545109077316331181e+00
-5.556368382932646455e+00
-5.836361637179063422e+00
-7.780873370887618989e+00
-7.917816867179051421e+00
-7.160880886151518965e+00
-6.171616300134706634e+00
-7.809513700803674574e+00
-9.386726401938096487e+00
-9.974735626971405367e+00
-9.807142658435381577e+00
-1.096754241183070100e+01
-1.258808030703915470e+01
-1.300453600966409873e+01
-1.359228621988383523e+01
-1.307937805498137784e+01
-1.235573755876706947e+01
-1.225319556447265690e+01
-1.116569017484970416e+01
-9.698357661289358944e+00
-7.450969844740751746e+00
-8.165589653088636268e+00
-8.560075363471213450e+00
-6.931348231598709830e+00
-7.822971210514500839e+00
-1.030597498550627300e+01
-9.859901456352515581e+00
-9.778731331599541221e+00
-1.141263493871878154e+01
-1.200084909512402298e+01
-1.303229952424518068e+01
-1.451536125197641702e+01
-1.486699535752062395e+01
-1.500108440642052088e+01
-1.500268367802365255e+01
-1.399529668861969078e+01
-1.335879472564989534e+01
-1.252809754388000663e+01
-8.539667923148874351e+00
-6.878948088213592271e+00
-6.430718260759112681e+00
-6.846890088375746863e+00
-8.063750471384373952e+00
-7.426513714878596240e+00
-7.516524746148548708e+00
-6.654438404876160895e+00
-8.001691716140852506e+00
-1.134327174004800121e+01
-1.246629901332735635e+01
-1.156715242013203238e+01
-9.365401151186460993e+00
-7.538965969493405694e+00
-7.672484144564521102e+00
-7.054567215465632479e+00
-7.452221179985861532e+00
-1.045474438885184831e+01
-8.779398600066530278e+00
-5.829775848472479538e+00
-7.945074352317655908e+00
-1.160813417702034656e+01
-1.256557532871262595e+01
-1.156852249886026485e+01
-1.312200109499348599e+01
-1.406345171231645530e+01
-1.277119900458664148e+01
-1.249604768510034525e+01
-1.265210130525801802e+01
-1.332665854152589269e+01
-1.408788705780934869e+01
-1.476335647040859200e+01
-1.485517567838885711e+01
-1.519127450553470560e+01
-1.535994742879985431e+01
-1.497829806410628173e+01
-1.450901146786859108e+01
-1.382281267487526932e+01
-1.460942620151362270e+01
-1.484170198526726558e+01
-1.268087772470460628e+01
-8.627992261530376794e+00
-7.898836757057090097e+00
-8.505717080377170447e+00
-7.949976853030590540e+00
-7.213745364765613566e+00
-7.038343653579348214e+00
-8.452133387742302162e+00
-9.668019228464194370e+00
-9.982039361319197113e+00
-1.026418628378090148e+01
-8.463446867944171004e+00
-8.928936134876128250e+00
-1.027035129464660734e+01
-7.674339659832579486e+00
-6.617311104835197355e+00
-8.702459018380753974e+00
-9.924447824255933526e+00
-9.049370886584785723e+00
-8.284392911455825015e+00
-7.967584110302380118e+00
-6.644527437909569123e+00
-5.363049276420976952e+00
-5.842149305295671446e+00
-5.596512111564675429e+00
-5.973386471342696069e+00
-5.809375396122153923e+00
-7.661958520628795455e+00
-1.063635303427448875e+01
-1.014890862896507251e+01
-9.680006837234223838e+00
-6.964154117393531962e+00
-1.739168678776567445e+00
-1.446973353422671416e+00
-1.970167698316487082e+00
4.765808784499415279e-02
-4.314003369099821128e-02
-3.835231938161799636e+00
-4.736972864304394903e+00
-6.428561956929420340e+00
-1.254834736276177942e+01
-1.445656231022400462e+01
-1.454191020485207453e+01
-1.498739726387122317e+01
-1.466004128676376084e+01
-1.423707901376471696e+01
-1.302531688881696503e+01
-1.366053387170231481e+01
-1.377784925491342882e+01
-1.363627331763368034e+01
-1.376685866014198822e+01
-1.211170199645750145e+01
-1.013553993483890281e+01
-9.069223601791026823e+00
-1.140220678359960260e+01
-1.212504294520276105e+01
-9.739735357145983485e+00
-9.761566607282542662e+00
-1.195579257718261523e+01
-1.295360284481288815e+01
-1.195430450605726769e+01
-1.116745165015465346e+01
-1.227480051574350917e+01
-1.214697115256283233e+01
-1.231199876591067088e+01
-1.253099546443223566e+01
-1.168800513158060994e+01
-9.557067362375958552e+00
-1.072624172845226198e+01
-1.278237565577235557e+01
-1.147236818498385702e+01
-9.317906698759918172e+00
-1.083979473482792422e+01
-1.274308668010058909e+01
-1.176188608517148992e+01
-1.126552484266129106e+01
-9.917718196831399879e+00
-9.512555884649344762e+00
-9.516433697886901300e+00
-9.144526059782895899e+00
-8.485279886774833358e+00
-9.680283230236732095e+00
-1.098902432251194661e+01
-8.088113647977376530e+00
-6.102918925847256482e+00
-8.283404326291300634e+00
-1.035861856722307017e+01
-9.490923906405027921e+00
-1.075251298729094707e+01
-1.338565165974390503e+01
6.470665775920301233e-01
6.470665775920301233e-01
6.470665775920301233e-01
6.470665775920301233e-01
6.470665775920301233e-01
6.470665775920301233e-01
6.470665775920301233e-01
6.470665775920301233e-01
6.470665775920301233e-01
6.470665775920301233e-01
-1.473010555390279208e+01
-1.467885271558453653e+01
-1.436529785997309361e+01
-1.390937094331835766e+01
-1.303013237342264752e+01
-1.355522390063865856e+01
-1.320927732587564485e+01
-1.245046490152547491e+01
-1.406333699158521355e+01
-1.469602293996435449e+01
-1.322728271705678083e+01
-1.018055395830487342e+01
-1.100880350707338451e+01
-1.229166596404493994e+01
-1.246796318853597718e+01
-1.029143086943706287e+01
-1.006075835528279150e+01
-1.058098331555583727e+01
-8.041936635503198261e+00
-8.123292085181704536e+00
-1.162318330444901449e+01
-1.390262092360695867e+01
-1.479855521329844592e+01
-1.497737567083035159e+01
-1.447881090985920416e+01
-1.391907521680681370e+01
-1.378682523953483496e+01
-1.222689873807707528e+01
-1.053199621906213146e+01
-1.099497679878820122e+01
-1.310087558129171192e+01
-1.413211522049201285e+01
-1.413475213299203936e+01
-1.467510149128817076e+01
-1.387648950522077307e+01
-1.185808229434711869e+01
-1.067911963003265008e+01
-1.120942360466506571e+01
-1.213838216979704931e+01
-1.192987191206970010e+01
-1.159363356962866121e+01
-1.112561903184326439e+01
-1.117683059313968741e+01
-1.216794910680430597e+01
-1.371820265140838302e+01
-1.443352794807018746e+01
-1.524053510244925924e+01
-1.522502675664537719e+01
-1.444444421698816150e+01
-1.333087581122566867e+01
-1.063362398282679955e+01
-7.197093715435594063e+00
-6.644412340392654492e+00
-7.278522115779843205e+00
-5.797282188546773796e+00
-6.489933082797308295e+00
-7.396204191560177499e+00
-8.663964876936853798e+00
-8.452588243241109467e+00
-7.393604018830379765e+00
-9.402494502285140499e+00
-1.128214806605858733e+01
-1.109241858094932986e+01
-9.779772813764775918e+00
-9.195252019669736043e+00
-1.238813808436045960e+01
-1.281668780747992464e+01
-9.099396701725568803e+00
-7.693879614700636083e+00
-1.022907110729333979e+01
-1.234473161266488717e+01
-1.329609952807533624e+01
-1.311552892525605607e+01
-1.322667889784652040e+01
-1.303220395520125585e+01
-1.315619289233245048e+01
-1.284737236746533817e+01
-1.318838484899671215e+01
-1.318055702388973138e+01
-1.255199519207194392e+01
-1.403690279006566044e+01
-1.458626701320951291e+01
-1.402658418208678626e+01
-1.304402801448834381e+01
-1.363991371483900927e+01
-1.343358602425122328e+01
-1.287938122471248903e+01
-1.344220163643065469e+01
-1.487955799209390939e+01
-1.538588572245467034e+01
-1.519122269701414041e+01
-1.446143370359008351e+01
-1.474811804629971590e+01
-1.523759579494230643e+01
-1.560657909111263564e+01
-1.521394862095750433e+01
-1.357301911640377590e+01
-1.304498075723643247e+01
-1.286457711211982691e+01
-1.333183485768292087e+01
-1.389478046548042123e+01
-1.376491108551270415e+01
-1.264110727826410141e+01
-1.125090399103081751e+01
-1.151471858806092818e+01
-1.184522948076558180e+01
-1.222922961002072739e+01
-1.400835918377141098e+01
-1.516833164144988544e+01
-1.486126552377378474e+01
-1.265620817816837196e+01
-1.167968371271612504e+01
-1.165708024838117574e+01
-1.142474121143314925e+01
-1.092546107074879380e+01
-1.014808647025574828e+01
-1.130051709631268331e+01
-1.317330888843128633e+01
-1.253592277044335113e+01
-8.432810664620882690e+00
-5.353497632807200368e+00
-4.787943679234067496e+00
-7.026672584784738440e+00
-6.003526410721788942e+00
-2.431851780400058338e+00
-3.792359239913805524e+00
-4.243135401753565183e+00
-2.671482159665227396e+00
-3.688286981829457023e+00
-4.996338044133514344e+00
-7.009320120431222101e+00
-6.305518004540745736e+00
-4.458265414012082317e+00
-4.510800779547763817e+00
-8.735524274369897313e+00
-1.113518955272473576e+01
-9.895742489020301846e+00
-9.309803526266478002e+00
-1.051644034648770543e+01
-1.133658447524829249e+01
-1.106038464089862750e+01
-1.138139647211236394e+01
-1.141614251309714057e+01
-9.215056764297116842e+00
-9.970012086815335905e+00
-9.822384338311053398e+00
-6.484504565931133335e+00
-6.290813568563913272e+00
-6.280693949563933565e+00
-4.043830328459767642e+00
-3.580214374009339728e+00
-5.727480525883978935e+00
-5.643878190017669105e+00
-4.353030881621194226e+00
-6.786762756339300928e+00
-8.266201787372544629e+00
-9.505572949211561706e+00
-1.158099638324465452e+01
-1.162287131052677758e+01
-9.444155818073703301e+00
-7.285287574117460530e+00
-6.633142546587059485e+00
-4.531432170932573555e+00
-1.789522079591325809e+00
8.883765049736748187e-01
1.474603935940187238e+00
2.035654974122669270e+00
3.105596735864041946e+00
-8.685514832756265902e-01
-3.606280840671448384e+00
-2.280950534252383033e+00
2.904709205983163067e-01
6.876814403555896460e-01
1.070633134937087672e+00
-1.169412993519973465e-01
-3.669929716717233781e+00
-1.351038096081311091e+00
4.283668656189405510e-01
-3.837231373286940084e+00
-3.859460162610302003e+00
-2.555989077400028897e+00
-1.542818009946651747e+00
-8.999474761663325273e-01
-1.815852625033953061e+00
-2.282273122912267471e+00
1.122269805582197799e+00
6.306647580895290872e+00
7.284533889995223888e+00
6.610467402785869417e+00
2.884784239912565162e+00
-6.494604357640101355e+00
-1.076698977183663963e+01
-1.196651624678391812e+01
-1.333190689551624786e+01
-1.217506495238047570e+01
-1.052454633194566291e+01
-1.170815732965700739e+01
-1.222999322029236602e+01
-1.268469034645161209e+01
-1.326167441052155027e+01
-1.227055623044614485e+01
-1.064621633086406582e+01
-8.360131753162951540e+00
-6.587883074940264372e+00
-4.645081403464655700e+00
-6.731936589337783161e+00
-7.136262177398288387e+00
-5.383906224028977228e+00
-7.354879339411848349e+00
-8.680190554581269424e+00
-8.036136057512463182e+00
-5.593849232081124612e+00
-4.077317825161202336e+00
-2.351707140450028266e+00
-2.296255485727981271e-01
-3.233110858827651590e+00
-5.105058896776385247e+00
-3.215192054092164131e+00
-5.085380217276190606e+00
-5.409024581458992564e+00
-2.438855629803045044e+00
1.564753304115147792e+00
5.373492917040996630e+00
6.015167747905518780e+00
2.949250436717409052e+00
4.813210037057393670e-02
1.268919634105945438e+00
1.345362535242480728e+00
7.700866084181603455e-01
-4.914312801427698774e-01
-5.498713318385878068e+00
-8.046516911591423238e+00
-4.362044736853168736e+00
-1.544865765388916401e+00
-4.458695817131983041e+00
-5.159762550844721574e+00
-4.453047667845233093e+00
-6.349363370611778912e+00
-5.214906204632106856e+00
-3.896744360603206836e+00
-5.882759909960147304e+00
-9.114650845569885362e+00
-8.982991083371336671e+00
-7.048698894733686160e+00
-8.805282794950281655e+00
-1.015010243697221526e+01
-1.099921506435529928e+01
-1.098508620890163279e+01
-9.799994863921785537e+00
-8.989818661669501054e+00
-9.313528032097904585e+00
-9.946603171135713239e+00
-1.052175282261715239e+01
-1.242297250433673206e+01
-1.364829842848663333e+01
-1.233324364474951729e+01
-7.461627782557068933e+00
-6.219397996459457012e+00
-9.361642872855325592e+00
-1.118599481976413834e+01
-7.812842826510189909e+00
-2.209777805980920107e+00
-5.249013797464260556e+00
-7.242213284879259305e+00
-5.199545008570206406e+00
-4.070831064150204348e+00
-4.965579802337677151e+00
-7.343103938281735132e+00
-8.139576233613295742e+00
-8.162381496112217860e+00
-7.989264909819896232e+00
-7.022802412305416908e+00
-2.705241353359709500e+00
-1.507625027365406600e+00
-2.296971755901656420e-01
1.977386326214895629e+00
4.555221600597029741e-01
2.454821788470851196e+00
3.528593906428441063e+00
2.127686987471164581e+00
-1.426542404239649731e+00
-5.456540565603165582e+00
-5.299626559915958879e+00
-2.535537864970685451e+00
-1.465490586062642153e+00
-3.673105558882139299e+00
-2.937059046061438750e+00
-3.471467071249476066e-01
-4.245587013894998596e-01
-2.246666368295472616e+00
-4.594990902511026931e+00
-5.747893083025079619e+00
-6.244747263710221930e+00
-7.181062838895458711e+00
-9.169136594907861593e+00
-1.130248953005074064e+01
-9.665689104004915322e+00
-9.107354776887447656e+00
-1.199410665761184980e+01
-1.171395438407719602e+01
-5.468839111107619111e+00
-1.996298183636619816e+00
-2.892831055949795172e+00
4.792307950333887789e-01
7.842530432888964453e-01
-1.619795303726644653e-01
1.573322674570326818e+00
7.046107655621517418e-01
-1.046015629525574697e+00
-1.145486991518565700e+00
5.025044557440706550e-01
-1.140389880289519375e+00
-4.255086812066989133e+00
-2.376304807708939038e+00
-2.944369710283437858e+00
-5.994843937323319771e+00
-6.405303547833587352e+00
-5.215042244117766401e+00
-3.019872825415666373e+00
-4.607067067953745543e+00
-9.887514573967482789e+00
-1.325431287982741679e+01
-1.505375097161311970e+01
-1.533402254464518322e+01
-1.532082377182921817e+01
-1.398908485381942413e+01
-1.278171654870756591e+01
-1.275803886369042495e+01
-1.174230206750280914e+01
-8.815569945139259289e+00
-2.502505693558998878e+00
1.778931110360933099e+00
3.200280602743686753e+00
2.313101317010695546e+00
5.400029609979239975e-01
-7.483131695344412693e-01
-3.673117957353996821e-01
8.143052613162724551e-01
3.149748353568512016e+00
5.946724048213336111e+00
1.532332018438504750e+00
-8.564458162852990331e-01
4.154503546015611004e-01
2.115546696417893280e+00
2.349210323750496432e+00
4.406496728465906787e-01
-2.176349005904728795e+00
-4.165342635098768120e+00
-2.643088914464278627e+00
-1.464173862663708414e+00
-8.661276463543090554e-01
-1.711932169949897720e+00
-3.132482888748521876e+00
-4.527949295040046174e+00
-4.817121400776778195e+00
-1.018353409461331127e+00
3.247309814230876945e+00
4.269858463652337122e+00
4.095172236824088152e+00
1.945976495405455031e+00
-1.161547405105973985e+00
-3.293517661133911645e+00
-4.231629640762567313e+00
-6.587651286260217454e+00
-8.480301150399263577e+00
-9.496519907786789005e+00
-1.066245607921444538e+01
-1.102675015431822025e+01
-1.189439363429105256e+01
-9.852836108643918678e+00
-1.778333975401738876e+00
3.822676537302872823e+00
4.449233454899936824e+00
3.482330569349062710e+00
1.292974817243913277e+00
8.821592747442096316e-01
3.880816336320334958e+00
3.232074478467753309e+00
-2.997528856720735879e-01
-1.168289744808886033e+00
-8.045221885269316919e-01
-8.095713066129256452e-01
1.318931661757659857e+00
-6.654482927069144127e-02
-1.467350746996982647e+00
1.167048068876247457e+00
-2.207736446641987010e-02
-3.839993968001849556e+00
-1.951006352586406090e+00
3.345446609364980173e+00
3.480532281780048365e+00
2.944197070618051360e+00
3.209289630026829432e+00
3.187741048059629545e+00
4.736086292288995026e+00
4.997707740837441293e+00
2.194521546474728524e+00
2.019918134042157920e+00
-2.158892240064767265e-01
-2.208839183700975983e+00
-3.192834405832607025e+00
-8.787794275126563193e+00
-7.935613100247561391e+00
-6.211694645117580293e+00
-7.859231376369272937e+00
-8.041740708621473388e+00
-6.758749146774788663e+00
-3.156152599088249744e+00
-1.346847520843082568e+00
-3.266101149764870648e+00
-7.376187112266567425e+00
-8.146647242082643459e+00
-5.598198738900761917e+00
-5.776465766498151133e+00
-6.320513651169685332e+00
-5.441652455824972812e+00
-4.002418164786017307e+00
-5.144954183520566993e+00
-9.742663812986171123e+00
-9.134052336693130769e+00
-4.533108516869611471e+00
-4.648441345578530060e-01
6.609358879183434565e-01
3.007239787135246978e+00
4.767598197382834968e+00
2.248608093243621653e+00
1.721870468506817353e+00
1.736206049492417414e+00
-2.116185257258401009e+00
-4.250947086745671122e+00
-3.525841401972680256e+00
-1.094382348218393641e+00
2.111772667279470106e+00
1.365034413214121223e+00
-4.045993177870611746e+00
-5.683696055810334435e+00
-4.399541774845517672e+00
-1.489361178288694187e+00
-3.236198287879129332e+00
-3.908421052304255294e+00
2.106644459404638958e+00
4.840644588565274908e+00
6.664102461446371528e+00
6.743090500356902162e+00
7.297768316310251357e+00
1.107439466705034192e+01
1.270527985269757565e+01
1.182882123885178061e+01
1.074656264847720877e+01
9.802609332586024848e+00
8.633658302943434393e+00
8.757774751714041628e+00
8.075819112308847636e+00
4.569965342323762947e+00
3.900185448542094147e+00
3.192197386681834725e+00
-2.076713923967259678e-01
-1.678772895781025731e+00
-7.245447764668422330e-01
5.579717695503791930e-01
2.289149876406718853e+00
4.728731401033103410e+00
6.317700873322917410e+00
4.466080183941466331e+00
4.066193450931923081e+00
4.090846201565494944e+00
4.036969246123506494e+00
7.168804145661153981e+00
1.015760220023638460e+01
1.168884372503923608e+01
1.017668981137854800e+01
7.465012417133539024e+00
9.031289015280663079e+00
9.801613575024365588e+00
8.663876427057742191e+00
1.004948958732939346e+01
1.117538780392161257e+01
9.787569338148017550e+00
7.130113113565839100e+00
7.704512286082580097e+00
1.109942164059876646e+01
1.227364834388065340e+01
1.130163585089596801e+01
1.170815908493224633e+01
1.128104609514991274e+01
1.130168995767736284e+01
1.271771405315222658e+01
1.039145449116023379e+01
9.857408731279488023e+00
1.077453657614652016e+01
6.785249972605767788e+00
2.695662738629406086e+00
-7.024424665425538228e-01
-4.401526563640365097e+00
-3.614526735973451643e+00
-9.528127435598164885e-01
2.489998278388029895e+00
3.050031087566698051e+00
2.673545736317072485e+00
5.500955074474527251e+00
6.150417861194469538e+00
5.670073702694928386e+00
3.642455682530007621e+00
4.791435940011705696e+00
6.894876636056348040e+00
6.426535099970914544e+00
6.155797128828602638e+00
5.031617096659273258e+00
3.431117722057808184e+00
3.638815757634431325e+00
4.790776174007679522e+00
5.372122821131959824e+00
7.022891822264615058e+00
9.632136172136991803e+00
1.209010395453807796e+01
1.242299958883965871e+01
9.131616323872151497e+00
5.620847578272981870e+00
2.773340850718606365e+00
-1.160307374159547100e+00
-5.949115676065088287e+00
-7.925080382196375339e+00
-7.058874694287261775e+00
-4.954784675299571006e+00
-5.292276359686559850e+00
-5.271072838080621104e+00
-5.037590827412230965e+00
-4.539914690845630929e+00
-3.082781548988795528e+00
-1.738149683776921473e+00
-5.672443312842093827e-02
4.564601944434691916e+00
7.656057649861893744e+00
7.458862313366124042e+00
1.002251446834509885e+01
8.804189037019092723e+00
1.002201720912812100e+01
1.320601321376282478e+01
9.660974947392743317e+00
6.633466539146940733e+00
7.183058643534986132e+00
4.088428105091352016e+00
3.586412451492791309e+00
6.601427145219774140e+00
4.448279139589368825e+00
3.057316223013641032e+00
2.429877216127459771e+00
-5.394756915281181398e-01
3.588741700487933173e+00
8.922112487166153016e+00
7.925778158901104931e+00
1.165590313471364148e+01
1.274829569831091014e+01
1.158004907308884768e+01
1.164028661986668567e+01
1.241823284882554468e+01
1.360753909110287552e+01
1.467270399229118460e+01
1.694803420844417730e+01
1.714201960994175522e+01
1.608652932146351233e+01
1.376312914059913695e+01
1.038192091390540561e+01
1.261038396028730091e+01
1.381460736421015412e+01
1.323624258431405032e+01
1.325417352707377816e+01
1.125256143560839739e+01
8.401665753562996386e+00
6.100389766447642081e+00
2.915540047333886164e+00
3.590381395705329659e+00
5.485614841533126729e+00
2.386275847282878004e+00
-3.670315973314100533e-01
-1.661344953853881146e+00
-7.550013112617456335e-01
1.333259925221724984e+00
2.804862513858909168e+00
3.611641688350663237e+00
1.367653773549354010e-02
1.376203393770525807e+00
6.573334026374181072e+00
4.692439566371497506e+00
4.861390007383474265e-01
2.207891717425020328e+00
3.770571666282591661e+00
2.148606453488923318e+00
1.082595058026482870e-01
5.152773382091759835e-01
4.537382011927539871e+00
8.751078722339288518e+00
8.535143444910962884e+00
7.649208895664919794e+00
7.270688839222090749e+00
5.004611613164920314e+00
6.381239635644840646e+00
7.079106359145624694e+00
4.411497394896557012e+00
5.774656199227991671e+00
1.073603751002898399e+01
1.161416949867247084e+01
9.981474360196163076e+00
9.015422317824299370e+00
9.247806747016227291e+00
9.179671866832627813e+00
1.227980012644690611e+01
1.550501608720646196e+01
1.513069299566863357e+01
1.294388738660519778e+01
9.554732713453518045e+00
6.956685167702890915e+00
4.553177856343038066e+00
3.141396582523920955e+00
5.386576495271054199e+00
8.692227763417324837e+00
8.290342487042194008e+00
7.522601595137854424e+00
5.671758678746756210e+00
2.742891111123201497e+00
3.316819812849715721e+00
3.808032753885047139e+00
4.071056498514781019e+00
5.095986680867579999e+00
8.437734867874393530e+00
8.169248578541260741e+00
8.723722440881985563e+00
1.057581906175276387e+01
1.166695110375782818e+01
1.179774350580191999e+01
1.132254024201369624e+01
1.237276503937507144e+01
1.165444643686428172e+01
6.362101282255058443e+00
2.570022950483656921e+00
2.537452837928524829e+00
4.149362974824426509e+00
3.601195198931537611e+00
6.887374752414149093e+00
9.740867307010498521e+00
9.571473630567206570e+00
7.473348434124344131e+00
4.850348355647340348e+00
4.978858099672159199e+00
4.994880136358899492e+00
5.045873345048782710e+00
4.277516262490009602e+00
5.015613653482586365e+00
8.084511178814254961e+00
9.104156293401658218e+00
9.869849352764711981e+00
1.079190298659260705e+01
8.796859955431390432e+00
5.988529292141355320e+00
7.006016090078940550e+00
6.621022246760983165e+00
2.189109187604943330e+00
3.374143441034124447e+00
5.256132789373945791e+00
6.556044581687197059e+00
8.488972266090570429e+00
8.713782044982032460e+00
9.496177962029829445e+00
8.654815271509407992e+00
6.862614558017241073e+00
5.933896167884134876e+00
7.739182030381798860e+00
1.139103363187777873e+01
8.523943699111356409e+00
5.206488444241686331e+00
4.988497535137853767e+00
6.703957745769920429e+00
9.316596579203270778e+00
7.795720089883467985e+00
5.050779253209687347e+00
4.502325198880837043e+00
3.437632266866577080e+00
4.878268020481041134e+00
7.881274087519281046e+00
8.300940597871132809e+00
8.405483090276767655e+00
8.180194617796422207e+00
1.073357643028453623e+01
1.387199425813180653e+01
1.363272413190757959e+01
1.261023337121160814e+01
1.178704825654865651e+01
1.138308870528218186e+01
8.638526166206284884e+00
5.306424625843927600e+00
6.743234037554908689e+00
8.810565310489725022e+00
7.346852498577901791e+00
5.631372802845007186e+00
5.519001446229948371e+00
4.453027457250271048e+00
4.486283955146056712e+00
2.561827107925156888e+00
-3.188979923451193410e-01
1.526285814726827894e+00
7.108374418243768034e+00
1.191759829123129855e+01
1.231575577042253755e+01
1.266978472161811986e+01
1.319248106188805103e+01
1.224777768603683370e+01
1.273870050362379125e+01
1.180248425623799235e+01
1.051483470502346051e+01
1.095126359930724114e+01
1.197298418971743317e+01
1.073516160558575194e+01
8.183938425752105061e+00
9.264061438495351908e+00
1.170219310506367449e+01
1.125715540764308820e+01
8.348885680937080167e+00
4.958275886364228668e+00
3.014752052903516333e+00
6.210758710001354821e+00
1.275577384598124731e+01
1.466710848633468878e+01
1.487292016312355258e+01
1.645027086085611145e+01
1.695621897719668425e+01
1.657462406122151322e+01
1.479555349139767451e+01
1.468715837799637924e+01
1.683315234675000127e+01
1.701935067379878319e+01
1.499875434339942792e+01
1.310392200643406646e+01
1.029498641005202764e+01
7.834665970416897274e+00
4.550624419011836785e+00
2.289693383464139753e+00
4.378547840694294813e+00
8.589908082554533308e+00
1.103404407566017653e+01
1.060932100108719922e+01
1.276762439140946981e+01
1.617324091221332338e+01
1.682969204623153558e+01
1.651640270815281752e+01
1.599531670966852204e+01
1.505627434272913234e+01
1.336235023871291894e+01
1.028020151387633341e+01
1.137466859560196930e+01
1.422874528567370866e+01
1.640727384970820424e+01
1.754202231725988170e+01
1.694791702932836941e+01
1.406704444395908027e+01
1.362818895682299569e+01
1.514121231076643070e+01
1.627156538563018984e+01
1.435826124959312011e+01
1.364983899866071226e+01
1.441121593679044466e+01
1.423064819259095870e+01
1.576721435276171768e+01
1.765463566160636688e+01
1.747595046267094077e+01
1.727109005913706241e+01
1.702763941026158889e+01
1.543011993194462406e+01
1.750780992181010021e+01
1.859264507982589620e+01
1.850928395913382118e+01
1.769363780893187865e+01
1.631820632246810021e+01
1.539765412852647941e+01
1.569942031306321262e+01
1.427117973597544065e+01
1.476055027599324099e+01
1.608753419513357485e+01
1.455471001637371486e+01
1.626819868732079044e+01
1.844102020874088410e+01
1.860617099903728544e+01
1.777515919474485173e+01
1.742854303884638867e+01
1.697999557481487898e+01
1.601098232365288965e+01
1.749646262606435343e+01
1.798252908560431607e+01
1.754122647464768647e+01
1.837545171655434117e+01
1.850815635792839586e+01
1.697532767051027847e+01
1.361746340426419444e+01
1.184315807125005193e+01
1.190075420421936769e+01
1.383424100965744685e+01
1.651493521463734737e+01
1.652954452804498331e+01
1.661141080687935201e+01
1.649015569926077163e+01
1.658679374323169498e+01
1.607766504616625625e+01
1.392204653693919347e+01
1.258227065089943864e+01
1.242462887007714656e+01
1.204455212687363463e+01
1.342376773183824490e+01
1.564823343389050159e+01
1.430004053786940688e+01
1.131770428888874491e+01
1.535973322068229230e+01
1.732020213956170451e+01
1.745200665868781442e+01
1.793741359515945177e+01
1.714314941552385818e+01
1.542523228805000990e+01
1.523348696523239454e+01
1.604767349539736188e+01
1.644513707683955062e+01
1.748207474463450950e+01
1.826577750957207513e+01
1.715093950362393471e+01
1.671491931397523700e+01
1.610139348721097008e+01
1.602191741135576919e+01
1.598170718945943669e+01
1.542946804351816681e+01
1.431297388915301205e+01
1.208977782675107271e+01
1.190202973682276522e+01
1.335295604432033656e+01
1.537022066360755623e+01
1.476611309780744996e+01
1.548118154921571410e+01
1.697336704959234410e+01
1.613760590833728514e+01
1.374477088094977972e+01
1.445479814910815541e+01
1.639309399715150661e+01
1.573613103610267316e+01
1.386449231644213498e+01
1.426441369437093876e+01
1.576627274137969792e+01
1.630436620466373654e+01
1.588691019971806995e+01
1.668605587120948641e+01
1.732366057754211752e+01
1.659147930716851960e+01
1.712659102975658598e+01
1.801193987337533997e+01
1.857063696967220068e+01
1.871103542736534919e+01
1.815990000308783081e+01
1.660450891872834944e+01
1.634988499762840775e+01
1.646596626557495213e+01
1.614426076905911600e+01
1.666364124000042324e+01
1.757349294923778515e+01
1.753413911982210749e+01
1.594506570118258004e+01
1.717995913952588793e+01
1.724244970638618923e+01
1.488287000842523611e+01
1.475697403539533958e+01
1.542672954887415493e+01
1.324815614051240864e+01
1.183773144101433239e+01
1.262632124924280852e+01
1.363048157617270384e+01
1.385271281944081245e+01
1.352169253734474808e+01
1.408530714783389293e+01
1.564095646807249906e+01
1.697863377722302758e+01
1.719666205163113304e+01
1.709476250145985432e+01
1.775718388866567921e+01
1.840783063872922654e+01
1.812965080757042458e+01
1.658688381129168832e+01
1.317768994069821886e+01
1.032629465992702222e+01
8.739358999267698991e+00
5.282380267272300145e+00
5.723289170482362742e+00
6.139491871936900935e+00
6.480961839765187804e+00
6.994040381526430927e+00
7.828828302499186265e+00
9.899263426857462633e+00
1.169848433771477936e+01
1.229101795842700540e+01
1.369625633328693759e+01
1.525192456617169690e+01
1.508823491205403577e+01
1.525469048818776052e+01
1.368548211568242401e+01
1.178682839557062678e+01
1.073905583662001106e+01
1.163735985647194049e+01
1.462267924116054374e+01
1.644466879280265204e+01
1.629145904127479128e+01
1.495988956430793948e+01
1.300374263291727139e+01
1.234259678460169241e+01
1.325383084652494325e+01
1.423918890407296090e+01
1.528464660801772013e+01
1.581810249077512331e+01
1.655150291660994455e+01
1.597808189839592785e+01
1.507490236182020382e+01
1.380338789913616182e+01
1.216315108452167415e+01
1.329159355290336997e+01
1.386326084293614436e+01
1.193365886632696515e+01
1.240435921244497841e+01
1.356421051132163136e+01
1.428255928530886720e+01
1.426566104228852971e+01
1.244815730082664018e+01
1.236319990598337526e+01
1.217006512789831874e+01
1.003019449371270966e+01
1.102135670301470327e+01
1.157181895623529044e+01
1.199604600677607458e+01
1.384653975163806550e+01
1.434264396582149104e+01
1.523213636682791616e+01
1.478169767143476321e+01
1.464323237305756997e+01
1.644177980009907358e+01
1.692344995343310288e+01
1.520381542206608039e+01
1.375612282369052508e+01
1.385052816398079933e+01
1.385997057716667413e+01
1.074381327459935420e+01
6.995318870087577245e+00
8.516386336251638767e+00
7.102619908626748746e+00
4.450761608020793680e+00
6.614016292168322764e+00
9.571829599382578380e+00
1.003078779573339219e+01
1.046127299231449292e+01
1.257287076152064742e+01
1.369036885924281677e+01
1.405126201298368471e+01
1.553491053474736994e+01
1.710469359828064739e+01
1.735903597442651147e+01
1.510005765587686000e+01
1.141626278508268832e+01
1.419257318166535775e+01
1.565762481608732415e+01
1.439680635981281931e+01
1.336105159385333074e+01
1.241624448915327683e+01
1.408382342322525638e+01
1.551419712762626091e+01
1.473006441839616443e+01
1.263591227455446386e+01
1.260271031531331687e+01
1.207626959039292736e+01
1.412750405135402154e+01
1.627941838850061629e+01
1.331446900950464141e+01
1.234723116373696072e+01
1.232383109915616970e+01
1.233648106676291789e+01
1.151870788982443194e+01
9.865613239231226572e+00
1.305221682169331388e+01
1.329698101135422483e+01
1.177711684412288662e+01
1.303272303599105086e+01
1.389913077548408182e+01
1.292850791440556790e+01
1.170639659467162197e+01
1.167299015492005765e+01
1.177212030354178474e+01
1.348820564731025407e+01
1.497579880813619013e+01
1.611090305126380429e+01
1.381623292495992139e+01
9.903962673475444234e+00
1.075316140765000306e+01
1.215948715967937410e+01
1.209032030446159389e+01
1.050735187859342545e+01
1.096671165972515993e+01
1.424545449055982616e+01
1.690046882044381604e+01
1.667894265456153846e+01
1.313373154790325792e+01
1.156840515671192371e+01
1.366910463278396648e+01
1.465187960901639919e+01
1.688724806254780120e+01
1.632862652579834162e+01
1.655662220340269997e+01
1.830771569290900658e+01
1.864793419543318009e+01
1.816073342440011018e+01
1.782307254649689909e+01
1.611046531950098526e+01
1.362704888279228044e+01
1.059850286330714653e+01
8.822736975703003637e+00
9.437374070255321712e+00
1.033738518045727339e+01
1.076407984433974185e+01
9.157844937844094702e+00
6.629042538524783978e+00
8.313034519234729913e+00
1.338718297913350064e+01
1.721157749802910431e+01
1.670500310820665035e+01
1.644129754622342077e+01
1.776781310654025248e+01
1.815028348178203998e+01
1.654381644185831846e+01
1.501677293641903077e+01
1.455409854863142982e+01
1.417317057361999844e+01
1.598011823781398633e+01
1.674753290532925121e+01
1.647186772414604405e+01
1.660039192888306658e+01
1.708688540239768372e+01
1.687130676079038949e+01
1.498346812470212797e+01
1.316047563196335268e+01
1.222435429930194317e+01
1.139339812423725462e+01
1.281631175114821275e+01
1.595452317030397005e+01
1.686569857415410922e+01
1.668854249612901697e+01
1.727453719402614496e+01
1.624931616970033588e+01
1.636797815524453270e+01
1.775912064367757282e+01
1.857874524065274358e+01
1.844133274019365842e+01
1.848795900688517335e+01
1.650748046051708684e+01
1.400423076661251187e+01
1.491734019929944388e+01
1.594247367309333008e+01
1.425976696867377669e+01
1.102230952194789637e+01
1.201155188889180714e+01
1.268868092655358382e+01
1.264209515346743196e+01
1.384985627010469678e+01
1.618118509409482186e+01
1.783052346392151222e+01
1.703703413887278728e+01
1.462129968139446667e+01
1.461118247641854140e+01
1.458635698446694384e+01
1.521153373974152423e+01
1.636607026680806953e+01
1.645694721185389398e+01
1.672186312373369077e+01
1.565849119910107135e+01
1.454441481718892604e+01
1.281001371265733368e+01
9.455361105057695781e+00
8.920848899968852663e+00
9.330363142088597073e+00
9.088939085761282399e+00
1.087277689783638124e+01
1.065266116419789100e+01
8.217889019202772261e+00
8.554517606609721270e+00
9.777315157126095002e+00
1.104357388974888998e+01
9.812169669479013479e+00
1.081602689210752288e+01
9.597435857900855183e+00
1.084097569520962878e+01
1.459514843950823249e+01
1.249266979513773279e+01
1.198996898381487064e+01
1.438321134084618969e+01
1.581439861224841081e+01
1.743878998637262256e+01
1.841470114505612088e+01
1.807520953288153009e+01
1.742478365386108408e+01
1.792435965446265911e+01
1.793105119096903977e+01
1.775114710540776741e+01
1.710920595334510352e+01
1.301398045244243917e+01
1.064200192129931821e+01
1.210705366918227988e+01
9.857778032004290480e+00
9.378429715680789869e+00
9.779413381659040283e+00
6.206217421126663858e+00
7.754906434508098023e+00
9.602106758664465502e+00
1.308703674077151469e+01
1.657991510136584523e+01
1.776144523531671027e+01
1.818493011385079328e+01
1.778670226822458389e+01
1.657358417830916864e+01
1.517109015481624645e+01
1.587142007443423886e+01
1.572067837201618978e+01
1.440012176237437025e+01
1.415265461799546642e+01
1.359712849093598841e+01
1.090702071546115981e+01
1.127042507300652119e+01
1.318268462587026768e+01
1.345925012382132202e+01
1.260616009586359354e+01
1.196545616965497949e+01
1.195270527392033699e+01
1.271282479879218918e+01
1.349945574751362365e+01
1.439366802687839453e+01
1.456878278565477913e+01
1.323270382271586243e+01
1.341688429541187233e+01
1.423562620811751778e+01
1.439121932871359633e+01
1.526622918899025194e+01
1.619301705821338899e+01
1.487963106869571384e+01
1.506196875173557181e+01
1.765473353367397991e+01
1.813502019501755314e+01
1.805354979028010831e+01
1.772037229181452034e+01
1.768411188145919155e+01
1.794765998651841343e+01
1.729002381531254784e+01
1.727132548740617324e+01
1.787710050905147696e+01
1.794081245919541345e+01
1.799789107505539576e+01
1.802480487589607705e+01
1.800229539069410833e+01
1.791169505718425015e+01
1.739181826981159062e+01
1.661146388180955213e+01
1.756715885841383340e+01
1.798644104548650446e+01
1.771449156032598538e+01
1.767989191901836321e+01
1.738172284891477304e+01
1.614638230025933296e+01
1.663700052467660839e+01
1.728598619840769857e+01
1.735480037817695020e+01
1.706744357461468198e+01
1.644710972259972337e+01
1.631424144041532642e+01
1.605266957297957831e+01
1.663795932630946339e+01
1.756598329265569092e+01
1.759054362243688985e+01
1.683495184570651304e+01
1.601061880581084296e+01
1.387534969028839171e+01
1.234363697670603521e+01
1.252139392179846134e+01
1.502640241050267633e+01
1.614994636940911477e+01
1.581744314875110646e+01
1.267591644435177933e+01
1.209641862240816046e+01
1.305807772062944672e+01
1.204540374292966476e+01
1.115925218093277849e+01
1.072070948756897835e+01
1.060187083563107535e+01
6.306545558146197550e+00
5.004943653479452692e+00
9.258949753177281750e+00
1.473451338010539224e+01
1.587512594052698667e+01
1.563918770136558578e+01
1.675756572088176455e+01
1.665493134067941128e+01
1.581070163955133268e+01
1.647215776919088981e+01
1.616649697097407667e+01
1.661485298266778798e+01
1.749889941371388602e+01
1.758963546028928349e+01
1.656347203679728608e+01
1.470849079511565627e+01
1.335617925310178045e+01
1.390954604204505785e+01
1.535924115616954388e+01
1.441236728482286722e+01
1.428014742924347935e+01
1.475836145619461526e+01
1.313243232992461174e+01
5.795198766623299136e+00
6.305011263012225697e-01
-3.855782472527200966e+00
-4.157977817147040511e+00
-2.695837837839673679e+00
2.418897440069142757e+00
4.905035075216907181e+00
5.132162406675096378e+00
4.451029522850855180e+00
8.707396986732930388e-01
3.451395148989880646e+00
9.305543470954068752e+00
1.135804555331628585e+01
1.035395448766951532e+01
7.715438648254648868e+00
4.236395191795454984e+00
5.596032829641730544e+00
7.538817141151097800e+00
5.297106064207651066e+00
3.794610917464535937e+00
7.037782364794318291e+00
1.192362317909807068e+01
1.311300962011232762e+01
1.155164135233675538e+01
1.175284584047070346e+01
