-5.754800870852429640e+00
-5.499438772144784160e+00
-5.991390672405216833e+00
-5.858310295442722193e+00
-4.691771634346234343e+00
-3.228455992718100021e+00
-4.355037554083570406e+00
-7.241546817920826662e+00
-8.816856704478738038e+00
-9.989854623819871549e+00
-1.092151708745538841e+01
-1.015500024132210477e+01
-9.185854122655939591e+00
-9.473187391674510849e+00
-8.604354920476819046e+00
-7.743852325706368944e+00
-9.066772821207159438e+00
-8.964366272405722924e+00
-5.267868686670350797e+00
-4.319506336278134739e+00
-5.197408538619612273e+00
-4.160452440719718759e+00
-1.460293146900009997e+00
-1.143752714033541062e+00
-1.787358650530948667e+00
-1.230618420131752488e+00
-2.666269299018319217e+00
-3.536113298638939639e+00
-3.863501380508562288e+00
-3.549141849191893794e+00
-1.537896385934613530e+00
-1.269186957509083724e+00
-8.366589664775774260e-01
-2.458504640449083123e+00
-5.587040077300363450e+00
-4.884073438043880167e+00
-2.519626140107625201e+00
-3.037094010083237539e+00
-4.092884873082699215e+00
-4.988067951344524964e+00
-6.699360616247297173e+00
-5.895014344671258399e+00
-5.463053323086459301e+00
-7.017540249888447157e+00
-5.977278538737563984e+00
-4.752428905485547972e+00
-4.922777406685796109e+00
-3.789824822033458496e+00
-1.335405638939222817e+00
2.454922863378548037e-01
-5.663202978247918740e-01
-1.880505600408980404e+00
-1.145705197211870363e+00
1.500288169886124234e-01
-2.056349667460022790e+00
-4.530675810414503069e+00
-2.409437097943714967e+00
-2.372587635132608508e+00
-4.126828631163686367e+00
-5.466906755862353862e+00
-6.497331910569509539e+00
-6.981923724441474022e+00
-5.461973402497096508e+00
-3.808104618926229978e+00
-3.401121925404014146e+00
-4.604388901889716834e+00
-6.586335731265714699e+00
-7.565627685652186685e+00
-6.073147710895915985e+00
-5.493155655161526596e+00
-7.580474772928134541e+00
-6.442692523044502906e+00
-4.302661261388241343e+00
-4.094904937642577458e+00
-3.923086090712391893e+00
-4.348731734569768470e+00
-5.144656853547011188e+00
-5.157092836228962085e+00
-4.087300948613146190e+00
-3.271016354889566990e+00
-4.235668152129881570e+00
-4.644865383096369094e+00
-3.758170249994161161e+00
-4.587174248934146270e+00
-3.233880865110827951e+00
-2.796972444450261275e+00
-4.967631313837886253e+00
-6.315413299968819061e+00
-8.681543388878305123e+00
-1.021791274473016209e+01
-9.520069066810640024e+00
-8.030487330691483905e+00
-9.559901251939411537e+00
-9.351703900466063146e+00
-7.951318989752518718e+00
-8.237703247570200560e+00
-8.901088840444817407e+00
-8.365955916918395019e+00
-4.341972812724756992e+00
-2.027593336091360943e+00
-3.351708564272037005e+00
-2.864063566181689779e+00
-1.619644583512730662e+00
-2.358658551556600536e+00
-2.058527196933957804e+00
-2.384348312038436113e+00
-3.054966029615612921e+00
-4.364136194365010546e+00
-7.038184563196402621e+00
-8.068219931880467044e+00
-7.388549641999355266e+00
-7.524549481297452047e+00
-7.835117637744196450e+00
-8.967562431712769566e+00
-8.141654242532956332e+00
-6.234083246058759187e+00
-6.733825590011460527e+00
-6.683427531484556816e+00
-6.481305659168258515e+00
-6.809436005571065209e+00
-5.755754388095657426e+00
-5.431167551353232703e+00
-5.006667145429685384e+00
-4.337038622372707763e+00
-4.562561948435775783e+00
-6.149322574505398542e+00
-6.974616030877941242e+00
-6.940810800534101155e+00
-7.465562992816108689e+00
-7.722501685785948311e+00
-7.601833917415049768e+00
-6.691441728565657776e+00
-7.380194421133722926e+00
-7.875130647701266362e+00
-7.752686280003426411e+00
-7.021288506376417438e+00
-4.963672717606608664e+00
-3.491968561355669909e+00
-3.544784032082405112e+00
-6.544849726965872527e+00
-9.124477151488699533e+00
-6.549866786939609220e+00
-4.475647882476565087e+00
-6.560760838958509034e+00
-7.345198183408337300e+00
-8.489712899068257101e+00
-9.363005276487751161e+00
-8.452834202296848787e+00
-9.223967878554596211e+00
-8.216617485397069487e+00
-4.708260872603722724e+00
-5.325060229189986671e+00
-6.699869137703788446e+00
-5.756613314326117781e+00
-6.564354390801440786e+00
-4.231564471814899697e+00
-2.937588992763068951e+00
-6.565624981528967119e+00
-6.022586872653122647e+00
-3.238745288601973193e+00
-4.986733311152792503e+00
-5.542720592803777713e+00
-4.879238767751695072e+00
-4.952908774478332887e+00
-3.169912312554663103e+00
1.606864636005809754e-01
2.339543213582671477e+00
4.025183317927614746e-01
9.308384076918057026e-01
2.269030772563572107e+00
1.756987275635641721e+00
4.679850113305368264e-01
1.612534242835382825e+00
2.259075567109666949e+00
-2.571832774445644176e+00
-7.816938707673606324e+00
-9.157776532717972984e+00
-6.002026702466395136e+00
-6.816125919717767268e+00
-9.922462248319391165e+00
-1.015747680972777722e+01
-8.662781818661194677e+00
-7.221708102346143576e+00
-6.126237500086104681e+00
-5.221640226552375808e+00
-3.782224179979365886e+00
-1.644784571624141156e+00
-1.229377355527055071e+00
-2.963861989860425261e+00
-3.943661303058726642e+00
-6.601638006884590126e+00
-5.424934497402164268e+00
-4.723260791100946099e-01
1.508418901592660566e+00
2.539658245244403201e+00
-2.277619507532387677e-01
-1.180440763136396454e+00
-1.085078403522112822e+00
-2.048116538592734681e+00
7.399883578164478948e-01
3.425509113877367895e+00
3.341620591791761186e+00
-4.864284868375094023e-03
-3.164985038406650464e+00
-3.586838955870304435e+00
-4.186520585017264651e+00
-2.301448503674521362e+00
7.843368997387105690e-01
2.881361115636114523e+00
-1.661706209850615457e+00
-6.185574150366865531e+00
-4.662978926677332048e+00
-9.994794832623297154e-01
-6.177464996254213858e-01
-4.096395168853677049e+00
-6.404699382443704181e+00
-8.584477074571967847e+00
-1.010014943048617830e+01
-1.033242323569898247e+01
-8.424964234916725303e+00
-6.215632126175008487e+00
-6.043654255394162789e+00
-9.192361131389336748e+00
-9.792386560075886592e+00
-4.271040728855900248e+00
-2.896756407479625040e+00
-2.725752543222419000e+00
6.653803493695424898e-01
-1.496568202725423236e+00
-4.151427992477952245e+00
-2.717681086785590949e+00
-6.137827099785316820e-01
-1.111832703259128419e+00
-2.385096232593758359e+00
-1.725046975033549979e+00
-2.008870652942811752e+00
4.762286583307003274e-01
4.204262766844927945e+00
4.253003536883553259e+00
3.585388817181887067e+00
-1.017974719900601510e+00
-2.362264939180262147e+00
-1.397717979747070460e+00
-2.728533415459506895e+00
-2.342149957658509418e+00
-1.024012019624625180e+00
9.039140462059176706e-02
1.494157544086174738e+00
-7.566216162224627118e-01
-4.759881957185227108e+00
-4.496653997790461155e+00
-1.652193122132391334e+00
2.025820041384560621e+00
7.926722482682195814e-01
-2.769168499811301754e+00
-4.942970210605561299e+00
-7.361185242051338840e+00
-4.931125905132935472e+00
-3.688368564698728314e+00
-4.981674346070881221e+00
-5.887561098690284211e+00
-7.366223894248611792e+00
-6.457580162557580827e+00
-5.290981688276430006e+00
-5.158356281884844741e+00
-5.159026456776770075e+00
-5.120570184091321586e+00
-4.725373674771590871e+00
-2.253653033848332488e+00
-3.247787629349551342e+00
-8.074921404403621494e+00
-5.530039481571290771e+00
-2.092553444330119028e+00
-3.718517836637968532e+00
-5.016279123490098080e+00
-7.017203288046867549e+00
-9.890231637160468381e+00
-1.150445559556521680e+01
-1.021345920469462598e+01
-6.974058937101420774e+00
-4.974804878411107190e+00
-6.558033525587680046e+00
-8.204564482911296253e+00
-8.938960063523815336e+00
-9.332173281133215426e+00
-9.759157860099046289e+00
-1.063583034904457847e+01
-1.127797871682199826e+01
-9.152620495305743731e+00
-9.381741865782650791e+00
-1.111674136574374216e+01
-9.599524911934038229e+00
-7.670799462657740264e+00
-7.431664905618929673e+00
-1.054641589499026466e+01
-1.155778292038783484e+01
-8.753287227640957013e+00
-5.184980376416479686e+00
-6.135136100644417390e+00
-9.433905162048045412e+00
-9.889240188172358614e+00
-7.433557256310321826e+00
-5.842001311559503307e+00
-4.765485889857746571e+00
-6.204478229142055490e+00
-5.603108922494921096e+00
-1.343691646713187859e+00
-3.076610503193237811e+00
-7.141633100590891736e+00
-5.861685210016664094e+00
-3.691965760233544724e+00
-3.716007778373253245e+00
-2.236215826754396119e+00
-2.890437488548522893e+00
-6.391865639424215040e+00
-7.462228594955379712e+00
-8.854518951023186091e+00
-9.135408723020292499e+00
-5.948179107543569266e+00
-6.761711505430660019e+00
-7.548632004680827734e+00
-7.761913958042924833e+00
-9.499248132904531516e+00
-8.700059597530234612e+00
-8.902705671550341648e+00
-1.000214533578902021e+01
-8.570491771378184964e+00
-8.395559541507134682e+00
-7.862220470813467088e+00
-8.688051255569497755e+00
-9.724990221758909925e+00
-7.640937257673634520e+00
-8.455782976908142956e+00
-8.163434579347958575e+00
-5.080764262829498001e+00
-1.946370421535918105e+00
-1.115949952257204947e+00
-2.677983889783863147e-01
1.819380694689105349e+00
7.009156098489915943e-01
-2.006606142297064466e+00
-2.969782437440683154e+00
-2.738880281777830827e+00
-3.879345103345615886e+00
-8.112113966516455221e+00
-9.661134796714121009e+00
-8.026389114326622831e+00
-8.038333348383778443e+00
-9.132621468494143357e+00
-7.195052250105800518e+00
-7.651089501072652510e+00
-9.537884814242239884e+00
-1.006207977949082633e+01
-9.808687553641753709e+00
-6.498418414593784220e+00
-3.950273336126199020e+00
-4.866842677701879616e+00
-5.869904015465426284e+00
-4.480108540835909814e+00
-3.620011013300852842e-01
-2.539299772129624877e+00
-2.803361791238432321e+00
1.191448814241277132e+00
1.840556848263838474e-01
-2.426787799669440027e+00
-2.565274956886281377e+00
-2.674108154233231449e+00
-3.423978884332858019e+00
-4.972733105279370514e-01
-1.884000748167791173e-01
-3.895618312809283168e+00
-5.415023305670014331e+00
-5.788336813120966262e+00
-5.322256009484587658e+00
-2.392156234314310126e+00
-2.241548615787288146e+00
-2.633230946322942856e+00
8.308860408491989258e-01
-7.108475713751095659e-01
-3.441694345035743563e+00
-1.870448132403176977e+00
-3.252169242997194343e-01
2.378164476430640883e-01
-2.974745638408204940e+00
-7.671699092243579265e+00
-9.566870819763703793e+00
-1.031952656977455440e+01
-9.777007420220702016e+00
-7.790120994385370423e+00
-5.058474936592287641e+00
-6.349935489411604017e+00
-6.516856974947327963e+00
-7.768787931679692171e+00
-9.964965596038355855e+00
-6.172589380586351204e+00
-4.105930612437841631e+00
-6.499437927053941522e+00
-6.548742188393534391e+00
-6.252720886709115966e+00
-5.052453399357168529e+00
-4.800349366908316817e+00
-4.624451887355428781e+00
-2.732752722201200246e+00
-3.026083980991005173e+00
-4.518436566026385215e+00
-5.462759155590458882e+00
-4.551846286440769163e+00
-3.842981590636808775e+00
-5.769789588074819342e+00
-5.508300677119522426e+00
-4.855730489501514313e+00
-6.650251293436301836e+00
-4.759385167840254560e+00
-4.663073035302770286e+00
-1.140893609716919244e+01
-1.366443173047197490e+01
-1.358445328099641358e+01
-1.346989142215276125e+01
-1.353892042000306972e+01
-1.335489627553559622e+01
-1.334001313007484235e+01
-1.337331156613180383e+01
-1.255774309935076438e+01
-1.150584444495777348e+01
-1.026644572761229313e+01
-7.602903347980093152e+00
-5.417715813145932202e+00
-6.195704017685669918e+00
-6.398131862029669215e+00
-4.621261902827692225e+00
-3.796711501635831265e+00
-3.496406941798008816e+00
-9.100891653866081121e-01
-1.030252019649874784e+00
-3.944576788151273661e+00
-4.941159753657556664e+00
-6.671203607313700878e+00
-7.234995361322471119e+00
-6.897190393347763404e+00
-8.680860356457307248e+00
-8.419292199790998410e+00
-7.301679674869979486e+00
-6.596615170332962741e+00
-5.780891211940141439e+00
-3.699860630767205727e+00
-3.297443504389877322e+00
-6.221608507555290934e+00
-6.579724087510640196e+00
-5.365119649244320499e+00
-5.918232267377855571e+00
-6.635891539402253514e+00
-4.912713994829630337e+00
-9.532638309977580215e-01
-3.037271653675732264e+00
-4.771152173470990299e+00
-4.278289259292956892e+00
-5.591426405547067269e+00
-5.287909788313241322e+00
-5.283476997944414499e+00
-6.159669704229322917e+00
-6.950104625560829419e+00
-8.336087092733828641e+00
-8.813251089119880533e+00
-7.327408649714785227e+00
-3.306591041718222712e+00
-1.420864713545620495e+00
-2.168329501165747519e+00
-1.143389306067672306e+00
-4.799528977572814492e-01
-3.331069951836286069e+00
-2.654168666959413780e+00
8.089384281563583023e-01
2.309441233988518860e+00
1.462790325481478249e+00
-4.601708563149969677e+00
-9.914994456665493061e+00
-1.161577628384122640e+01
-1.141266944513451875e+01
-1.034675066579112723e+01
-9.838859796498956811e+00
-9.831162946547244985e+00
-9.151164590845814573e+00
-9.367134880470610270e+00
-9.298011899097659239e+00
-1.066431337256454626e+01
-1.203851204998818503e+01
-1.192048794289079261e+01
-1.188929294055163233e+01
-1.100567022379556725e+01
-8.888630675012668902e+00
-9.436591279954164690e+00
-1.020191211691978594e+01
-1.075321230932945049e+01
-9.867180788361627819e+00
-6.193654402598445685e+00
-2.977947333039874689e+00
-1.466934467533704156e+00
-3.933961993858575479e+00
-6.024760682457768191e+00
-3.384721125151433530e+00
-5.044099653827364138e-01
3.644385471304513180e-01
-3.957231933905043242e-01
-3.454593061417194910e+00
-4.670512826450623933e+00
-5.527772660352391121e+00
-8.830965136363332135e+00
-9.386423205940577219e+00
-8.245644975822866485e+00
-8.045087456754531630e+00
-9.123215481540437821e+00
-8.181242215325825740e+00
-5.978409117958219277e+00
-8.684033550491733422e+00
-1.204151414336138437e+01
-1.254946738020479025e+01
-1.159190697446648599e+01
-1.156350225749379845e+01
-1.276244971355233382e+01
-1.213499082930992934e+01
-1.276695296522838419e+01
-1.313722371076391227e+01
-1.299950400744150514e+01
-1.294239619326710411e+01
-8.266730395148922383e+00
-4.989423541504347526e+00
-4.099478468211313675e+00
-5.183964200001009992e+00
-5.504086484614798103e+00
-5.093809084067284942e+00
-5.876882616362286704e+00
-5.995004927642755277e+00
-5.406209081670967365e+00
-3.302157956380578518e+00
-4.229934934778815325e+00
-4.566775253013339864e+00
-3.691946374939023112e+00
-3.026209220534662681e+00
-5.119946962501482624e+00
-9.391801761918348035e+00
-1.045955288954172602e+01
-9.313614238836850134e+00
-8.215593313528096076e+00
-9.438050072046346273e+00
-1.077605367360394162e+01
-1.175836951245315198e+01
-1.204878620356403829e+01
-1.131982234092138206e+01
-1.008016864880003460e+01
-8.852772076396798084e+00
-1.042550128333443027e+01
-1.088873010433413846e+01
-1.075339677425476559e+01
-1.040209031874277201e+01
-6.690940831300871139e+00
-3.143599372206957288e+00
-3.477052896462924814e+00
-3.486310939052221336e+00
-3.799034265969032820e+00
-5.859874699094937966e+00
-4.721408989179906257e+00
-4.297384259460111267e+00
-3.800001004530087823e+00
-3.567589061121322125e+00
-6.873834989509387761e+00
-8.763532875606685479e+00
-9.273765414104866878e+00
-7.788402234323046791e+00
-8.294236984502289189e+00
-7.844780473126014897e+00
-7.004065692206230764e+00
-9.666426019453618679e+00
-9.782664866474071630e+00
-8.301262017019597650e+00
-8.188039541487624362e+00
-8.575894089462789083e+00
-7.984312640557227780e+00
-6.307726331793591434e+00
-6.078100387974768815e+00
-5.241797323931536745e+00
-6.411097358493059950e+00
-6.738116897827421958e+00
-4.701337550068279469e+00
-3.621642012981047376e+00
-3.291693466289057568e+00
-1.974524714125903913e+00
-2.468036751576482501e+00
-1.924117468927398322e+00
-2.646049004822705442e+00
-4.660414049679938664e+00
-3.092162004730264258e+00
-1.912131427366183578e+00
-3.168620702052165505e+00
-4.963940338262443852e+00
-5.002107573777990090e+00
-5.885786548175159005e+00
-3.824214716399624514e+00
-1.728575145518733480e+00
-2.574016205583968819e+00
-4.916124918566892710e+00
-6.629224259474077563e+00
-4.212585477920912425e+00
-2.198007895073973206e+00
-4.166517556160246549e+00
-8.353660282958948358e+00
-1.013536527929210784e+01
-8.786375509546042295e+00
-7.834367109764347248e+00
-8.445375647853909484e+00
-7.942660225460567602e+00
-8.947546235375469337e+00
-1.040619020664497363e+01
-8.704129024989232022e+00
-7.524193134747020117e+00
-9.460283527077580246e+00
-1.053382238564620899e+01
-9.518378933270353670e+00
-8.525875423503265438e+00
-9.826680537884962874e+00
-1.076868560165259048e+01
-9.522132984412502665e+00
-9.487358992698636584e+00
-1.153021556569592931e+01
-1.253904728383672840e+01
-1.256267195605397191e+01
-1.186628463318454507e+01
-1.036228091554622388e+01
-9.989513369074247251e+00
-1.030160021850462471e+01
-1.109854560332089513e+01
-1.216013123729102752e+01
-1.160257462498677583e+01
-1.065782851076190418e+01
-1.088119422833768013e+01
-1.220305127383306676e+01
-1.240301126336403215e+01
-1.294308641999437093e+01
-1.284249259226626627e+01
-1.307069389252998270e+01
-1.318864150168299965e+01
-1.329954157580953655e+01
-1.311402329408477918e+01
-1.301730270465841421e+01
-1.300033227911071698e+01
-1.317781438253698312e+01
-1.291394442547963806e+01
-1.322557948204655709e+01
-1.309230312028202725e+01
-1.250812340601813766e+01
-1.197980705255260858e+01
-1.186122841005451711e+01
-1.263835544342460970e+01
-1.189000097627456398e+01
-1.196531046248645502e+01
-1.122436743598889919e+01
-8.619710757601318107e+00
-7.670015437847939488e+00
-7.708856919419403653e+00
-9.672865324464812176e+00
-1.136472316022915052e+01
-1.109964753345196975e+01
-9.539194054167639436e+00
-9.511728889167184064e+00
-1.034389987914761022e+01
-8.084173650185151772e+00
-6.971025236231179534e+00
-4.374252922079345574e+00
-3.234685607928729389e+00
-6.074038498238740758e+00
-5.959464070207762809e+00
-3.419883897692812091e+00
-4.757427384263087866e+00
-7.483356752497267728e+00
-9.009792543179285573e+00
-9.736094650136807971e+00
-9.955267340860681102e+00
-9.319847852167782776e+00
-9.921167443334999447e+00
-1.053350090452315868e+01
-1.103152112704866816e+01
-1.215532732927480453e+01
-1.121623421230301076e+01
-9.391746005131970776e+00
-8.328133855000301011e+00
-7.133664825180887625e+00
-5.118306813947957501e+00
-2.938535442877938220e+00
-2.100348306391732756e+00
-4.394754391474510413e+00
-7.243049877327883301e+00
-7.225970388492785723e+00
-6.584674860005178765e+00
-5.950762991560486270e+00
-7.525184405768650997e+00
-8.406009668726925455e+00
-8.981113362857719551e+00
-9.795904973878718280e+00
-8.797506682988700533e+00
-9.309860789613908949e+00
-9.711058637951119010e+00
-1.014951383357420944e+01
-1.006444859080550103e+01
-9.140775287735744215e+00
-9.249209497746218034e+00
-7.757514269385529460e+00
-7.188238693382904110e+00
-7.160179481184840711e+00
-5.703302943333205199e+00
-5.078411320163994880e+00
-3.853900974764549847e+00
-5.707449404872984466e+00
-9.211202963081039030e+00
-8.050934011642381094e+00
-7.003723871414292645e+00
-1.032176240948956192e+01
-1.212074463991091200e+01
-1.151817735394367226e+01
-1.049329148796233113e+01
-9.946158469251873413e+00
-9.171766404485888202e+00
-1.077442242438690201e+01
-1.110234091923559951e+01
-1.082836683316852344e+01
-1.166662223275229593e+01
-1.104198762208140749e+01
-1.005251181769676450e+01
-1.125410282335016454e+01
-1.246514467903487322e+01
-1.165068616126157686e+01
-1.151610915383701439e+01
-1.156223263543823165e+01
-1.212217851088132825e+01
-1.194943196243273142e+01
-9.882380668300198678e+00
-1.006312517024834108e+01
-1.039147904670174327e+01
-1.012051704093764570e+01
-1.072023503240001752e+01
-1.011311573610097447e+01
-9.979391525967024279e+00
-1.100435769070262637e+01
-9.603619230037786281e+00
-8.717168979616095825e+00
-1.004827387394188776e+01
-1.197634418795741951e+01
-1.224927684702714181e+01
-1.159518282282762769e+01
-1.250720231226428858e+01
-1.313154871040645411e+01
-1.302661763881954649e+01
-1.224543315176133973e+01
-1.268565798167804282e+01
-1.296008245888875443e+01
-1.193596898708759291e+01
-1.136685950851254923e+01
-1.109440964303816735e+01
-1.219357368322208579e+01
-1.238757232305062317e+01
-1.175365406935810952e+01
-1.252425422573434055e+01
-1.210116714767442758e+01
-1.034209778722543405e+01
-9.724817842404112511e+00
-9.846106455861910689e+00
-1.109316282523514197e+01
-1.164361211194759527e+01
-1.107336536153466966e+01
-1.016185312982825018e+01
-1.037743112510923815e+01
-1.202906045288749759e+01
-1.331858287939026830e+01
-1.333099899058691307e+01
-1.296353907080259127e+01
-1.274426966799714478e+01
-1.349319145611285542e+01
-1.351835159417276877e+01
-1.354198830248136787e+01
-1.272288884682277654e+01
-1.189892478465455916e+01
-1.200760975904190353e+01
-1.238492867866056635e+01
-1.154861971031028389e+01
-1.275229382633657416e+01
-1.337343223683490834e+01
-1.332481363866212654e+01
-1.203429339859241765e+01
-1.238355817717155638e+01
-1.295552874727889403e+01
-1.306483660037235595e+01
-1.336949537609794625e+01
-1.309433741479544544e+01
-1.318850739297554675e+01
-1.317159127764464799e+01
-1.358777557032892958e+01
-1.339081159463904491e+01
-1.213217238734423908e+01
-1.193264028177391189e+01
-1.097163275238584923e+01
-1.112779063737754015e+01
-1.211022210210206040e+01
-1.200762409852792167e+01
-1.304340135316380866e+01
-1.276401930283980590e+01
-1.207678481346889576e+01
-1.229751617741629666e+01
-1.279160876341800446e+01
-1.331841904458025105e+01
-1.320747685600796117e+01
-1.317831577657273989e+01
-1.222769583877197874e+01
-1.114156881337987492e+01
-1.091534385420559872e+01
-1.248172292269783590e+01
-1.333243083304803989e+01
-1.326696311904907510e+01
-1.200399587165273907e+01
-1.083816696352471176e+01
-1.160242193770646502e+01
-1.214796192413891518e+01
-9.231842854557509526e+00
-1.007400121972213825e+01
-1.163438339385868225e+01
-1.111761389771212727e+01
-1.134213405042285139e+01
-1.195600630163696465e+01
-1.171764707512774528e+01
-1.274534870494406391e+01
-1.352958358869513944e+01
-1.270459287529276260e+01
-1.141760808482074729e+01
-1.262552957428977685e+01
-1.302229689055030093e+01
-1.110818154148943293e+01
-1.063167841814424719e+01
-1.136395058430940708e+01
-1.169723738099693122e+01
-1.242985143837548634e+01
-1.318091411660213907e+01
-1.212096286403097167e+01
-1.068586656820019520e+01
-1.040826182320634352e+01
-1.226592546824085694e+01
-1.360900172390093310e+01
-1.345931191830622353e+01
-1.119174538377680506e+01
-9.661365071523533743e+00
-9.930564057207300621e+00
-9.077073578084737804e+00
-8.039080803630781702e+00
-9.277538823756676933e+00
-1.109868250933083367e+01
-1.165567649387713800e+01
-9.453999450571245688e+00
-6.084591558028586533e+00
-3.711606134599775064e+00
-5.269963568456439873e+00
-8.284879097369683976e+00
-7.589567846117735606e+00
-5.549340354433042855e+00
-5.820129355232175783e+00
-8.467231482156357458e+00
-8.448365076021836728e+00
-5.118035493013994852e+00
-3.876760366503305466e+00
-5.614136669040981076e+00
-4.857024294872494430e+00
-6.094255037780885509e+00
-9.405907293225570953e+00
-9.250623674154002885e+00
-6.926011248370685713e+00
-6.060178295573245499e+00
-7.726487987107494071e+00
-1.023591908043307441e+01
-1.208466380473070245e+01
-1.209286833761739821e+01
-1.131046116617171648e+01
-1.175659512750565661e+01
-1.220727934835162110e+01
-1.272893594065144462e+01
-1.169430410334449277e+01
-9.878975801382786415e+00
-9.828366383878611501e+00
-1.039580349855125263e+01
-1.186205327257413522e+01
-1.190487889397662791e+01
-1.134044534354799438e+01
-1.157734235743619777e+01
-1.191886467416146367e+01
-1.272599869719176446e+01
-1.280015737354406546e+01
-1.055417123409945290e+01
-1.102165118524812648e+01
-1.177605713750706151e+01
-1.009887268888192224e+01
-7.820162589584854551e+00
-6.521663759766952673e+00
-5.191109613386323929e+00
-4.697148481929806607e+00
-7.101167606677207367e+00
-8.389376215027441575e+00
-5.279114186267563902e+00
-6.254981354997641851e+00
-7.979444238436952830e+00
-6.307938980027429032e+00
-6.261777704134834366e+00
-7.126957494716189778e+00
-8.076936120848920098e+00
-8.287345804263484439e+00
-7.466393069471339849e+00
-6.407259972844383533e+00
-8.658107401704942419e+00
-1.132517939402873175e+01
-8.926915009091716868e+00
-3.777371260191698443e+00
-4.507981513000223650e+00
-4.508749569963710790e+00
-3.930366299811692166e+00
-5.258842225382704072e+00
-2.668992275401718572e+00
3.166805563011454439e-01
-4.175998670946513336e+00
-6.192730162963404617e+00
-6.515741912701554561e+00
-8.049676426741894986e+00
-6.375618221766131022e+00
-4.056054408830847002e+00
-3.643806180571250497e+00
-2.633855061645877793e+00
-4.146785902334459983e+00
-3.921107338544863374e+00
-2.250255270809333741e+00
-3.509406354630855152e+00
-6.351816383623245521e+00
-8.246296238361599862e+00
-7.284566778642431295e+00
-6.454226745502957385e+00
-4.223917259812644431e+00
-2.741226732499195684e+00
-5.949503996757479207e+00
-7.733191640019162705e+00
-7.078605702389741516e+00
-8.079850397901891412e+00
-9.120398903267584956e+00
-1.043234298181431541e+01
-1.067381203465033757e+01
-1.166900343599828638e+01
-1.115832913366958401e+01
-7.965828563789948191e+00
-7.315132135936125657e+00
-7.776096811658425700e+00
-7.300488880255739943e+00
-8.029836814479306639e+00
-1.066524666315343950e+01
-1.132259389647532544e+01
-1.008478497898220105e+01
-7.079479370744750533e+00
-6.454967809017074565e+00
-5.783628906809359371e+00
-3.719807993303427818e+00
-4.283570613680028671e+00
-6.468446027988914437e+00
-8.076732901085314609e+00
-7.803764954285973054e+00
-7.280140659495628164e+00
-7.859939167811605287e+00
-9.242825710336967759e+00
-6.608234522907916464e+00
-5.407727502105943884e+00
-6.304002428698279203e+00
-4.436577214899008581e+00
-3.078760662094479184e+00
-1.932249419214084218e+00
-4.793002938672495716e+00
-6.881612938888039821e+00
-4.962149320934483576e+00
-3.014987078502943785e+00
-2.676628227049054232e+00
-4.114335701102340259e+00
-4.517424118162756130e+00
-3.913541547300891210e+00
-1.576258640322730997e+00
-2.588561863950519903e+00
-6.834797494017138320e+00
-6.005448308576382566e+00
-4.198040058931901797e+00
-3.471486844541558536e+00
-2.972884917311866548e+00
-2.115578839965835733e+00
-9.385516827166082154e-02
1.745973034078046160e+00
1.608748475202024242e+00
1.892801058838631478e+00
3.874257177374553773e+00
1.944861709197881261e+00
-2.418504754008405921e+00
-3.599857779663303337e+00
-4.265460135593223789e+00
-4.823816447414095876e+00
-4.351987769277474882e+00
-4.124315021980494045e+00
-5.150847857800096463e+00
-4.069019807733724292e+00
-2.120580666818881799e+00
-2.909839010923968683e+00
-3.362253290648444803e+00
-1.700276048954184160e+00
8.105700387570567989e-01
-1.899142915969886491e+00
-4.250976209950940721e+00
-1.229117274370544521e+00
-9.918761664387431010e-01
-4.308003644061026982e+00
-3.270753909533344661e+00
-8.748901461595945950e-01
-2.657666902669524767e+00
-3.895147393138942871e+00
-2.869434150367000225e+00
-4.466897284748572616e+00
-4.706123368561497600e+00
-4.600944586348401977e+00
-3.086900840263584911e+00
-1.231806930144353940e+00
-2.653109858843387237e+00
-2.506667444071742690e+00
-7.423720002449750444e-02
1.957617636592709598e+00
4.971712261088549134e+00
5.325895944182974517e+00
3.442966458073369651e+00
5.773771377874341582e+00
5.608122182388072474e+00
3.847288273477243781e+00
5.842157895897228670e+00
4.621950029393915749e+00
-1.074939073095006359e+00
-4.560207038245137845e+00
-6.269766650646291239e+00
-5.368730018631489465e+00
-6.244741716767379991e+00
-6.467535639553851468e+00
-3.518876972050546392e+00
-4.897822896924060032e+00
-5.193981439678936773e+00
-1.860417571550119442e+00
2.003437408584896051e+00
4.393340185282710308e+00
3.923142175281075783e+00
4.512620666098874800e+00
2.993399628502475096e+00
6.725594042581128917e-01
4.083554503102387184e-02
-5.942574122412390691e-01
2.879530936079184755e+00
5.634259372760381801e+00
5.804213249432739197e+00
5.265135485485529010e+00
2.644580708086913479e+00
4.015269527409315309e+00
7.164171365233777067e+00
3.739649047103292379e+00
-5.615729048732581719e-02
2.209764847966254830e+00
6.440915881228534978e+00
6.520559608537777052e+00
2.310182865318246126e+00
-6.812775707736593578e-01
-3.222271241931438102e+00
-3.991497665181088284e+00
-4.618620934059056715e+00
-6.428824657434130785e+00
-4.614992951760942042e+00
-3.657606535723568086e+00
-3.101441126106139201e+00
1.048614778409557635e+00
3.600822265250567256e+00
4.626309514002519663e+00
3.323701403369898166e+00
8.777303697000301552e-01
3.231467430277731978e+00
4.732474502278502193e+00
1.535525833542034313e+00
3.968124156635792765e+00
8.318646430790543889e+00
7.163813779382365965e+00
3.580598017109845266e+00
3.644419256730677237e+00
3.685287886117173617e+00
6.898914350452267641e-01
1.480912451116367157e+00
5.184388168043800427e+00
5.342261036693220611e+00
9.476970003645768248e-01
5.138841347247345981e-01
2.222024849235397337e+00
4.518114286571595528e+00
5.108383044647688109e+00
4.944335716431719874e+00
7.187706135971442478e+00
6.373170272925696267e+00
3.407246651233573953e+00
1.359197722930845620e+00
2.501720771110491182e+00
9.018459511356107683e+00
7.448441565668710851e+00
2.413421297476224581e+00
-1.116985427679904275e+00
-3.758309175094407539e+00
-4.465845610270125832e+00
-3.684408904679265184e+00
-5.062181221777880324e+00
-5.206588400057911237e+00
-1.519336238807043049e+00
1.430318081108549633e+00
3.999810155229797104e+00
4.635377689612790064e+00
2.990860830299705508e+00
4.503491775002363084e+00
7.836727512360650572e+00
7.445955509171009012e+00
5.295007196071221500e+00
2.862987271168730086e+00
4.323984990164172260e+00
6.954161117883425725e+00
6.527424011898286693e+00
5.025392021389983199e+00
2.698671962732711815e+00
1.669645710711561204e+00
5.144943391618870265e+00
5.600727967447803657e+00
4.583653155508914168e+00
3.169911393578216163e+00
3.594017059351456655e+00
5.048709700782199938e+00
2.669095668120008202e+00
1.749518134552902726e+00
-3.160910971681336612e-01
-2.496787942336010646e-01
1.546620513431523403e+00
1.402008433810410792e-01
3.229767523174754129e-01
3.258395535314763336e+00
6.380628621646835086e+00
4.212382394256348306e+00
1.877101521169775689e+00
5.958131394065778963e+00
7.989538526060170121e+00
8.646609752478394029e+00
1.106445016300019901e+01
1.222766277202116747e+01
9.195373155093173878e+00
6.135056233716832175e+00
4.982335188175590623e+00
4.843098854762764915e+00
7.190348497033304476e+00
8.020618175293751762e+00
9.779011555122998800e+00
1.212390663877711816e+01
1.097482112412112976e+01
7.424537298052404033e+00
9.103438581521084316e+00
1.123246247731252900e+01
8.305431207452897979e+00
4.571114738746441475e+00
2.972632258511123116e+00
5.135756480711077820e+00
4.439673665281666182e+00
2.230718664428024578e+00
2.098422460783582189e-01
4.128250078807358392e-01
2.474509339707173794e+00
4.330318438078020193e+00
4.952617129889889114e+00
3.884724726209148660e+00
6.979289509665128621e-01
-4.012135414993565519e+00
-5.513424228045164632e+00
-4.591533019464895560e+00
-4.492977335964026153e+00
-7.491723762242388673e+00
-9.347874032586252824e+00
-1.030075051408449838e+01
-9.367565600335527876e+00
-7.951336669617472097e+00
-6.292774923207518079e+00
2.465106584189546701e-01
4.315582164129445175e+00
6.182568730830143799e+00
3.620587622291261631e+00
3.819201051727764695e-01
1.704253515545776754e+00
1.920951779145169791e+00
1.167319804426692587e+00
8.461284090345684294e-01
2.180844118652273789e+00
6.015715615677292405e+00
8.462313036644989239e+00
9.125280785654478422e+00
7.699505328024456752e+00
5.263909273226607510e+00
6.391210550787827849e+00
7.215064311525710039e+00
3.744899353001599263e+00
3.342443627475227164e+00
5.678706360408185105e+00
5.281186985190406524e+00
6.072663309744101845e+00
6.454365960074138542e+00
6.375878098255397752e+00
6.575158566731388099e+00
6.000373432524716222e+00
5.380905092586464100e+00
4.209573759698082007e+00
4.693861870491062405e+00
6.090406454508336509e+00
5.391960350285562420e+00
5.761711557266284700e+00
6.213318614292046682e+00
6.343108581034679894e+00
7.638063650784371106e+00
5.802117347532633751e+00
6.707432057313859275e+00
6.721017323153474443e+00
5.679173207525818334e+00
6.420659525990801697e+00
4.724280462917097800e+00
4.853390202884851234e+00
6.199116059073025653e+00
4.993517534880495212e+00
3.669174279927337690e+00
4.209067319494400827e+00
5.226962522268815192e+00
6.365740905131862526e+00
5.961152709397299354e+00
4.655603198862354297e+00
4.812916917321168775e+00
3.367106056080721110e+00
-1.996203516373748488e-01
5.013829382741548102e-01
3.652796081883833867e+00
1.881141340100654258e+00
1.054881925101569529e+00
3.493677318872716153e+00
2.981168264081016428e+00
1.551160215239356654e+00
3.435314328264192252e+00
3.446803700355067335e+00
4.311801367911892946e+00
6.499779180501718656e+00
4.899140911625193162e+00
1.785695580756200052e+00
-9.686600757151440574e-03
7.942325070942570786e-01
3.536393650082800377e+00
5.335911331532187774e+00
3.870767158215483228e+00
4.039205316273381641e+00
3.964042282610058976e+00
1.480405179097707302e+00
7.748535880399959330e-01
5.467858599875206060e-01
2.557003144984532739e+00
6.211652480848060875e+00
3.676479541975874454e+00
7.434752204189551406e-02
1.923849556524808602e+00
3.638902215718596178e+00
5.741644872798466359e+00
7.603779842230096619e+00
5.248545084435134456e+00
1.355003884501693179e+00
1.206079104028566995e+00
2.731788493812496998e+00
1.855944658882992648e+00
1.391148697506790155e+00
5.746963572910296358e-01
1.700759106377549013e-01
-1.744191879045514426e+00
-4.794691513994868259e+00
-3.987028979170093912e+00
-3.626376907650713743e+00
-2.997884136795516241e+00
-2.274818306146477287e+00
-1.324657349913291315e-01
2.522378764585806454e+00
2.480621207938075834e+00
2.355622591297992674e+00
2.783419762002423692e+00
5.404654151262866080e+00
3.180253181239764970e+00
-1.099533579927062465e+00
2.298432017239612435e+00
4.452631510061057618e+00
1.727948904366162663e+00
-7.895754192042346853e-01
-1.584390387590201899e+00
-2.377411274789166473e+00
9.989018878620437025e-02
2.295563692219417806e+00
1.967962354054360485e+00
2.156383169069159500e+00
1.939076454411862827e+00
9.245150817577233449e-01
-2.286252829927715169e+00
-3.720466759014684044e+00
1.453239344548758361e+00
5.496917675208869092e+00
6.631210203834742245e+00
4.720824619117993670e+00
2.475588357938261375e+00
1.613274250557283684e+00
1.210638146943959992e+00
1.931755613884969414e+00
2.155417848606744791e+00
1.635576029129586217e+00
4.419601025121283611e-01
-1.578815845980732879e+00
8.445669406695267556e-01
5.456480913986209380e+00
7.623359649230624591e+00
6.448158469940179494e+00
1.674740309170904551e+00
-2.869633211347196733e-01
1.482731305977327940e+00
2.062528287521356418e+00
2.298265377457823000e+00
2.851440744776544634e+00
5.174410954441790444e+00
6.420543075352265205e+00
7.455294264710423668e+00
4.991790968788400562e+00
1.005973751940272415e-01
8.515732795291876267e-02
2.150255247965345617e+00
6.793096183749595340e+00
1.160447839777246948e+01
1.182063754225392849e+01
1.107332748561978342e+01
1.124896943123635573e+01
1.040728603808275921e+01
1.168718215548501327e+01
1.307848307024122647e+01
1.288044550911393848e+01
1.241777461501494173e+01
1.297614046129344167e+01
1.113802078271337770e+01
1.143273911444952873e+01
1.224704782275770754e+01
1.125518986036252755e+01
1.215230795519618923e+01
1.373685825260220739e+01
1.397352256837348428e+01
1.142887670421918500e+01
1.142059992411474134e+01
1.212216914745349605e+01
1.081128552603169091e+01
9.759375603217637973e+00
1.126240764529406668e+01
1.087982290498673166e+01
9.538510644606729372e+00
9.146816287985524596e+00
7.357405589658045031e+00
5.290474258663322438e+00
7.712543624877366888e+00
9.805496232657530342e+00
7.441666263948645721e+00
5.648506857409073767e+00
7.945003966374057036e+00
8.665945550228521199e+00
8.954522748254058584e+00
9.049961882506121214e+00
5.768119953766010610e+00
2.999919217636376700e+00
4.760671008242225000e+00
6.879529720702463713e+00
7.239280134352997109e+00
6.405096652661789847e+00
7.382438093645855126e+00
6.816899155790509646e+00
6.812508528144173070e+00
6.846785496112047120e+00
3.115952222945173933e+00
1.669934426569261054e+00
3.053036265863940280e+00
6.849744818407044633e+00
1.068354604516274442e+01
1.183653944286881199e+01
1.051294375593296060e+01
1.038753893487101010e+01
1.258442603749224453e+01
1.115220752578966490e+01
9.032016938112937154e+00
1.195653509332673536e+01
1.342957527355578407e+01
1.233135996552766578e+01
9.126997407454927824e+00
7.695182637652174584e+00
9.065997395011283544e+00
9.632512712339670102e+00
9.786235614727416987e+00
9.769898731317033125e+00
8.864243487183134818e+00
7.215438689336141742e+00
9.125409066788735757e+00
9.711104114553874567e+00
5.857674041566132139e+00
2.840490757516210607e+00
7.404019789579245892e-01
5.778249504218485599e-01
8.245456481093302870e-01
-1.011955812872263605e-01
-1.793473358802443407e+00
-2.465209597901100391e+00
6.015243184066364490e-01
2.936087217787852310e+00
3.305988737716752723e+00
4.265113954389024187e+00
4.392016619020571611e+00
1.756646195465363824e+00
6.617671061177973768e-02
-5.533911041401727848e-01
3.374649426830029331e+00
3.746895400935106757e+00
9.729994640247115190e-02
1.314281610096913022e+00
5.579421844268900088e+00
8.300573170761838426e+00
8.833968388116034021e+00
6.142147677523889904e+00
3.545047734169056941e+00
5.897026007864283770e+00
8.142128519335816605e+00
7.033568021609259979e+00
4.448889913050072309e+00
3.795866268915475850e+00
5.375978425617030432e+00
6.880242631479046800e+00
6.891754564723103549e+00
4.147422903133123562e+00
2.350036750228696736e+00
2.740433133664379017e+00
5.420319085341974485e+00
8.174876073059877513e+00
8.718329305982901900e+00
7.146684334779878967e+00
5.111612269037769885e+00
3.193542469295282515e+00
3.414464813349882277e-01
9.319877807445786644e-01
4.854692695646217082e+00
5.657936842264383870e+00
4.281801711741894501e+00
5.166324306759660701e+00
4.001356689667412425e+00
1.396433717893281523e+00
2.378446655188455328e+00
3.319130831977756824e+00
4.184731861936077379e+00
6.267308218916661566e+00
5.071999479260795418e+00
1.170316241536020874e+00
6.252230056431411498e-01
2.039283188841336081e+00
4.099270586970204633e+00
5.367609831827377498e+00
8.747292813241321241e+00
1.209754172176092979e+01
1.283952716062632327e+01
1.148385156866293499e+01
1.010637283510142304e+01
9.858311828477969385e+00
1.113842225098524175e+01
1.181005509735340198e+01
1.020899851524663227e+01
9.782142156508838227e+00
8.668317961945849248e+00
7.285587293186624791e+00
8.810633413757344101e+00
1.096796537231052859e+01
9.288292329427168426e+00
8.008217308093733777e+00
9.896399560400844564e+00
1.081069107348739955e+01
9.509961620891424161e+00
7.922591075309889597e+00
8.134907884872220052e+00
7.059493654350411873e+00
5.003782015922724646e+00
7.061993363800509016e+00
9.256727727895301072e+00
8.834156812111174872e+00
8.698463496202242240e+00
8.307804021882025935e+00
1.000653704173200786e+01
1.116754516975787404e+01
1.257509451109277698e+01
1.275583354837933570e+01
1.413549906096593745e+01
1.483529767908671104e+01
1.422934913876503416e+01
1.404296041210102430e+01
1.433818150859715246e+01
1.303817611506029195e+01
1.125717368943515417e+01
1.252112721191006806e+01
1.465633756744735372e+01
1.431577785202684083e+01
1.466127523939592692e+01
1.502907642982540715e+01
1.504955383236750954e+01
1.495542928373382807e+01
1.492873228038554423e+01
1.483362719069628000e+01
1.432347130624470388e+01
1.485613595089463068e+01
6.470665775920301233e-01
6.470665775920301233e-01
6.470665775920301233e-01
6.470665775920292351e-01
6.470665775920292351e-01
6.470665775920301233e-01
6.470665775920301233e-01
6.470665775920301233e-01
6.470665775920301233e-01
6.470665775920301233e-01
1.276463937392619918e+01
1.135179000356142254e+01
1.009025057513503221e+01
8.783124936874971311e+00
1.027776348869626055e+01
1.234299013428425518e+01
1.015139516103281103e+01
9.936641231358789739e+00
1.097845511167277621e+01
1.230280933829379109e+01
1.403249415872733863e+01
1.343148584500064402e+01
1.336911281782162142e+01
1.362254720048406575e+01
1.378333133655086407e+01
1.479832631893282446e+01
1.531087036438075977e+01
1.505579090165471356e+01
1.507758266799370972e+01
1.504011198918194658e+01
1.459970362201610250e+01
1.415745998642404935e+01
1.375455609590708583e+01
1.451308474758911515e+01
1.517808828534179533e+01
1.417655052584856890e+01
1.380117277369919293e+01
1.333459833884463386e+01
1.463412021220517722e+01
1.528321971009081537e+01
1.476668608877888467e+01
1.366230486372201369e+01
1.370978035483323865e+01
1.325037823425545369e+01
1.300824727872855924e+01
1.262765548668909155e+01
1.275678642457766188e+01
1.298669827948555877e+01
1.274858452475278625e+01
1.360199091362750679e+01
1.377645053808437048e+01
1.207392516469138499e+01
1.099471076682981341e+01
1.146733807290914520e+01
1.065008865594837495e+01
1.112167219725738398e+01
1.227626216039267248e+01
1.374090437378691298e+01
1.315475094150322732e+01
1.300670059140554535e+01
1.407766916145154035e+01
1.368607711763569768e+01
1.325754513998973927e+01
1.378988448000303002e+01
1.453107744392942458e+01
1.414209359865193782e+01
1.260562774551479137e+01
1.318685165045989827e+01
1.402293533782222390e+01
1.380366256059807561e+01
1.470757969365861051e+01
1.464598631820175179e+01
1.372637023445344084e+01
1.343279145221500492e+01
1.340037097514250242e+01
1.400176286671853809e+01
1.339371094909471438e+01
1.322482381705433241e+01
1.466271024400974632e+01
1.457779295100593764e+01
1.427600308925118178e+01
1.388308516406890192e+01
1.403468421984551107e+01
1.463706740009032359e+01
1.433232033931997051e+01
1.370886237943000374e+01
1.306566949926271448e+01
1.319725806269090107e+01
1.358541592357357430e+01
1.225742942500927413e+01
1.084094998050629677e+01
9.988873206387470560e+00
1.085177256191010642e+01
1.060147395661430458e+01
1.150474157535212250e+01
1.334649485474177055e+01
1.267933286978985841e+01
9.164088660689952093e+00
1.039938812965668724e+01
6.470665775920301233e-01
1.416095303927412630e+01
1.428070746231886545e+01
1.466069967643452365e+01
1.505949205212482234e+01
1.461064285895182557e+01
1.405034322200538099e+01
1.413968654820257598e+01
1.498195083541447126e+01
1.502709413669696126e+01
1.374043020200657672e+01
1.183121052349857472e+01
1.033640418361847324e+01
8.620405749725195577e+00
1.064373482474872468e+01
1.350357705058724456e+01
1.308049951204896111e+01
1.213241798916540226e+01
1.051687910858335329e+01
1.064444072839269673e+01
1.194486872796453802e+01
1.130004534781299874e+01
1.056106857277577404e+01
1.075133865897512209e+01
1.109831090306553136e+01
1.125740593883429774e+01
7.785746549474077405e+00
7.205997000328881796e+00
7.639352851016805168e+00
6.424750179669872274e+00
6.774800967225927728e+00
8.966973848142222536e+00
1.096215002816926187e+01
1.078201135857816872e+01
9.624591375627106871e+00
8.417162235218604849e+00
1.000716233240243191e+01
1.012590662719896351e+01
9.007690715076071442e+00
1.016067177554954348e+01
1.119820294199807797e+01
1.198803032624138609e+01
1.259333319100131554e+01
1.206183940125655774e+01
1.233599402351843288e+01
1.266362863976958053e+01
1.181217265655362603e+01
1.161907899356907592e+01
1.219696165529237497e+01
1.413631550166675233e+01
1.426759604390048608e+01
1.304101197601848128e+01
1.113107009634210165e+01
1.093652285653073797e+01
1.096289971595933110e+01
8.709838977762107248e+00
7.080649503453475546e+00
8.047310729742646274e+00
9.439673066334997031e+00
9.013215437154542542e+00
1.007158473432797763e+01
1.367555115386849707e+01
1.425615264994735121e+01
1.348391320730712906e+01
1.394928016753987521e+01
1.335104967533584563e+01
1.209045581835691863e+01
1.354830969430993015e+01
1.384297365582195738e+01
1.249923788089609467e+01
1.275600547336628843e+01
1.418635904271750370e+01
1.460357730029300960e+01
1.452488620843107370e+01
1.425402256803868006e+01
1.393281125936823805e+01
1.305878033444566810e+01
1.231554776738684254e+01
1.260024418221410514e+01
1.417362732304890116e+01
1.452181135432199888e+01
6.470665775920301233e-01
6.470665775920301233e-01
6.470665775920301233e-01
6.470665775920292351e-01
6.470665775920292351e-01
6.470665775920301233e-01
6.470665775920301233e-01
6.470665775920301233e-01
6.470665775920301233e-01
6.470665775920301233e-01
1.264345567745004217e+01
1.174414909657119743e+01
1.096147449745564550e+01
1.152283390810969976e+01
1.264929595655868333e+01
1.304040645012520727e+01
1.290018836931789004e+01
1.096934972155788124e+01
1.104610296571222605e+01
1.238607727813182358e+01
1.102390722573666793e+01
8.902881234272014055e+00
9.058149467800840071e+00
8.533158390183432473e+00
6.855234006046821094e+00
6.435818772074232363e+00
5.376481345890809393e+00
3.772118041470532646e+00
4.076422593433164820e+00
7.714534197184499398e+00
9.145890120402846435e+00
8.599285016567842277e+00
8.706600116653239851e+00
7.278872060201860172e+00
7.766085365886782554e+00
7.621977122202542532e+00
6.601046081211380923e+00
9.360837200048187867e+00
1.025012519971241609e+01
9.038885122325826416e+00
6.470665775920301233e-01
6.470665775920301233e-01
6.470665775920301233e-01
6.470665775920301233e-01
6.470665775920301233e-01
6.470665775920301233e-01
6.470665775920301233e-01
6.470665775920301233e-01
6.470665775920301233e-01
6.470665775920301233e-01
8.052324466793905344e+00
8.814169984237276267e+00
9.863418562358472030e+00
8.888708832592083553e+00
8.134701627836706805e+00
5.367217993115856345e+00
8.097438743853864196e+00
9.847862665671117455e+00
9.428295975903399295e+00
1.057769282008718292e+01
1.116549894904716211e+01
1.108391380857740849e+01
1.141876875930018720e+01
1.173930329490928415e+01
1.304933046002052244e+01
1.253107230081094237e+01
1.244422436724560832e+01
1.308933246324778743e+01
1.107909479095613570e+01
8.929793743417119956e+00
1.007491095413729276e+01
9.726295913309096264e+00
8.464976492042183054e+00
9.738376189125204974e+00
1.239629953369958670e+01
1.204121793311183275e+01
1.065757096296265161e+01
1.174072415180512863e+01
1.032764069292203857e+01
9.298629040584442507e+00
1.148585976621189531e+01
1.084450408979350122e+01
9.870397497929111807e+00
1.125966059596296454e+01
1.283096652771961033e+01
1.336283676173602331e+01
1.226707967236817964e+01
7.840446177978606990e+00
9.527689907924530743e+00
1.125307101789028863e+01
9.449199939346945243e+00
5.502704461586504614e+00
5.652480458624146387e+00
5.483576859907939749e+00
4.777835511621371545e+00
6.209574812120069787e+00
8.339032099660993680e+00
1.077323868926729311e+01
8.636211407563640918e+00
6.797667244049145907e+00
1.031098873238157410e+01
1.181358067958513480e+01
1.190552899707144974e+01
9.715730144505764443e+00
9.686651338429228986e+00
1.267410015082243468e+01
1.377483326867243463e+01
1.295229723206259642e+01
1.099387324565529589e+01
9.261860806020546732e+00
7.406399066537519893e+00
7.870072174933739007e+00
1.015183039297204992e+01
9.040320946169316585e+00
8.119590791364982962e+00
7.244966895307342725e+00
6.532426528843985558e+00
7.812534347207339636e+00
8.604697853237912142e+00
9.159654269217110567e+00
9.591759324476022641e+00
8.945586594942964709e+00
7.545216109851394570e+00
7.870407735656860027e+00
9.508449772122460786e+00
1.103151605939743796e+01
1.179823756977298110e+01
1.089973733396468170e+01
1.155637302695402724e+01
1.268492542085773955e+01
1.286098657307469928e+01
1.091089228047257009e+01
9.546550956430690960e+00
8.309924605775698581e+00
7.759740473411716799e+00
9.325073815098731345e+00
1.148812042708545000e+01
1.174306395256077806e+01
1.145546772008460223e+01
1.126086614691992516e+01
8.643635036038645580e+00
6.213119271480815442e+00
5.127115646806548632e+00
5.357303943374431832e+00
6.259732025263009092e+00
6.354663088297536788e+00
7.247584190917632618e+00
5.815739100871575751e+00
2.474532101885933866e+00
4.471217719910355548e+00
7.281518432469336943e+00
7.161817728378816028e+00
8.908298403620461769e+00
1.038931538271542543e+01
1.131871910922120072e+01
1.217951174697713057e+01
1.095954690470944293e+01
1.087816620600145612e+01
1.155047916806012154e+01
9.125793147783888060e+00
6.352677716578966738e+00
4.088573556043099799e+00
4.580755739444151153e+00
5.380097433675346430e+00
4.127121686060452710e+00
4.119382156548367924e+00
5.139965089308646817e+00
6.768146442273027752e+00
5.248716202023542721e+00
3.438262321666834431e+00
6.734808863105476995e+00
9.036893100711687055e+00
8.067352596536984777e+00
7.573161622578616914e+00
7.659020300072520548e+00
7.142363266232848673e+00
7.351978140149764585e+00
8.449712826556901035e+00
8.859920428348269539e+00
9.656915237209908298e+00
1.110094175107180270e+01
1.019011714997126816e+01
9.490961141863143880e+00
1.040542898762735113e+01
1.156867742200152627e+01
1.255157195573663920e+01
1.251252385460268890e+01
1.260972992712111029e+01
1.345341754186822136e+01
1.265868242364211582e+01
9.493730716062497521e+00
6.793777834780601488e+00
6.668410651058477079e+00
8.729847341164621355e+00
9.300752124727761583e+00
9.577243594820897599e+00
9.686293573011543145e+00
7.798084261806132567e+00
8.468880615221294761e+00
9.575489125281102076e+00
8.221873120372233501e+00
6.999237605689844877e+00
6.599070597866658616e+00
7.118319741284830471e+00
7.775473775529182063e+00
6.809984830709245429e+00
5.723010716333192249e+00
6.322141448010441422e+00
8.979199012172298211e+00
1.034883595025015701e+01
9.875724580710608436e+00
1.027000098338945477e+01
1.149101279216814042e+01
1.070951901235501502e+01
1.067529134243430100e+01
1.077094001249308519e+01
9.275190714868971398e+00
8.887175779644207907e+00
9.934679469436726862e+00
1.012977337935545386e+01
9.589020737294360330e+00
9.669289023043729614e+00
9.215379547694427131e+00
7.399361093457363481e+00
8.058004563786379748e+00
9.596078290403164957e+00
9.155785390768405918e+00
7.369823548311969397e+00
7.899842390263901670e+00
9.097380975561062399e+00
8.772502310011470072e+00
7.774907322391699793e+00
6.583334680543114104e+00
5.442328274420649592e+00
6.986251908893400753e+00
9.127566888591278627e+00
9.088489890079246791e+00
9.747490444387040043e+00
8.586030057624155276e+00
7.415545167619570499e+00
8.477012503098784180e+00
1.006177291527563611e+01
1.042305999755334867e+01
6.180651138413030488e+00
9.521058901172684941e+00
