-1.080530480157458939e+01
-1.305157910164537682e+01
-1.382455123788497708e+01
-1.389757354596742012e+01
-1.290593181654766219e+01
-1.272661324940886551e+01
-1.256883592438970076e+01
-1.218098430625919271e+01
-1.347849844439026867e+01
-1.453452647189941516e+01
-1.479621335099834845e+01
-1.457808177361865276e+01
-1.363481685409063537e+01
-1.378961007424653928e+01
-1.447852467212141647e+01
-1.392791896702214771e+01
-1.345426381875717503e+01
-1.258367384067422456e+01
-1.196944624089127274e+01
-1.056343183097673055e+01
-9.301476371208279303e+00
-9.382956784920127191e+00
-8.997274679963851440e+00
-8.823034584364309652e+00
-9.727081751209256666e+00
-1.036709196570314617e+01
-1.059647435660944836e+01
-1.069512435963215147e+01
-1.116221734102402685e+01
-1.120012072129341263e+01
-1.132505801598220962e+01
-1.214471729991249838e+01
-1.157909561948083521e+01
-9.615472442495939021e+00
-9.038049286127693094e+00
-8.814878411680465931e+00
-8.937244038482452524e+00
-9.710082491599573373e+00
-1.032302256194241963e+01
-1.003101492673476081e+01
-9.444016923203900404e+00
-9.728535664454383891e+00
-8.881976730902572115e+00
-6.897352480925015961e+00
-6.173183114469925847e+00
-6.113745464019647358e+00
-7.281210943557328008e+00
-9.629886241629455057e+00
-1.013365831660961192e+01
-9.340594620427872030e+00
-8.839580268889248416e+00
-9.662924493242194046e+00
-1.070737498794719400e+01
-1.146786741058648573e+01
-1.034092339445615849e+01
-9.542021535195001292e+00
-1.102355974005081052e+01
-1.118654204654374240e+01
-9.862589480021952681e+00
-7.913935866932260588e+00
-8.366799307688545184e+00
-8.797968698500948648e+00
-7.603443218459412734e+00
-8.639849523946558918e+00
-1.132608679544496511e+01
-1.156607729743447166e+01
-1.000980145745713834e+01
-8.243462221799074285e+00
-8.370903665459222154e+00
-7.520700839072371302e+00
-4.828600149764848304e+00
-2.417656298704152995e+00
-9.643463441362296606e-01
-3.462012360622614082e+00
-7.124120877228192761e+00
-9.257746790925695635e+00
-8.611553791216159937e+00
-8.135133659222674396e+00
-8.752670922866368386e+00
-9.182156861155924332e+00
-1.066570601399057594e+01
-1.190216379745292485e+01
-1.021779631761549290e+01
-9.321035046258366208e+00
-1.136990635010736028e+01
-1.141739936805436528e+01
-9.399962764252249414e+00
-8.010065443098937976e+00
-6.371699145347089477e+00
-3.390097234158318873e+00
-3.206336846264216334e+00
-4.898437512086919021e+00
-7.489324266627582105e+00
-9.328040870219821201e+00
-9.813556242698533438e+00
-9.944412932768953439e+00
-8.508602092384844440e+00
-6.880374869098167423e+00
-7.425092855453696572e+00
-7.013115337879876954e+00
-4.890039871101625302e+00
-6.560088097591729728e+00
-7.238544288756875389e+00
-4.372176917063742785e+00
-4.552661403431169873e+00
-6.718458010263697489e+00
-8.424577397241469257e+00
-9.094882687750406092e+00
-8.178613217402038060e+00
-5.071270929354322554e+00
-3.509672255022087128e+00
-4.489873110675388190e+00
-5.394052727446237760e+00
-7.201579867560131021e+00
-8.967389940122920677e+00
-7.191256433752552191e+00
-4.582238688696100404e+00
-4.709162156504013375e+00
-4.399915664185893860e+00
-4.676261659541722793e+00
-4.133313447440841948e+00
-1.421604039672652808e+00
2.647198577281077991e+00
2.216671961616593745e+00
-2.490748919966280006e+00
-5.869821221428129121e+00
-8.075763865559618893e+00
-7.464465924328441915e+00
-4.252513958307195807e+00
-4.831066436570440992e+00
-6.892048503512321567e+00
-7.050653691071626206e+00
-7.572692344402828901e+00
-8.030757967199800618e+00
-8.518125604864756895e+00
-9.137976012939214243e+00
-8.971755217065602750e+00
-8.002689926380710972e+00
-6.795781342267457781e+00
-6.858937441086530029e+00
-7.623013574425510974e+00
-9.438373955966754991e+00
-7.961650982128468890e+00
-2.708571854812831248e+00
-1.695105124969919830e+00
-2.728020100934640091e+00
-3.887370049394220484e+00
-3.743300004870171893e+00
-1.968927412368302488e+00
-1.323730394371923011e-02
1.463491275390988999e+00
2.821399783859670052e+00
-6.624616901259995361e-01
-5.435187787663991799e+00
-4.408625366306847759e+00
-4.498204482173094598e-02
2.733975780586743287e+00
7.495809570877032257e-01
-3.052130964816576864e+00
-3.573619277382141579e+00
-1.891830547056440937e+00
-2.065329195044319999e+00
-3.645841207033464482e+00
-6.721465176420583276e+00
-9.716568139588051878e+00
-1.216700589887115491e+01
-1.182996307396532920e+01
-8.277691955689869374e+00
-8.946496201132486448e+00
-1.031105027548949238e+01
-1.152458855603000920e+01
-1.244146216800808524e+01
-1.134166312750632244e+01
-9.995611870228405138e+00
-7.239518950119766316e+00
-5.466275546478608582e+00
-7.475368708504925408e+00
-8.617710544976400655e+00
-1.011489288153470589e+01
-9.230542852666047793e+00
-8.612497320775515774e+00
-8.691042622711181664e+00
-6.983894757007633736e+00
-7.681310281710307386e+00
-9.882345569180564837e+00
-1.144738576551853981e+01
-1.018289075019946921e+01
-8.263179931411787749e+00
-7.240367296401498898e+00
-8.667606960736891963e+00
-8.337263600739738933e+00
-6.846797423090050572e+00
-9.971617270949632683e+00
-1.148390750599764232e+01
-1.175186275534897007e+01
-9.529592769763459259e+00
-8.240823410214591860e+00
-1.012536922671435669e+01
-1.038171196189182055e+01
-8.385269459730091413e+00
-5.682276627749443421e+00
-5.580299921624538584e+00
-5.982732659372212325e+00
-6.138060846138493787e+00
-6.163019495602092057e+00
-7.062153257804117068e+00
-9.647718712236343919e+00
-9.855613425285282503e+00
-8.921266657129310218e+00
-7.362245705356388115e+00
-5.399553336773398549e+00
-5.521632253946423319e+00
-4.654113831461440753e+00
-4.823868629570287614e-01
1.309609392200555389e+00
1.989399379794432043e-01
2.086665474471093074e+00
1.988898401757383860e+00
-1.684964103877961028e+00
-5.941285582769195717e-01
-2.200416513009503916e+00
7.028852394460032293e-01
4.998040615000928888e+00
1.715718873684153323e+00
-1.750580691537015676e+00
-6.311758483002690490e+00
-6.188869667859155044e+00
-2.851116497478840106e+00
-4.554867816304528638e+00
-5.216161339867960933e+00
-4.578436043704207314e+00
-6.364777002908135195e+00
-5.971459690843680335e+00
-6.396607490303007459e+00
-8.991834216313487005e+00
-8.571436943098683869e+00
-8.951535785336663054e+00
-8.505062799645751070e+00
-6.971852687850171648e+00
-4.653339672266629812e+00
-6.701585572800525803e-01
5.605482618039328013e-01
1.537529205448513681e+00
3.273983081626708480e-01
-3.464191178024578210e+00
-3.093873413340308520e+00
-6.807886160526036790e+00
-9.581090292803031261e+00
-9.017850270383192424e+00
-1.088464176405833150e+01
-1.228583433269811565e+01
-1.287516416459196300e+01
-1.273213352476847149e+01
-1.017894170574861512e+01
-6.884927951274677049e+00
-5.002724857238956879e+00
-6.402465647492991963e+00
-8.064968642869809301e+00
-9.377168051109068259e+00
-9.806851378944024589e+00
-7.651633303653064822e+00
-4.473754062057028413e+00
-2.973320105254002144e+00
-2.885316231235883322e+00
-5.735337533356432260e+00
-8.470954466180149467e+00
-7.795310219209168778e+00
-5.440129202447684165e+00
-3.425387758848881248e+00
1.328474152503250627e-01
3.445368341059357881e-02
-8.228418483039773301e-01
3.254969081037702439e-01
-3.932255641266938273e+00
-9.031471939781166469e+00
-1.240197502650190842e+01
-1.249763013776729181e+01
-1.032678874152744619e+01
-9.966451858456126800e+00
-1.230540783609505695e+01
-1.215346377486051743e+01
-1.054554082129821957e+01
-9.869342254147198901e+00
-8.594965835543863619e+00
-7.660389875074946175e+00
-6.634520235068512406e+00
-4.885904862216497335e+00
-3.999869153926698839e+00
-3.455799725273520195e+00
-3.260619789137731761e+00
-4.578812947593744909e+00
-8.837325129907334542e+00
-1.136763783525237415e+01
-1.149122564524082968e+01
-8.706803097905119415e+00
-7.119350216847628587e+00
-1.093685912508204794e+01
-1.056796390822490750e+01
-8.166803415552317702e+00
-6.680324439499231381e+00
-6.713947037728789091e+00
-8.026243650462845380e+00
-7.300978340685077228e+00
-4.609303849034020573e+00
-5.550572480569271328e+00
-7.741196857599732084e+00
-6.384293992551481445e+00
-6.864473046338292583e+00
-6.995200856858689420e+00
-5.293671536007325429e+00
-5.399263961508637522e+00
-6.516955732467345719e+00
-7.178056144619044510e+00
-7.401939858433450148e+00
-1.025103762313954547e+01
-1.154910804229540133e+01
-1.125447297123384338e+01
-1.151396679639993792e+01
-1.262516689406092141e+01
-1.457987582317088737e+01
-1.447196266160579192e+01
-1.292615690169750664e+01
-9.291647973623767598e+00
-6.170294778562184668e+00
-5.047953551252578386e+00
-6.778763639520224871e+00
-8.255374182529095606e+00
-8.565471553268185545e+00
-7.187911620425654569e+00
-3.445572228113944480e+00
-7.132087983720714064e-01
-1.511448915685041916e+00
-2.726809789500272974e+00
-5.317629364791387481e-01
8.640083968459395525e-01
9.186316815717556761e-01
6.574707695900711135e-01
3.464279595275943646e-01
-3.370112168476232739e+00
-5.807206373256172505e+00
-6.908350823268932572e+00
-7.975192072677573130e+00
-8.756784345479626808e+00
-9.900253340520983159e+00
-1.151285147261651254e+01
-1.058335933842937493e+01
-6.708265666752232015e+00
-8.853236233737876049e+00
-1.177905896111586692e+01
-1.035884429596613465e+01
-7.536971786153645603e+00
-6.482778126301629307e+00
-9.209606698482932785e+00
-1.039289361104860809e+01
-1.129719193325603932e+01
-1.116871143319363568e+01
-9.984293750243686816e+00
-1.034045002192866392e+01
-8.712220561042025579e+00
-6.811578066322686809e+00
-6.170937518301490066e+00
-4.719321998803561513e+00
-5.377799234197590650e+00
-6.725260338294658524e+00
-7.942071125341833238e+00
-7.256723037022162259e+00
-7.963854700691687327e+00
-7.723416839676931822e+00
-6.980343951601941654e+00
-9.484661685249788476e+00
-1.120964039347517094e+01
-1.129827627895065589e+01
-8.344459438224603787e+00
-8.308751161599245094e+00
-1.183873156961199413e+01
-1.403784216498266169e+01
-1.468186234523005851e+01
-1.423844197839180659e+01
-1.281866001033984759e+01
-1.355467205420146826e+01
-1.533211592634245157e+01
-1.407455964107490765e+01
-1.081877348654811222e+01
-1.120794284982662603e+01
-1.218947912097357111e+01
-1.355138731785908668e+01
-1.461992373231856135e+01
-1.582109098695627658e+01
-1.631879085395709339e+01
-1.538805897597134731e+01
-1.449906485386209098e+01
-1.406925246120569639e+01
-1.371227494720085538e+01
-1.343077608196462691e+01
-8.886226896988114632e+00
-5.006318479182122694e+00
-4.016940999838012338e+00
-4.939203626843265305e+00
-3.332223822003272939e+00
-3.297276397306194262e+00
-4.243206272116742284e+00
-3.130157065477708223e+00
-2.300979592495631554e+00
-1.717574386110638063e+00
-2.271777953356706625e+00
-1.430624747833725730e+00
-1.593186879911359100e+00
4.202055016103156682e-01
-1.702271604870742028e+00
-7.358808577951179153e+00
-8.293158802008855801e+00
-7.807857229132423527e+00
-6.820110055413536543e+00
-4.290453413350545198e+00
-6.103443075531369999e+00
-9.023441770627972147e+00
-9.707056082201861003e+00
-8.473029381590642117e+00
-7.205957197692236527e+00
-9.268002660963166051e+00
-8.376405511724163588e+00
-7.090682918798122181e+00
-7.649006232456027732e+00
-6.948943402405245884e+00
-9.829216030222678313e+00
-1.225956068309048064e+01
-1.148707844215869756e+01
-9.748677055735271324e+00
-9.856558719954129799e+00
-9.220757589339777738e+00
-8.058777305882539821e+00
-8.526802894515848052e+00
-9.969183180157497048e+00
-1.188566885572499565e+01
-1.337776853544736966e+01
-1.437975955423145535e+01
-1.282874869756521541e+01
-9.570933796285951090e+00
-9.806915080899514692e+00
-1.037173387991878393e+01
-9.360158143889318438e+00
-8.922873895511761688e+00
-1.086837293932154758e+01
-1.303135226396536694e+01
-1.421528550089681353e+01
-1.337197822140890757e+01
-1.169860392442276620e+01
-1.434848368144181485e+01
-1.510994527473844151e+01
-1.424148657884973623e+01
-1.421758898505684954e+01
-1.296724567576181109e+01
-1.077203820168119464e+01
-1.127164624115935077e+01
-1.269573715786865087e+01
-1.315365561921303161e+01
-1.411701192114581715e+01
-1.460051488535679276e+01
-1.543175727100252992e+01
-1.618620532007984281e+01
-1.611306400893780477e+01
-1.592640388059346890e+01
-1.522675079566880108e+01
-1.312877893111662253e+01
-9.938088002953085365e+00
-8.299938207008569435e+00
-7.319219372293628290e+00
-6.234984787883138146e+00
-7.896032359259573141e+00
-8.636887151660729955e+00
-7.992848667959434827e+00
-9.379320215404185035e+00
-9.621225530952358440e+00
-8.140482470467718557e+00
-7.280707521162137930e+00
-6.844200687380196158e+00
-5.211054101467783362e+00
-2.209362599387455717e+00
-3.602682235438109615e+00
-5.445346669642844972e+00
-4.300015769864521609e+00
-4.872208758722953448e+00
-5.283698415522489533e+00
-6.066416702246893777e+00
-9.231027758421067375e+00
-1.209064269248312584e+01
-1.305442881337483740e+01
-1.313651091894633538e+01
-1.394304223705556112e+01
-1.425281607505041492e+01
-1.363795576890446704e+01
-1.257208348725083447e+01
-1.246130149172774004e+01
-1.354205300290070291e+01
-1.364047224508028044e+01
-1.405950264392475901e+01
-1.510613865251486310e+01
-1.459956760841509293e+01
-1.321896944034843990e+01
-1.207701645670148061e+01
-1.255144023931156738e+01
-1.327984495068105630e+01
-1.285028872827648883e+01
-1.180920635576648259e+01
-1.046339007461138415e+01
-7.971696548395289739e+00
-4.828355354053160298e+00
-4.577319207659653166e+00
-6.094559913627042746e+00
-6.709709783123742888e+00
-8.454704989248535085e+00
-9.218465842876486960e+00
-6.915453671121040813e+00
-7.268669474355110793e+00
-9.656348948599589477e+00
-9.882284376166044382e+00
-8.350645308455714400e+00
-8.511781816781649468e+00
-1.060794526344752775e+01
-1.022814678638696861e+01
-7.383771490079964472e+00
-8.655374942241694569e+00
-9.556629191613684071e+00
-8.891179007915599897e+00
-9.738247243863218827e+00
-1.201966284680519159e+01
-1.220503108277333304e+01
-1.182258214190363432e+01
-1.262762358878563695e+01
-1.322143173690075280e+01
-1.193977900507049128e+01
-8.837142573685371261e+00
-1.033662486271883019e+01
-1.183103976270992597e+01
-1.301748582999294968e+01
-1.378276578114957829e+01
-1.424762798477438253e+01
-1.521392115394459488e+01
-1.526196161787332173e+01
-1.468774206785847802e+01
-1.346353465250972725e+01
-1.273830760253403405e+01
-1.198382229863868353e+01
-1.146022481811387550e+01
-1.156297922117169108e+01
-1.106950869887179678e+01
-9.676432039475983515e+00
-7.803855950023304899e+00
-7.565171070551810928e+00
-8.577995344398715361e+00
-9.146292399432775611e+00
-1.167539547932753052e+01
-1.378881139064951888e+01
-1.433078620690030291e+01
-1.237335331331391508e+01
-9.982227330696963108e+00
-1.038594204736263116e+01
-1.027016963724444132e+01
-1.034863353031932753e+01
-1.127872736536060216e+01
-1.154731780342101644e+01
-1.000797859104712728e+01
-8.087233798375212501e+00
-8.454020440996876218e+00
-1.093281880986909016e+01
-1.275711844662695782e+01
-1.198724118679476014e+01
-1.044851880528695531e+01
-1.161263163436233192e+01
-1.294920720387386481e+01
-1.265157971007745985e+01
-1.225537492317583954e+01
-1.277568284715681557e+01
-1.252826196559144378e+01
-1.314543270979517864e+01
-1.190613144994580530e+01
-1.256140952021084267e+01
-1.345946988014620693e+01
-1.192950685902376051e+01
-1.303394774030599557e+01
-1.407239403013646140e+01
-1.291591950962384061e+01
-1.141148414048628013e+01
-1.278088647296255331e+01
-1.492457535493689669e+01
-1.528213761303589635e+01
-1.428649448280091327e+01
-1.319260777854949218e+01
-1.373525586620639061e+01
-1.449665035565194060e+01
-1.474059888043375466e+01
-1.420252584289345066e+01
-1.381417863168031879e+01
-1.479671929050526202e+01
-1.557303170593758423e+01
-1.580648331203438062e+01
-1.545241728192325503e+01
-1.482658230225696627e+01
-1.387203960603376096e+01
-1.352132958916478778e+01
-1.448620513207622196e+01
-1.542246968902037096e+01
-1.522048570062397133e+01
-1.520481945032479665e+01
-1.575464949987867058e+01
-1.425990896011044740e+01
-1.456346941948863183e+01
-1.546555868855434213e+01
-1.517599016065254069e+01
-1.449188442405487898e+01
-1.422435715222849950e+01
-1.397143483363434946e+01
-1.508493051668103391e+01
-1.546605017637115509e+01
-1.527789694944483045e+01
-1.513871016176550377e+01
-1.451405381306604703e+01
-1.512914136110287444e+01
-1.547722957506927344e+01
-1.461750219243815074e+01
-1.503615515852089501e+01
-1.540715419092581939e+01
-1.470973720723943678e+01
-1.449952564019062784e+01
-1.527505789167491734e+01
-1.573813694103680838e+01
-1.594350129168197228e+01
-1.579011525760585677e+01
-1.580976808471618789e+01
-1.566378542104812688e+01
-1.589208671142382556e+01
-1.574084941154228723e+01
-1.499030818452708935e+01
-1.536313847533829602e+01
-1.516392493103913708e+01
-1.398221426502663611e+01
-1.345806129266917317e+01
-1.363094064326497090e+01
-1.412041068413103417e+01
-1.316124406075507203e+01
-1.262933538616447748e+01
-1.332804654813258516e+01
-1.266054145037766432e+01
-1.324631837103387078e+01
-1.499546911466772947e+01
-1.393640591200699141e+01
-1.402481070336049562e+01
-1.454667625637581807e+01
-1.359195035363340409e+01
-1.180392865963946392e+01
-1.245941583669535824e+01
-1.502206434400897095e+01
-1.584580171656864245e+01
-1.589881329180731484e+01
-1.562294747196882660e+01
-1.538875196392734601e+01
-1.453593340596589556e+01
-1.404111735118597792e+01
-1.343475679171639037e+01
-1.247715225160007613e+01
-1.328531598282154924e+01
-1.484066427593723780e+01
-1.408171219358933257e+01
-1.379869704751640924e+01
-1.485708404589326825e+01
-1.374077244652177576e+01
-1.194386374964749820e+01
-1.165487436267810217e+01
-1.227849715751292159e+01
-1.248574935863523194e+01
-1.329005900198274759e+01
-1.272746155341014607e+01
-1.340630776613290465e+01
-1.473709624238636096e+01
-1.414489740465450396e+01
-1.232005131213664129e+01
-1.113126156388417165e+01
-1.071695375191183963e+01
-9.965955996834377828e+00
-9.356180559957527620e+00
-8.756235351913522535e+00
-1.034369771967675966e+01
-9.907827507455882809e+00
-8.863797529601587399e+00
-1.000025223798887453e+01
-1.254074717448886567e+01
-1.138766118940694305e+01
-6.842506993807486282e+00
-8.537974321181978965e+00
-7.843885300211045575e+00
-6.328179042923239628e+00
-7.416417669236762933e+00
-9.335338462417325900e+00
-1.160659651539912929e+01
-1.414098830690537234e+01
-1.515230756086709363e+01
-1.398291681652762897e+01
-1.404207023493081330e+01
-1.480318453606578366e+01
-1.427026307643319392e+01
-1.327040453869707370e+01
-1.194729033632642690e+01
-1.255039527803275234e+01
-1.321767268348834179e+01
-1.372912711792621110e+01
-1.223787742336611828e+01
-1.119344116696481706e+01
-1.200488930479953886e+01
-1.275944516443308174e+01
-1.341273193505244699e+01
-1.304109089954762268e+01
-1.106383146423195107e+01
-1.290425167125658668e+01
-1.482212287072191437e+01
-1.522878962276974235e+01
-1.552198890043208657e+01
-1.571557815715632778e+01
-1.574798364069239831e+01
-1.572024066675827747e+01
-1.367657959569421244e+01
-1.272512487572128315e+01
-1.340608594150616817e+01
-1.349967383250076836e+01
-1.360796583243270774e+01
-1.439934429799590454e+01
-1.323688536354827328e+01
-1.219214007923075016e+01
-1.337683610125913169e+01
-1.276969154141367468e+01
-1.188338885418131419e+01
-1.224767312880207548e+01
-1.190145613731085561e+01
-1.215984278175908706e+01
-1.259053543095208383e+01
-1.251185378170143458e+01
-1.117281615617486068e+01
-9.544591462007355531e+00
-1.016774760019855428e+01
-1.355051105364021247e+01
-1.389886456342957288e+01
-1.438604808588932826e+01
-1.295766845685366953e+01
-1.045003381319028968e+01
-1.168885080853069702e+01
-9.758562795428412429e+00
-9.460977641919905423e+00
-1.074184377462319695e+01
-1.145895360637847737e+01
-1.180339701882990688e+01
-1.083261890471301214e+01
-9.315930543100833461e+00
-8.129289731915877226e+00
-6.641524482599872492e+00
-6.318198095072188103e+00
-6.453962078245921496e+00
-6.713710103870726975e+00
-8.751577815741772071e+00
-8.836036451324103425e+00
-6.835558188874731655e+00
-6.861602478608235245e+00
-8.093832143604011264e+00
-5.983080416213198305e+00
-5.711610593372084210e+00
-6.701671341357284817e+00
-6.769825158421392430e+00
-7.690479226514000288e+00
-9.593887883370600278e+00
-9.705610192186234997e+00
-9.215628507871375774e+00
-9.768269476314868527e+00
-7.524454542777360366e+00
-3.675418024262171013e+00
-2.588418170907060389e+00
-2.846540858798692675e+00
-4.028417217516989446e+00
-2.965076058407060788e+00
-2.749469294647524542e+00
-5.779488750659121266e+00
-7.845547537417829176e+00
-6.350693550749404892e+00
-6.679284834476249877e+00
-6.437610923614029979e+00
-6.881459984854056522e+00
-9.969050145299194199e+00
-1.072497117799143140e+01
-1.171957214618338128e+01
-1.293850524563914561e+01
-1.152603821945399964e+01
-1.101408508341216397e+01
-1.119731514593880028e+01
-1.195018028662712162e+01
-1.436598257703882453e+01
-1.475954865992876464e+01
-1.423383491454232441e+01
-1.289917372569891008e+01
-9.939049237523716940e+00
-8.870629696927229801e+00
-1.089469580820099814e+01
-9.782379609187282554e+00
-9.322087870461551518e+00
-1.104111929458197316e+01
-1.176793047114975543e+01
-1.145342026188697027e+01
-9.887044613721378994e+00
-9.206795648302993129e+00
-7.565838627206832534e+00
-8.276126768952893897e+00
-9.412580168418196891e+00
-9.462062405962058165e+00
-8.770054457760231514e+00
-9.233651056754368369e+00
-1.081275286593536400e+01
-9.808765902556880079e+00
-7.313237913400386425e+00
-7.206200732356295546e+00
-1.018750419821613384e+01
-1.274931050092636298e+01
-1.338625820093561281e+01
-1.201199953540765009e+01
-1.114479152428223152e+01
-1.197272694535309334e+01
-1.096049896306824856e+01
-1.003783986159706920e+01
-1.075300682095239857e+01
-1.182019089895567809e+01
-1.243167044776284591e+01
-1.085445376932295680e+01
-1.201308672618612405e+01
-1.461390742712556978e+01
-1.500495721397150461e+01
-1.362599596956762760e+01
-1.280524619195749381e+01
-1.278967876792293090e+01
-1.102079574237201065e+01
-8.328758620921028921e+00
-5.807380776505747022e+00
-6.720762046292366065e+00
-6.652316874777191025e+00
-5.338826715693411273e+00
-2.774392863492995520e+00
-1.638093641535592893e+00
-2.041327994047342109e+00
-1.128869595695292105e+00
-1.398280949515473770e+00
-7.030736520959158575e+00
-9.839392484686904083e+00
-9.273221998529328047e+00
-1.072401021841363544e+01
-9.518885820764969807e+00
-8.356540412239271021e+00
-1.022095968784146791e+01
-1.150345859366386669e+01
-1.109688837734895905e+01
-1.038582841940133505e+01
-7.736823555408588682e+00
-4.845319144587897142e+00
-4.977509408420568882e+00
-7.003660264594320672e+00
-8.760793414121106792e+00
-6.777387861204092978e+00
-4.076269292587644699e+00
-4.182128564524484560e+00
-6.497957401425301427e+00
-9.065354202264080286e+00
-6.773636027237024848e+00
-2.201778257093431446e+00
-1.118242467983483479e+00
-3.250304487737277093e+00
-5.414168907747342274e+00
-7.121509676648851261e+00
-8.693980367901854578e+00
-9.019256851329197744e+00
-7.479362167068060785e+00
-5.375693639479484531e+00
-5.838481478277619097e+00
-7.624564337119175583e+00
-8.199139490353525517e+00
-6.825146612312422256e+00
-4.550688839235440319e+00
-3.475801260689325822e+00
-3.227298257794620540e+00
-5.875791937093298500e+00
-6.475333075647900394e+00
-2.903500951998930990e+00
9.551615000353268908e-03
2.326249835569793589e+00
1.429171671588495493e-02
5.370949097133098649e-01
3.216027178214971194e+00
-1.162309634329995678e+00
-1.803223785977673188e+00
-1.199810863108061731e+00
-3.707214874992231568e+00
-5.560725245621886970e+00
-8.594857134735629955e+00
-8.249919325525834068e+00
-9.372802440163161108e+00
-9.685414107608528056e+00
-6.382798610516342563e+00
-6.497123402851879170e+00
-8.003934375932676204e+00
-6.484545318753188958e+00
-3.173212039927679751e+00
-1.334267001799087637e+00
-4.001675554670822699e+00
-3.705272833197315485e+00
-9.390267240389008618e-01
-3.881466372644177265e-01
-2.696890763632008081e+00
-1.910055193974304233e+00
1.227503565075807490e+00
1.657053779535261784e+00
-1.510298123733435638e+00
-4.775368597071044441e+00
-4.171529168323483638e+00
-1.637751892062407677e+00
-7.264764764850463186e-01
-5.361620396933043375e-01
2.931729643108168748e+00
2.257275362508444960e+00
-6.586614379152619381e-02
2.324981718462333813e+00
4.007856768600811748e+00
1.050967418771511674e+00
-5.493015904068895061e+00
-9.349111959892638879e+00
-1.067288209464901172e+01
-1.211566183161644794e+01
-1.156317399613816477e+01
-1.033956351116607308e+01
-1.034040479270295876e+01
-8.726750114886760556e+00
-7.786575047664334726e+00
-6.244371727097599134e+00
-5.644626961037769730e-01
4.581442387032706343e+00
4.685571996023510266e+00
4.166350390867473052e+00
4.601085935945654626e+00
5.890476330408064065e+00
6.444007986505548402e+00
8.842627473300794350e+00
1.166132631375219653e+01
8.762495531248948311e+00
2.136729618012583209e+00
-2.293851823076288543e+00
-4.210561661119431420e+00
-4.024317558245384063e+00
-5.255546856989150584e+00
-3.806984945029376011e+00
-2.587658598943167299e+00
-4.127021636842616914e+00
-6.172075429837184934e+00
-7.513930396802471989e+00
-5.901949154194745084e+00
-4.353750854872861176e+00
-2.259280105308250519e+00
-5.427826215637215901e-01
-2.035961622654260061e+00
-1.419652950595450269e+00
-3.639498762078630101e-01
2.552392975287409160e-01
1.217281108485380514e+00
-4.096825432975235159e-01
5.781328171166556507e-01
2.846326431941161861e+00
2.616983548275293892e+00
-1.153234355929816379e+00
-4.782910662723619311e+00
-2.892517747265380912e+00
-1.924093108561701460e+00
-2.899717113010928049e+00
-2.833537797566250682e-01
2.153746587695742676e+00
-2.999239402649436226e-01
-2.333570132148460596e-01
8.277954941435153868e-01
-2.392968531114161856e-01
-9.907884356132433679e-01
-3.373233154131983991e+00
-4.708349545727638308e+00
-3.817877361272483672e+00
-1.425573413379314092e+00
3.320990020999052383e+00
5.918412654299579856e+00
5.884338782841586735e+00
6.003872263044342183e+00
7.893068683249775397e+00
8.778023238174293752e+00
6.326541753110355160e+00
4.042886371925419553e+00
3.252820623083874096e+00
7.684283846470003176e+00
1.048892215556636032e+01
6.932144402606042810e+00
3.196402273178480247e+00
3.719780810154917017e+00
3.058936867240822810e+00
-1.619423118722575217e-01
3.335690897443890357e+00
4.266483452140995780e+00
2.645107632431012323e+00
4.270790189075996501e+00
5.483218351874303842e+00
4.730958994604843149e+00
5.182729706172120032e+00
8.670826467196624421e+00
8.919307555822744149e+00
5.646154515735330115e+00
1.464619232290971684e+00
-1.724938924268459184e+00
2.121653741466966725e+00
8.303079275007229754e+00
4.797606328938453402e+00
-1.031698626776517580e+00
-4.246406333567291469e+00
-3.821220983046902386e+00
-3.436261856159808836e+00
-5.337628594548188943e+00
-5.036376453117275886e+00
-5.981700642835514614e+00
-9.348713576160967875e+00
-5.891852160459426280e+00
6.928482230248467211e-01
4.100378816068266374e+00
5.663987476241896246e+00
3.711509466150527903e+00
1.789412820062305620e+00
4.233608673940169709e+00
7.037373487582684106e+00
4.373680719620019808e+00
3.199863699846935639e+00
4.812014883416506628e+00
4.033639270018387180e+00
2.986337065467922769e-01
-2.764241859710219629e+00
-3.220482197542027691e+00
-3.527341542647258965e+00
-4.137468647912093012e+00
-2.954236034658750398e+00
5.694075519504722405e-02
-3.487202374377893488e+00
-4.040516392282940572e+00
-6.059526780148490888e-01
-6.583312500556276481e-01
8.155513448916287267e-01
3.439519247261787704e+00
8.028243918093646014e-01
-4.821993030988095619e+00
-8.045904337331210243e+00
-7.428121544104818952e+00
-7.176448998210119612e+00
-4.114874537079081129e+00
-1.581477224829166195e+00
-1.978760609811062388e+00
-7.421347401799227583e-04
1.729530173198096321e+00
-7.852344445688566599e-03
-7.371313989381352849e-01
9.663694557314091993e-01
3.517152018126565860e+00
6.015988135023182526e-01
-4.210157009542008666e+00
-3.232923373386390242e+00
-9.402403975642520395e-01
2.495866277940827604e+00
5.934678559764480887e+00
4.248553251311777856e+00
1.075007967396823583e+00
1.746094921775145581e+00
2.885593937974129997e+00
2.484957068168220928e+00
3.714431937330720856e+00
5.525825383266009361e+00
2.585321598365956763e+00
5.768150948696123548e-01
3.130990457745584710e+00
4.972426254058328610e+00
1.646984559898499789e+00
1.423735554713917884e+00
3.585467221120550718e+00
3.097546416195768426e+00
1.026422960962075637e+00
4.225505437869996328e-01
8.975430126389041252e-01
2.213461665451051719e+00
3.968755601481428030e+00
4.154078844642811852e+00
2.151553900071548231e+00
4.516442439933160413e-01
3.208053683364395336e+00
7.361601654051768584e+00
4.583399156926899920e+00
-6.850212455961822433e-02
3.597614377496416882e+00
8.097220365895561045e+00
9.315342053208397033e+00
8.915121778719695911e+00
1.139629897049572271e+01
9.708196885913460861e+00
6.485325283433485133e+00
5.575903175455945160e+00
5.997111133934063254e+00
8.772995290237393107e+00
9.938301372972169645e+00
5.050578591725258804e+00
1.042421489404807389e+00
3.010684539312986185e+00
3.769365587530118855e+00
3.273379708076717964e+00
3.445857835258049562e+00
4.556166699285144617e+00
2.951836281826249575e+00
3.409792196433336642e-01
-7.503113107431489404e-01
-4.110385099016696242e-01
1.258028603240129162e-01
-2.450275731995517070e-01
2.515730206881864883e-01
2.286147502252696473e+00
4.909729283584217008e+00
6.904273687966041351e+00
2.496150965974631042e+00
-4.625176054113940616e+00
-7.460900678435079314e+00
-6.937879691931766679e+00
-3.258590034476013475e+00
-4.352659314977313620e+00
-5.980662136367573822e+00
-5.554653002324974054e+00
-7.171263849015860004e+00
-9.010777571184755530e+00
-5.324176118682114378e+00
-9.170517372736791684e-01
-4.059293687179442167e-01
-9.548119805613972666e-01
6.261148630681027116e-01
2.808565790290245889e+00
4.359579818844412813e+00
2.469594873560271964e+00
2.055725494078211923e+00
1.621042148438860186e+00
-2.705626407653835219e+00
-3.695726806191001135e+00
-2.633076061123375666e+00
-2.554890756972632904e+00
-1.596446213354237642e+00
1.392182964116051247e+00
1.623365975150150353e+00
-1.373090925006173135e+00
1.346140719799187035e-01
3.559373436260715895e+00
5.696818180099818996e+00
6.104856506778747693e+00
1.287416435121615965e+00
-3.106141129230713727e+00
-2.732664212257810199e+00
-4.168942478470311630e-01
-1.344037900839260002e+00
-3.197806218047839266e+00
-3.962057149661438959e+00
-2.391796456848921171e+00
2.616448221187515522e+00
6.989429138238302031e+00
6.698730299005081434e+00
5.803229717942339327e+00
6.176585693037260683e+00
4.011346802240959519e+00
4.539120625569807999e+00
2.445727054459050365e+00
-1.120298187131052225e+00
-2.349838774088519155e+00
3.512350013915019331e-01
3.266725573833436425e+00
3.409898937390762441e+00
1.011729744763688377e+00
2.509562095138666571e+00
4.673196529145203115e+00
2.445542407330107526e+00
2.002693174361128037e+00
3.976986076675615767e+00
4.315815525354469884e+00
1.264039819873912673e+00
-6.242957449237812595e-01
-1.144175179001596598e+00
-1.822073334461641769e+00
-1.097468901527904439e+00
3.134415143776592139e-02
-2.489288876705437192e-01
5.520130695320973890e-01
3.082006116307564714e+00
2.086999892293559811e-01
-4.243621371968836486e-01
3.034976056103475539e+00
1.961830185050741138e+00
-1.362838290896176030e+00
-7.111189110411476832e+00
-7.774837428294883779e+00
-5.427556684709283097e+00
-5.770074022823782123e+00
-4.082640904579569074e+00
-2.510668965964070409e+00
-3.830587555054983273e+00
-3.515035806318400180e+00
-4.201220778758119501e+00
-3.699530281878015803e+00
-2.048239319150727766e+00
-4.075874014673657619e+00
-3.149591021266798574e+00
2.469142099398608514e-01
8.432226202581790675e-01
-1.178799068245219628e+00
-3.169941657072713248e+00
-3.000367351569817931e+00
-1.770675034238242018e+00
-3.038737245102892448e+00
-3.726605792170801568e+00
-4.174534817292586908e+00
-5.225278024582903136e+00
-1.727274908738466452e+00
-1.142808372134713757e+00
-2.976305356044649297e+00
-1.206276183578510963e+00
2.366023959870348747e+00
5.472954994060332368e+00
7.235938315222473882e+00
6.373687083281151189e+00
6.680905856026709166e+00
7.793908498906878535e+00
6.718694155089045772e+00
3.987471150702514233e+00
2.847839265298151457e+00
5.609970357920885498e+00
7.174860726866014282e+00
8.056830962160725917e+00
8.158415981899073799e+00
4.733447621924837811e+00
3.685977948868989884e+00
4.398096236787895741e+00
3.606707756943592802e+00
1.906583696214125379e+00
4.669898316079740042e+00
8.045958389338492722e+00
9.161217875712637237e+00
9.479080893825047482e+00
6.367183916541011790e+00
7.320248709401454335e+00
9.184176699847403924e+00
8.213767501628467471e+00
7.678927506716203943e+00
8.622750730782927420e+00
8.412789685670247763e+00
6.237296222500899212e+00
4.745273450653773040e+00
6.958197780100277896e+00
7.137405554690405829e+00
6.699176864863505720e+00
9.019160500090974253e+00
6.830106465987622499e+00
4.633699819632374428e+00
3.921890298338642999e+00
2.600574018239880658e+00
5.386814894708036761e+00
5.649709553231807568e+00
3.636070444524521328e+00
3.010400033398958897e+00
9.674342394781447751e-01
-1.308717794175410898e+00
-4.612143533465953849e-01
-3.194692988356133689e-01
-6.448497602439764442e-01
-1.519512106764931314e+00
-4.431473590448060662e+00
-2.802976893635614974e+00
-1.327419783547667820e-01
2.755168901033958839e+00
3.935336251291840171e+00
1.884488506996176094e+00
6.530986955299207253e-01
1.168101697607823786e+00
3.882498037223255594e+00
7.170483478635841124e+00
3.331003406918250143e+00
-1.422962912673140901e+00
-1.700391128294196141e+00
2.108770477937687016e+00
6.035249930573096222e+00
5.718334453081964419e+00
6.609159588593476187e+00
4.978219090843932548e+00
2.022494856217515125e+00
2.147219108267694132e+00
4.902178676408099456e+00
6.144957112832101664e+00
3.757523505611922054e+00
2.736801970342159773e+00
4.917532632714895158e+00
2.990611586611133799e+00
-2.903292515235760707e+00
-3.080809232179379187e+00
4.805058259554348954e-01
1.308838944679947769e+00
3.612656292702906558e-01
1.341285350747550620e+00
5.487821890522089241e+00
8.716853496377984456e+00
1.098986498853173721e+01
1.208225773238475753e+01
1.006888412023708845e+01
8.136228142827654608e+00
5.319412090777304591e+00
2.985025124318161804e+00
4.125159770648127555e+00
5.633560917330870943e+00
7.952350109950526935e+00
1.074284613347918693e+01
1.404059985464802907e+01
1.556427798574655519e+01
1.350830967595969234e+01
1.194064938374632590e+01
1.111011886673695770e+01
6.507158391789691798e+00
8.187685689878678730e+00
1.224135772187228532e+01
1.018685746268751480e+01
7.364607836222845094e+00
7.949987296487623922e+00
8.734409650185504859e+00
7.474268104700848347e+00
7.729796149971647878e+00
8.877505299092250723e+00
9.515761916231690876e+00
6.939138905513093647e+00
4.834688204263885680e+00
4.875027490707358524e+00
7.255669728874968527e+00
8.783703122612100955e+00
6.999139117228126317e+00
3.135675405772578195e+00
-1.611091515782956951e-01
-1.416294350276581682e+00
2.682452014971091980e+00
5.798073587903795456e+00
5.397610308666545897e+00
7.235270284052029766e+00
7.006734837734006405e+00
6.682306720511082432e+00
6.839354240905580973e+00
7.822765601997559770e+00
9.365810856907252457e+00
8.059585861457033928e+00
4.551336059223826780e+00
2.255108644567278997e+00
1.950573273848830613e+00
1.702639464200348174e+00
2.186483178935943794e+00
4.044726095274478794e+00
5.669715415159902072e+00
6.771481417157607652e+00
6.431922161452198416e+00
5.903557779163042696e+00
4.979681445503895354e+00
2.828072987207715716e+00
4.552877811519314477e+00
1.084104175817500249e+01
1.211858058296186158e+01
1.177123699450700656e+01
1.040562109767854260e+01
8.620616134079092774e+00
1.139614044704229379e+01
1.373470493432603057e+01
1.381508704764416429e+01
1.105446714879040293e+01
8.844551425791655319e+00
7.475295045779464687e+00
4.656330743315536758e+00
5.138156717873793689e+00
4.648764453938972530e+00
2.014967869648090826e+00
2.651774454212713739e+00
1.726910184697482586e+00
-1.725594076274174604e+00
-3.122968639599794649e+00
1.361662986527802932e-01
5.926155716657311778e+00
9.769197645037213107e+00
1.053348974170100938e+01
1.081597291306813702e+01
1.268224299846081493e+01
1.131148411349378691e+01
9.642359790806136033e+00
9.937516814516419217e+00
1.243291990883936649e+01
1.403589043207441733e+01
1.093105019843721593e+01
8.521526565493447336e+00
8.201256920411211127e+00
8.051873196006907207e+00
5.212959664100472068e+00
3.199637481432505925e+00
3.444926060808797708e+00
2.821855113966242889e+00
4.848644285704875045e+00
8.520189125157672905e+00
8.364837306401900818e+00
1.008183958839601324e+01
1.201736134580567672e+01
1.217188070438894343e+01
1.170537210755865765e+01
1.220819415585047629e+01
1.433783482235641493e+01
1.505383282978522530e+01
1.435441881540502251e+01
1.313255377190700024e+01
9.333274665438098694e+00
8.018181744540569866e+00
1.084589278302625104e+01
9.645277525189868584e+00
7.815098746721843348e+00
7.265875391714662790e+00
7.294096201808040192e+00
8.204626424558918885e+00
9.593234906804060103e+00
1.102451162005865370e+01
1.272585438666765256e+01
1.229010265532045665e+01
1.073153948384705281e+01
1.026795027594324416e+01
1.148627114118326631e+01
1.370450018143182547e+01
1.299663315377249617e+01
1.199664357855209929e+01
1.264414018698732534e+01
1.150335366584332064e+01
6.470665775920301233e-01
6.470665775920301233e-01
6.470665775920301233e-01
6.470665775920301233e-01
6.470665775920301233e-01
6.470665775920301233e-01
6.470665775920301233e-01
6.470665775920301233e-01
6.470665775920301233e-01
6.470665775920301233e-01
9.550333087134475818e+00
9.277028298792330929e+00
9.428219167122785294e+00
8.792680485326881623e+00
6.039840076174278316e+00
7.627615680415985366e+00
7.322818023838709500e+00
3.127061472655795704e+00
5.858268204874224949e+00
9.467379009443485316e+00
1.042328829434431370e+01
1.027458278550866488e+01
1.106416842070631112e+01
1.157532358156862351e+01
1.129191586856068064e+01
1.104132704476559823e+01
1.288192834547766452e+01
1.470781889804590037e+01
1.198817904304553394e+01
8.573603788613215926e+00
1.332604982471260868e+01
1.569352272111101954e+01
1.449455676140303417e+01
1.410159329599890476e+01
1.457588650998659752e+01
1.503712026689749059e+01
1.631301282688095711e+01
1.738309873758700519e+01
1.659800544871879069e+01
1.403762589554877849e+01
1.247533711918656429e+01
1.151867287752007840e+01
1.001835179046890012e+01
6.410324116809324124e+00
5.735898021268181601e+00
7.267699246860496842e+00
5.523190920341467525e+00
2.542522837418675685e+00
3.316248778816376142e+00
9.490296823781051216e+00
1.617098036281622342e+01
1.786006599304661790e+01
1.720891386560780845e+01
1.737819083029481249e+01
1.787704552802370728e+01
1.788787761257236042e+01
1.707251311011853545e+01
1.708886049366874005e+01
1.659309641332345464e+01
1.685028384738015816e+01
6.470665775920301233e-01
6.470665775920301233e-01
6.470665775920301233e-01
6.470665775920301233e-01
6.470665775920301233e-01
6.470665775920301233e-01
6.470665775920301233e-01
6.470665775920301233e-01
6.470665775920301233e-01
6.470665775920301233e-01
1.639284137707514333e+01
1.587399648356933923e+01
1.688252511952967794e+01
1.783538673673879060e+01
1.661644450602829437e+01
1.610845955519633677e+01
1.762956995516897152e+01
1.742433723140472424e+01
1.612341377832570899e+01
1.604737783809756024e+01
1.556291458865239008e+01
1.504926706090355815e+01
1.635548934881353844e+01
1.676866055228407504e+01
1.504905763961929033e+01
1.328242803113915826e+01
1.469906795583335146e+01
1.428794609613765587e+01
1.419706034924968741e+01
1.546345533554952745e+01
1.468883548747160184e+01
1.199647575201729488e+01
1.107207720361373227e+01
1.230075164420207123e+01
1.202627919291504810e+01
1.049178143274678376e+01
1.029101966355973197e+01
1.237804962310572954e+01
1.470657945918444831e+01
1.729094203888410419e+01
1.818637232306639362e+01
1.820635098758450354e+01
1.775660387062454859e+01
1.761956271517447803e+01
1.774098079987725285e+01
1.807099772515119795e+01
1.783688301276468380e+01
1.773586596691385608e+01
1.792714355279155924e+01
1.793426081670281391e+01
1.828677541747878266e+01
1.799290010089154634e+01
1.795907551485727183e+01
1.748399632657924485e+01
1.746197706857992316e+01
1.803948246769462571e+01
1.853818818197777318e+01
1.855362510132199461e+01
1.789146756195375687e+01
1.726673076295361042e+01
1.751920926858386451e+01
1.708536149345722777e+01
1.755158739784743460e+01
1.811812342829414035e+01
1.838307564573135267e+01
1.811475221108774036e+01
1.753874359186163545e+01
1.726419724952415180e+01
1.753924735239883148e+01
1.838041408286199996e+01
1.830142480608645883e+01
1.786763854786545025e+01
1.706807750251229194e+01
1.557351115641825245e+01
1.555677283283225165e+01
1.606566524419036668e+01
1.645301076517307592e+01
1.688129647666557887e+01
1.767975946592871850e+01
1.736265221722032592e+01
1.597498252892026827e+01
1.318177625525887819e+01
1.122020577691592003e+01
1.334157843517301245e+01
1.603682168255089380e+01
1.586129495828669178e+01
1.418720874524854381e+01
1.379070015332194288e+01
1.449670321230354375e+01
1.392791460446550467e+01
1.288592654029923601e+01
1.199884829526345342e+01
1.264419896745564031e+01
1.402535971608220500e+01
1.278673502362885017e+01
1.144353838567044335e+01
1.011681372643029064e+01
8.391734745419201502e+00
1.187872586352597182e+01
1.510248817099771834e+01
1.535348916014029719e+01
1.644593283338158685e+01
1.621880073919646037e+01
1.475071191540985005e+01
1.609675190803392297e+01
1.593400078267649889e+01
1.549599249334309192e+01
1.510989269782407263e+01
1.416317156433322211e+01
1.550268924456103647e+01
1.775978270291722083e+01
1.823089018776149217e+01
1.824724906929444757e+01
1.832001997258807435e+01
1.850209108089034871e+01
1.862817914828718813e+01
1.845253361290880534e+01
1.805066033473325149e+01
1.856569385577578402e+01
1.841861826228991106e+01
1.813171048633131122e+01
1.770754426938194115e+01
1.713844586545291548e+01
1.510024106122115661e+01
1.521828285019722138e+01
1.658862835818508330e+01
1.627090551788748485e+01
1.595208290703411258e+01
1.534308765091008731e+01
1.456478868331802090e+01
1.496492898534351745e+01
1.552396562576607586e+01
1.619773542893464580e+01
1.613780981945251725e+01
1.610115853384201401e+01
1.633089357268183051e+01
1.729333667861457968e+01
1.796524475410464561e+01
1.694640545093713513e+01
1.530921803775730083e+01
1.641932101238941755e+01
1.777459610532685019e+01
1.689929362922151057e+01
1.397612717106310321e+01
1.184756452336090327e+01
9.605196109708384000e+00
1.036404782065047137e+01
1.439435069643203313e+01
1.382741934321651200e+01
1.262225115410854137e+01
1.501475782153298866e+01
1.687882340166720851e+01
1.634062922374005566e+01
1.524489430058651784e+01
1.560943801752784665e+01
1.704550013341910031e+01
1.697962621494795954e+01
1.480528297834918483e+01
1.338539198889799486e+01
1.446454132125461811e+01
1.375601573800813249e+01
1.135505706918864810e+01
1.101571759983689702e+01
1.262565205321697093e+01
1.274385015834558565e+01
1.277970884153084441e+01
1.504721219215360151e+01
1.565241453515149495e+01
1.613183335792182405e+01
1.690366010104045813e+01
1.749039248030657845e+01
1.740726081379297341e+01
1.607449243543110029e+01
1.562423635647141928e+01
1.730084128557869860e+01
1.845050014152790752e+01
1.844084419703834143e+01
1.796739230991811809e+01
1.818465360147227372e+01
1.786299536562152568e+01
1.799069830888154442e+01
1.808908069273372021e+01
1.761936447164243091e+01
1.649602884566676053e+01
1.492691127213779367e+01
1.476218441673677084e+01
1.505178621319247156e+01
1.418181162540800777e+01
1.363694882976548861e+01
1.384764857108992153e+01
1.526328683188106439e+01
1.704781594481443463e+01
1.609374462890617963e+01
1.613005718519675469e+01
1.628432108854000759e+01
1.712722793819929734e+01
1.666043692072525317e+01
1.630489707975183222e+01
1.770839142330102689e+01
1.830937488630548060e+01
1.801684277383738930e+01
1.755689168725488614e+01
1.647773906625015883e+01
1.560055248709877063e+01
1.565836908787949078e+01
1.453684532189376455e+01
1.338504216171954120e+01
1.399964965724578647e+01
1.442156944208105429e+01
1.322525456354976470e+01
1.382576825895038652e+01
1.539113522648811916e+01
1.649872326185220217e+01
1.640268231686811617e+01
1.524014532114930454e+01
1.593909661820224599e+01
1.661633373846155948e+01
1.511282522054019140e+01
1.305834011900090097e+01
1.270558811742034422e+01
1.320169348918112107e+01
1.318465998654510507e+01
1.281898970850540564e+01
1.394675744090029035e+01
1.474210851793099053e+01
1.362170010819073518e+01
1.164077437410501581e+01
1.126507393130741264e+01
9.960072981182294782e+00
8.923397907315621325e+00
1.231646952128347472e+01
1.400035702535462612e+01
1.171860238608729254e+01
9.877006146668925624e+00
1.093532394102428462e+01
1.227853879146964999e+01
1.197363893080428277e+01
1.351720036177257001e+01
1.445661313660985670e+01
1.377532284212204949e+01
1.488818489813334267e+01
1.407813257537175922e+01
1.238572561301031172e+01
1.231143969205832001e+01
1.186739312260664292e+01
1.363653231746600092e+01
1.523377919956244320e+01
1.561001695144817170e+01
1.636146649787721330e+01
1.584891757944225610e+01
1.522730095720153543e+01
1.521770608944530778e+01
1.542569682518656826e+01
1.698852965662074510e+01
1.828922661542062045e+01
1.850281108972782818e+01
1.770987459892780080e+01
1.650809073152753115e+01
1.631114047699766800e+01
1.723298823936794832e+01
1.811212935241859157e+01
1.804685411631459857e+01
1.775610812752645984e+01
1.798935553904725282e+01
1.859643852056984059e+01
1.843832478068379288e+01
1.782261044128384953e+01
1.748411197573953757e+01
1.759640471057468147e+01
1.793919944140575495e+01
1.853326999646100504e+01
1.849776488234474314e+01
1.791145329225192739e+01
1.648588987344900758e+01
1.711241558737009427e+01
1.741144299668024331e+01
1.674896173428777502e+01
1.642173215717118140e+01
1.612739523228269078e+01
1.570607982677072023e+01
1.692743862344972072e+01
1.759676809008823284e+01
1.728641566472489188e+01
1.751127026031315026e+01
1.812676214922931806e+01
1.661747180817773284e+01
1.660111422185279295e+01
1.705768792919196741e+01
1.704380084660709116e+01
1.758100267226122071e+01
1.796690616181518152e+01
1.702014780948695716e+01
1.565489108487119019e+01
1.533459602854218851e+01
1.632056025338481220e+01
1.646075837031208167e+01
1.354852807184819952e+01
1.179670094807272562e+01
1.307883067836427138e+01
1.415953301823249610e+01
1.525317018338109065e+01
1.687068015303568558e+01
1.791517978844912662e+01
1.745313544771110159e+01
1.671161173305308978e+01
1.696026264025319819e+01
1.742557735252155737e+01
1.739118904322706882e+01
1.709692299128212767e+01
1.616633019879995459e+01
1.543386947666459719e+01
1.557492479134957541e+01
1.605146543622962696e+01
1.569491956244755926e+01
1.552959771835634761e+01
1.480369168131753099e+01
1.256113665228808784e+01
1.475084438817118482e+01
1.537460037048479222e+01
1.426922062695581417e+01
1.596480222490539091e+01
1.624125856443465921e+01
1.472995091365734766e+01
1.493374528754739394e+01
1.616652269304459111e+01
1.681511745757671150e+01
1.675187488735387120e+01
1.457320032403163701e+01
1.276114199922008297e+01
1.318053426638378056e+01
1.438348294884944423e+01
1.576838651212791120e+01
1.464415870863583358e+01
1.243825144336356914e+01
1.194547763242748140e+01
1.203315286796126493e+01
1.267007787226152793e+01
1.369074413887713959e+01
1.432276697819026978e+01
1.375079591392290190e+01
1.178797597762377691e+01
9.923514887749346869e+00
1.327704982992759319e+01
1.538840552879069890e+01
1.427186373979374245e+01
1.278649301254373860e+01
1.292838056111866862e+01
1.389487219348743174e+01
1.629858846782103399e+01
1.709826677211152557e+01
1.739416463657047274e+01
1.734893805052876559e+01
1.606777447745353982e+01
1.519047295215688820e+01
1.623020526406867248e+01
1.621816139872764140e+01
1.542465057376377224e+01
1.487487629533296740e+01
1.421292052734773392e+01
1.462894844043117537e+01
1.621976467270703992e+01
1.756868377228207834e+01
1.808395987454905907e+01
1.778420643830754244e+01
1.782512510579421416e+01
1.809284328580251255e+01
1.796047346704107994e+01
1.712931251423233903e+01
1.750902013693660209e+01
1.719182432958043805e+01
1.615311766244070313e+01
1.526159195275196190e+01
1.433940452092719475e+01
1.372921952262027645e+01
1.221096120525480444e+01
1.291916434344327769e+01
1.413536099585784989e+01
1.336307690211296517e+01
1.301357937692227829e+01
1.255462703963277882e+01
1.173402038284455884e+01
9.513543717763118579e+00
6.538200992558951263e+00
7.100907265647518507e+00
8.431245977989934914e+00
7.919860535326874285e+00
7.876058672670665395e+00
1.015454079986114522e+01
1.258030651574652126e+01
1.209590253194646436e+01
8.913657782382420791e+00
7.965198964904957712e+00
9.498609424940912760e+00
9.188015224119050472e+00
7.927361528041242167e+00
7.847520089118061648e+00
6.894690847247763266e+00
6.664268655990932544e+00
6.872766706768461908e+00
6.641623061672625283e+00
6.985473407539713797e+00
7.037361060304417215e+00
8.074648703285166818e+00
1.014085846922758805e+01
1.225886753639493598e+01
1.295137891935193331e+01
1.334650061722032000e+01
1.366320543302633794e+01
1.257111719196680610e+01
1.132416975987818475e+01
1.140253428395551261e+01
1.225457063377666067e+01
1.112902862873386312e+01
8.727038926046907008e+00
9.040712795871332474e+00
9.549368047127337888e+00
8.099612617949269122e+00
8.146803252526360950e+00
9.288531190373221946e+00
1.022648782336282558e+01
1.095479725088296696e+01
1.124040350043169667e+01
9.908449714946257814e+00
8.401333767026294197e+00
9.301406499233475955e+00
9.360753344106930385e+00
8.003210191027116949e+00
8.891706344404786577e+00
1.007326830960910335e+01
8.894411531104283952e+00
7.174096729929642535e+00
5.556518666793795802e+00
5.066427345455080555e+00
5.955567183140813903e+00
8.125194476665273058e+00
8.508431171152784245e+00
7.826329130198756090e+00
6.470338875765672348e+00
6.537242037571312281e+00
8.233366963865757171e+00
1.036395449748274800e+01
1.049930662661049396e+01
1.007672925203411651e+01
1.109969355743733743e+01
1.417544041507771091e+01
