-9.774206991656074095e+00
-1.132006573444331288e+01
-1.187012239938510128e+01
-1.135976740353224734e+01
-1.190094484540278508e+01
-1.320133131682161398e+01
-1.274697652425399674e+01
-1.231573855377282811e+01
-1.219823194122899501e+01
-1.150073989902823257e+01
-1.166026554056087861e+01
-1.163150676163583164e+01
-1.072631848006195732e+01
-1.074088359364053780e+01
-1.065456858447631383e+01
-9.394502594079112257e+00
-8.315199716731491719e+00
-8.356993223422527706e+00
-9.192139012609471749e+00
-1.057488039560327486e+01
-1.168651838939173082e+01
-1.237837553410797753e+01
-1.236049040458943260e+01
-1.139948154377650447e+01
-8.983966382066196132e+00
-7.272565666386177519e+00
-7.267394080667124889e+00
-7.534552446642453383e+00
-8.451524240180122050e+00
-1.000732245457927405e+01
-1.076190552562574076e+01
-9.703709529289829661e+00
-7.484758450413734110e+00
-6.070107615949720703e+00
-5.021548612498063058e+00
-4.842997258401525507e+00
-5.092860675231448475e+00
-5.898907592608674477e+00
-9.354733698333360437e+00
-1.150970723776574545e+01
-1.188676643323593396e+01
-1.183814852519910410e+01
-1.150332598783399796e+01
-1.060800004975008548e+01
-9.250997258842225790e+00
-8.501200371910298870e+00
-8.862236884625252387e+00
-9.558969279391220653e+00
-1.020542223497134415e+01
-1.072313596520047518e+01
-1.160477903560434676e+01
-1.197184758782395875e+01
-1.062563126302620553e+01
-9.352318168240518759e+00
-7.846596750471587889e+00
-6.475464872496883295e+00
-6.105614669079455048e+00
-6.809842364545954041e+00
-8.290650002580827405e+00
-9.407218582621824865e+00
-1.009171975776747665e+01
-1.030104623572551326e+01
-1.095023974167855130e+01
-1.219435360668966872e+01
-1.264727807169536256e+01
-1.259321645705603920e+01
-1.220130065507764350e+01
-1.160928104101725999e+01
-1.183936005137573133e+01
-1.241973442588461118e+01
-1.079047502582487716e+01
-9.919382054124850967e+00
-9.807922634217403512e+00
-8.398622834038132368e+00
-7.387924600429554900e+00
-7.916476092303469159e+00
-8.891913689341311766e+00
-8.637293695176767372e+00
-9.219946863946297810e+00
-1.012818834085281772e+01
-1.117722903751169206e+01
-1.040217414496881965e+01
-9.417597685814774522e+00
-1.021292411549175227e+01
-9.613470823433942769e+00
-7.651332233143679495e+00
-7.483517265466635315e+00
-9.042741717780105049e+00
-1.001627198200470659e+01
-9.665443288210218142e+00
-8.659260762072348072e+00
-8.622111224514393157e+00
-9.907537093036395959e+00
-1.132568142185157534e+01
-1.250145719738058325e+01
-1.321985673308013709e+01
-1.376953715978525672e+01
-1.367185094798305833e+01
-1.228307905588755311e+01
-1.048495084896519458e+01
-7.817038262277935523e+00
-4.903784562002310388e+00
-3.745154467074871540e+00
-4.096056079288472596e+00
-4.685395470479710944e+00
-5.558102598608452460e+00
-4.793744279844336376e+00
-3.454281070094171291e+00
-3.995848626678834226e+00
-2.724137364596509236e+00
-8.657941569197593612e-01
-1.451113459371381920e+00
-3.146929536906621472e+00
-4.805412799296152393e+00
-6.361492760628477683e+00
-7.807189725495450539e+00
-9.040503489659773351e+00
-8.987641810850382385e+00
-8.334462033594022046e+00
-7.580180477880792189e+00
-4.457983523640390189e+00
-5.131708001206904957e-01
1.647583816418079827e+00
1.748013387051968515e+00
-1.666323022930421782e+00
-4.540333968949791910e+00
-6.312925638790412464e+00
-8.298856652491512165e+00
-9.188733807578593371e+00
-8.479089908260302622e+00
-8.422992514481316917e+00
-8.655841636511064863e+00
-9.400858346215981598e+00
-1.044774219653304392e+01
-8.497566285937786290e+00
-6.218956546898618321e+00
-5.087884018190089286e+00
-2.542255933234868870e+00
4.256641465633241861e-01
8.655975150453606437e-01
-1.500871568826380731e+00
-4.433515282192031393e+00
-5.845912603431953514e+00
-7.661028817282730330e+00
-9.897934792918604785e+00
-1.143511937392904798e+01
-1.203267749825397637e+01
-1.127152149161004502e+01
-1.009415152622193190e+01
-1.002279412711744833e+01
-1.187094782541606008e+01
-1.299290616983161861e+01
-1.348962315147878677e+01
-1.366516892526284188e+01
-1.252626560914167619e+01
-1.103492940858236793e+01
-9.598842895142299270e+00
-9.417786730102417181e+00
-8.425643382476676990e+00
-7.170002963490399672e+00
-8.802452143082126312e+00
-1.013270648581861089e+01
-9.436592256192410488e+00
-8.801327533172282003e+00
-7.967591338485275010e+00
-7.987878417461867997e+00
-8.801705412507034865e+00
-1.086992324845729030e+01
-1.286434286851469189e+01
-1.282466396234074857e+01
-1.190559211990919408e+01
-1.242884046059098146e+01
-1.380880877014146968e+01
-1.446132144156659294e+01
-1.360995571313507035e+01
-1.271549304248635437e+01
-1.096776141543931438e+01
-9.008759159072488032e+00
-8.009172169396483909e+00
-8.223919280849949942e+00
-1.030362751281059275e+01
-1.105497721620404228e+01
-1.033775735922528227e+01
-9.248791676681898721e+00
-9.450866555975474981e+00
-9.995874537814485095e+00
-8.290587731340311350e+00
-6.469129235249127419e+00
-7.888955690609004812e+00
-7.092347257363295299e+00
-4.918408757914879637e+00
-4.325545015990325481e+00
-5.806240642585630773e+00
-7.709950050258783882e+00
-7.084283692095278973e+00
-6.867412444691800566e+00
-7.168099821810863581e+00
-7.705400904406690010e+00
-6.861456570168655844e+00
-5.807658465149640570e+00
-8.158846391607340820e+00
-7.579085383440112622e+00
-5.377213335162356778e+00
-5.159184924630475955e+00
-4.213840220769520251e+00
-2.620412763850568538e+00
-4.282613827297937270e+00
-5.612703072611602728e+00
-4.378483281614134803e+00
-2.214256681356469691e+00
-3.519896378189544706e+00
-5.733558947546396389e+00
-5.186247783785857379e+00
-5.117700473669068550e+00
-4.938744810243950845e+00
-6.034051712816124180e+00
-8.227234159747800035e+00
-8.273838799261204358e+00
-7.345795146665881070e+00
-6.743777073239733078e+00
-7.764894198227900723e+00
-1.008184574633089881e+01
-1.057021311083261850e+01
-9.519824940773272459e+00
-8.600719406800239497e+00
-7.703436913313585599e+00
-6.989888215904740854e+00
-8.031479418742478060e+00
-8.722756822986188041e+00
-8.030443885245837521e+00
-6.652677675644358857e+00
-4.930059973675933627e+00
-5.543740369257473155e+00
-6.382063820044248992e+00
-6.151951812833439170e+00
-5.297171997429972023e+00
-4.267027559335921261e+00
-1.571191029235154524e+00
1.551631121525365753e+00
2.936832430172881203e+00
4.406003885880513060e+00
4.380459840971387742e+00
1.925556058294148665e+00
-1.902949497545345592e+00
-4.492089659550811298e+00
-4.988160801069362549e+00
-6.311556434988368380e+00
-8.154661369129817317e+00
-1.052271345587409179e+01
-1.151163230186254260e+01
-1.087321050656427168e+01
-1.123195090792536099e+01
-1.186058031787789524e+01
-1.246930591706594704e+01
-1.288704285190785193e+01
-1.280949231957989554e+01
-1.040801472961326546e+01
-7.392756171421527966e+00
-7.007003063409604771e+00
-5.776309065289738420e+00
-4.630391104611532249e+00
-5.337083422141252420e+00
-5.998463542542560312e+00
-6.641905914060656890e+00
-7.939593304431000753e+00
-9.930832984218751491e+00
-1.043773196067905928e+01
-7.718318786191391112e+00
-4.896546593914167467e+00
-4.680359535262582860e+00
-5.563399759349255014e+00
-5.717968888099123959e+00
-7.188555859852458596e+00
-9.566766610710777385e+00
-9.386982693735337335e+00
-1.049975309188694972e+01
-1.116613906302611525e+01
-9.852941337933296850e+00
-1.080799049011379687e+01
-1.299740384657030212e+01
-1.410133824489902388e+01
-1.425209749976172979e+01
-1.288456468456613990e+01
-1.223170723388124514e+01
-1.179079284976605102e+01
-8.871100350200565643e+00
-7.745107895756293992e+00
-9.043852832443151968e+00
-1.121747155091607162e+01
-1.225118245005959317e+01
-1.125619572128623780e+01
-1.126965053979916576e+01
-1.240409469883013927e+01
-1.296882953991778287e+01
-1.357362390842344269e+01
-1.383107445341701158e+01
-1.427657026339774227e+01
-1.488008483355335088e+01
-1.507604423408558780e+01
-1.356677066033595125e+01
-1.391361569916561081e+01
-1.428926463814002545e+01
-1.243559132393466982e+01
-1.235278872245886284e+01
-1.218913140840365550e+01
-1.223556336907135211e+01
-1.248676289669687733e+01
-1.253849372802863549e+01
-1.260818848144508131e+01
-1.088641785653445915e+01
-8.194612343195185389e+00
-6.887949850656524653e+00
-8.717239524314418730e+00
-1.062134281452721396e+01
-1.236709098120402572e+01
-1.183226423835718499e+01
-1.064311316132369711e+01
-1.038506500636535712e+01
-9.583279297151699794e+00
-1.191505501118826338e+01
-1.283519231577369091e+01
-1.142378978546058654e+01
-1.075899249015927417e+01
-1.104864678866311145e+01
-1.035805845997233021e+01
-8.258114044328189962e+00
-4.771760794616249690e+00
-3.675162294643731897e+00
-4.069956177782350970e+00
-6.499527285701696577e+00
-1.070846214199718283e+01
-1.140639195390612137e+01
-7.894969532593808736e+00
-6.416712209555346824e+00
-7.569780349151319143e+00
-8.662694763846433332e+00
-1.006074364033949742e+01
-1.128595990521588632e+01
-1.223021288656570960e+01
-1.182649160932981935e+01
-1.147988368536141479e+01
-9.843217875294921981e+00
-8.013432257834567807e+00
-9.084155796310136921e+00
-9.516324986294604216e+00
-9.210467612158753425e+00
-1.022975668178717257e+01
-1.196351006615985568e+01
-1.157933502366484113e+01
-1.091137935449589413e+01
-9.354436222610450713e+00
-8.792783667123313052e+00
-1.116313297411511485e+01
-1.111433469594737566e+01
-8.298365823447539924e+00
-5.406112091669792896e+00
-3.307447951451458756e+00
-2.369864355005859125e+00
-7.620386578242729358e-01
2.200622330669630866e+00
4.648704041354532635e+00
3.932907762262667362e+00
2.293316346679460160e+00
2.479305658620524433e+00
4.021505941550292396e-01
-4.112277687342630550e+00
-4.021185875117386566e+00
-1.470516908351181984e+00
-5.165217738260674540e-01
-1.155358716668415830e+00
2.200787488532341685e-01
2.721077849012583538e+00
3.778507256376105961e+00
7.054963313080718779e-01
-4.878680972254223924e+00
-7.502715139027841040e+00
-7.767399547463647913e+00
-7.536562754449026791e+00
-1.038359679217045972e+01
-1.300605705694970382e+01
-1.338442119971088040e+01
-1.285203629256010593e+01
-1.211792524973789931e+01
-9.941940233338572241e+00
-7.175326843073106531e+00
-4.794693691396826551e+00
-2.663775200810788224e+00
9.559642604877655048e-01
4.653125988992953488e+00
5.410617202622597155e+00
5.671696060774492842e+00
5.640544512129657129e+00
3.054845868188846403e+00
1.400377513932317797e+00
1.406766970880078294e+00
2.605993368862595361e+00
1.510157674049907639e+00
2.980678371082185474e-01
2.513924122037025644e+00
1.841154239141175264e+00
-1.955642866185641093e+00
-5.763439682509811091e-01
2.327152385962773629e+00
1.105559427910174808e+00
-6.147172633551168941e-01
-3.431462779253334094e+00
-6.713026461476832019e+00
-6.705115354487859669e+00
-5.677909709142609174e+00
-4.271094300437347613e+00
-3.635833181305685891e+00
-2.404460428632012370e+00
9.802926414662150867e-01
2.554013424815162026e+00
8.364876343278314641e-01
-4.053971963533470335e-01
-3.916550221516432867e-02
-1.788401430560972116e+00
-4.303097003192291936e+00
-3.138631038995320921e+00
-3.542229974613213539e+00
-6.624159750193838292e+00
-5.336924067265497840e+00
-2.376425879270540609e+00
-4.784255238798410304e+00
-5.746709260127433438e+00
-4.179236272807991703e+00
-1.655516105249509984e+00
-7.618964894307498348e-01
-3.160321791483627685e+00
-6.823162766936936130e+00
-8.181440399145726516e+00
-7.500618375356676637e+00
-3.944398021954949485e+00
5.438357487033170790e-01
8.052566868831567692e-01
-2.693068936418750448e-01
8.732768216815709472e-01
2.686326198857940106e+00
4.439977552103379743e+00
6.805608627668227939e+00
9.351915418963608673e+00
9.605031311093688018e+00
5.542562422308713543e+00
-6.237838052722419757e-01
-5.178717598512866616e+00
-6.243056602207533778e+00
-6.387578346356745485e+00
-8.585302942139739102e+00
-1.005130704383389251e+01
-9.694020567601718597e+00
-9.270560434499705238e+00
-9.965354137425466163e+00
-9.417983753515910550e+00
-8.444260007122156964e+00
-6.297456941009674125e+00
-4.381859652499492164e+00
-2.195265288930533298e+00
-3.043001953516611402e-01
-2.357138465677822481e+00
-4.046833168837795647e+00
-3.823413225902509538e+00
-5.364431997901575322e+00
-7.031826791830533274e+00
-6.174532414803548086e+00
-4.209145823352584692e+00
-4.175021032518192676e+00
-6.530606246154021299e+00
-8.652589566492983053e+00
-1.046545962789499562e+01
-1.061566005250740830e+01
-9.749886744833581531e+00
-8.796955151789093819e+00
-7.571287839517164997e+00
-7.048600256363092065e+00
-6.203736146486192204e+00
-4.687665884914362202e+00
-3.847164713067654063e+00
-4.771260206970178608e+00
-6.411828009020993591e+00
-8.651854154225944171e+00
-9.913700323161819483e+00
-1.068907457110972459e+01
-1.084068656009303133e+01
-9.597477197186519149e+00
-8.030724405356696849e+00
-6.159481947962725634e+00
-4.839089452607071351e+00
-3.128535778095459019e+00
-2.703971181605425933e+00
-1.958858969124104732e+00
-1.129947297717457388e+00
-2.892078607062836149e+00
-4.969011804359218409e+00
-6.520570415844684220e+00
-7.917556625032341699e+00
-5.820691465773319528e+00
-1.912157253665589529e+00
-2.071277680697622081e+00
-2.298895074651858828e+00
-2.993179228074394765e-02
2.362320353967322539e+00
9.410753752405476291e-01
-3.812759555669604783e+00
-7.143864556432511392e+00
-8.592940207161580801e+00
-8.720521194745099791e+00
-8.992275461460236485e+00
-9.757319666695059013e+00
-1.075072318019197048e+01
-1.034908975405251397e+01
-7.496184766279907485e+00
-5.127831267147226590e+00
-5.451057248627681595e+00
-8.966901534472087931e+00
-1.073921714910247616e+01
-1.213033325047804922e+01
-1.345453179696368373e+01
-1.328595144749184520e+01
-1.254569920772861913e+01
-1.195123310864905086e+01
-1.005650034443840291e+01
-8.550753822391408576e+00
-8.175157425280898948e+00
-7.573302280290563182e+00
-6.368080796087357776e+00
-4.759969060858581180e+00
-7.686825005989985193e+00
-1.082652997952300034e+01
-1.027316970864928791e+01
-7.457827450207460629e+00
-8.407106531017687345e+00
-1.013926410419593260e+01
-1.035594071155089857e+01
-1.053223510700378718e+01
-1.110035898671776877e+01
-1.229789657052432439e+01
-1.297168431803089028e+01
-1.259058809436778681e+01
-1.082421734014957515e+01
-9.139054809685232428e+00
-8.292295726844219672e+00
-8.079795437741426056e+00
-8.995385543976018639e+00
-8.925591116016713400e+00
-8.039691903317564226e+00
-8.054570049495987760e+00
-8.731822644111177922e+00
-1.018036730499422760e+01
-1.211292930082602304e+01
-1.283216553122836601e+01
-1.233077885625866976e+01
-1.164391317289362604e+01
-1.085643694362071976e+01
-1.059277716399399338e+01
-1.026151541467980266e+01
-1.090885804814945992e+01
-1.158963929497717338e+01
-1.195470538964315210e+01
-1.289707412044048951e+01
-1.366818835793834097e+01
-1.387100693802141294e+01
-1.389769089723933071e+01
-1.381465346452570131e+01
-1.358434110729990429e+01
-1.293540494234285987e+01
-1.252059574080918303e+01
-1.307014767108734077e+01
-1.268759045239310268e+01
-1.247050752762598336e+01
-1.242996940924719418e+01
-1.176018581295448051e+01
-1.059448120409179772e+01
-8.778683051011418215e+00
-7.350008437380851412e+00
-9.095351479052977695e+00
-1.088705839624454264e+01
-1.022029380834634082e+01
-9.333483610331795077e+00
-8.666251808847343696e+00
-6.918401855765025310e+00
-5.416811497901277583e+00
-6.350400758463242035e+00
-8.652216346398569513e+00
-1.145482670553663951e+01
-1.294783927802248513e+01
-1.307034202307871062e+01
-1.328920732446191622e+01
-1.351398393828449862e+01
-1.351123144884700444e+01
-1.328998516913296868e+01
-1.239226089002581865e+01
-1.143967207709073364e+01
-1.001673454799173513e+01
-9.905908613502207416e+00
-1.054429930969935825e+01
-1.053190640089307273e+01
-9.818622480010654741e+00
-1.011563974084247164e+01
-9.895402233855023155e+00
-9.365780771760105594e+00
-9.103900896880825044e+00
-7.336471827754658115e+00
-7.886845561810020833e+00
-1.016392752147434742e+01
-1.179476560696558174e+01
-1.268500583627768030e+01
-1.314524991319251868e+01
-1.322817140108244161e+01
-1.334570570050252236e+01
-1.392448820339634530e+01
-1.363717552750302708e+01
-1.276280170476680453e+01
-1.231202083627109367e+01
-1.244515157789893500e+01
-1.179554348414455056e+01
-1.085338690405687601e+01
-1.086303431817587040e+01
-9.722250456243019201e+00
-7.741550003505280664e+00
-6.636213300355318978e+00
-8.543602674318822920e+00
-1.022503596549991833e+01
-8.894019862027674250e+00
-6.045496448006752566e+00
-4.538329440877983068e+00
-4.328196943304008393e+00
-2.519514916538168059e+00
-9.855632456052870749e-01
-2.597585196507768313e+00
-5.804732434829765531e+00
-7.407172760633742747e+00
-6.836203161442994336e+00
-5.841090811196525401e+00
-6.398518303679121999e+00
-7.247980323341464803e+00
-8.271720233022364255e+00
-9.761745063615576257e+00
-1.075452361041925364e+01
-1.127944397832484391e+01
-1.118058563157271834e+01
-1.013646056430876108e+01
-9.074564105588583729e+00
-8.954368037886505149e+00
-9.586694266690054533e+00
-1.122420925278022708e+01
-1.099446220885619674e+01
-9.717574787679923887e+00
-9.521806095737948894e+00
-1.034932893588891822e+01
-1.220136377914155013e+01
-1.237639790005184715e+01
-1.204511598494524982e+01
-1.232491760665733871e+01
-1.139232978846779076e+01
-1.039289956028050277e+01
-1.149151829969451022e+01
-1.225051819195516778e+01
-1.260265352419331997e+01
-1.302645158438427053e+01
-1.209095908575365286e+01
-1.153760045287967806e+01
-1.063999930422512286e+01
-1.088776654802964572e+01
-1.218180255685845381e+01
-1.268828569445558685e+01
-1.323226853660280433e+01
-1.345724906666015563e+01
-1.328286046659507846e+01
-1.391855173606409402e+01
-1.411469663152468179e+01
-1.430051172493897305e+01
-1.409708801547222379e+01
-1.401623086548696051e+01
-1.387621582303277634e+01
-1.354026108084057611e+01
-1.355872814159126349e+01
-1.378564188669234980e+01
-1.348648812445240353e+01
-1.228813757917360938e+01
-1.301616958052146522e+01
-1.345727884584535872e+01
-1.217774692348334220e+01
-1.141615482777234725e+01
-1.283174140294987886e+01
-1.279972415968693333e+01
-1.155618443653563610e+01
-1.121376807523872010e+01
-1.148667611916565257e+01
-9.829013034913696600e+00
-7.516908830769662764e+00
-6.673975526466308317e+00
-6.754096266986756802e+00
-7.830506899251798991e+00
-8.357986127818351818e+00
-8.316059748129013940e+00
-9.534017137807675013e+00
-1.179667304876077161e+01
-1.296376640138418246e+01
-1.234650589133826237e+01
-1.056206401076445012e+01
-1.054755832795669335e+01
-1.021901657693154064e+01
-8.523340925861999651e+00
-8.667081862541072823e+00
-9.904748005682369794e+00
-9.751655958056220541e+00
-1.029162510191188495e+01
-1.270925998373286347e+01
-1.269616479418493604e+01
-1.181557329723766614e+01
-1.197521936968418110e+01
-1.130950604278489813e+01
-1.090555242587162077e+01
-1.223589841385116905e+01
-1.142408837849886005e+01
-1.183737298104857416e+01
-1.280422125680460788e+01
-1.254084883585569621e+01
-1.283676555171674494e+01
-1.229654015380175913e+01
-1.183648001055708399e+01
-1.235385245247730701e+01
-1.304631550469362899e+01
-1.340861803667470120e+01
-1.199743827989088096e+01
-9.412600540723744302e+00
-9.134129449771203113e+00
-1.072174427902404226e+01
-1.097806862632447356e+01
-9.784864729214982404e+00
-1.033670071996599660e+01
-1.112854171993020636e+01
-1.111214560378260607e+01
-1.169204276172305335e+01
-1.181353631866806531e+01
-1.268199585442658339e+01
-1.355140300186705105e+01
-1.418306523091814952e+01
-1.423887362154955838e+01
-1.447340599409852757e+01
-1.426622023483057156e+01
-1.362005463077570688e+01
-1.314622911397611027e+01
-1.316727299884569646e+01
-1.218154158724262892e+01
-1.101979106929541707e+01
-1.204826332192311966e+01
-1.305246731865597631e+01
-1.221332064399976680e+01
-1.079560360914977757e+01
-9.074489360188429998e+00
-6.582053312264714684e+00
-8.430753988931455112e+00
-1.059607843408943317e+01
-1.119577491399564018e+01
-1.142105183493958798e+01
-1.221318930050495588e+01
-1.205514046474548095e+01
-1.108399393685537859e+01
-1.164392538035758129e+01
-1.138240659466809923e+01
-9.404619481927676716e+00
-9.257324948300020395e+00
-8.469701895545778569e+00
-8.110247829395122565e+00
-9.397770952390658294e+00
-8.315762712522834832e+00
-8.439766536892493676e+00
-7.378967601482987249e+00
-5.227722869620069268e+00
-7.191520141593047200e+00
-6.597869473721694966e+00
-5.755751705855908007e+00
-8.232327229728570117e+00
-8.968366251440260228e+00
-1.030891154229106199e+01
-1.201268301341025513e+01
-1.021277589859458779e+01
-9.111381328972560922e+00
-9.266582564006705880e+00
-1.029169414582417197e+01
-1.110101148046598318e+01
-1.125642924725179483e+01
-1.305330592428691716e+01
-1.331842636277744951e+01
-1.241206043193997033e+01
-1.153555729529674601e+01
-1.126449992953116741e+01
-1.191435925828465692e+01
-1.305173501671833414e+01
-1.396704986602303045e+01
-1.444853450367110703e+01
-1.440352532817787967e+01
-1.401235379285130733e+01
-1.312219249145533873e+01
-1.292113608070066100e+01
-1.383372688723784627e+01
-1.394105472917972932e+01
-1.355886909566267384e+01
-1.341222590034683115e+01
-1.353931027428614087e+01
-1.360639366723505539e+01
-1.363012695567321053e+01
-1.313348327138614557e+01
-1.268335363709792141e+01
-1.255984756611951703e+01
-1.108344562534909628e+01
-9.699071383798937518e+00
-9.748776624108367983e+00
-1.141739910551780035e+01
-1.304341501493181887e+01
-1.327218158592101815e+01
-1.189537228077879938e+01
-9.341631202301490688e+00
-7.666346577056537548e+00
-6.872886068414866934e+00
-5.491691233067233391e+00
-2.898127762714063138e+00
-1.078126080407567855e+00
1.882972102930922098e-01
6.448655455757459354e-01
1.196931383009067207e-02
-1.694456653325360884e+00
-4.097139899309866884e+00
-6.078970021531065804e+00
-7.834942195740592474e+00
-8.513283804252107956e+00
-4.892919074100564814e+00
-1.399258319207388634e+00
-6.649072131607629554e-01
-1.363292789279347605e+00
-2.680597921961639152e+00
-3.206482168140809996e+00
-1.618445022225044827e+00
1.034521170718619487e+00
1.772154708752774255e+00
-2.065748064113160365e-01
-2.755214247621446511e+00
-3.439097934609526064e+00
-7.957042091525698968e-01
1.133562589235675766e+00
1.032498677470746529e+00
-8.936501050543660743e-03
-2.010803861657612934e+00
-2.717566470812667223e+00
-3.934816641249204494e+00
-6.425645414471898853e+00
-9.933360810241639527e+00
-1.076556827585842413e+01
-1.084456872090052748e+01
-1.068509931365579391e+01
-9.927676492134754227e+00
-7.429860532221998604e+00
-1.710997933800068260e+00
1.598831419673350407e+00
2.441883681533739470e+00
1.505362588668459622e+00
8.209656464105021811e-01
3.619241579041883483e+00
4.623085881226672633e+00
4.779546352265671594e+00
6.543944885276274270e+00
4.351789628797797072e+00
4.302845432443480611e-01
-2.682600287256784455e+00
-5.844154096486690264e+00
-5.839077509560017809e+00
-6.271227714690945199e+00
-6.830296787156842520e+00
-7.533243975455568453e+00
-7.232718832184561464e+00
-6.123915438704927716e+00
-5.412180127376486460e+00
-2.823933562106089923e+00
1.304558491157794098e+00
3.657067485770809423e+00
4.820043169864629995e+00
4.689450703016873057e+00
2.267724318994066568e+00
6.490122054517806216e-01
-4.385995359802225546e-01
-2.952465651511654299e-02
-1.753869230040380478e-01
-2.506305724630186305e+00
-5.575899879443235285e+00
-7.959856652204137184e+00
-7.372645343918547312e+00
-5.081158583216727642e+00
-5.061777454530633769e+00
-7.536813964600823645e+00
-1.028165219623004134e+01
-1.144790094467484032e+01
-1.090713352735900976e+01
-1.077355107790467237e+01
-1.228952857992584491e+01
-1.315698978806869768e+01
-1.199954369822501121e+01
-8.610036207442451683e+00
-7.566070595465533621e+00
-8.940388001191903911e+00
-8.258517423052470718e+00
-6.321060277893971069e+00
-5.563862790768186350e+00
-6.116096253026908514e+00
-4.656340501945803290e+00
-2.263139705940533375e+00
-5.372808525115199352e+00
-7.031578481418335080e+00
-5.717281712571755214e+00
-4.332428069151253780e+00
-3.759902277781183688e+00
-5.400739905588953782e+00
-5.715257870214561997e+00
-7.255524258492375145e-01
1.755484072735880030e+00
1.143935760971828142e-01
8.016762669482109249e-01
3.308490472659024739e+00
5.005273908693575358e+00
3.714150246609052353e+00
1.798982234306685690e+00
2.152183515835145666e+00
3.093128632960799429e+00
1.099778142055396479e+00
-2.760244886781746843e+00
-4.132961402226979608e+00
-3.947756703169046588e+00
-3.707996357649732566e+00
-3.516247463137689433e+00
-3.518573168920744898e+00
-2.235363396423511340e+00
6.164167977941694687e-01
2.014363341310158706e+00
1.020248870272543462e-01
-2.706005260422962522e+00
-5.683309069141301073e+00
-7.261949948215361772e+00
-7.070020181569717010e+00
-6.841314095911758209e+00
-5.196229692103506714e+00
-2.526804796577094336e+00
-2.583511318923497502e+00
-3.121400350994997908e+00
-2.149577079843260297e+00
-2.356744610248668437e+00
-3.458032889579055080e+00
-2.140455617300024649e+00
2.632469830905051822e+00
2.376464237503611798e+00
3.260482780102893496e-01
1.382316344766235217e+00
1.980615906357154898e+00
-8.224542223871308955e-02
-6.272899716733906672e+00
-1.037022405335787845e+01
-1.084139135477422577e+01
-1.041786877461642469e+01
-9.454273813739897392e+00
-8.746208898386454322e+00
-9.314368361187744583e+00
-1.046094192750925167e+01
-1.008169179582829500e+01
-8.223521234305762206e+00
-6.473092747488974119e+00
-4.651013211279605208e+00
1.938602005796324079e-01
1.656067983939415011e+00
7.955983740760901313e-01
6.726833987198700404e-01
2.778591918113428871e+00
4.995019100970183423e+00
5.936349738053611880e+00
6.390644812685372322e+00
5.414115602135473715e+00
2.425348664141181221e+00
1.934943886660754897e+00
1.830650950380967590e+00
1.321727524217868321e+00
3.400059989805435556e+00
3.693036512005943628e+00
1.327045278243611293e+00
-8.205348317228016164e-01
-2.089605756574349993e+00
-4.768217657236161422e+00
-7.226542410935734573e+00
-8.675502652044821517e+00
-1.001795151496351366e+01
-1.071588567331665587e+01
-9.108823924282022588e+00
-5.800385957695717742e+00
-4.169302568925361996e+00
-4.716418984791762803e+00
-4.820326606031661854e+00
-3.743496391011308599e+00
-3.602757876782262780e+00
-4.395997024103448503e+00
-3.099098036142902579e+00
-3.549003851823984590e+00
-5.048474941933626781e+00
-2.371452647654572310e+00
-9.154864471270861559e-01
-7.287943852739298123e-01
-9.377315539463261518e-02
-3.355785702012454297e-01
-7.975122149686327822e-01
5.140140092832985452e-01
2.989081073509295194e+00
4.550553569610622517e+00
3.271397802607522109e+00
2.481148995534701585e-01
1.595880288662916424e+00
3.136915733190230315e-01
-4.018161091782635808e+00
-3.476817990036630945e+00
-3.266423907079043065e+00
-2.599404735893587226e+00
-4.514366796513146207e-01
-2.011401570721929044e-01
-2.416452792714552267e+00
-3.669901272350784005e+00
-3.094079367863652230e+00
-4.414686779752647894e+00
-5.310818875608615208e+00
-4.333623898329602930e+00
-2.411878661210776098e+00
-6.232290724021293249e-01
4.524952044859760769e-01
1.577833888613853652e+00
1.381555804143808519e+00
-7.070472468514129583e-01
-2.643296240659129825e+00
-3.057370754984816585e+00
-9.628075679302365852e-01
-4.856466747977472576e-01
-2.372175398104729105e+00
-1.584538354191737941e+00
-3.188794513842461709e-01
-2.172027030550179205e+00
-3.839834441272113708e+00
-2.179065298990585209e+00
-1.216423137673511068e+00
1.467022612007825022e-01
2.657526133022453330e+00
2.930344843971884217e+00
1.941894569903987122e+00
1.028853200286588276e-01
-1.220290916327481767e+00
-2.508751286382412626e+00
-1.152164845587766884e+00
3.660274960358712804e+00
7.104141058242132267e+00
7.463570334346008472e+00
4.623351117658544673e+00
1.489772903736008125e+00
-2.149592534568895541e+00
-5.414357574899355541e+00
-6.594755360972016867e+00
-5.305016078614463559e+00
-3.883322707115389183e-01
2.506470332499974862e+00
1.941366267780994193e+00
1.570419504524225296e+00
1.019550236810333743e+00
-1.649282927234092089e+00
-1.890289078085918506e+00
-6.887998727914771413e-01
8.059847189957322078e-01
2.002113424255762109e+00
-6.061802998738489157e-01
-4.050223709358644619e+00
-3.600810087206701038e+00
-4.179842454058907641e+00
-5.890131299288253075e+00
-5.074109772033734700e+00
-3.486219156907437444e+00
1.970041414349273934e-01
3.657426907753573708e+00
4.932976516028972469e+00
5.193532680259887790e+00
3.958215970904288561e+00
1.242603712030280194e+00
-1.049873486622533367e-02
9.686979207017594184e-01
2.806709125924499837e+00
5.922906956458533934e+00
7.740451821933546306e+00
6.518034054659132437e+00
6.882051110375962288e+00
9.474775298126958845e+00
1.011532584543677515e+01
8.393000144215227110e+00
7.702876763726266951e+00
7.285177171384174422e+00
5.082281046720455997e+00
2.310369641782807015e+00
-9.047007574566082178e-02
-2.622743828775289998e+00
-3.665995793845421069e+00
-2.056158214692420216e+00
-2.754788520241379324e+00
-3.305861792060680315e+00
-1.876470499001604564e-01
1.321236260901646364e+00
1.740305084081923415e+00
1.026207304003492915e+00
-7.118181075060006080e-01
-2.253525210900367171e+00
-4.410885227008294329e+00
-5.558534159714296763e+00
-4.823467943148102677e+00
-2.465070110406899051e+00
5.082955366668162611e-01
2.025408286055095264e+00
2.223251586609772623e+00
1.156796497781123145e+00
-2.174719583911548515e+00
-5.745796686975526590e+00
-5.178220875009304613e+00
-4.802897922014051524e+00
-6.557970642915377013e+00
-6.893025857084642105e+00
-6.583184166153274397e+00
-6.496462889930557871e+00
-6.469303801405888343e+00
-7.171635645136251291e+00
-7.289571085679665607e+00
-5.229869963253000797e+00
-3.313179948983934420e+00
-2.630117293151479352e+00
-8.353638063506202416e-01
1.043023344311810430e+00
2.569749774297922507e+00
2.474758757717602897e+00
1.349583303336023832e+00
-3.429181163385615627e-01
-3.312572828407793324e+00
-5.842738317245268043e+00
-7.092278416090846527e+00
-6.986199922277338992e+00
-3.154962282413656283e+00
6.802945423308721651e-01
3.366687866821149178e-01
-1.711669971643840771e-01
-8.733092981825788526e-01
-2.344520478589772750e-01
1.186810345630254115e+00
5.174945758008416830e-01
1.787808760036475153e+00
5.463186749448943225e+00
8.133252467619286108e+00
7.125383306169843500e+00
6.287463030545022313e+00
6.985889735052494665e+00
6.241443433914958483e+00
5.068167542113533486e+00
3.863705533804086656e+00
3.293405099323988949e+00
2.922382707999857665e+00
-1.463061841227899229e-01
-3.176313626351771724e+00
-4.005885697011380309e+00
-3.068982653317350540e+00
-3.012608880466453698e+00
-3.495017413034930520e+00
-3.519340013458641003e+00
-4.590672171758251707e+00
-6.945857540385113715e+00
-8.894920262613526418e+00
-1.035093666102904031e+01
-1.225010660362975123e+01
-1.276642751930718411e+01
-1.278273826229489174e+01
-1.069374395893360763e+01
-5.964425141699899235e+00
-4.787711099161287898e+00
-5.675138332028043742e+00
-4.523218353313959383e+00
-3.288668801696885247e+00
-1.146382725298980887e+00
1.427835481409268858e+00
2.440187407060881775e+00
3.549849888686419597e+00
3.909238301355977718e+00
2.619631322454506694e+00
7.175979349147747488e-01
-1.495449279873228843e-01
3.128967329082874560e+00
6.734803873663368634e+00
8.584969514947799141e+00
1.035601763189263558e+01
1.009284134741153771e+01
9.410713364813082293e+00
8.122063105806875072e+00
7.608135077741391861e+00
5.924882867924133656e+00
1.389299275907432740e+00
-2.177884992239214945e+00
-2.589331267058710306e+00
-1.368337684081417649e+00
-1.131551696100907556e+00
7.351201620061917352e-02
1.612770728127854269e+00
1.719689253902157100e+00
2.605568632585809397e+00
2.375291692647323316e+00
1.300573441972483257e+00
4.957334523771855239e-01
-3.189269865694300404e-02
6.225060691931529888e-01
2.199316760092530743e+00
3.542557495618233077e+00
3.432780972258368202e+00
2.450610242790361326e+00
1.564972780889428483e+00
-4.159833393346784036e-01
-3.567146116575329096e+00
-4.761560042913383306e+00
-3.470804148907181030e+00
-1.204023958016571250e+00
-2.454681933712716368e+00
-3.744432194901292199e+00
-1.795068278738437551e+00
-4.475274738981284695e-01
-1.607450118213784807e+00
-3.034194073137109537e+00
-2.541903105331610568e+00
-7.806493239959017005e-01
4.245449544071378534e-01
-2.277055211885249120e-01
-1.539224212671385317e+00
-2.870971602435019143e+00
-4.354474488523094600e+00
-4.083498141915735680e+00
-1.972741643216465279e+00
-1.153736610712065236e+00
-1.503448096492009389e+00
7.174865064497160105e-01
2.317409341432107972e+00
3.351343748121343502e+00
4.287365559148331506e+00
4.598537343449494053e+00
6.053690747339445011e+00
6.271258229012336649e+00
6.748687156535749132e+00
6.654778280642612565e+00
5.303753528625480662e+00
4.933831296382217069e+00
7.201692808342605723e+00
8.644569969881612082e+00
5.308877370486783320e+00
4.052159845012258899e+00
7.353304676269726059e+00
8.453991423180736930e+00
6.470665775920301233e-01
6.470665775920301233e-01
6.470665775920301233e-01
6.470665775920301233e-01
6.470665775920301233e-01
6.470665775920301233e-01
6.470665775920301233e-01
6.470665775920301233e-01
6.470665775920301233e-01
6.470665775920301233e-01
8.330573800622262937e+00
8.548978318542875598e+00
7.248600660220406944e+00
5.164096881717930465e+00
4.370610625819122852e+00
2.690193354036432005e+00
-2.193677596800044372e-01
-2.453755501203853218e+00
-2.429449686364536287e+00
-1.699176985064933809e-01
1.699029498394250215e+00
3.842451184405718756e+00
6.407466914519668322e+00
9.594500684792670597e+00
1.256598185363888298e+01
1.155402165269652848e+01
1.085926700809973688e+01
1.186008480726274250e+01
1.273895179384502363e+01
1.054062443509029201e+01
2.539262566171147206e+00
-2.785180213651886394e+00
-2.796472843170463296e+00
-1.361309580378788464e+00
-2.515483152403968248e+00
-4.814356356313871821e+00
-2.750989995200213034e+00
-2.349724617159270501e+00
-2.758435142568765652e+00
-5.799095182565795481e-01
9.757062619744566456e-01
1.510372396092492853e+00
-5.118727591505735364e-02
-2.478864866013189783e+00
-4.774465709561927618e+00
-5.764162840862504744e+00
-5.446595063600272901e+00
-4.806272161105537677e+00
-3.350712039164655209e+00
-2.176541912018213676e+00
1.598110566924543230e-01
3.530890132814443305e+00
3.002475670334892932e+00
4.156835004965963587e-01
1.365799795561256635e+00
1.877861244014224829e+00
1.769292773512834982e+00
2.528021684896975430e+00
1.276819607587036387e+00
-1.192690993458250803e-01
1.411828553381165863e+00
3.117311141773842387e+00
3.360559813857046052e+00
1.336820271913423674e+00
6.057252539713484096e-02
2.116612059570270876e+00
1.850037348209878640e+00
-3.106568480657672660e-01
1.168375798299962298e+00
4.306222948115340010e+00
4.640941211038414949e+00
7.591421586386401188e+00
1.035180860578679507e+01
9.293001514400545560e+00
6.931041569198071350e+00
6.390700322026932945e+00
6.816863786781088841e+00
8.293642168341071041e+00
9.716180632609786372e+00
1.030763507114504485e+01
9.894668420496399719e+00
8.918846318329213929e+00
7.488169614823239506e+00
5.302636271837852355e+00
4.254687088436811315e+00
4.877655323161311784e+00
6.811997458433701524e+00
7.890590608432902719e+00
9.486307568532060586e+00
8.944461626805159327e+00
5.058021769432045289e+00
3.079004199311560441e+00
2.012282277379683570e+00
-7.021078358584551538e-01
-2.037101508978850006e+00
-2.997483713652425941e+00
-4.481126720254267504e+00
-4.655892883398048632e+00
-4.510664131978265878e+00
-3.385509552513083165e+00
-1.793943637229534982e+00
-3.646086995782719664e-01
1.731231575326947159e+00
4.248125332212895344e+00
4.894702723310354386e+00
4.308696708264801778e+00
3.736806899049506026e+00
4.492718376017762694e+00
5.748915175681294620e+00
5.232303100176598498e+00
6.470665775920301233e-01
6.470665775920301233e-01
6.470665775920301233e-01
6.470665775920292351e-01
6.470665775920292351e-01
6.470665775920301233e-01
6.470665775920301233e-01
6.470665775920301233e-01
6.470665775920301233e-01
6.470665775920301233e-01
6.401215112217180092e+00
9.484064908877897437e+00
1.154158291115340695e+01
1.044881780647616232e+01
8.830952183078039752e+00
8.723575246685443929e+00
9.280824806973784646e+00
1.129999495565646761e+01
1.316014910082009060e+01
1.348916543172561511e+01
1.128423321102877352e+01
9.699440180505346731e+00
8.874961568749217378e+00
7.428308529654066739e+00
7.385210529662804113e+00
9.854157815356314742e+00
1.152244536651221019e+01
9.594909571478380528e+00
7.691342675633589643e+00
7.440409505115887612e+00
4.198154828395408877e+00
1.502697376933491480e+00
4.031561582039246971e-01
1.718565733249321603e+00
1.500616171243944530e+00
1.356945623817345847e+00
3.993199307111155338e+00
3.854260877212341008e+00
3.730907195980218027e+00
4.228459816956512185e+00
3.590929898570058398e+00
4.612059679435161819e+00
6.326624510050621986e+00
7.042130838887497468e+00
6.688936180023859812e+00
6.392756724499010446e+00
4.124591781687644065e+00
1.350734000147940428e+00
5.571797196744893155e-01
1.110245719942378528e+00
4.210237430985359630e+00
6.663823666068832807e+00
8.066852205844574186e+00
9.827491240217414159e+00
1.024850334398249352e+01
1.070810863491877996e+01
1.182467027524782743e+01
9.226496710911302301e+00
9.632655439488441829e+00
1.162492155770838131e+01
1.072901934331956042e+01
8.813169348400588632e+00
6.683800672174309732e+00
4.569285066798462580e+00
5.618645670891445398e+00
6.122997544980661289e+00
5.008016862977727079e+00
4.098687101511802489e+00
3.296954764436538898e+00
3.414686555616325059e+00
2.064356793855006256e+00
5.959744041465706577e-01
1.378980348078222340e+00
3.423003865944900248e+00
5.699708256157387964e+00
6.919597707488182259e+00
7.524708009340568715e+00
8.066116575644700859e+00
9.884518745043878951e+00
1.013549807959632432e+01
9.846222280941814731e+00
1.118131180423399407e+01
1.112471878389946944e+01
9.267825188177688744e+00
8.620961297884830898e+00
9.467276120326419075e+00
8.259072018929538572e+00
4.735206515843196406e+00
1.999601231602499141e+00
-4.726212702776518282e-01
-1.985786884042803901e+00
-9.806759997524712169e-01
1.224580291963563106e+00
3.903917392364034455e+00
4.748319630547197967e+00
5.289255841771570488e+00
6.647864374906597540e+00
7.666960000153837385e+00
7.600955595222151473e+00
6.765575540423152567e+00
6.901671427002966652e+00
7.712872128735168253e+00
1.039267546391671893e+01
1.207469118212579140e+01
1.263984394629231645e+01
1.294248911503288646e+01
1.202170173840417000e+01
1.300784340409238915e+01
1.353382253932083223e+01
1.255146595788556141e+01
1.241010675644015571e+01
1.444895848583998266e+01
1.625673399506199601e+01
1.512466044750245153e+01
1.303765363301451963e+01
1.392993897513060730e+01
1.404075694452192380e+01
1.266111829809831946e+01
1.359891225482432375e+01
1.508053449118250988e+01
1.497139680340238321e+01
1.397380711873964820e+01
1.257707553996239902e+01
1.139396062560164857e+01
1.244513682358905093e+01
1.463689663461066282e+01
1.596340503996988325e+01
1.609303883605148755e+01
1.622676880505368757e+01
1.526838024261431848e+01
1.555495154900704335e+01
1.660315698559158903e+01
1.678756568804461224e+01
1.666172207069298139e+01
1.568895319353672768e+01
1.485445349989450925e+01
1.454217679925048934e+01
1.320039337902747789e+01
1.305234971837841407e+01
1.392661956669680379e+01
1.521608332079959958e+01
1.527839350734741508e+01
1.576831258709598593e+01
1.634538985432912384e+01
1.611652788626178179e+01
1.562723541559852869e+01
1.434197930704017843e+01
1.178408034775505797e+01
1.054422900487457859e+01
1.089035579970947865e+01
1.357653944434254178e+01
1.426716070783212764e+01
1.491770077310124876e+01
1.577157151840325788e+01
1.452454983928497434e+01
1.312642837114443317e+01
1.245775092886638014e+01
1.096269546974563980e+01
9.932719951905740530e+00
9.157800325877843761e+00
9.489342062530768729e+00
1.118394885340797096e+01
1.263825016168936521e+01
1.320634873116094532e+01
1.257576181032543694e+01
1.145512838209104700e+01
9.549384418070330227e+00
6.554747926291268456e+00
6.919873442150131559e+00
9.200899954070560938e+00
1.210334449509475441e+01
1.403300777499976881e+01
1.354280950031757058e+01
1.162940495255143958e+01
1.316913636768607354e+01
1.434324067334003416e+01
1.533568023894950194e+01
1.483641442330366012e+01
1.391409755649822877e+01
1.433956787541409916e+01
1.356949021673751510e+01
1.212744353776476736e+01
1.285200271049843401e+01
1.445590681716492476e+01
1.414981050389408423e+01
1.265096166500471675e+01
1.316833448933573614e+01
1.287459934894589431e+01
1.103652251302692200e+01
1.178420242125298323e+01
1.475373837492008455e+01
1.623869243501471260e+01
1.660118952401215608e+01
1.586391523152511773e+01
1.590055031910306660e+01
1.653256449427142272e+01
1.691546187310473570e+01
1.698754558883533150e+01
1.675085482993731745e+01
1.627319227369433463e+01
1.451991280520559080e+01
1.358594546962940974e+01
1.515945587424517171e+01
1.555702069940155141e+01
1.488467229235674516e+01
1.366751461523282529e+01
1.262851853986641792e+01
1.366796544007524616e+01
1.522289152571924831e+01
1.555440140288161821e+01
1.614976564883287935e+01
1.666317392294124389e+01
1.599617545892716031e+01
1.476430811777985497e+01
1.518617885072290186e+01
1.477745593808507252e+01
1.322211949339250303e+01
1.314088975301760520e+01
1.279793024027661552e+01
1.318409044583053991e+01
1.457010439151571290e+01
1.469723390365289539e+01
1.392136662376687362e+01
1.399846740319070015e+01
1.448900744477803570e+01
1.522324273311084752e+01
1.549053893605022303e+01
1.620369477745930809e+01
1.682175698595546720e+01
1.663411112866078057e+01
1.623262557327272049e+01
1.602832361178041509e+01
1.573611505602062444e+01
1.613372466800556282e+01
1.680653180562067561e+01
1.630681762669794210e+01
1.464280265704842954e+01
1.384934713755676761e+01
1.414358075932468672e+01
1.529706655308048724e+01
1.569314496206839671e+01
1.589777068727858911e+01
1.581266243078744616e+01
1.513187541214793974e+01
1.444600243265682060e+01
1.403972144449911319e+01
1.520472838592167264e+01
1.595119067603487295e+01
1.459449520299696879e+01
1.345604847472696797e+01
1.351043412213597428e+01
1.228214689701496987e+01
1.029200005851596700e+01
7.949345692887023418e+00
5.350811375169755024e+00
5.965491505296392383e+00
7.480453144697914780e+00
5.728978916086700401e+00
6.202855162362301833e+00
9.014446775414342028e+00
1.294662090979693936e+01
1.495181008353180374e+01
1.565282895118866868e+01
1.564080078563107179e+01
1.469418977043201302e+01
1.429161461465092842e+01
1.460007764286094734e+01
1.363375342275791802e+01
1.209121859115189679e+01
1.384908100428206623e+01
1.384533867017042397e+01
1.190623661190991811e+01
9.575118725662941088e+00
8.734786407842163314e+00
7.893618104914147615e+00
7.251727872634961436e+00
9.911028251993384330e+00
1.173371540385634582e+01
1.192384920963083417e+01
1.200092293738714311e+01
1.217197532185990916e+01
1.200916436166200718e+01
1.212308567138973814e+01
1.330347523209103322e+01
1.289046225096070764e+01
1.174932564065454876e+01
1.229543029422698019e+01
1.164419855962231765e+01
9.144046388785156410e+00
8.432296519740381413e+00
9.560266997770787256e+00
1.099934168306548976e+01
1.212099157981041309e+01
1.185674391394109506e+01
1.044707797259636806e+01
1.141203585945435428e+01
1.374301025185122072e+01
1.375725973718858164e+01
1.196555053165707427e+01
1.199693025671306756e+01
1.411042976506905156e+01
1.591115694213873510e+01
1.670030085050241553e+01
1.571073615329533268e+01
1.419387478777914602e+01
1.375835509216997288e+01
1.337207491825738437e+01
1.423910025749699138e+01
1.624565565518372878e+01
1.693716365431142989e+01
1.685900551868556718e+01
1.648607317283954998e+01
1.678306568841390600e+01
1.640984749956057698e+01
1.533402202274459292e+01
1.541029430345123608e+01
1.546877064209956032e+01
1.489119680467247697e+01
1.497356458357555908e+01
1.480346775963240269e+01
1.528865750528997580e+01
1.532090495302855437e+01
1.483925960965363622e+01
1.574594951223435224e+01
1.651376213408970628e+01
1.613065339947764798e+01
1.523059788323647723e+01
1.612738287583354690e+01
1.608934635597969987e+01
1.509871435125806194e+01
1.430304535568105706e+01
1.539272472416698001e+01
1.572311706494827810e+01
1.633198791172458186e+01
1.686744059222415260e+01
1.613534322981913149e+01
1.487578945857319290e+01
1.461552683829027721e+01
1.442854218192380777e+01
1.465563771589907738e+01
1.402474006703669751e+01
1.267610560019802790e+01
1.139697926081579205e+01
9.284398227929733238e+00
8.295858679907674116e+00
9.152660341104441599e+00
1.070217415743209877e+01
1.183299667292459745e+01
1.268672580523402083e+01
1.298695796179683448e+01
1.315991340925399200e+01
1.408185333113480375e+01
1.512068104689113746e+01
1.589084736224860883e+01
1.587960390305722136e+01
1.484832711526467897e+01
1.374391271229208833e+01
1.190677221788165241e+01
1.120573845154763148e+01
1.336882283417728523e+01
1.498835807099658091e+01
1.430885105043718042e+01
1.225684594636881108e+01
1.256076596096498399e+01
1.220826176765197779e+01
1.266822397531843869e+01
1.394396270214217814e+01
1.467397395310934805e+01
1.503911815627599324e+01
1.550685436535600381e+01
1.583880302567193965e+01
1.606054483225446816e+01
1.599431614051196782e+01
1.486986842390371955e+01
1.437290660971183343e+01
1.501455949267588963e+01
1.556530101142646672e+01
1.526634264925992746e+01
1.549426281097855629e+01
1.611451997762911148e+01
1.452896948264862154e+01
1.152296758352529160e+01
9.337343857955163529e+00
1.013733093648075645e+01
1.065324104149370577e+01
1.041878929582561142e+01
1.149071291894105507e+01
1.264555996673656857e+01
1.216762153250383527e+01
1.132898348146600043e+01
1.307424553204791273e+01
1.459601035232485344e+01
1.545875152114021844e+01
1.613253257468054258e+01
1.578834135477008438e+01
1.420641165624306979e+01
1.383027979581763489e+01
1.230275344328069842e+01
9.395686032239067842e+00
9.085269703901081684e+00
1.016907082553621500e+01
1.177894271797893921e+01
1.274507877382205301e+01
1.287378819636128746e+01
1.255587207268807859e+01
1.079455661864976079e+01
8.725653410383390707e+00
5.379826535642904695e+00
4.238127763925867875e+00
6.249327012587614583e+00
1.149415384614187552e+01
1.481449779300489844e+01
1.488543832206666373e+01
1.499259791922795948e+01
1.420105289340441601e+01
1.251200164821951155e+01
1.108303068997241603e+01
1.163334984236214531e+01
1.277374876795958869e+01
1.350903320331822322e+01
1.357378177853800771e+01
1.282291892863768901e+01
1.311536884612907272e+01
1.434786164096322203e+01
1.458264206066543345e+01
1.426948040098645976e+01
1.501278337320663248e+01
1.582999745942793801e+01
1.642751389007140261e+01
1.659110574190009402e+01
1.572673528134655285e+01
1.457669070095260544e+01
1.440004178234876520e+01
1.442314774120328735e+01
1.316448679414148515e+01
1.106068027130703335e+01
9.203570295189235750e+00
7.820642290647541905e+00
8.647894266191196166e+00
9.492876086459828500e+00
1.162528509817888533e+01
1.231052348351895098e+01
1.038360587172764760e+01
1.076815040995385786e+01
1.206834193583410908e+01
1.344454734208270885e+01
1.398804573885694147e+01
1.411740013977914998e+01
1.434652317328401061e+01
1.383098059232812638e+01
1.363040861182458663e+01
1.365768544096889769e+01
1.348512008161505804e+01
1.312627843262703742e+01
1.182565435181876978e+01
1.030870044968111010e+01
9.130436409119747410e+00
8.296006093796671976e+00
8.324061029446093940e+00
9.527137442962745340e+00
1.138092688462886848e+01
1.209237138371394771e+01
1.313103251666032101e+01
1.414804538310399451e+01
1.366646232130234928e+01
1.267667784958592847e+01
1.204944222218537853e+01
1.262560821632640895e+01
1.439997230974210574e+01
1.517654115528523207e+01
1.550383722413859466e+01
1.609283120217022756e+01
1.656718058841347840e+01
1.645151077836051456e+01
1.574365992644914414e+01
1.571838293894557914e+01
1.607097845756141297e+01
1.572096170718801922e+01
1.555039918134366772e+01
1.600401032813685376e+01
1.640390439883691798e+01
1.627112080102937242e+01
1.524111988118868588e+01
1.414680932931057278e+01
1.270474596986215232e+01
1.217876573650242200e+01
1.282307482496018203e+01
1.336434544125343393e+01
1.404657968718804639e+01
1.438851779577044887e+01
1.396170303762240827e+01
1.387068445763375912e+01
1.344889945116280217e+01
1.102050681147281352e+01
9.990917204788148709e+00
1.069425004293810666e+01
1.121917985048028932e+01
1.101010069593579210e+01
9.559934190775420504e+00
1.182652874313778746e+01
1.454010927004716613e+01
1.477058267050321305e+01
1.456245404245251862e+01
1.447822980161737227e+01
1.472722283117167841e+01
1.527065173933025299e+01
1.502704440521077167e+01
1.510080297093431234e+01
1.579235482357779929e+01
1.525660821387030985e+01
1.396684023866037805e+01
1.329461979154303641e+01
1.353483037509541909e+01
1.300690787497206280e+01
1.209809172826443380e+01
1.018500976326610008e+01
8.848524071452041895e+00
9.670392356227957009e+00
9.629639908875253340e+00
1.033201175944479644e+01
1.391856020980701913e+01
1.498276604397243794e+01
1.516102336640555492e+01
1.531928983543091860e+01
1.522705193134646073e+01
1.467432340786642975e+01
1.480723650484411458e+01
1.473796127098325393e+01
1.451253346781892439e+01
1.397762515364263614e+01
1.147460516606091652e+01
9.084342952739945076e+00
8.418979093777570810e+00
8.701437221817707623e+00
7.926813433693575384e+00
6.826586350540955195e+00
6.386789508556428352e+00
6.217112863303408510e+00
6.459409239195168517e+00
6.137756092824102616e+00
4.386811989426587566e+00
4.342139856465460745e+00
6.346269876580839409e+00
7.419383022895970292e+00
8.274580014855027699e+00
8.226766831764409815e+00
7.387190768999789547e+00
7.734933150299812432e+00
7.211025614881838131e+00
7.504146468809480552e+00
8.458561028533390314e+00
8.749141078157013141e+00
9.636981399487279276e+00
1.119796820990726083e+01
1.226652366760169421e+01
1.196444630288783806e+01
1.185787187851318514e+01
1.199537846197332591e+01
1.256502882238691221e+01
1.348474138123057564e+01
1.329461849977009358e+01
1.251546246252001637e+01
1.155389676889132744e+01
1.174826476187724289e+01
1.208166142609427673e+01
1.070730470590550887e+01
8.997241521646733631e+00
9.676760689145563532e+00
1.197886743826869527e+01
4.600257336497354466e+00
6.470665775920301233e-01
6.470665775920301233e-01
6.470665775920301233e-01
6.470665775920292351e-01
6.470665775920292351e-01
