-1.143176906822285765e+01
-1.242907066071029654e+01
-1.330151020244228732e+01
-1.304462510418571419e+01
-1.208433776819221173e+01
-1.035982442019617800e+01
-9.055598863483604433e+00
-8.492704885023062644e+00
-7.272340297144061161e+00
-5.359221824757537611e+00
-4.559068652498043939e+00
-5.309789326423643097e+00
-6.487589234897908064e+00
-7.551715406146218612e+00
-8.761052214936492888e+00
-9.717919293710961526e+00
-1.018662752034859942e+01
-1.033229276047441836e+01
-1.019287949977505825e+01
-9.862056717807819339e+00
-9.868849429631925574e+00
-9.125224275703727628e+00
-7.418080528020829512e+00
-6.009095108463024637e+00
-4.691775981535738715e+00
-4.847636612271830181e+00
-5.872303577743228864e+00
-6.030645749714239834e+00
-6.162777667320467501e+00
-5.274418141536547644e+00
-5.500166653137547712e+00
-6.727674854071786115e+00
-6.805696336892286702e+00
-5.355476042019497562e+00
-3.752435698699457589e+00
-4.309414632415444757e+00
-5.527367955540015920e+00
-6.349808571143364055e+00
-5.402014263871987687e+00
-5.483259022973704155e+00
-5.905337173651531657e+00
-5.173613524400312080e+00
-4.454534050383224475e+00
-5.507105872415604786e+00
-7.809267846033257854e+00
-7.812127843862342935e+00
-5.468906174235651285e+00
-4.738814026637198751e+00
-6.352155368527114376e+00
-6.749877369659784243e+00
-7.630882679238621513e+00
-8.392301968861408668e+00
-8.705631416023285496e+00
-9.382599518098396985e+00
-9.267622766935264877e+00
-9.562987371723460583e+00
-1.051053828071858298e+01
-1.007962837400016731e+01
-9.130002028485661114e+00
-8.288437605292765298e+00
-6.240825382382216624e+00
-2.890658657021814903e+00
-1.181831668071245067e+00
-1.498752004234479518e+00
-2.818557805090573964e+00
-4.023414344197835391e+00
-4.752538704640106637e+00
-5.409540631227877761e+00
-5.888799164735654124e+00
-7.642657064037931214e+00
-9.121304489788837344e+00
-8.668437668162196630e+00
-7.429696311689148125e+00
-6.372960239855142817e+00
-6.459156888001428065e+00
-6.008230913230667269e+00
-4.019171883091043007e+00
-3.418006151761209033e+00
-5.913837242988453369e+00
-7.280044033922792757e+00
-7.432228524947442239e+00
-7.619101972798364208e+00
-7.417053014350323714e+00
-7.875564770767993217e+00
-8.919222802832388552e+00
-1.054729893962304210e+01
-1.142826245021081988e+01
-1.094021601584004166e+01
-1.036534503517200001e+01
-1.010460838254622651e+01
-1.043971878630614647e+01
-1.012509228409590811e+01
-8.201101305085721549e+00
-5.936915222209356635e+00
-3.730402614454688681e+00
-3.588640360927631612e+00
-4.478912124335815648e+00
-4.927588876814112950e+00
-4.349284338831560071e+00
-4.493348893417422829e+00
-6.219730251001903021e+00
-7.685453807237503376e+00
-7.734249344772828216e+00
-5.076114558105745189e+00
-3.525240177501872907e+00
-4.080719502136314958e+00
-5.223200042710503865e+00
-6.562468559117547784e+00
-7.457039275363384512e+00
-8.006588792652253872e+00
-7.196383699738008843e+00
-6.901213541510180960e+00
-8.151155100201068038e+00
-1.034115647798862980e+01
-1.181742884809372285e+01
-1.182490574655639115e+01
-1.140262457840726285e+01
-1.055326337647268353e+01
-1.036730995736469119e+01
-1.069692444911810192e+01
-1.019698325305377118e+01
-8.081612732161767454e+00
-5.484884934840899007e+00
-3.474950828539345338e+00
-3.627194213124165234e+00
-5.774624148218459929e+00
-8.357251771726639689e+00
-9.489381668092201849e+00
-1.065047134249064342e+01
-1.197546638769897065e+01
-1.251688309738710281e+01
-1.202584976481927193e+01
-1.042441938265327472e+01
-1.055518610055342954e+01
-8.377696388997268429e+00
-5.530166487481408488e+00
-6.580271632357233891e+00
-8.081228141361934902e+00
-9.958731062744211826e+00
-9.265672697185378226e+00
-7.781838740232756457e+00
-7.385305559212669735e+00
-8.404539671859497574e+00
-1.010994073982926267e+01
-1.060773650776332921e+01
-1.185700006432708697e+01
-1.239202278932072687e+01
-1.130011470019991471e+01
-9.772564925066300034e+00
-7.798137996869777488e+00
-7.177102289433183735e+00
-5.753945227904437409e+00
-3.372580909180149522e+00
-1.756562453243267319e+00
-3.113585418780315806e-01
2.708013300552982727e-01
-1.678657632263481858e+00
-5.277431505500807418e+00
-6.726512413657776968e+00
-6.778933389530150677e+00
-7.936138609902474883e+00
-7.734140488549678061e+00
-1.402885312073273161e+00
2.354019201625205504e+00
9.803254746204683734e-01
-3.647486995353451111e-01
-1.588151090935149501e+00
-3.361243289114661525e+00
-6.100795122489327760e+00
-8.305481641055743935e+00
-9.897100442616597604e+00
-9.687703065477220932e+00
-7.590398889844537145e+00
-6.210830135796081564e+00
-5.928424090336499752e+00
-5.483211869372477842e+00
-5.289929937817947625e+00
-5.036193667993098977e+00
-2.158323475115170531e+00
2.672058513328588347e+00
5.711721404364378252e+00
6.908239883640967527e+00
7.311629877634540087e+00
2.653823502116080313e+00
-3.253471096121279160e+00
-6.324635262608397035e+00
-4.318597289108295101e+00
-2.925986441599454757e+00
-3.673978089988123585e+00
-4.704944436382032968e+00
-6.587912040222738241e+00
-5.838661389204180985e+00
-6.385709612802149771e+00
-8.854437961234788546e+00
-9.051571828895140115e+00
-8.870035548684709781e+00
-8.301485242805542342e+00
-7.322952159307092757e+00
-5.221714736296746651e+00
-2.436576225488926717e+00
-5.523019708245406889e+00
-5.476143996662829139e+00
-1.686289483493880414e+00
-2.663493716111681842e+00
-6.933471143321562558e+00
-9.459625892526737800e+00
-8.462979697527286405e+00
-8.134496790113120213e+00
-1.027336138983077696e+01
-1.146912499783867290e+01
-1.014943091119433838e+01
-9.502049232093220610e+00
-8.988932531380882551e+00
-7.813595400458607898e+00
-8.427817462865620612e+00
-1.001018123791333103e+01
-9.434362273429611534e+00
-9.715773373221114895e+00
-1.120722160304011261e+01
-1.248311480507864957e+01
-1.355418350629973467e+01
-1.143940630647284173e+01
-8.884194564892558432e+00
-6.878750926859676262e+00
-6.945900608215142213e+00
-7.567278542382068096e+00
-6.014279302335475919e+00
-5.301704455620991574e+00
-2.789428871335898563e+00
-1.085337494251163548e+00
-3.003358389311110987e-01
3.175821578513457144e+00
5.549625847030227099e+00
3.234134135578814018e+00
-3.839344785213288702e+00
-5.612822343402521952e+00
-5.334475724786460482e+00
-9.301859540805148541e+00
-1.129540527145540274e+01
-1.043867335996392143e+01
-8.641600294634484314e+00
-8.290715602376202753e+00
-7.818497498980506499e+00
-6.626783173930220094e+00
-7.395743582236526059e+00
-9.008720602232218155e+00
-9.438321906818019968e+00
-5.438631691553674763e+00
-3.299662549238775888e+00
-3.435197513281305071e+00
-2.768004279621623098e+00
-6.222448106968456294e+00
-1.033026067815778859e+01
-9.826437852323225641e+00
-5.179108524293563498e+00
-1.462883041524776662e+00
2.134647959056463762e+00
4.141798994165445613e+00
4.647262859820741276e+00
7.321706219463904652e+00
9.990079277421497039e+00
1.019492924265095546e+01
8.599658725892153299e+00
3.814771281117184998e+00
-2.675227358644128639e+00
-6.655649414782682349e+00
-4.992837326323800617e+00
-3.416737262562200783e+00
-4.537902313386235953e+00
-7.235634866220851613e+00
-8.986820925488911982e+00
-1.024180341388486504e+01
-1.227599998606998177e+01
-1.236510896843620522e+01
-9.680303915640843471e+00
-8.213010522635547872e+00
-9.489128600492366061e+00
-8.059417317742033404e+00
-5.695057746022198053e+00
-1.527918458654491385e+00
-2.097737441471387854e+00
-2.415870098255767928e+00
1.437291431041620021e-02
-1.026319442496787637e+00
-2.222388129096223963e+00
-3.172052920355154182e+00
-6.182081936388358123e+00
-1.077981250325426643e+01
-1.276953101893587039e+01
-1.217140942366498813e+01
-1.136036253528823536e+01
-9.522961856012296167e+00
-8.793613289437564262e+00
-9.620036998509487347e+00
-9.768356512454653640e+00
-8.012601567807042358e+00
-7.633422569684165104e+00
-7.646757509556855403e+00
-6.115229523570683945e+00
-8.010477302088689910e+00
-7.814201237233265651e+00
-7.019402140984060345e+00
-9.253545774278684632e+00
-9.571436420480404550e+00
-8.748599131062258394e+00
-8.209458579939681755e+00
-8.646142375501241872e+00
-8.751056887229301751e+00
-7.258495728786617640e+00
-5.452556395627499164e+00
-5.796088138672137013e+00
-9.255246574403800608e+00
-1.287219938770275895e+01
-1.379868687331409483e+01
-1.355492653686891735e+01
-1.435752556755316078e+01
-1.513751244905816939e+01
-1.504559302155593237e+01
-1.487946610071808529e+01
-1.498178674512078778e+01
-1.513516342503088019e+01
-1.449010814009452908e+01
-1.489578700065126604e+01
-1.530320619788277803e+01
-1.464285122601356903e+01
-1.366853773202223898e+01
-1.313082882513542948e+01
-1.274578065044600805e+01
-1.056632269773653476e+01
-8.573340434718586422e+00
-9.792402475690298758e+00
-1.130459227357537166e+01
-1.030361886838550767e+01
-9.812545343557339095e+00
-1.008009817512327722e+01
-9.038997652614618517e+00
-8.346095353284868068e+00
-8.239707778978646147e+00
-6.038127331330984227e+00
-3.921506852917966857e+00
-3.425717054965174313e+00
-2.235812651686258867e+00
-1.633625268709012257e+00
-2.976234912193698179e+00
-4.937814624996920365e+00
-7.179712029948752239e+00
-9.488720641416421131e+00
-9.117761434829754208e+00
-7.730934790385050270e+00
-7.682723732626864255e+00
-9.305654376812059425e+00
-9.501356131374441460e+00
-6.519406355248894336e+00
-4.489792532784878887e+00
-6.607951105931136659e+00
-9.061391735600430763e+00
-8.230693033615601450e+00
-7.566746040915590221e+00
-7.636285302378841067e+00
-5.764760615441507419e+00
-2.303598885212958081e+00
5.271117985492506097e-01
1.689319451863585897e+00
-1.264302636254142076e-01
-3.387174678637430603e+00
-5.554051643132124738e+00
-4.253008021001132732e+00
-3.725798725785432808e+00
-8.119967101243046770e+00
-6.724748510873767238e+00
-6.954298012586261457e+00
-8.635671806089979086e+00
-7.121188725981781431e+00
-6.497648286055949463e+00
-7.595042205725458295e+00
-6.979701853845285520e+00
-3.244427167727887529e+00
-4.219719560226860566e-01
-7.351727759805772866e-01
-3.873053439525276254e+00
-3.301526558677358114e+00
-1.055169103633367689e+00
-2.877340004298258869e+00
-3.718428498167217988e+00
-2.611719764185320702e+00
-1.159645593728878765e+00
2.155067586440392091e+00
4.689832423506080872e+00
3.908294900841436270e+00
1.311703137159711874e+00
1.641421071231224271e+00
1.081498367383425308e+00
2.077706725152979328e-02
-8.203906217151935021e-01
-4.222804523781112707e+00
-5.338885114238564711e+00
-5.571224217735097461e+00
-5.321480655846157148e+00
-4.565427512175898705e+00
-6.799757414281268453e+00
-6.241264627620735972e+00
-6.563002079756294016e+00
-1.004558471582999424e+01
-1.000481253036805462e+01
-5.874662257273636889e+00
-2.605829499485182943e+00
-2.928166484314810081e+00
-2.006170037154321850e+00
-2.024584271095258181e+00
-3.657259832615991080e+00
-3.348062767879847357e+00
-3.027551596818646718e-01
-1.402982890670405047e-01
-2.619791280334846095e-01
-7.330232728778478257e-02
-2.368831637783739730e+00
-5.302061069187971043e+00
-5.460164099012005501e+00
-6.416760734147663570e+00
-8.291042611002836793e+00
-6.275187664814379396e+00
-4.852928965005925299e+00
-6.814027315171320431e+00
-8.284102228069253115e+00
-7.817936637310736181e+00
-6.497662787660118511e+00
-6.159635676216994149e+00
-4.517797449998840698e+00
-4.627626745692960064e+00
-6.782353897809111132e+00
-5.577493780352624775e+00
-6.956796826715264892e+00
-9.612325880284364743e+00
-8.671518958863140725e+00
-5.482671870483931897e+00
-3.768995357970648552e+00
-5.808983353545515982e-01
3.523124916128272499e+00
3.922918926949206408e+00
2.671039517688255760e+00
4.390826345780420858e+00
7.181427939886424916e+00
6.833274304897464013e+00
3.393171481220756736e+00
-2.558131483857106314e+00
-6.603241190985658093e+00
-8.869305779981562665e+00
-9.921282057919713182e+00
-8.766980776108896478e+00
-7.070135710764929193e+00
-6.804685733848585549e+00
-5.734512385181786520e+00
-5.672684426914937461e+00
-7.090185341888398440e+00
-7.948380894165827826e+00
-9.859794976632199948e+00
-1.197652256543100080e+01
-1.369995122345567573e+01
-1.351402012936199171e+01
-1.155334612760475643e+01
-1.015774490282445797e+01
-9.383094634021558633e+00
-7.712315730066905850e+00
-7.832802959695109202e+00
-1.020270306252065673e+01
-1.051575991757311535e+01
-8.446130862689971153e+00
-8.080602218793677238e+00
-9.663901138548203207e+00
-9.253033236136284145e+00
-7.853408421686963514e+00
-5.905102822802779095e+00
-4.677803667530591625e+00
-5.017130659548677762e+00
-4.306605384811239112e+00
-4.783765074884235524e+00
-4.070204804506866836e+00
-9.750324000735075547e-01
1.200389471691729160e+00
1.539006651033000939e+00
-8.288461589794622331e-01
-3.844139922998817127e+00
-7.260874414550464451e+00
-8.552937613395585004e+00
-8.763156572796509280e+00
-7.955390960982699156e+00
-5.415422127948247066e+00
-3.005645197905423061e+00
-1.427505763097864033e+00
-1.377590657619443881e+00
-2.337829966664817238e+00
-2.776016220529471834e+00
-3.941176556703156919e+00
-4.664673289235909515e+00
-6.607887816117232305e+00
-8.225840965983696407e+00
-5.744165034792628965e+00
-3.712762723205295767e+00
-2.558589291310154223e+00
-3.025496318060461931e+00
-7.838185045988995903e+00
-9.161769978908688827e+00
-8.155873717519586563e+00
-7.386526539113051903e+00
-5.126760488162440232e+00
-2.914419834212679916e+00
-2.959492598912351724e+00
-4.120792095889947326e+00
-2.796486993248725295e+00
-4.203972573345116537e+00
-8.453451256134584924e+00
-7.336029183846481949e+00
-5.137031000934965341e+00
-6.394382170382157504e+00
-9.327581100483884669e+00
-1.196883542945376711e+01
-1.324602804846752591e+01
-1.333560222924201533e+01
-1.255305605651150280e+01
-1.218714025328609019e+01
-1.254763964098497375e+01
-1.218573731538065097e+01
-1.104320370235392623e+01
-1.155355582796232206e+01
-1.219705910981832453e+01
-1.145513906512466562e+01
-1.166831997746825067e+01
-1.353496739353482070e+01
-1.366688402697089444e+01
-1.306275924195869820e+01
-1.317926338222865468e+01
-1.227621755497375666e+01
-1.233074812306070278e+01
-1.296407440210278317e+01
-1.221111809052281139e+01
-1.086132221753539362e+01
-9.666841192903705249e+00
-7.687106596742803610e+00
-6.048005882386466858e+00
-5.989458422885900468e+00
-7.146174207616488694e+00
-6.616260099959273333e+00
-4.736870792199915137e+00
-5.130831108854411404e+00
-7.656223624187934007e+00
-1.048784062653913196e+01
-1.124321073571771734e+01
-1.200700239030949668e+01
-1.288025479076532420e+01
-1.151531899864938602e+01
-1.037487659213512714e+01
-1.021139898460484652e+01
-8.845018134069729143e+00
-7.709727311369842795e+00
-7.011315431997783065e+00
-6.630200188830460917e+00
-5.852652014960518123e+00
-5.421096442841470520e+00
-4.208288794903241481e+00
-3.338005647795811548e+00
-2.656439694626508530e+00
-7.068234395532777548e-01
1.789708412423119732e+00
5.351471637199576303e-01
-3.791658205606912801e+00
-6.688233622716138527e+00
-7.446552659540230046e+00
-8.129983479999733476e+00
-9.644381767881933243e+00
-1.106467066546604805e+01
-1.215346038088058656e+01
-1.127032313814063080e+01
-1.011757783499092156e+01
-1.039100876240322791e+01
-1.043321415264463958e+01
-1.105906618754249315e+01
-1.184842720246297709e+01
-1.262213438270597798e+01
-1.149978252380549115e+01
-9.600794788126885138e+00
-1.103641293784285082e+01
-1.291585887106881891e+01
-1.312010139000765996e+01
-1.231222256991235753e+01
-1.293145016097708044e+01
-1.349481531400106427e+01
-1.413715701309072337e+01
-1.444862525568507827e+01
-1.458861540740927154e+01
-1.450359224967452043e+01
-1.375954082381255894e+01
-1.311624666458082089e+01
-1.265645627968646814e+01
-1.292885154689294502e+01
-1.241831984306808501e+01
-9.649756553089785527e+00
-7.503666101811006683e+00
-8.108020653545350953e+00
-9.660822592466562497e+00
-1.058356024243159332e+01
-1.116693501483721640e+01
-1.132594067215173972e+01
-1.091813692866646512e+01
-1.016178760349558274e+01
-1.036835136907610355e+01
-1.138217636367994601e+01
-1.239989641148739530e+01
-1.229478783213311566e+01
-1.315498126843589866e+01
-1.395718551467156310e+01
-1.427464404474218718e+01
-1.384761145719396147e+01
-1.343735682777479568e+01
-1.308518044889916432e+01
-1.193881617147739327e+01
-1.110532095771655214e+01
-1.007876155103071625e+01
-8.709305018833243039e+00
-6.892711866993473713e+00
-5.717317410492293028e+00
-5.517189268222203680e+00
-5.281624208276016752e+00
-5.473500462627032270e+00
-7.424659633049041751e+00
-8.430205189185615566e+00
-7.846156481091150603e+00
-1.137497064002375602e+01
-1.310354116549269499e+01
-1.192939637785277540e+01
-1.097582305097899713e+01
-1.200201410691683535e+01
-1.160804636613026375e+01
-1.119076738410800509e+01
-1.169698335844313064e+01
-1.174346013086996088e+01
-1.165343001298930581e+01
-1.081109643689431721e+01
-1.002298575453302831e+01
-9.951104394924987773e+00
-1.000360674328379851e+01
-8.040685504237155001e+00
-4.979945748725856269e+00
-4.162018077194884036e+00
-6.032626391993592740e+00
-7.770254868562745720e+00
-1.024678518794101301e+01
-1.227440980817621785e+01
-1.270148400906927399e+01
-1.327815335897676086e+01
-1.276646812450298718e+01
-1.089752919899500760e+01
-1.003578689767168797e+01
-9.391896846965403611e+00
-9.701597641017970730e+00
-1.113571538120641691e+01
-1.217521971354855914e+01
-1.266049373392157662e+01
-1.192902597429927347e+01
-1.240686678364965267e+01
-1.392156494994002536e+01
-1.427571572991719684e+01
-1.376033250863006607e+01
-1.291019674913060733e+01
-1.250505719470388932e+01
-1.283294139623900243e+01
-1.362804881921571898e+01
-1.367594523500141079e+01
-1.248918580043080162e+01
-1.090962603364713424e+01
-1.108731011348049122e+01
-1.150928236278776495e+01
-1.099621316067278265e+01
-1.045918252799678605e+01
-1.104599046851707911e+01
-1.202881696238699227e+01
-9.529895611318105253e+00
-7.904632394518547933e+00
-7.227536082505641168e+00
-7.667231257360535679e+00
-1.029400315239100117e+01
-1.122013117916809755e+01
-1.084472231244775919e+01
-1.243820005742598234e+01
-1.362360395334737895e+01
-1.412996246890044638e+01
-1.439717753262188005e+01
-1.426080703686711182e+01
-1.359009154062605518e+01
-1.304631574542324124e+01
-1.240652190227539364e+01
-1.104343513741789629e+01
-1.028226210322738332e+01
-1.058481337642605347e+01
-1.212552866024743636e+01
-1.388587398037942755e+01
-1.439586829438591842e+01
-1.423835702693913241e+01
-1.340981476462729383e+01
-1.195579723248967063e+01
-1.122062491749439594e+01
-9.898435002231719793e+00
-9.544758664260895031e+00
-9.995842809916672067e+00
-1.015979255465158460e+01
-1.147773288566513017e+01
-1.271382780744056795e+01
-1.255264880947266626e+01
-1.230080662029220839e+01
-1.229196242539182471e+01
-1.320605332723520320e+01
-1.420907282706520114e+01
-1.461894463958884849e+01
-1.443354675850258495e+01
-1.455928634298843427e+01
-1.440593679917603431e+01
-1.357824507896896726e+01
-1.355025174375676222e+01
-1.396346022761155048e+01
-1.373019345916526923e+01
-1.300286013461509427e+01
-1.195204039553520126e+01
-1.165394282262304237e+01
-1.140747535861223483e+01
-1.173701427492844651e+01
-1.235096617661756646e+01
-1.158191398140888850e+01
-1.194999362448493407e+01
-1.279263194311854335e+01
-1.144270334648001608e+01
-8.728991262034545784e+00
-7.062181678301445054e+00
-9.084422368980041185e+00
-1.046864178876506912e+01
-1.099501145841274230e+01
-1.171408337887759821e+01
-1.299238896038239410e+01
-1.303429823045938285e+01
-1.201140525612401255e+01
-1.337079748433510851e+01
-1.401139456094914593e+01
-1.324979191267715528e+01
-1.057931383483952814e+01
-1.116087371771089565e+01
-9.654099781966682059e+00
-7.939308948178775971e+00
-7.751993935724409646e+00
-8.668820469751848279e+00
-1.003910887106706618e+01
-1.246972500710901777e+01
-1.369581291408861112e+01
-1.387855098889984617e+01
-1.343155832647807379e+01
-1.328190156675088041e+01
-1.382141376963628154e+01
-1.374408582803998335e+01
-1.348386692412683452e+01
-1.294995005464162752e+01
-1.325253412247274021e+01
-1.293452539715479865e+01
-1.256635602426051612e+01
-1.209510819816237337e+01
-1.110744536352203760e+01
-1.021842578954354508e+01
-8.613562578405018044e+00
-4.021783796861030602e+00
9.168593283410043926e-02
4.890106468122953909e-02
-1.574802502367450785e+00
-3.255930097547832247e+00
-1.967230575374164570e+00
-2.175887898826902145e+00
-4.473871790038981722e+00
-3.679994567154135865e+00
-2.857557993751759007e+00
-2.485013720838437301e+00
-2.379625127584141797e+00
-1.287844668057183339e+00
-1.079701749891780471e+00
-4.192027717945907561e+00
-7.856004843320382847e+00
-1.055657228177050477e+01
-8.983854981885738056e+00
-7.027267363777156106e+00
-6.530941849218122819e+00
-2.400927858587983632e+00
1.050100979321825445e+00
1.876198200517082748e+00
1.777832089646414371e+00
5.599051363482256960e-01
4.414277655386364407e-01
-1.530723736635456467e+00
-1.505174070593589430e+00
-1.034095086354273274e+00
-4.243593836425652022e+00
-8.841998925088898176e+00
-1.054805174636841691e+01
-1.223045482983371102e+01
-1.346726112891097138e+01
-1.374537518324046736e+01
-1.370636476125946679e+01
-1.256881110929790601e+01
-1.131356789202106050e+01
-1.117161721838641419e+01
-1.204180285834411457e+01
-1.188242556189656796e+01
-1.058853101955798692e+01
-9.982584859647696263e+00
-8.698805869396339929e+00
-7.221399939155876524e+00
-6.307564794012205489e+00
-3.807104710989002605e+00
-2.691894836508528677e+00
-2.557464704805462397e+00
-9.328251419309279147e-01
9.296209360092693164e-01
2.244820511269670416e+00
-7.628300341270742579e-02
-3.526266822502193587e+00
-5.483527345538370845e+00
-8.038801008126807091e+00
-9.215929188547915984e+00
-6.809249345793619845e+00
-3.679691348558721931e+00
-4.438009183594819440e+00
-8.572865968952511295e+00
-1.162905202821906592e+01
-1.144162488889393536e+01
-9.811936011718200845e+00
-1.253048028311660111e+01
-1.425721835832087692e+01
-1.420675033872251980e+01
-1.411837002839575028e+01
-1.343828152112057062e+01
-1.215724301441488286e+01
-1.042247528808708879e+01
-7.469540186139126625e+00
-4.091549132815548440e+00
-1.375136053911963030e+00
-3.708930914854208227e-01
-3.529767967161562048e+00
-6.016219641998486800e+00
-7.739037926996325645e+00
-6.960771090222201529e+00
-3.983121766483665560e+00
-3.690657103892385216e+00
-3.820064829078285484e+00
-5.939305524613993192e+00
-8.430645105961323438e+00
-8.997362337584364766e+00
-9.645768924957847545e+00
-8.449938208033511700e+00
-5.030715713649692944e+00
-2.151336875458106146e+00
-1.352501573826741854e+00
-5.722840611839621339e+00
-9.535244431977391244e+00
-1.111839504859956840e+01
-9.758484720500709031e+00
-7.093689533910476186e+00
-5.644250647503292306e+00
-6.405810919421275784e+00
-6.433676659535128906e+00
-3.999109206009578976e+00
-3.673961566553947566e+00
-8.505061820947009465e+00
-1.178283182232364723e+01
-1.275345850804436232e+01
-1.296433181784631650e+01
-1.272940490151164816e+01
-1.023613179709780674e+01
-7.047718393074007714e+00
-6.339163592493768817e+00
-8.706125241768342349e+00
-8.567869049860023623e+00
-5.212409934335892281e+00
-2.965990748276892131e+00
-2.330007562693851675e+00
-3.609717579432691892e+00
-1.867488652302436325e+00
9.718216635512426649e-01
-9.560965296005232705e-01
-1.111953975833697594e+00
-4.805288988584082710e-01
-1.928178667721528017e+00
-4.112538952710615980e+00
-6.294023718226944730e+00
-6.111086088213906642e+00
-6.104401626107916812e+00
-4.061359923131415250e+00
-4.821422000674140840e+00
-7.793342955389728210e+00
-6.252080617100070015e+00
-4.051029951073892299e+00
-2.025694938736934958e+00
-2.961364582669151702e+00
-6.576240919388490092e+00
-8.806174810055837909e+00
-8.338267111925111053e+00
-6.393861329055193110e+00
-4.286217209045789289e+00
-2.912757737160365679e+00
-2.317882930026898602e+00
-2.469979741106121729e+00
-2.402521426560543460e+00
-2.745619666391436731e+00
-3.359504882544404492e+00
-3.086909662634605311e+00
-1.455649897526730907e+00
-1.888398022359988770e+00
-4.223050857781283973e+00
-7.094549478971341472e+00
-9.275424332991905274e+00
-1.062636459925215426e+01
-9.663689006785148194e+00
-5.795615880856096247e+00
-1.903514173911649676e+00
4.112733302989718953e-01
1.762962464420644082e+00
2.235717969141227002e+00
3.911283543950484720e+00
4.148076420242575502e+00
1.455955277369569867e+00
-1.240975514675695335e+00
-2.463531992626929235e+00
-3.769870072964932817e+00
-4.858742135960724795e+00
-2.382681916722154014e+00
1.099726509504345362e+00
2.663957597456775073e+00
3.887898207433445830e+00
2.601915410229837633e+00
-2.971153401549186390e-01
-2.110824175364258426e-01
-4.678024360214050326e-01
-1.275626349430483142e+00
-1.503354786106243735e+00
-3.699263791991667993e+00
-6.239301585034859876e+00
-8.150793421311183451e+00
-8.522644770927136904e+00
-6.055947392747262015e+00
-3.761196510245146563e+00
-4.695686685820093409e+00
-4.400944918178315568e+00
-7.702335766479693202e-01
9.275101071435061240e-01
1.228393477378096232e+00
3.031175050405312099e+00
5.607191166103574709e+00
4.633130428276353463e+00
3.215838418864398029e+00
1.755537532337476447e+00
1.887527164026817417e+00
2.561327118684593618e+00
1.541327692047746556e+00
-2.481356888820666073e-01
-4.157615578024277170e+00
-4.939253617738318169e+00
-6.871596616757089215e+00
-7.664863678563737182e+00
-6.952610535269593051e+00
-6.178143639458887115e+00
-7.310094466087776688e+00
-8.434096354772634641e+00
6.470665775920301233e-01
6.470665775920301233e-01
6.470665775920301233e-01
6.470665775920301233e-01
6.470665775920301233e-01
6.470665775920301233e-01
6.470665775920301233e-01
6.470665775920301233e-01
6.470665775920301233e-01
6.470665775920301233e-01
-7.033476322719944385e+00
-5.742575972042984311e+00
-5.966123578091343305e+00
-2.611466296547630073e+00
1.420158893477492690e+00
1.577100448670127220e+00
2.182065334860960437e+00
-4.555270203890939285e-01
-2.225255811506007042e+00
-2.737299630816010687e+00
-2.314220877180691360e+00
-4.664393690612643195e-01
-7.270231883754509905e-01
-3.161838278103977218e-01
1.647415564179321557e+00
4.015972618205307931e+00
4.919170343247134092e+00
4.885117007741411221e+00
6.123813503270580050e+00
5.535705095681710652e+00
3.950110906559519464e+00
1.956937905117217547e+00
4.749819574902834629e-02
-3.547023367779250869e+00
-3.574463901384699938e+00
-1.426400030121637075e+00
-4.131092026393661243e+00
-7.246277125586418677e+00
-7.030094881597583445e+00
-4.952485830388453358e+00
-1.840216440551064592e+00
4.598743679069517976e-01
-2.024107440737032693e-01
-2.226514386508137822e+00
-1.619173546990323675e+00
9.325072273922850874e-01
1.875032571974656559e+00
8.630813480711199137e-01
2.743946965181789821e+00
5.805374673057885460e+00
4.258302916149657946e+00
-2.143731626658999245e-01
-2.734781525927465928e+00
7.558844355282703376e-01
4.899231491162979957e+00
4.427376373739620341e+00
1.554703372333150480e+00
-4.999273409054143524e-01
-9.808186368343131400e-01
-1.644002041170799622e+00
-4.209215661138295594e+00
-6.179823936096804360e+00
-5.801531631163997282e+00
-5.350433208709378441e+00
-7.768190557117272910e+00
-9.061722391972656609e+00
-5.572584938313216441e+00
-1.390242476979758779e+00
-9.459914664190419709e-01
-1.945560073703998416e+00
-2.537518819982338414e+00
-4.238367566645107054e+00
-3.390152116605017696e+00
-2.100517166790628387e+00
-2.062153760596767138e-01
2.305798876059021119e+00
1.671012241665533749e+00
-9.574456892721303625e-01
-2.816232823666755980e+00
-2.426220907071406696e+00
-2.212903733107419502e+00
8.485124817488350069e-02
2.602810432464194967e+00
2.369259302526712574e+00
4.568029458486111971e-01
-3.290225256339451398e+00
-3.293174199785227518e+00
-2.015308764517270035e+00
-4.178927601338374487e+00
-4.262889149028270097e+00
-5.147160923684550582e-01
1.340332892136107512e+00
2.058260075451424864e+00
2.088322169366820802e+00
1.050010080364029985e+00
-6.283550440787999403e-01
-1.336971404248332274e+00
3.707830272489782253e+00
7.762435089974464297e+00
6.311484777855537409e+00
1.570470545711668775e+00
-2.078190844248683611e+00
-5.505543363586157923e+00
-7.388636656249137680e+00
-8.176437845272447547e+00
-7.859593237268855503e+00
-5.867652040133660485e+00
-3.256740036652598036e+00
-1.561237357633195266e+00
-1.750561872608492830e+00
-3.492624474490585662e+00
-4.595117133941872822e+00
-2.958238709960268054e+00
-5.988162875502069937e-01
1.528890019784956422e+00
1.348806972202009291e+00
-5.708998073400656459e+00
-1.036556455065561444e+01
-9.432915691784472756e+00
-7.347255855983492623e+00
-7.228175822120327609e+00
-7.939617248658318083e+00
-5.948896129717642367e+00
-5.089364946561841130e+00
-3.718633191776372637e+00
-2.092275653009360026e-01
5.272116100919074233e-01
-1.291664384545516686e+00
-4.542295164135652819e+00
-5.930148661371222651e+00
-5.831616880337692876e+00
-3.999566882747353613e+00
-1.790189540593476902e+00
-3.422172642867212566e+00
-5.142967853415309598e+00
-3.250268013930753597e+00
5.814621668937476340e-01
2.964666798336327957e+00
3.734989548927276637e+00
3.156917497156454644e+00
-2.626338876503594988e-01
-2.426013127734337971e+00
-3.021705564971108871e+00
-1.199205514594672950e+00
-2.806036762644409377e-01
-2.073076396884665051e+00
-5.509997081898088567e+00
-7.756409804936228447e+00
-8.578888406763706342e+00
-7.886034550403911325e+00
-5.552111015176389941e+00
-4.426664135731517291e+00
-1.499868106545663160e+00
2.247005715139891890e+00
3.009575371975335756e+00
2.906276381366415418e+00
4.316425340054808935e+00
5.909082373277136035e+00
6.455400580519625287e+00
6.208850403167902599e+00
7.562023449106271222e+00
7.790188917045297146e+00
8.574754138623129407e+00
9.529582664759034927e+00
6.892529076437620361e+00
6.207142260851344240e+00
7.100697571786809270e+00
7.712990615403596983e+00
1.085510282430755247e+01
9.509776023724292315e+00
4.182432502852960532e+00
3.217427915947467909e+00
1.641385702509865041e+00
-1.309711087567559495e+00
-3.111583387730192829e+00
-3.944719162756983089e+00
-5.012750833775176496e+00
-6.667092029031742584e+00
-8.686102768854949474e+00
-8.675233585324251706e+00
-4.207757374871174072e+00
2.787418730632940544e+00
2.548277714720095233e+00
-5.341268479071976660e-01
-9.336429495259312983e-01
-4.948339656255983376e-01
1.290768940788559638e+00
1.128568465919861596e+00
-6.625561615932151760e-01
-9.140314454870317462e-01
2.370458055386565732e+00
5.198034170668617726e+00
4.929836984922171261e+00
2.523840395746769438e+00
4.336792741722119149e-01
6.147587262612381753e-01
2.597744716640904450e+00
5.699142516273457026e+00
6.166544978702003021e+00
5.366595801943447874e+00
5.791332175893952439e+00
5.690045745243846653e+00
3.029852928363629516e+00
8.788757454615678810e-01
1.768110740151997429e-01
6.323943261926058268e-01
4.941349108354387454e+00
8.075476645549256816e+00
7.230067365150635972e+00
4.821601448491604991e+00
1.874712246081941647e+00
-5.900321747713658388e-02
-1.184333151914498394e+00
-4.399016080097438719e-01
2.187891135883157645e+00
4.952327258179164637e+00
7.687438764392417134e+00
8.222384050347345763e+00
8.253056531559353814e+00
7.270607675507674728e+00
3.384889630062454025e+00
8.366974714339782127e-01
5.480249339448675094e-01
-1.685872625527509605e+00
-4.454918629981841072e+00
-4.008868524035313463e+00
-1.457156240510381728e+00
-8.695307687143684072e-01
2.363202690086875890e+00
2.415737153175946617e+00
-3.105977351515184282e+00
-5.639971969676685681e+00
-5.551528354812342414e+00
-5.807229870116922932e+00
-8.479514115626978210e+00
-1.097173683923907817e+01
-1.279541829326363533e+01
-1.289933917902477312e+01
-1.176059055367052864e+01
-1.353351973442157075e+01
-1.614162158979041450e+01
-1.656912516207505348e+01
-1.634223019965225987e+01
-1.612654623020319988e+01
-1.629240277436782591e+01
-1.630737002022047477e+01
-1.607732978900668996e+01
-1.613932264745671930e+01
-1.632872314054304752e+01
-1.638288288430166872e+01
-1.594376141145328596e+01
-1.542955732242974953e+01
-1.555751147174579252e+01
-1.556180213786606892e+01
-1.545550608444672491e+01
-1.483168796697875536e+01
-1.277096222804971326e+01
-1.274045383977775892e+01
-1.284431789511522481e+01
-1.430902095877949343e+01
-1.554710702433778557e+01
-1.511474891389363684e+01
-1.454091865979577669e+01
-1.441605144127534643e+01
-1.425013092335539078e+01
-1.462119118267514573e+01
-1.514207684482901684e+01
-1.561678037964752086e+01
-1.603772157873412496e+01
-1.630159101379692643e+01
-1.280374906149516079e+01
-4.747818550473037469e+00
4.794292613224123145e-01
3.416282144432513324e+00
5.937903691699511377e+00
6.206269527667289232e+00
3.450279652701070621e+00
-9.133470746226549086e-02
-1.975323521950173244e+00
-1.226377296068497991e+00
9.176219442280602046e-01
3.826914063324678317e+00
6.568430426239140196e+00
8.318475362983699384e+00
9.479540232646352038e+00
9.131036300845872589e+00
5.876083289313433156e+00
3.507024715907829826e+00
4.739759825779720437e+00
5.296323002338778174e+00
3.848878562128511316e+00
4.843730358816008774e+00
6.819135863030619582e+00
8.649369918614803865e+00
1.079336352718582326e+01
1.321984132341081342e+01
1.494455683359211129e+01
1.495435370498258720e+01
1.407839262596860586e+01
1.254977013785810946e+01
1.112566425746580911e+01
9.652066012688987229e+00
9.627701702691181751e+00
1.032065561036442070e+01
8.953375724738032559e+00
7.168246553849859204e+00
4.610073024475034309e+00
1.825908275777458734e+00
-2.535246334577084815e-01
6.258174631030614110e-01
1.683604640402175612e+00
2.700760052778588882e+00
5.199227351465004254e+00
8.777913528032653900e+00
1.099412942276505945e+01
1.281839003148972544e+01
1.369430103018265754e+01
1.200933957772109295e+01
9.575511304202818152e+00
8.876164602728913167e+00
8.815400478809836571e+00
7.123180658098200446e+00
3.938978574888128303e+00
2.010679756022906162e+00
1.001112884439217421e+00
3.364076215543103654e-01
2.293347480394663407e+00
4.270562407560619889e+00
5.338393597611689856e+00
6.003314548492197922e+00
4.759285950484343886e+00
3.367584479862391955e+00
4.269717089736116300e+00
7.028528990810203325e+00
9.502950417443468467e+00
8.266253444520142324e+00
5.054421069234481756e+00
5.964345358175266121e+00
6.370064181157041538e+00
6.471300388980950835e+00
6.974328053278605388e+00
7.616790786191671714e+00
6.477510556431956168e+00
4.144228287945473710e+00
2.283391584791738094e+00
-1.184646688412738236e-02
-1.748303262992138896e+00
-1.918065846734028801e+00
-1.306342745697111063e+00
5.697822907862275521e-01
4.492026316787465667e+00
8.849225444275203856e+00
1.018532145969187575e+01
1.059246212544807619e+01
1.264459830951569863e+01
1.384988973494532338e+01
1.309177647405443068e+01
1.101532243375210207e+01
9.331026092414559159e+00
9.784724468950214415e+00
1.029788838081093871e+01
7.827541205645425215e+00
6.673698909564257598e+00
6.507416050497972115e+00
3.547229573287649984e+00
2.436619048746439642e+00
1.895395949643852163e+00
9.996777580652356221e-01
1.275176686088252520e+00
3.235610171125080647e+00
8.424083543063952462e+00
1.180767100986538587e+01
1.318473871984926760e+01
1.432749845571038882e+01
1.260852784735296162e+01
1.080616339787697022e+01
9.318285628285016386e+00
6.430336160276680424e+00
7.400088075273031585e+00
8.095815295140694090e+00
5.768898272513608205e+00
3.789028400189722312e+00
4.583714485109501524e+00
6.401276863100506809e+00
5.671352577027744424e+00
3.829892966718525305e+00
2.677552387530399258e+00
2.967019065565391855e+00
4.815067440561239920e+00
5.494121371408407839e+00
6.708683644591465267e+00
5.950324553520396798e+00
4.038967509783240040e+00
4.933516608240434032e+00
5.580568240573060557e+00
3.365898008541498232e+00
5.548205078619479202e-01
1.413095218401201780e+00
2.710410510543773022e+00
3.030146654955472307e+00
2.954012522756719328e+00
1.533436629017285391e+00
-7.476936527586113268e-01
-2.546211704578367652e+00
-1.606801557283947801e+00
-4.731504180927996184e-01
8.980167530302247680e-01
3.763126482829323827e+00
2.051143547319847826e+00
-1.324885533442294872e+00
4.178832867760469694e-01
4.834465854149259556e+00
8.179261951819128740e+00
8.766837350183861233e+00
6.829476039043412605e+00
5.169490045458645433e+00
4.512222344519986272e+00
4.235751174658276774e+00
3.795408268660929174e+00
3.336047259621847338e+00
4.491316949296440875e+00
6.209512989379904369e+00
5.735765640169410595e+00
4.418694904243471555e+00
2.498084349787842662e+00
1.673799025655258177e+00
9.347634790653571724e-01
-2.319251513735576697e+00
-3.903228845345705356e+00
-2.362229269353075090e+00
1.910017681673309431e+00
5.724311963519067348e+00
7.354447461179386636e+00
5.013856187570488565e+00
1.616438602509845612e+00
1.811034023639279456e+00
3.261120898602076323e+00
3.750447462695548850e+00
3.845665253716792797e+00
4.305940380689585290e+00
5.955351901191396458e+00
8.566572727412976818e+00
8.331835040318281926e+00
8.504073713963949288e+00
1.112677719579098401e+01
8.548571297329372598e+00
5.390443852942826020e+00
7.163202452553603550e+00
8.760032974803236172e+00
7.653740505540660877e+00
8.039381681797300061e+00
9.414214716845153319e+00
1.074150161017295879e+01
1.151281514511181925e+01
8.892666295683127942e+00
7.989247231715842723e+00
9.368588212234165269e+00
8.018736537366963901e+00
7.672097140631950474e+00
8.772470764538001120e+00
6.543038863457871557e+00
5.404489505498506929e+00
6.815707487073480841e+00
8.030676146554506900e+00
9.674662714756983917e+00
1.035078692481964424e+01
9.523914532569595082e+00
7.132620669175174122e+00
3.104198554225422235e+00
2.300361770737197276e+00
3.500628459240166634e+00
5.136397408443660773e+00
8.218272187683863805e+00
1.123317175703359005e+01
1.135951998861833800e+01
1.146822970742658221e+01
1.115605300112781428e+01
1.059725890938255333e+01
1.149280919425618386e+01
1.067523352702787598e+01
8.602371889383263692e+00
5.952054224674907523e+00
2.667580450448630902e+00
2.660043864139711167e-01
-1.789173579651766044e+00
-3.405298085009117681e+00
-4.839826069829824995e+00
-5.179621741749834918e+00
-3.135227946569950852e+00
-1.645011321760715628e+00
-9.093974717459525348e-01
1.326875218659023137e+00
5.491426495884806691e+00
9.210873989026655551e+00
9.590777867704725068e+00
8.848634076554308336e+00
8.142046516765082842e+00
6.956016465767906887e+00
5.506578019393059797e+00
5.111854421966060436e+00
5.697367119467183549e+00
5.301355812680241364e+00
5.355842770731739755e+00
4.406250555004326053e+00
5.589039766910153695e+00
9.952928366920756886e+00
1.037272387060956014e+01
5.748236822579234406e+00
2.210156469949752456e+00
3.759473190510410401e+00
5.007695587269872739e+00
4.699955672021480346e+00
4.736302239714599516e+00
7.234379863437541580e+00
9.326737843765027236e+00
1.127091300692644005e+01
1.307429177863787650e+01
1.392886278241258680e+01
1.359211434386882722e+01
1.218015100844186982e+01
1.248355144840212638e+01
1.434178513360350848e+01
1.569660755981115940e+01
1.624195596797492769e+01
1.572625659851303759e+01
1.448389033791689151e+01
1.350832898984964103e+01
1.256422241425953779e+01
1.214155334428090960e+01
1.248793858918936373e+01
1.279792065371167098e+01
1.277688735080127103e+01
1.406204383267010627e+01
1.559229419612841916e+01
1.631470667039693012e+01
1.624525027828405754e+01
1.590301934110230953e+01
1.576185967606573790e+01
1.549653371862819817e+01
1.585249146897930217e+01
1.636766009238909803e+01
1.520802281052582039e+01
1.490012384177683913e+01
1.576210615158055006e+01
1.566065359826197145e+01
1.485418582995033177e+01
1.333525643639757696e+01
1.359300235326636219e+01
1.374718013327806254e+01
1.239426667037564833e+01
1.252795608143334327e+01
1.362205457473334391e+01
1.443485223140002383e+01
1.487316469997351298e+01
1.457322605023133733e+01
1.273265679699611574e+01
9.887776987301830189e+00
5.910762353149810799e+00
4.541531511166108537e+00
5.279818590950198676e+00
9.570989352691123386e+00
1.214511092396953451e+01
1.198116792631087968e+01
1.070734722270271888e+01
8.247252562143996713e+00
6.852556887481394021e+00
8.743486807212955014e+00
1.012892985504842081e+01
9.231817297093568797e+00
1.003986926224238196e+01
1.315653408910548627e+01
1.415475511547973397e+01
1.525084814136385702e+01
1.629616197248367371e+01
1.590593695744780867e+01
1.515504338604050893e+01
1.535527609426238804e+01
1.617399767223251317e+01
1.594906998718622937e+01
1.603628600707688534e+01
1.651581896630315072e+01
1.609007617707648663e+01
1.498542959210548453e+01
1.315206161043133548e+01
1.236531161841749515e+01
1.336348094696870348e+01
1.447138782708536020e+01
1.377544603031670611e+01
1.254636792616939545e+01
1.250807733419815193e+01
9.497740928600368449e+00
5.642403901068418826e+00
6.240466551560136743e+00
7.489759900504473933e+00
9.123912326016695218e+00
9.134588320735778311e+00
9.854597179635447901e+00
9.891153557104704674e+00
1.071794333188107906e+01
1.370278230941169895e+01
1.457837241540949158e+01
1.416637799150276322e+01
1.259090127233724488e+01
1.140431464640838577e+01
1.101635917534474451e+01
1.184928859013647084e+01
1.337604778209826861e+01
1.531612423842035575e+01
1.606338214429948508e+01
1.525667376341253423e+01
1.515392178273665102e+01
1.535157472436671355e+01
1.480601597939718594e+01
1.498327430530029325e+01
1.571053869492386745e+01
1.629432689623046215e+01
1.654900262676802569e+01
1.635105526295491174e+01
1.557908965786507416e+01
1.436949157986890491e+01
1.321740518064016712e+01
1.116993525218970973e+01
9.753753800176081512e+00
9.493213741276703033e+00
1.102412009472873500e+01
1.016397254450233589e+01
9.869387638961674369e+00
1.124946374724899556e+01
9.300086956225188217e+00
1.062840630276749643e+01
1.453653905941975033e+01
1.464682475904296410e+01
1.468942824220544452e+01
1.553070392120298493e+01
1.518759834013132526e+01
1.527368675711898227e+01
1.625287798774246895e+01
1.664102248504468307e+01
1.657797873799011867e+01
1.618009736041231150e+01
1.630543518512437373e+01
1.581082477628278760e+01
1.589252305108083441e+01
1.480133501649946304e+01
1.474013435038042452e+01
1.454552051354411013e+01
1.317386024468701677e+01
1.359140330431150012e+01
1.517257997080360532e+01
1.554581327565994364e+01
1.504306619617088003e+01
1.466677890481967417e+01
1.371612766945241546e+01
1.429210377023472311e+01
1.481814287170177202e+01
1.532995968948322663e+01
1.553353234419552997e+01
1.440871437203296246e+01
1.317297397477564758e+01
1.376451716947069848e+01
1.494847026397534684e+01
1.564924084785095992e+01
1.565161237995859089e+01
1.557966305800837681e+01
1.532156797568329587e+01
1.517133143968028897e+01
1.541407317376165587e+01
1.526943735006036640e+01
1.545038522128815650e+01
1.603027510049269111e+01
1.619844119430868190e+01
1.633063774868059781e+01
1.650790591506587290e+01
1.626718282132302207e+01
1.620510214411467231e+01
1.642138839288004704e+01
1.603162333932642625e+01
1.579579591826259666e+01
1.574602431671488034e+01
1.552350835139983865e+01
1.575100088138747445e+01
1.635297548695128711e+01
1.659985145514056981e+01
1.635583173894224629e+01
1.531918007375116986e+01
1.394766365525978991e+01
1.348305672478496575e+01
1.352419088889276821e+01
1.359140939863270425e+01
1.505964586575773367e+01
1.465043768170203364e+01
1.296455195803973837e+01
1.318897100531643041e+01
1.259624334683845248e+01
9.569872859351837846e+00
9.509777961132005686e+00
1.083556730386484901e+01
1.161306071197198087e+01
1.242099665507282147e+01
1.358384081623318984e+01
1.380262300795149599e+01
1.346858510015323596e+01
1.470997196377683913e+01
1.432216109818087091e+01
1.277560261818181608e+01
1.408541030965256446e+01
1.513213440732697457e+01
1.339513079510114579e+01
1.118027100925338857e+01
1.100269146605441684e+01
1.300173954515062746e+01
1.458850179062300789e+01
1.561546877354878937e+01
1.615610211389885720e+01
1.579255462947992328e+01
1.517853091251978626e+01
1.551395104497722777e+01
1.540591929615511013e+01
1.500378145647944983e+01
1.518615771674917347e+01
1.445432552606743748e+01
1.403881954295673751e+01
1.308446324949692219e+01
1.189330940233880618e+01
8.876357793136291363e+00
8.176398884014705715e+00
8.508226783146453087e+00
8.531737344209508578e+00
9.555588658227312848e+00
1.044330025300162212e+01
1.228032802334612228e+01
1.423559736412196841e+01
1.454799711963808129e+01
1.355156996520445567e+01
1.229133023900574173e+01
1.127832754472849253e+01
9.013229929690117714e+00
7.233190729266781638e+00
6.309251908392931263e+00
9.293440608693506633e+00
1.315684239006822942e+01
1.408391138428448919e+01
1.274528700449288188e+01
1.170398827035273648e+01
1.168159702240450848e+01
1.157039999857051882e+01
1.194269588440701568e+01
1.331218784896112339e+01
1.459245046571007620e+01
1.464073198184313540e+01
1.406579612878249641e+01
1.290066553724989973e+01
1.196728532261760769e+01
1.157356788782067092e+01
1.005725937609961207e+01
9.710401688296078859e+00
1.148704521884830321e+01
1.285172332429060305e+01
1.260089475293187355e+01
1.228091643240361286e+01
1.262318528862658162e+01
1.321004480590404917e+01
1.250783185446005241e+01
1.245482310583766683e+01
1.396905265927567186e+01
1.515522801940590369e+01
1.436247249173294627e+01
1.248530930388323590e+01
1.211748854015683996e+01
1.362590042647297750e+01
1.440969066614114880e+01
1.354795965653327627e+01
1.291098115807587554e+01
1.292344798878280088e+01
1.383326696195140748e+01
1.512547042401900832e+01
1.591881349163818982e+01
1.574909412089938598e+01
1.562013462659725249e+01
1.531562144421388183e+01
1.485790250408569868e+01
1.490259935780453482e+01
1.421487297081628576e+01
1.224778127514563231e+01
1.157425036962417231e+01
1.315601972849693801e+01
1.474060857709333483e+01
1.479946562522983200e+01
1.360709056447366372e+01
1.306878095507804893e+01
6.470665775920301233e-01
6.470665775920301233e-01
6.470665775920301233e-01
6.470665775920292351e-01
6.470665775920292351e-01
6.470665775920301233e-01
6.470665775920301233e-01
6.470665775920301233e-01
6.470665775920301233e-01
6.470665775920301233e-01
1.382392550259592312e+01
1.504371969818279453e+01
1.597634950035077317e+01
1.598570973682124396e+01
1.534907993705142104e+01
1.514351844895103660e+01
1.474105836250054757e+01
1.357529940574500493e+01
1.346261133307029390e+01
1.396194983866492123e+01
1.482693117331804800e+01
1.556112654621428781e+01
1.573942447168785108e+01
1.539169973002890224e+01
1.427726987742864928e+01
1.322212901299500665e+01
1.220444891207666949e+01
1.322030022137503913e+01
1.404063077442177665e+01
1.390101829732520144e+01
1.453419120153820110e+01
1.400135735530461467e+01
1.276852904702130509e+01
1.196966050008793303e+01
1.327690013676408931e+01
1.475378623662395761e+01
1.590544046094718666e+01
1.620314975286860459e+01
1.561380058579377383e+01
1.496887254399165279e+01
1.422172867634883708e+01
1.262826154325870753e+01
1.140139540160368803e+01
1.060375690356727141e+01
1.070505311500968837e+01
1.162647721680172275e+01
1.281822277595852633e+01
1.373142690132981159e+01
1.316005912660537014e+01
1.247000779303857776e+01
1.180339198372888454e+01
8.857946110725224642e+00
8.970495253490751608e+00
9.828285278840036554e+00
1.010486839565482242e+01
1.091192016539305776e+01
1.009824627296153388e+01
1.099993534787897431e+01
1.296123017367999886e+01
1.341275473485693226e+01
1.311420645272171726e+01
1.261913678230016167e+01
1.066998525208017590e+01
7.606807215509538089e+00
5.667352540805018712e+00
5.296214971896197277e+00
6.002508358017503376e+00
8.055457203556402490e+00
9.569720207739264239e+00
9.677748921995275921e+00
9.487824711298870284e+00
9.101884222587857565e+00
7.642094841805799454e+00
7.177313579506207297e+00
7.993781848028425507e+00
9.105535496443179611e+00
9.961231954251809739e+00
1.058042450860829398e+01
1.260319168776298504e+01
1.315019345440017062e+01
1.259787505159106402e+01
1.154586809030839767e+01
9.522478299851330874e+00
7.836797381058663525e+00
6.563946607544948186e+00
5.843595238375508316e+00
6.426394522926321962e+00
6.626696348947287873e+00
7.769708539631289490e+00
8.999337464741788750e+00
9.949313649169463147e+00
9.301791472556795171e+00
8.399109909564311138e+00
8.591287895906507543e+00
7.916219853644105520e+00
6.627628565459593446e+00
5.535462118079511384e+00
5.982777281739763531e+00
7.118823391400563416e+00
8.422121074425762188e+00
9.645996774846715027e+00
1.135589224298643707e+01
1.184128463833876665e+01
9.888773326229715721e+00
8.171332234918502024e+00
9.838375166705114694e+00
1.096622488251176186e+01
9.922652517915471648e+00
1.052121052263238177e+01
1.128099011528049367e+01
1.154493325260712844e+01
1.165279391398422781e+01
1.193268334704482569e+01
1.218070256500765325e+01
1.061258660621970229e+01
9.221241835097810480e+00
7.466004247333736465e+00
5.109109652363424736e+00
4.984190688534837044e+00
6.063962495001037567e+00
6.794738041386492178e+00
6.214381665176444081e+00
5.991193948248162648e+00
6.506955753861278779e+00
7.904355362892156123e+00
1.003070558169475568e+01
1.073954037029271191e+01
9.869228076581771703e+00
8.058012710718214677e+00
6.853855409252339825e+00
7.347204991985246458e+00
8.677069449548664437e+00
9.528248800711624611e+00
8.565661087006525065e+00
8.466425088928469123e+00
1.004164394592005927e+01
1.017184330561993555e+01
1.002337755122105101e+01
1.110360367279168159e+01
1.188244081649990136e+01
1.248778098511367141e+01
1.214676491556852334e+01
1.207082611854569620e+01
1.267121833223636607e+01
1.174926826736080265e+01
9.280833870085885451e+00
8.639933081059513853e+00
9.410912770026598650e+00
8.644950070064913561e+00
7.102258128796050229e+00
6.416002581793427417e+00
8.483551773351747372e+00
1.064655009109809036e+01
9.907934975834885805e+00
9.731062397893213145e+00
8.435424296301000879e+00
8.837069968389689834e+00
1.034819458687040417e+01
9.612469177964744205e+00
1.015181060549352132e+01
1.129731541911057136e+01
1.168719273693310434e+01
1.274037606938498080e+01
1.387910471444559413e+01
1.471800491903570141e+01
1.507392516825500195e+01
1.486151629975787891e+01
1.437297739578722755e+01
1.430270015497590919e+01
1.395988009504206495e+01
1.372074483409808998e+01
1.365602053700831853e+01
1.281473661083616733e+01
1.169629879999401645e+01
1.084266875226773941e+01
1.021466477212621271e+01
1.100941659521254401e+01
1.234553009779073207e+01
1.318387565286172780e+01
1.404664104378105094e+01
6.470665775920301233e-01
6.470665775920301233e-01
6.470665775920301233e-01
6.470665775920292351e-01
6.470665775920292351e-01
