-1.099134306366685898e+01
-1.079325423220708124e+01
-1.194951962906988818e+01
-1.351553600419253875e+01
-1.161913497077236634e+01
-9.310848151282351992e+00
-1.082252145589783154e+01
-1.176063390647707330e+01
-1.111813559330895451e+01
-1.005026820280511934e+01
-1.035651587970750320e+01
-1.143255590787272524e+01
-9.714864637372643941e+00
-1.053241525911711207e+01
-1.122198013973651065e+01
-1.017743479640676618e+01
-9.423492038019791295e+00
-7.718241773980088816e+00
-8.121402339116990277e+00
-9.022826009612474607e+00
-9.293220053632575528e+00
-8.295973645745743141e+00
-8.163273359274223040e+00
-7.648952973080997531e+00
-5.066525913361691558e+00
-6.425088819023249798e+00
-7.948997770362160153e+00
-8.271618261234594982e+00
-1.082644742887693212e+01
-1.256729219861707669e+01
-1.244466846255864922e+01
-1.141867594254571294e+01
-1.050493448776731320e+01
-9.005329547134087065e+00
-1.066878337167218582e+01
-1.279746060067079050e+01
-1.242531249250435188e+01
-1.136297920555497676e+01
-1.100646692810276051e+01
-9.605233589384644333e+00
-8.976921174610405174e+00
-8.562078342256674190e+00
-8.580741131501222085e+00
-8.999342511105183462e+00
-7.345133391500019648e+00
-6.477489274782755935e+00
-7.485603182409838574e+00
-9.167741767558132082e+00
-8.477672918457452411e+00
-4.955969481353262651e+00
-2.204718614969061186e+00
-3.077944927578938561e+00
-5.584654905770612743e+00
-8.253440236348561498e+00
-9.007832487216125728e+00
-7.258096136284794220e+00
-5.027286747124844801e+00
-6.411168970142264278e+00
-1.004633299026808402e+01
-1.106795346368452115e+01
-9.744755613015247064e+00
-1.014816042005464247e+01
-1.087971132004503083e+01
-1.148385638894164451e+01
-9.857158155235252295e+00
-7.095667278448630988e+00
-9.177919646009991439e+00
-1.176656480351113743e+01
-1.189394786430945850e+01
-1.156513706213009307e+01
-1.179055951475490538e+01
-1.193756545489619647e+01
-1.201611682472026921e+01
-1.275204058596201229e+01
-1.147535715846509596e+01
-8.529659493114916557e+00
-1.092903486842678262e+01
-1.357289764269290977e+01
-1.262830418652340470e+01
-1.098302844147649004e+01
-1.098960219352427181e+01
-1.187641286072525304e+01
-1.109992520620285639e+01
-1.019864307121008906e+01
-1.215537231287743758e+01
-1.220195123845279106e+01
-1.075554853779295605e+01
-1.068846396328758708e+01
-9.948748195630809477e+00
-7.848742993549095992e+00
-7.720426066926989961e+00
-9.686779730688490631e+00
-8.261724564864042719e+00
-6.741264761638815273e+00
-6.906214644964937754e+00
-6.423929247434955414e+00
-4.766717182452506307e+00
-4.114506553920734611e+00
-5.247474824840854701e+00
-5.564941729722641561e+00
-7.064560154236415812e+00
-7.557993981164813135e+00
-8.235888927152601013e+00
-7.973234209397700667e+00
-5.812560757480979667e+00
-5.979098091010991212e+00
-5.434537793935567684e+00
-6.134993826705626319e+00
-7.735226901853483383e+00
-8.284704093390340418e+00
-8.277957219717254844e+00
-9.618096108251263487e+00
-1.027212921773089072e+01
-1.090451513578792664e+01
-1.235926014715689547e+01
-1.219471911534026098e+01
-8.397860876165385235e+00
-6.392892611822999172e+00
-6.156675120300111992e+00
-6.185943901478398566e+00
-8.619347223076765374e+00
-9.241265108651044002e+00
-9.849146822385332456e+00
-1.073221739353154724e+01
-8.110949926258671283e+00
-7.809664016828806510e+00
-1.018499476759410705e+01
-9.800361364426724009e+00
-8.898336807610993660e+00
-6.505286077270205247e+00
-3.560362772489327199e+00
-3.604983795108054778e+00
-6.529762131342331521e+00
-8.791244462680959160e+00
-9.084972089920674065e+00
-9.525847353248872551e+00
-7.990951931061426983e+00
-8.788355655247416465e+00
-1.187982125629191721e+01
-1.114962278336432355e+01
-9.058335243475275078e+00
-1.123245481338002705e+01
-1.095575997464134765e+01
-8.385879418441717803e+00
-8.014083892664656261e+00
-8.857502289114917104e+00
-8.101710542836849882e+00
-5.854484929168116913e+00
-6.247596362435487549e+00
-8.794860316340063378e+00
-9.637449758356380514e+00
-9.464020999995801375e+00
-9.761888754721352868e+00
-1.002627160815024610e+01
-1.229594197682289014e+01
-1.435523345630395653e+01
-1.560022965756601643e+01
-1.622454585324454257e+01
-1.676000494130013507e+01
-1.601898636423978317e+01
-1.399895844667368117e+01
-1.245802978644696424e+01
-1.317546944499261663e+01
-1.377714917609245049e+01
-1.076250257786495368e+01
-8.295073460219990480e+00
-9.148025251637760036e+00
-1.074101408598388829e+01
-1.031196814992708077e+01
-9.368681219970818930e+00
-1.118988790445342296e+01
-1.270070057913940609e+01
-1.018080253859878503e+01
-6.263458635329729240e+00
-8.418660572480083815e+00
-9.831924757378127211e+00
-9.171265414316389197e+00
-1.025433315674119328e+01
-1.190191722877784208e+01
-1.102483946339466847e+01
-6.976925571086883160e+00
-6.570155916469985868e+00
-8.043173692027684396e+00
-9.232297695270228033e+00
-9.908683802614193681e+00
-9.083733908497192644e+00
-9.261447220254835244e+00
-1.179259895604405095e+01
-1.392872036394419943e+01
-1.446966319454084804e+01
-1.214462986158058122e+01
-1.047571021885154074e+01
-9.360045328718655355e+00
-6.266356852958566037e+00
-8.045701803831535770e+00
-9.057254248245650174e+00
-7.374785589066618741e+00
-8.197485719446950370e+00
-1.180758844934569929e+01
-9.946271395048759345e+00
-7.122087948190618967e+00
-9.552605554949435529e+00
-1.097481554835516171e+01
-1.025301705412417697e+01
-1.062866824435203483e+01
-1.012399898287788247e+01
-6.004677860293475611e+00
-2.831078000302377884e+00
-2.632175394719667327e+00
-3.683712401347511545e+00
-5.524053104737529196e+00
-7.545693410807539969e+00
-8.102742035421369948e+00
-9.497960743615358581e+00
-1.072732147412219383e+01
-1.126853435119907054e+01
-1.261734204397712489e+01
-1.539185566906021307e+01
-1.644639493613692949e+01
-1.592744116757466166e+01
-1.517413843755174696e+01
-1.361708592404699480e+01
-1.422434688875395814e+01
-1.457410184804747821e+01
-1.268017751513425218e+01
-9.304715565563949298e+00
-7.685791706291521308e+00
-9.495596291288016744e+00
-9.005405575778267391e+00
-9.167322456213486959e+00
-1.140731428742966358e+01
-1.092629305534497952e+01
-8.817752722182458314e+00
-7.575628174616601207e+00
-8.907031333377807059e+00
-1.105317665972518704e+01
-1.246996395960458237e+01
-1.188135343009655465e+01
-1.217536032757412912e+01
-1.104514959657812234e+01
-1.110617738358565809e+01
-1.394769052911426321e+01
-1.491694245581308564e+01
-1.467325945608610560e+01
-1.316597580957603775e+01
-8.676586374602873519e+00
-5.622054197149713772e+00
-7.129662312981728256e+00
-6.864430037055893941e+00
-7.331065213711242201e+00
-8.901857850569985686e+00
-1.018268256699418117e+01
-1.093679417905958040e+01
-9.183463792847705420e+00
-7.274419367731518093e+00
-5.773694836726520840e+00
-4.464360106513469262e+00
-5.457340252315571405e+00
-7.615642475456106730e+00
-7.029309270276584698e+00
-3.366585903890943143e+00
-1.621117589996958097e+00
-3.745871997127585118e+00
-4.638264417212941915e+00
-2.412786146662998732e+00
-7.865067539851613443e-01
1.701949813519288313e+00
2.562659551493261745e+00
-1.513425646586504358e+00
-1.402984878030054006e+00
5.548179321747677140e-01
-2.817309364120274218e+00
-1.415090809458946719e+00
6.317003364425540779e-01
-5.601539707063547979e+00
-9.977406818264890731e+00
-1.106579217293109885e+01
-9.322645382933437475e+00
-1.063766745224346444e+01
-1.134148037598438208e+01
-7.926062032132350943e+00
-9.358274332175536614e+00
-1.124492791972473249e+01
-1.068568848593998233e+01
-1.113604541738396492e+01
-1.235361593220967968e+01
-8.125280419787776154e+00
-4.759072487447868482e+00
-4.229013821659251882e+00
-3.750915908163825030e+00
-1.846984508084351884e+00
1.836040671530798640e+00
3.864739191501228355e+00
3.348569420433906707e+00
2.227665779331642781e+00
1.937978614023976975e+00
1.627867000635336847e+00
1.532516708070766231e+00
1.417667396067459507e+00
7.096776108480182810e-01
-1.662989746928105639e+00
-5.462408053731389934e+00
-1.277636025818602139e+00
3.773036739556068664e+00
-9.638678707033190296e-01
-4.175217226278994609e+00
-1.850030256587377409e+00
-6.277455830829296868e-02
-5.096198670444533896e+00
-8.605864562716995181e+00
-9.353600345617357092e+00
-8.997633682522808485e+00
-1.012500391978051617e+01
-9.914021881733228625e+00
-9.533712696857655544e+00
-1.063444724103833927e+01
-1.150519412863056523e+01
-1.367743981141311949e+01
-1.503381295403403861e+01
-1.359514159404890066e+01
-1.205359119146743119e+01
-1.348452374976297108e+01
-1.542488851506905867e+01
-1.470881960039441871e+01
-9.946372038489061040e+00
-5.342750392607221954e+00
-5.918809715587062037e+00
-5.138002772215906511e+00
-3.368653613527448520e+00
-4.178986529365766422e+00
-4.899953565644944220e+00
-5.360684594576091477e+00
-7.875979036611563622e+00
-7.590552155222028752e+00
-5.636087677661909545e+00
-2.355040660037294842e+00
2.290549455993772909e+00
1.354301446972157708e+00
-1.287426454043005375e+00
9.326488404078172589e-01
5.659474451407284779e-01
-9.143979430067866732e-01
1.111727796576921445e+00
-2.457608279119807726e+00
-7.982934349349819492e+00
-1.175609747215832890e+01
-1.314727389183493678e+01
-9.820345293915730522e+00
-6.029556599212300583e+00
-6.420306126787600043e+00
-4.408583811598062674e+00
-4.854153046875898880e+00
-8.245728578360607131e+00
-9.068107350175164783e+00
-9.937158352370765613e+00
-1.126683790187982659e+01
-8.386753163571713188e+00
-5.839829286459517377e+00
-3.612804305661893700e+00
6.688695404667031053e-01
-3.765929978697044156e+00
-7.729039501110420041e+00
-5.449564345709104529e+00
-4.674651000835649661e+00
-8.247812087634605049e+00
-1.264526662838982674e+01
-1.287325531893526609e+01
-1.083890921901349635e+01
-1.186275113070104403e+01
-1.163276030687169715e+01
-1.127904223962732466e+01
-1.296409011490685437e+01
-1.466841955382153451e+01
-1.409838947996901659e+01
-1.391227999885101951e+01
-1.353134916177653402e+01
-9.226211904658056184e+00
-4.771103432968299529e+00
-5.488375371420509019e+00
-6.616267820888297457e+00
-4.732236907766840694e+00
-4.434021700750895079e+00
-4.254778465724188941e+00
-6.549741032195673718e+00
-1.070893006010571469e+01
-1.246523931313448585e+01
-1.292745560911848912e+01
-1.398993823251351110e+01
-1.281236752621950892e+01
-1.186519149519409488e+01
-1.359199935054189190e+01
-1.267011540781790302e+01
-1.046347382552627003e+01
-7.900950136715862548e+00
-5.760564105718308348e+00
-6.538973889245600191e+00
-8.447156794681289327e+00
-9.479519942304586166e+00
-1.150995072531640595e+01
-9.599731536057513281e+00
-5.260482635248867389e+00
-3.685818612849977249e+00
-3.414349581593761229e+00
-6.933102840566294667e+00
-1.189451461063397453e+01
-1.405996927260215124e+01
-1.579350819140315032e+01
-1.606945370217421853e+01
-1.429952222964317521e+01
-1.432556972692350605e+01
-1.527712857328411999e+01
-1.356098858407655605e+01
-1.332906590888214637e+01
-1.493807197895095129e+01
-1.380215248600050693e+01
-1.045572918948878538e+01
-9.149099765449422605e+00
-8.910876059589527998e+00
-1.041843392777458099e+01
-1.343923906260511281e+01
-1.459320658683049565e+01
-1.373502163929355824e+01
-1.318564878323335954e+01
-1.414261234149261703e+01
-1.483863394105850553e+01
-1.328889281210144091e+01
-9.747874665285864992e+00
-8.759507707846241331e+00
-9.480966884061059474e+00
-1.303895022804824855e+01
-1.558718819807955214e+01
-1.286006584568477784e+01
-1.243399019681394257e+01
-1.323916796503906035e+01
-9.030246405895592687e+00
-5.706540001306291465e+00
-7.099098270196802396e+00
-6.200241867484474589e+00
-6.160681543133788018e+00
-7.421632791169241905e+00
-8.456347696386178114e+00
-8.036186309000239447e+00
-7.731105472421233138e+00
-1.108263267857618217e+01
-1.408113057774952104e+01
-1.416221895010747645e+01
-1.201688786903307182e+01
-1.064553515139941631e+01
-1.128666242616375293e+01
-1.248259683938540121e+01
-1.272109620478239300e+01
-1.486177992647204604e+01
-1.493419562181017923e+01
-1.406793475777657143e+01
-1.484768752851058871e+01
-1.437458382978717175e+01
-1.226536675205088045e+01
-1.362687696946500893e+01
-1.617301551429793349e+01
-1.567541622436741910e+01
-1.382796916507916940e+01
-1.490624746402913381e+01
-1.570168084389949570e+01
-1.441460433471859126e+01
-1.462011431473773548e+01
-1.526104114891781727e+01
-1.524480739915564875e+01
-1.456765466751851612e+01
-1.442463884571292709e+01
-1.532483797489516597e+01
-1.592730566027539219e+01
-1.626243979560776154e+01
-1.637433797647463862e+01
-1.559681791453010824e+01
-1.419341441435827811e+01
-1.192303947500346339e+01
-1.318349098300231681e+01
-1.311667369666615102e+01
-9.690151022202089237e+00
-1.019489723308863383e+01
-1.272614446518937292e+01
-1.382623505197252811e+01
-1.204590130496784006e+01
-1.090709813862430089e+01
-1.302749146194931207e+01
-1.529278052982045111e+01
-1.684324240725081623e+01
-1.597198906700242738e+01
-1.555044588268981620e+01
-1.669935979239983581e+01
-1.712601708248112686e+01
-1.632352670586562482e+01
-1.616387262353363496e+01
-1.701181293573988640e+01
-1.597402825948333493e+01
-1.414018242271987624e+01
-1.070876292726081225e+01
-1.186569468189306953e+01
-1.122516797478501438e+01
-9.585524610616509733e+00
-1.051171079001963626e+01
-1.077779049727347171e+01
-1.296891280033469940e+01
-1.442886189207325920e+01
-1.495956564365448749e+01
-1.511583970372235264e+01
-1.526777684007255154e+01
-1.650236951934345342e+01
-1.717032525145716804e+01
-1.695541662711677944e+01
-1.697120565269715087e+01
-1.508247349968253026e+01
-1.386203099773556247e+01
-1.575807164679587657e+01
-1.758810358479420088e+01
-1.785295336226483087e+01
-1.798754838503809239e+01
-1.768974439377827323e+01
-1.637804795032687011e+01
-1.611334481969642241e+01
-1.662499577210764912e+01
-1.690031801801938371e+01
-1.719256427411065502e+01
-1.758397834722761388e+01
-1.706831398100203856e+01
-1.625837235744687348e+01
-1.644432449628779480e+01
-1.619199717817679129e+01
-1.468750541243044516e+01
-1.468253446433531373e+01
-1.592318152198675030e+01
-1.695542655594877957e+01
-1.759892440157458182e+01
-1.652659483009494679e+01
-1.327986612979753644e+01
-8.769850818566828465e+00
-8.027258688583723156e+00
-7.707728442437045580e+00
-5.353170198285778447e+00
-5.275999256358544720e+00
-7.628719790616576013e+00
-8.564003851939952838e+00
-7.496739303020143907e+00
-6.268304218362943381e+00
-5.671795096797573876e+00
-3.852801282006174777e+00
-2.223571117904345140e+00
-4.075830875334640169e+00
-6.590094090464698517e+00
-3.747529756672392853e+00
1.032236048356900415e+00
-1.692900297275296007e+00
-4.698677223939058401e+00
-3.782249732398336839e+00
-3.911533164623764769e+00
-4.821830415096948208e+00
-7.096582639087259281e+00
-6.099422552232211636e+00
-6.190086220240416104e+00
-9.368881568206246513e+00
-7.135529071113935196e+00
-2.709944148847088119e+00
-2.537828293645527644e+00
-2.921444488794980199e+00
-1.475530730783209954e+00
-3.068604512338465873e-01
-1.608579131424829889e-01
-7.997318519567410133e-01
-1.997756502312594939e+00
-3.326835093915561536e+00
-7.242113988273357172e+00
-8.529265449046439684e+00
-3.812462388001443436e+00
7.721749425738999584e-01
-2.784777399726492408e+00
-5.740021158819706315e+00
-6.277242379801114325e+00
-5.631853487568570849e+00
-4.597308187043085859e+00
-5.645689068598319871e+00
-4.947997547630051507e+00
-5.418985669922508741e+00
-9.289704963926729064e+00
-1.019839988857945556e+01
-7.784030808911838406e+00
-4.260921448953447488e+00
-8.650749498441865359e-01
-3.181460895010382872e-01
-2.423022891056286099e+00
-5.180039133623750125e+00
-6.175399891584703482e+00
-2.760630045159905954e+00
1.687289374433797118e+00
-3.062840266310464243e-01
-6.039021433823932306e+00
-1.174534283709123095e+01
-1.370981458473252523e+01
-1.405445845299888497e+01
-1.409483163908086212e+01
-1.309107224597426011e+01
-1.150205904013397351e+01
-1.158900286624044185e+01
-1.001446078467689382e+01
-9.444666046279984073e+00
-1.262170131384260507e+01
-1.340379746585102616e+01
-1.400012360406860701e+01
-1.409265803617636159e+01
-1.330222042965355023e+01
-1.393002049180877400e+01
-1.522786757657347145e+01
-1.458075258653905770e+01
-1.408328064803645319e+01
-1.551442340134448372e+01
-1.630516876257293291e+01
-1.619884038013245231e+01
-1.425673709101130804e+01
-1.245802123007378093e+01
-1.168850626954460559e+01
-1.058944479923616555e+01
-1.150182651493724251e+01
-1.214818100140664647e+01
-1.217376597326777876e+01
-1.356855254161106750e+01
-1.553805613886644110e+01
-1.657500290986905966e+01
-1.643217638891166743e+01
-1.687101711607805044e+01
-1.705913668635327340e+01
-1.742809697078075004e+01
-1.785002557321346828e+01
-1.777056157094084909e+01
-1.675195925019150778e+01
-1.553118993997266983e+01
-1.535873163041566158e+01
-1.404063676083122836e+01
-1.299335953295724089e+01
-1.364939092459448666e+01
-1.236706928513460468e+01
-1.055943341481219910e+01
-1.166181381327843347e+01
-1.471850685404459647e+01
-1.565339528639457356e+01
-1.495625611163963065e+01
-1.346552916743320516e+01
-1.159214503180016997e+01
-1.106136111103433528e+01
-9.634135702755374453e+00
-7.156136429384630127e+00
-6.122897360772040720e+00
-7.328008820052193784e+00
-8.567389661550146585e+00
-1.083717904384705122e+01
-1.318000438521407425e+01
-1.339300668513782888e+01
-1.265997958691362690e+01
-1.180647553512924652e+01
-1.188496786351628032e+01
-1.434074842984681730e+01
-1.603842653997250878e+01
-1.447539248654401867e+01
-1.503041306092691265e+01
-1.604909613404383961e+01
-1.431380711413420137e+01
-1.090366077430526737e+01
-8.109983085382760137e+00
-3.561157248752264692e+00
-8.024985498630991809e-02
-1.196773596529717487e+00
-3.010576446395379691e+00
-1.879026181708202792e+00
1.344395323256010411e+00
2.954682719921079670e+00
-3.273610156908909552e+00
-1.332806914925894581e+01
-1.643273902501880102e+01
-1.631526930452691104e+01
-1.436677351683441195e+01
-1.418377033882791949e+01
-1.484595210194431125e+01
-1.647907720794106368e+01
-1.643344172968619432e+01
-1.601529019231837836e+01
-1.575829760569798133e+01
-1.496325164467912572e+01
-1.664354533398717706e+01
-1.757944569903857968e+01
-1.764369468033218524e+01
-1.659509075784267296e+01
-1.397194961745382535e+01
-1.234671250628267458e+01
-1.280016078181370709e+01
-1.308140805751553337e+01
-1.357321974867969061e+01
-1.666387831731355362e+01
-1.585255262633498674e+01
-1.632968929380501777e+01
-1.738933611710251270e+01
-1.646582528314879923e+01
-1.413669456850584183e+01
-1.388386157864478498e+01
-1.654854111780772641e+01
-1.701834039471903637e+01
-1.774159363679371992e+01
-1.698245649609845387e+01
-1.599326087645583705e+01
-1.616272128846269851e+01
-1.621246169281614868e+01
-1.671123424181488915e+01
-1.627047983096544925e+01
-1.489134405626616342e+01
-1.545772107643253968e+01
-1.598940945851516382e+01
-1.524572285227970703e+01
-1.530196876230992054e+01
-1.508185835047221346e+01
-1.452739460654658465e+01
-1.453921050311018348e+01
-1.554842383160440455e+01
-1.478688982523920536e+01
-1.267217437184053885e+01
-1.052321083841475335e+01
-1.011682640448788995e+01
-1.207433965977772949e+01
-1.466514861931555735e+01
-1.488478547088900328e+01
-1.217936716294755684e+01
-1.172524594943700471e+01
-1.133972967531463816e+01
-1.234831234781623799e+01
-1.476957821992123421e+01
-1.572170713188431712e+01
-1.626776475396944832e+01
-1.588073346266207864e+01
-1.462338642550313850e+01
-1.531453265526707241e+01
-1.676282894863812700e+01
-1.681156546274190333e+01
-1.639992221198729894e+01
-1.486769375330488607e+01
-1.618525912103591580e+01
-1.711318717559754887e+01
-1.692743397737853783e+01
-1.689499434772663733e+01
-1.607692599554010471e+01
-1.476263521774511744e+01
-1.436603100594102145e+01
-1.521127981916790084e+01
-1.566311730494844667e+01
-1.622309261065746355e+01
-1.527149627487269079e+01
-1.532957732086632419e+01
-1.539354520635454371e+01
-1.307550941633803099e+01
-1.496457301837430975e+01
-1.651866492997573843e+01
-1.666716062609717497e+01
-1.715923838329782924e+01
-1.778741477873813537e+01
-1.772748262041591616e+01
-1.713152129170407534e+01
-1.598873727362203034e+01
-1.523996703277227738e+01
-1.583010871955359455e+01
-1.595385035498478921e+01
-1.345895499101440862e+01
-1.234813558096014852e+01
-1.263478735320802393e+01
-1.148863396439014828e+01
-1.082022620025911941e+01
-1.253808701381926660e+01
-1.442236661573584122e+01
-1.416809892145260541e+01
-1.305808880346942047e+01
-1.265780183576628382e+01
-1.002410537562709791e+01
-7.408328276351388020e+00
-1.043018376911284584e+01
-1.168475314421509914e+01
-9.798719406627965256e+00
-7.605938771085871686e+00
-7.134221161401440803e+00
-8.388868507199115143e+00
-1.108191020824036421e+01
-1.380155695232335056e+01
-1.526472199446015310e+01
-1.673816891505520132e+01
-1.586772528287672301e+01
-1.340336564243349571e+01
-1.308478493497024964e+01
-1.370553497517125052e+01
-1.535090797292876630e+01
-1.633206627756222318e+01
-1.603847799142203101e+01
-1.473456141867211144e+01
-1.389746100430607001e+01
-1.314799162132962884e+01
-1.096896768240133824e+01
-7.362310841581376053e+00
-9.634106336804226345e+00
-1.234758167138501683e+01
-1.022926252759323340e+01
-7.620354623863415888e+00
-7.993937362699751858e+00
-1.077436542845708445e+01
-1.296122383773261610e+01
-1.533994829772510471e+01
-1.690653730179113268e+01
-1.691851319631668815e+01
-1.636621110120310618e+01
-1.513683611376842997e+01
-1.512369193945127677e+01
-1.629776561061958873e+01
-1.657126170212325889e+01
-1.556997401828885330e+01
-1.420750618399484111e+01
-1.421999327867123775e+01
-1.402967282594301146e+01
-1.478071406386946229e+01
-1.578645065964476402e+01
-1.562714731331243811e+01
-1.357006521586001746e+01
-1.431687850137703677e+01
-1.698340443572245562e+01
-1.745526099192165859e+01
-1.669781316972572327e+01
-1.671489268424884145e+01
-1.625994296816031337e+01
-1.490494699394248279e+01
-1.557744661133069464e+01
-1.559112861087642266e+01
-1.476791603709247980e+01
-1.615523969166131479e+01
-1.741062775104309068e+01
-1.801122981696454062e+01
-1.780376420943416704e+01
-1.628767979461305870e+01
-1.563765443062387739e+01
-1.559365220172805344e+01
-1.707490676490217396e+01
-1.782295845496799913e+01
-1.638196715424469119e+01
-1.589340793090834403e+01
-1.683664175671362528e+01
-1.471781512585057250e+01
-1.319895091206734783e+01
-1.146321227531304920e+01
-8.981180458617791018e+00
-9.398936238555798184e+00
-1.003231757726595852e+01
-1.225524397546892885e+01
-1.436010824676659148e+01
-1.279297401782927501e+01
-1.047951536404558048e+01
-8.232507147403334002e+00
-4.819505187345353825e+00
-6.115177105498539767e+00
-9.248030293330701923e+00
-1.032130354452847776e+01
-1.167656619600731815e+01
-1.205939837287534822e+01
-1.070459396683094155e+01
-9.006070010812377902e+00
-9.241763308087607598e+00
-1.208390700123502803e+01
-1.410365416811689165e+01
-1.265037126443875870e+01
-8.617728721361411104e+00
-5.858576501088836430e+00
-6.737069450644109558e+00
-8.714362652575889712e+00
-1.041393909403923779e+01
-1.185579697422628875e+01
-1.142675829183565739e+01
-8.552681716483581553e+00
-7.113359157131767141e+00
-6.051848603162452100e+00
-7.861683260325837530e+00
-6.880766480892116732e+00
-7.447742182085505647e+00
-1.127318974171715560e+01
-1.062813359968976279e+01
-7.807295507779687505e+00
-6.478898618360903860e+00
-8.639106901624272083e+00
-8.147582670135466998e+00
-8.328074306955677741e+00
-1.075105164653400713e+01
-1.202618718664326103e+01
-1.037220180787487145e+01
-9.782295952752239288e+00
-1.187952202552967584e+01
-1.390425911635832712e+01
-1.428761643871154341e+01
-1.013931648707910860e+01
-6.277353470382393219e+00
-7.250738846864667408e+00
-9.420163277602171092e+00
-8.639413219572865898e+00
-6.439127644897477687e+00
-5.327266978406908216e+00
-4.987087620112113484e+00
-6.696936875452617066e+00
-9.466163367540206153e+00
-1.160976794177716265e+01
-1.444278103571623539e+01
-1.678135369216957784e+01
-1.676503321854820072e+01
-1.522669710158189638e+01
-1.360962671803413571e+01
-1.487001233760567764e+01
-1.570148550781954100e+01
-1.448054306957887327e+01
-1.206367002414330436e+01
-7.725544219598170947e+00
-4.156125179096747502e+00
-3.833024543914267390e+00
-1.148204402159008097e+00
-1.294483384108016555e+00
-4.041613672719415185e+00
-3.827627124624563670e+00
-3.580729548804923112e+00
-5.071661526319161339e+00
-7.451567932633983204e+00
-9.166398655352152147e+00
-1.077697068419501925e+01
-1.381229288113045861e+01
-1.450308142831798186e+01
-1.304133653088566547e+01
-8.700582900312552326e+00
-5.170703975619105108e+00
-8.479954603522857681e+00
-9.483712086904086291e+00
-7.823227939880273318e+00
-7.499631645141728420e+00
-8.367670397969559914e+00
-8.252248381894911944e+00
-6.495945825975554477e+00
-7.284696114738143713e+00
-1.127624102454119104e+01
-1.343131769201068693e+01
-1.268993212066781240e+01
-9.352271615675077143e+00
-6.176992948269719896e+00
-5.708952846971445005e+00
-4.372387699205709133e+00
-3.539057511533877598e+00
-4.567837275364840188e+00
-2.619143162500413347e+00
-5.298782127531562303e+00
-7.664477742879522104e+00
-7.580458340925948058e+00
-9.915756863298337720e+00
-1.069943778889756025e+01
-1.084894307747700459e+01
-1.068556788222798382e+01
-8.853419380330771915e+00
-7.330176147882439430e+00
-8.128558114407221424e+00
-1.075378606113083180e+01
-1.340829610861861276e+01
-1.212398466362677318e+01
-9.573186852803944547e+00
-1.187654167995313159e+01
-1.377784476149002124e+01
-1.094469364001512268e+01
-8.009931922435875151e+00
-7.761999377267868816e+00
-7.781678105263058143e+00
-9.131834230277977582e+00
-1.037335137170982513e+01
-8.735708450258758972e+00
-7.285366595572530635e+00
-9.357413901855544225e+00
-1.009833535649658742e+01
-9.249754213920304835e+00
-7.583420469509317918e+00
-5.678291342329622182e+00
-3.980709833277920495e+00
-3.380069725555165494e+00
-3.202389229123378200e+00
-5.023877999107796199e+00
-1.042120902623227785e+01
-1.073537365494352080e+01
-5.125874916826258065e+00
2.329684298868971992e-01
-1.191823829240285182e+00
-4.622483365763388363e+00
-3.006821993797414549e+00
1.313390257848445208e-01
-5.111578840701593851e-01
-3.492307494916898847e+00
-3.774146348835073717e+00
-1.166046250589074074e+00
-2.658715155001706854e-01
-5.963965064847831066e+00
-1.068750270366244415e+01
-8.771552821053292703e+00
-8.174895025330396692e+00
-9.802040378824726119e+00
-9.009880746247590722e+00
-6.957590970461648539e+00
-4.597252835229554080e+00
-2.426756480001434291e+00
-2.355537973546652619e+00
8.545001626638513981e-02
-4.631163953571963976e-01
-3.309277841122007402e+00
-3.508094529244941917e+00
-1.286675555919484459e+00
2.123945501295864791e+00
1.280941983186873800e+00
-4.542050489271175273e+00
-4.100806726809434366e+00
2.082867996927931564e+00
2.963527151865235965e+00
3.097669136698803172e+00
6.764009448379215250e+00
7.976988531775832669e+00
7.112741684399069619e+00
5.682935544184197774e+00
6.805314569974091121e+00
6.014077909730761284e+00
2.751622476466229372e+00
1.020260959148023172e+00
9.010813886612450974e-01
4.854871515781367997e+00
7.628064015484612881e+00
4.635778996585742995e+00
5.702631174245630596e+00
1.128949374923428373e+01
9.339108574476121305e+00
6.320671197255395946e+00
1.100948405808802377e+00
-9.698884125392133626e+00
-1.283212073763541738e+01
-1.246550994435253834e+01
-1.086472449172256205e+01
-7.934328416745635160e+00
-9.125531196956231383e+00
-1.192454225020520830e+01
-1.072282378332444175e+01
-1.171561644450605932e+01
-1.217993606582638400e+01
-4.999717931189742615e+00
-1.138878778561414062e+00
-4.048842434722661920e+00
-2.812297681546630290e+00
-3.684519910346593652e-01
9.744407502852868719e-01
2.766160661919832009e+00
1.084317138173893635e+00
-2.429611942507280631e+00
-3.702958308437517054e+00
-6.712429007270340087e+00
-6.918852051038400397e+00
-2.365807246477879655e+00
-3.445764464164025931e+00
-8.476028815448250597e+00
-6.413058464189749230e+00
1.034159152604585408e-01
7.839492363417199794e-01
-2.151077373932657189e+00
-3.616455181020704401e+00
-3.288470321313725186e+00
-1.851334474340318614e+00
-3.904067050482938228e+00
-3.451917077791298638e+00
-9.909049038279378330e-01
-4.459044628291517043e+00
-3.774397400655337798e+00
1.453825593774358715e+00
1.498385842212884844e-01
-1.022793234180722433e+00
-1.306208827480989099e+00
-2.080082544373699438e+00
2.441756350443090806e+00
7.147745704401990530e+00
4.393718478409327943e+00
4.076944015005922850e+00
7.793281202263568019e+00
8.891476744704409185e+00
6.666997084722934730e+00
5.301896827977999216e+00
8.412888909346467159e+00
6.766643442812923404e+00
3.707120955700878184e+00
4.996179049580269371e+00
7.359154981918199390e+00
6.940946794706154499e+00
8.042904116934961323e+00
7.321280783194598740e+00
5.546007113889669604e+00
6.542732287835586469e+00
5.673824829970433470e+00
3.473255252638519863e+00
1.140858144807424202e+00
1.134122970983836964e+00
3.996113402710146367e+00
3.152535622824510497e+00
1.432755163184023406e+00
2.839735121317270572e+00
2.394085822371858185e+00
2.790748825267719724e+00
2.291628623770986195e+00
3.736008763588004045e-01
2.136847113488597738e-02
-1.851781174981566469e+00
-2.501322165976399781e+00
-1.924875546904330381e+00
-8.904504230678157439e-01
2.738354879604253167e+00
-5.332636120235478838e-02
-6.039775809128874684e+00
-5.611801690226782213e+00
-2.918023742862222214e+00
-4.663754247189099367e+00
-4.359472651544334276e+00
-1.409198778964529275e+00
9.718559055676284641e-01
1.878720208798376756e-01
-2.534324129203537446e+00
2.154206468309195766e-01
3.403193173461546372e+00
1.431573904981130463e+00
-3.059317644692264970e+00
-5.870408233121733765e+00
-5.060475671382575591e+00
-2.220257713463342775e+00
1.926306167066630826e+00
5.059983016779987963e+00
5.390563311616731745e+00
4.371432778497484684e+00
5.008031150921460117e+00
8.131321301249725408e+00
9.508774457409806757e+00
1.007482842450328953e+01
1.372683278596562850e+01
1.344742029781506965e+01
9.880331143519898163e+00
9.475650951340488959e+00
8.540261600442539347e+00
6.737916420570267739e+00
6.280107385906332773e+00
4.936982356588859311e+00
3.121920580793801747e+00
5.711883245710001056e-01
1.326552604005624136e+00
3.457867823117155570e+00
5.235559026037475139e-01
-4.725241001948258912e+00
-5.068728971656780935e+00
-1.685363164821772397e+00
1.284944625800402918e+00
1.463941214643503796e+00
2.797246850812923569e+00
3.333201946289254813e+00
9.419991089654668193e-02
2.914911614561243258e+00
4.467421649351051904e+00
2.420103976136153801e+00
1.529399024985927058e+00
4.311118188229543513e+00
6.744748110618526304e+00
8.848643630350450096e+00
1.007439529581754734e+01
6.607799545078162140e+00
2.358657590844699392e+00
4.384479031788912629e+00
6.582973754520337728e+00
2.592466899345645448e+00
1.125245539755894253e+00
3.624140446683493888e+00
5.149212042068931794e+00
6.617268153070245518e+00
8.130505460179884736e+00
6.833622351824128138e+00
7.257113728937047981e+00
1.120481264547239952e+01
1.074107512493475447e+01
7.107391041305094248e+00
5.586001167020265612e+00
1.086595698138513200e+01
1.223380486812942891e+01
6.496838233461361689e+00
2.535003432515057664e+00
3.925524261992005215e+00
3.925296476154301661e+00
8.814287830199486473e-01
-1.541424223260456694e+00
-3.827458257020552868e+00
-1.817855123855415256e+00
1.666100217443958975e+00
6.758943678579476533e+00
1.312962661714245804e+01
1.322492827049688024e+01
1.053224633435826796e+01
1.280684764496698769e+01
1.386556390536648387e+01
9.437906866723315247e+00
1.096275544966074200e+01
1.452195287263538503e+01
1.587752190291473120e+01
1.359060124140396830e+01
-4.779839192380797463e+00
-1.168257198741240721e+01
-1.187275709727354567e+01
-1.016701734885612218e+01
-1.257815590299676956e+01
-1.499914225751337504e+01
-1.433195332722872273e+01
-1.405537331701769865e+01
-1.559314123308661593e+01
-1.599747912128620264e+01
-9.317036038238283524e+00
-2.779322168151503458e+00
-3.863217661409407810e+00
-3.966604463058726715e+00
-4.083316641214514320e+00
-6.734732912614568967e+00
-8.571472225362596120e+00
-7.637542649282421436e+00
-2.394010199654660553e+00
-7.048943893770723834e-01
-3.737862971627040842e+00
-6.265724802625729062e+00
-3.539336496403180377e+00
8.155737031694021422e-01
1.635082533727289233e-01
-4.100031075526027746e-01
6.356157386810977750e-01
8.963869802377849583e-01
-3.747074575230138760e-01
1.584259459783883717e+00
7.883585771496635530e+00
1.200232159468059123e+01
1.510156746712887355e+01
1.710082755632125284e+01
1.853858785855978297e+01
1.858706644460939827e+01
1.860536104594439166e+01
1.742934274043946630e+01
1.386921041547081934e+01
1.153315949794573747e+01
1.158275292390099764e+01
1.290046406460240469e+01
1.346440141998266249e+01
1.253171775668143617e+01
1.435680480216444543e+01
1.205987741242330458e+01
1.171196180380006346e+01
1.331802455181875722e+01
1.055603431110765378e+01
1.031605107902799823e+01
1.076751400708087480e+01
1.179270040615164028e+01
1.083712134855153764e+01
1.098652605317984587e+01
1.365210030328964841e+01
1.217285739391847876e+01
9.859993909640817122e+00
8.107767284167627153e+00
8.194561150944750239e+00
1.105191044158079983e+01
1.381882052015568263e+01
1.488972898709646309e+01
1.275857395393486549e+01
1.007897218772929016e+01
1.124169431103116601e+01
1.091989638905123527e+01
9.485038536557746980e+00
8.352307392604794600e+00
1.145645230276998383e+01
1.204119834475272910e+01
4.790526880297609758e+00
4.599514201231856170e+00
4.857777341690510120e+00
-1.889926409393309470e+00
-3.513109411594552145e-01
3.635887682087241224e+00
2.476298142427748150e+00
1.183015865708574532e+00
-9.485069535505951110e-01
3.249622049371508337e-01
5.691660266984780669e+00
6.330393335548881062e+00
1.032270078421821502e+01
1.324916848585274742e+01
1.344163935779550378e+01
1.554914941568250519e+01
1.447501958598259364e+01
1.152840237892300657e+01
1.239667054861327067e+01
1.147272206582680987e+01
4.241735682437735022e+00
1.614458218218481678e+00
9.199990369952237845e-02
-2.580721330680313841e+00
6.098177598652081421e-01
1.258227155920589535e+00
2.493098820376675115e-02
2.733796977167808784e+00
2.213089431155879527e+00
1.675606253668718404e+00
3.720012922650112852e+00
6.250474059334660382e+00
8.707074671939345478e+00
7.372534012806698733e+00
1.769887532122922158e+00
4.687580397398537713e+00
8.423165836417231489e+00
5.315853055034916785e+00
3.295584163392628163e+00
6.848411936705571357e+00
8.965727536350936333e+00
5.774567583673379190e+00
1.255588216495530096e+00
1.935270028318608393e+00
5.222843122822163231e+00
5.063361049133189518e+00
3.897580869982316898e+00
7.226172008706863714e+00
8.158165258697430033e+00
5.179257390400665351e+00
4.537849945760179970e+00
5.581235684857979606e+00
6.956335304671133812e+00
5.705314405462588390e+00
1.932786963560118032e+00
1.556535566700688378e+00
5.556367530503584895e+00
8.485946329777382502e+00
9.885895008815166918e+00
7.592493408454351389e+00
-8.245810727564013565e-01
-5.466090522317577971e+00
-3.240589501535898087e+00
-2.701304581578466646e+00
-1.705931262895851397e+00
1.782726253563700736e+00
-1.051627642229474580e+00
-4.443517417848950934e+00
-3.760864511964196133e+00
-2.248236367112448786e+00
1.776107276084657460e-01
3.548113796170447198e+00
7.158086235164152988e+00
6.839469818121161282e+00
4.655797499554844343e+00
5.598128505442969249e+00
4.400495118469369693e+00
7.045957450555238033e-01
-1.289167278692429974e+00
-2.108779024472938968e+00
6.012667873562612675e-01
1.516439578334705107e+00
3.000969573075968899e+00
2.741959876049526290e+00
-8.148514194130058730e-01
2.436939458333359454e+00
4.360397788370110383e+00
4.082103956432852954e+00
5.533032472578819139e+00
7.359196426471990016e+00
1.092937908239352929e+01
1.298932665693764399e+01
1.227753009498914416e+01
1.083997426072342840e+01
1.064056407441840157e+01
1.012403325427136203e+01
9.660313035050753783e+00
8.557078946644688600e+00
6.177510271592857372e+00
5.872752534031730143e+00
8.185413956823490267e+00
1.008004896263711636e+01
1.141235950834225399e+01
1.359019705640678133e+01
1.307232335392044931e+01
8.082313979794511383e+00
4.053947834084093316e+00
9.434610427102514407e+00
1.126497056016799370e+01
8.402521551471680894e+00
7.950678935537330183e+00
7.252762550674462183e+00
1.053486773625034623e+01
1.419072686623382573e+01
1.278743018017801880e+01
1.040226710154361278e+01
1.217573062467181266e+01
1.258979161131098223e+01
1.335637697501545595e+01
1.314298701906743538e+01
1.053589656860877533e+01
8.874874633643718980e+00
9.345522320043382791e+00
1.075825574295671849e+01
9.990056714533283255e+00
9.636767813609216304e+00
8.588827120527708914e+00
7.230056806034134809e+00
9.847359195544038712e+00
1.177914115448183985e+01
1.141316437476738521e+01
1.032207274842843603e+01
8.036792125209203164e+00
1.162709853304214214e+01
1.632409036743474573e+01
1.626845023546166757e+01
1.391694025389010925e+01
1.174082226900999260e+01
1.086937118943821012e+01
9.071749963589210708e+00
8.524117564789742474e+00
9.186265563164438319e+00
1.017954359316406432e+01
6.118006654145635714e+00
3.102750913377712472e+00
3.255508773837394010e+00
1.940219207953852720e+00
-1.897346706845647393e-02
-2.377307871133192307e+00
-1.375393876422628114e+00
1.920320120218183657e+00
1.733184681166175967e+00
4.740355665522182349e+00
8.998716832972966984e+00
1.090338460951482524e+01
8.670969607601227480e+00
5.720236931824257631e+00
8.431061206514444351e+00
9.710069686215605955e+00
9.410735768734616258e+00
1.361539855993986414e+01
1.549526426017209779e+01
1.710164222728283434e+01
1.671755307806476409e+01
1.348188681896401775e+01
1.311083205907238991e+01
1.400059577198446448e+01
1.496732900805896094e+01
1.627127766312361601e+01
1.516131861651730262e+01
1.470676669512675083e+01
1.131157277094908409e+01
6.244057661928802183e+00
7.260392403591908739e+00
8.516012582100469075e+00
7.987886913613124307e+00
8.151671481892337923e+00
5.388810540431235196e+00
7.050491011277220110e+00
1.202901851651968634e+01
1.405979165581876522e+01
1.436887009399422332e+01
1.297355744625413188e+01
1.249139043942012073e+01
1.587400473617795171e+01
1.628607390516421916e+01
1.689479762900498727e+01
1.769132605839427796e+01
1.705214226170420133e+01
1.811132817602762302e+01
1.844376722953040115e+01
1.779964884320715512e+01
1.688563394838646659e+01
1.659010284335633045e+01
1.692587139814938624e+01
1.891381308815478945e+01
1.991367546689726353e+01
1.786005470664646211e+01
1.432064606943608709e+01
1.447650189905520612e+01
1.394651033122930706e+01
1.317648035568343978e+01
1.387332367104037267e+01
1.370064870140339863e+01
1.526568904247809577e+01
1.427141548021633000e+01
1.048630604698753821e+01
7.171048732426335448e+00
9.816160521629186064e+00
1.383984441891362138e+01
1.753886274652380095e+01
1.877216552115644888e+01
1.845889737613675763e+01
1.695051921566971842e+01
1.706686231914715179e+01
1.785356681097544040e+01
1.611675661025588369e+01
1.699264786432735619e+01
1.692611028563839426e+01
1.469286095529478864e+01
1.801784297543014546e+01
1.978330748476649958e+01
1.976446614390571810e+01
1.839323140722240524e+01
1.896679007415486851e+01
2.001223756691927846e+01
1.865649028270369314e+01
1.841075935045584444e+01
1.893402492402425707e+01
1.866333690846334648e+01
1.843196238860444325e+01
1.427397381470975191e+01
1.136665206361705849e+01
1.148294166185226750e+01
1.196908519635949908e+01
1.177208312023391024e+01
1.127023580591219698e+01
1.401498053727866200e+01
1.656447834837281619e+01
1.631189541578812552e+01
1.712283303952220948e+01
1.794958075176329615e+01
1.842364141694388024e+01
1.669387907051360642e+01
1.341801864637258213e+01
1.376945336476852511e+01
1.613941718097776956e+01
1.799791781581896899e+01
1.816206183493840953e+01
1.803347706863345579e+01
1.790140865069247411e+01
1.664902407270130524e+01
1.789133015437444030e+01
1.851036106480141896e+01
1.914830694351158513e+01
1.866942683951010906e+01
1.696859430056718665e+01
1.762822528886725948e+01
1.832272289869807480e+01
1.903026215463209425e+01
1.923171266391174683e+01
1.994988545592626039e+01
2.036797678985378468e+01
2.023317535365451292e+01
2.056241584704541125e+01
2.054375644260391098e+01
2.074318692346550108e+01
2.085767255962827349e+01
1.952802998234112763e+01
1.932498954701413041e+01
1.990071293044108458e+01
2.016154272271903736e+01
1.968597592513368610e+01
1.949738653579489522e+01
2.055636433221966541e+01
2.048240099261649405e+01
1.981594722070748205e+01
1.994740862835189787e+01
1.932603724108839671e+01
1.996918794877761272e+01
1.971226364609805515e+01
1.750878249238758499e+01
1.584445646057293011e+01
1.530442847735310252e+01
1.585194628235120007e+01
1.791203584294219198e+01
1.940827929048812095e+01
1.972687454658824180e+01
1.898100883499853353e+01
1.708876653941675983e+01
1.562838511067021763e+01
1.529255927154130568e+01
1.643663564234820029e+01
1.766473641111798543e+01
1.915047402540592358e+01
1.933952595019874465e+01
1.887160587355925756e+01
1.928907145099551101e+01
1.931351992691673658e+01
1.919137477943146664e+01
1.975234034639747449e+01
1.962082625482712928e+01
1.899430150339539480e+01
2.022615429276928012e+01
2.101142553099275645e+01
2.061394578404057398e+01
2.064711044504496584e+01
2.080611962154530303e+01
1.988917552656013399e+01
2.003343893287691557e+01
2.088388308118376457e+01
2.063200746646110773e+01
1.943506642029064935e+01
1.990192593479175542e+01
1.966686928936041667e+01
1.961294506107464031e+01
1.985541811875169671e+01
1.868448899397992236e+01
1.902905627073088013e+01
1.959066614174028942e+01
1.929665750824863224e+01
1.878506302620712276e+01
1.810983111766077158e+01
1.745807350053214080e+01
1.819785432511909562e+01
1.783260998180842449e+01
1.708783486555843112e+01
1.696750392009662534e+01
1.592954123715373882e+01
1.707354729237355784e+01
1.876707070401373301e+01
1.970334644489744491e+01
1.974920908432605415e+01
2.010047045401381993e+01
2.053425140706761454e+01
2.078801876334862442e+01
2.112018201190297972e+01
2.099521377567226921e+01
2.086125195712960334e+01
2.080805721321016222e+01
1.986820692235498242e+01
1.916573510509650191e+01
1.837298546936508004e+01
1.697995016238597188e+01
1.593454002383572643e+01
1.582761150414156326e+01
1.676977883751391474e+01
1.832640573991924882e+01
1.835629704318425937e+01
1.913762119101305714e+01
2.041682864216365800e+01
2.015854803327360045e+01
1.939294524125108055e+01
1.955652111548402772e+01
2.060274675215614337e+01
2.102387991632467035e+01
2.091329250994869327e+01
2.065748242225643239e+01
2.073420597043351066e+01
2.035003627974829854e+01
2.093537161589513573e+01
2.098842286431806414e+01
2.066758369802540685e+01
1.992554850338516914e+01
1.904115716568959371e+01
1.854539539565847406e+01
1.748135834120787635e+01
1.729156838161183174e+01
1.762980911738298673e+01
1.880287802145258880e+01
1.933959991183231608e+01
1.867944059898428932e+01
1.709471077625427071e+01
1.655947985088815955e+01
1.813902087712075328e+01
1.824817123985160450e+01
1.608824475332969683e+01
1.691448431863507906e+01
1.695528709429987302e+01
1.648509842696266148e+01
1.947163001575932739e+01
2.053206413064800628e+01
2.077941096150435030e+01
2.086943758002131233e+01
2.056435396947457406e+01
1.971202021097613510e+01
2.001262988035918156e+01
2.006555490397184727e+01
1.806409933978052962e+01
1.854787918366309540e+01
2.018665394572862937e+01
2.067518431945056889e+01
2.026262327406545793e+01
1.983637598329424989e+01
2.030784042786364907e+01
2.073770414978288201e+01
2.064677635148894908e+01
1.980398867766923487e+01
2.026886439562844444e+01
2.011744663548589429e+01
1.917586825771662618e+01
1.855291093227272725e+01
1.787083004804105357e+01
1.600634707619833819e+01
1.601482256343011912e+01
1.708142278163541761e+01
1.660944315376866243e+01
1.560640170112261593e+01
1.656154976433686699e+01
1.890018489244961231e+01
1.945974557844312969e+01
1.971507880318622696e+01
2.037185640273577647e+01
2.053692242944475765e+01
2.055408917758278520e+01
2.065309780566024855e+01
2.028830850537823594e+01
2.051352582865628804e+01
1.992300006569936599e+01
1.842914375772189217e+01
1.988389846855688958e+01
2.072502280900228655e+01
2.050045033782831538e+01
2.060361009202826210e+01
2.067012584891296711e+01
2.036427321357952636e+01
1.986927095407878952e+01
1.911445821506248777e+01
1.927505277990917065e+01
1.944110322904015575e+01
1.732812165836159579e+01
1.442032001818078335e+01
1.147172609294445955e+01
1.130755443747098532e+01
1.224505686236044077e+01
1.144889719512026538e+01
1.004152999973865512e+01
1.250814451777366720e+01
1.336820026945340523e+01
1.209375101832744903e+01
1.519053343746579721e+01
1.760393825374720578e+01
1.669624233747383002e+01
1.683481732171971856e+01
1.790046381600425462e+01
1.737445937413663799e+01
1.728093322447081803e+01
1.648485982802317551e+01
1.566156623903292022e+01
6.470665775920301233e-01
1.739771913582259799e+01
1.859676143107684609e+01
1.951032833001564271e+01
1.835349939801278296e+01
1.756157258016403233e+01
1.804972715193519761e+01
1.666075156180509609e+01
1.699643478149995346e+01
1.784754849321961956e+01
1.797196090226899301e+01
1.922915084698258070e+01
2.022537467537246414e+01
2.029742003140793827e+01
2.052823929860142371e+01
2.006851888288140984e+01
1.940064054952288686e+01
2.011967218698516291e+01
1.943620637037732379e+01
1.807450645900580710e+01
1.930763642541947078e+01
2.024123573427372591e+01
2.012273977076631226e+01
1.946128386564251755e+01
1.841847618642859885e+01
1.699357035197466459e+01
1.575407095127835433e+01
1.832520055891496824e+01
1.917952769713133776e+01
2.002792413655750892e+01
2.046341547865278088e+01
1.937854517129764531e+01
1.824175838463045451e+01
1.767770292281874234e+01
1.668179730152598594e+01
1.592951055134651561e+01
1.756065563695514697e+01
1.918019698199805845e+01
1.905551736242463434e+01
1.949882068510260780e+01
1.928011167596515918e+01
1.816959332124636717e+01
1.618397770227142729e+01
1.612143183778121980e+01
1.656949490091753674e+01
1.611349713332504408e+01
1.589101601380879103e+01
1.487012979420191350e+01
1.571614238712388278e+01
1.632373051099586192e+01
1.567890845556257240e+01
1.732377585974105116e+01
1.777208594258040009e+01
1.752781311743384052e+01
1.674969109234739406e+01
1.431665414395290448e+01
1.429771317194514424e+01
1.384931411813757585e+01
1.240700811657822733e+01
1.163196827524189025e+01
1.287409289669908752e+01
1.537122622566304919e+01
1.688942525728725386e+01
1.608621902263874048e+01
1.709579196266610168e+01
1.748413854767104425e+01
1.478348193897952711e+01
1.432354939262064164e+01
1.434787918985796829e+01
1.380115883541936128e+01
1.497472141448284511e+01
1.451697905691771062e+01
1.382836566397867983e+01
1.671633667485638952e+01
1.722393005238269481e+01
1.729004247588872190e+01
1.882764766351085939e+01
1.826990790072109050e+01
1.574650555139834829e+01
1.633738075151625324e+01
1.720635144652356274e+01
1.817234995573301859e+01
1.738213325560245082e+01
1.588826564651782824e+01
1.663369822440558821e+01
1.595159079196789520e+01
1.545301590657655311e+01
1.694802167167178553e+01
1.764213043832804928e+01
1.724140862908516425e+01
1.552836273730403782e+01
1.467776476188969781e+01
1.222106375996065530e+01
1.025373486288554048e+01
1.192380320690777573e+01
1.403223324262073568e+01
1.482319827049851746e+01
1.289769972238135942e+01
9.256064325375179536e+00
9.606307610589515988e+00
1.162893782096069195e+01
1.271278556901102519e+01
1.399633008493934305e+01
1.668496583196739280e+01
1.650083797348709780e+01
1.584383469695772817e+01
1.763912356078883192e+01
1.787704998385308031e+01
1.545427025862177040e+01
1.417225499514698406e+01
1.373019943359135020e+01
1.167444241898338042e+01
9.548640767796889861e+00
9.244639482532216235e+00
7.193846368824766024e+00
3.566147631333843382e+00
6.116901568004187162e+00
7.902252260208610046e+00
4.959758837227997041e+00
4.136557290938273290e+00
5.316751094473706196e+00
7.189535929418625848e+00
7.046755168688965121e+00
6.137696627518644199e+00
7.674543337407192745e+00
8.957242059648189425e+00
8.426802233829198130e+00
9.941012527196976478e+00
1.220979081928793342e+01
1.175670760540690019e+01
1.118362781722066401e+01
9.437514107303478283e+00
9.297943423501182636e+00
8.389342770562457474e+00
5.315382774237785490e+00
5.860468399550195606e+00
6.208849625254128313e+00
6.974213144824644495e+00
9.222673325706196579e+00
9.698527970439629442e+00
9.286437350287277681e+00
1.054444903759435093e+01
1.149004453987172170e+01
1.202241790339739147e+01
1.235606828604958984e+01
1.322051650420474722e+01
1.494371383562662636e+01
1.304552670718423890e+01
8.681822366482682796e+00
7.597090684569754337e+00
9.744679903034684898e+00
1.367742052262284602e+01
1.433089283399343472e+01
1.365573071913930825e+01
1.349338583026042038e+01
1.509672825556519626e+01
1.615845935372031406e+01
1.488341169030648459e+01
1.548746934832409394e+01
1.659762990879535494e+01
1.687219653548359588e+01
1.602788634902517728e+01
1.499007755146615217e+01
1.531098102754622658e+01
1.554033531725392692e+01
1.633570993816430317e+01
1.577682541783954306e+01
1.364222112044095780e+01
1.512171687017107047e+01
1.525913824534800334e+01
1.474024843540779450e+01
1.375416587160726856e+01
1.235116646250739514e+01
1.272364131569588430e+01
1.195307671823662332e+01
1.144861738583213295e+01
1.096835472716437643e+01
9.752701931987987294e+00
8.206704237618751563e+00
8.097821693819275524e+00
9.843554653419932521e+00
1.091039623394134672e+01
1.304132079878639949e+01
1.459933148736531727e+01
1.405227831736936395e+01
1.353593935941629134e+01
1.265808767007436408e+01
1.074506809818832487e+01
1.042948513060189875e+01
1.298326594504609766e+01
1.427315999737115781e+01
1.284565966702909989e+01
1.263850902921155850e+01
1.253065066335128996e+01
1.076334731669975930e+01
1.014220634239937446e+01
1.008931018893303033e+01
1.027828218076052202e+01
1.205453359363869659e+01
1.338777561935656024e+01
1.207118572669217293e+01
1.127342211041628417e+01
1.131604864825168733e+01
1.131701792856071798e+01
1.251340463385392532e+01
1.250561596313086632e+01
9.827288053689308356e+00
1.060614395145171507e+01
1.198314839222443240e+01
9.546766821060819197e+00
5.875535539997249757e+00
6.470665775920301233e-01
6.470665775920301233e-01
6.470665775920301233e-01
6.470665775920292351e-01
6.470665775920292351e-01
