-1.680733925646400806e+01
-1.574685304797223395e+01
-1.539990782767960553e+01
-1.584847854763254382e+01
-1.643163155387047425e+01
-1.698029442791091270e+01
-1.722945014436058031e+01
-1.708232411535284356e+01
-1.606401410689474218e+01
-1.479936813550613550e+01
-1.582441308024308135e+01
-1.549296432202695506e+01
-1.407715879751306254e+01
-1.333014066856981472e+01
-1.390553733327229047e+01
-1.390128161621231229e+01
-1.389157873676759181e+01
-1.452678974751623109e+01
-1.503915674930940760e+01
-1.579374341271915938e+01
-1.617264868778874032e+01
-1.512289007746831082e+01
-1.385761801230344581e+01
-1.456964121464129214e+01
-1.373006872265567857e+01
-1.433131449023311177e+01
-1.631032354492468173e+01
-1.605302320041289832e+01
-1.259047709958217531e+01
-9.790335838615090935e+00
-1.003841825487613981e+01
-9.519112151262550725e+00
-8.346987346629660465e+00
-9.957767363329555366e+00
-1.182925814314268109e+01
-1.252065194364108969e+01
-1.032387831258303024e+01
-9.431820691999483586e+00
-1.101838131649947172e+01
-1.190844623716806616e+01
-1.345125950086067057e+01
-1.358941877515163021e+01
-1.284520042111538807e+01
-1.076651683696976924e+01
-8.976450654732856194e+00
-1.031798555009262053e+01
-1.323275443330883760e+01
-1.442600508577616303e+01
-1.492856535618547476e+01
-1.518679487952959128e+01
-1.359264767354630088e+01
-1.228647760605482198e+01
-1.197318640249639010e+01
-1.176228655150566738e+01
-1.306511707285024571e+01
-1.520980705997952320e+01
-1.659150232399001013e+01
-1.649193180139167580e+01
-1.580395002606083388e+01
-1.348009922806152439e+01
-9.745081529519749708e+00
-8.984978609866089982e+00
-8.826285987242920683e+00
-9.677039915803836934e+00
-1.038252224420925174e+01
-1.055095998986355710e+01
-1.063381439739760204e+01
-1.041260031039604961e+01
-1.355606316998817640e+01
-1.565050894349973909e+01
-1.531565665924295239e+01
-1.529230853159863557e+01
-1.551865800990332822e+01
-1.483907983022346677e+01
-1.566115381855365385e+01
-1.717540268324669483e+01
-1.771494011035084171e+01
-1.712880178315869273e+01
-1.325954551720788999e+01
-1.053922244755258397e+01
-9.924019166310676709e+00
-9.625303362300046572e+00
-8.543143566880164741e+00
-6.668450031438601044e+00
-4.531608319906163196e+00
-3.508757301396409289e+00
-8.628326622958299552e+00
-1.261287317008793885e+01
-1.273179357161620295e+01
-1.170961013604047984e+01
-1.259390405869193508e+01
-1.213911448777232316e+01
-1.003258478333749615e+01
-9.499795457655890729e+00
-7.966971763836708575e+00
-6.080574198929367569e+00
-9.035129820979985737e+00
-1.114900075416575653e+01
-7.000678950607456485e+00
-3.995399052950733942e+00
-3.509126366567707489e+00
-5.668654469049211997e+00
-3.468075645298515752e+00
-8.236355910881517639e-01
-4.124407570165534054e+00
-6.233982353779469854e+00
-5.843925858330398349e+00
-4.471412107600877484e+00
-3.003725041534433871e+00
-1.907842959996068233e+00
-3.666897726619631648e+00
-2.748374508998865373e+00
-1.938500096112897975e+00
-5.426374591106219114e+00
-5.485734377037411846e+00
-5.983449175933055919e+00
-3.482014557312782532e+00
1.686485362835481006e+00
7.212380171574397925e-02
-2.029223524365057152e+00
-3.159885239285993297e+00
-3.969550156829528831e+00
-3.030680654766578108e+00
-2.393308195358268442e+00
-2.437465053221506750e+00
2.688385076340988333e-01
2.984770238348602334e+00
-2.700805113908383959e+00
-8.304978074081917683e+00
-7.130993981446544616e+00
-4.955451437506512846e+00
-4.539529910048857531e+00
-6.350210583442843060e+00
-8.357342493210085266e+00
-8.402712504890661904e+00
-6.056865626079138032e+00
-1.924830860716528091e+00
-5.420409888942899990e+00
-7.719013077532895117e+00
-6.526986157146988710e+00
-3.618690448118124792e+00
-4.656112891892287386e+00
-4.235124708651002656e+00
-1.487590538900168236e+00
-7.133588748028729221e+00
-7.659347580046253157e+00
-9.297653569698434595e+00
-1.190613274515436260e+01
-9.099263786020577172e+00
-8.354264224034666952e+00
-9.680573914026032512e+00
-1.019569950149535664e+01
-7.828106544541658884e+00
-4.078815172359933960e+00
-2.584023119792773215e+00
-6.125679677589618954e+00
-8.586452640440098705e+00
-9.140815482591628793e+00
-1.155770259876032746e+01
-9.753720896143269314e+00
-7.924228900739173298e+00
-6.244629575973849711e+00
-8.610950613240511586e+00
-1.045160700452266056e+01
-4.865151154542243894e+00
-1.524396727496760473e+00
2.095742393629627109e+00
4.152843343009076094e+00
-9.320529093099847451e-01
-4.721712097277762865e+00
-3.278630460746874142e+00
-3.801863041144035282e+00
-3.374525843593631613e+00
9.717315641694044270e-01
-3.267913666391991434e+00
-5.130229861861276497e+00
-4.812573471913599299e+00
-6.117723250660636047e+00
-2.441142897592339267e+00
1.388794173760994122e+00
5.155447858415636020e-01
-2.163322850970556210e+00
-2.237459019931396398e+00
-2.577007287153699977e+00
-5.522125049704696309e+00
-4.445613858479069869e+00
-2.668830907359318161e+00
-6.347753806506878149e+00
-9.637342615495033016e+00
-9.522855335087955453e+00
-8.839578570015312664e+00
-6.280882069322474059e+00
-4.088675106785921720e+00
-6.205292458185605931e+00
-6.871039615474113127e+00
-8.552304970023234532e+00
-1.072187297548089369e+01
-8.001160814331580440e+00
-3.851297363430665754e+00
-9.186573784983136370e-01
-1.628496466309768742e+00
-4.054391373785271924e+00
-6.123341897312440274e+00
-7.699282079611440288e+00
-8.651361675872410117e+00
-1.052889372498767884e+01
-1.004530661392646884e+01
-7.134976855394756790e+00
-4.095141188449717973e+00
-5.332460156054274591e+00
-1.068126079994161515e+01
-1.332160950410251310e+01
-1.355747292781807012e+01
-1.203739726628718820e+01
-8.933519195259604473e+00
-5.470040036041345921e+00
-7.785897750006616214e+00
-1.212893861443548182e+01
-1.361311001953169431e+01
-1.252763011353625089e+01
-1.282546935646086972e+01
-1.160011940147059661e+01
-7.754694758201611471e+00
-5.141634066119484814e+00
-6.014716292009167908e+00
-8.742933944258847845e+00
-1.038125714002247513e+01
-6.402281756021263703e+00
-2.892443133574682523e+00
-6.097378275194259345e+00
-9.799386213358429742e+00
-1.187665242659872611e+01
-9.339536489811548492e+00
-4.458182495063789830e+00
-1.526248911160662969e+00
2.449470142616544388e-01
-2.416214107538395606e+00
-4.601135000197605684e+00
-4.297021856141443941e+00
-1.967433125388224013e+00
-4.356962884802624558e-02
-4.753945899196492242e+00
-5.784305159971681043e+00
-4.564098729728198300e+00
-5.768233112297251886e+00
-5.805769982688656405e+00
-5.197290115404585187e+00
-3.016220260500128258e+00
-5.536534981175759818e+00
-5.654276748869958347e+00
-4.324585723139986904e+00
-8.205353662939893766e+00
-7.148019663090933840e+00
-3.491227353779659204e+00
2.351815986641031309e+00
5.815628763549161029e+00
3.145397367911746844e+00
1.739319896969136581e+00
-1.507675611794902171e+00
-1.297524704242080329e+00
4.622834778309130588e-01
5.042788719171416467e+00
1.053497494905943732e+01
1.114835942467671082e+01
1.072360149231752935e+01
8.063531485754696249e+00
7.560454870604960576e+00
1.046369897538685656e+01
9.224594243330136223e+00
8.194068517660996420e+00
1.083540383074584845e+01
8.903660500606568107e+00
1.010089522295556996e+01
1.279801578441126964e+01
7.293546923998612819e+00
-1.071777860700512175e+00
-3.327991027364906707e+00
-1.905004364014379448e+00
-3.885571128581060574e+00
-6.913605989771985705e+00
-7.850800466746391315e+00
-5.792057161603342053e+00
-9.994617464774380178e-01
-3.475131758079794686e-01
-4.502419199661464866e+00
-6.000871162247269019e+00
-7.195762285354234677e+00
-4.317300462594274357e+00
-3.793761701547645249e+00
-8.480762712559556604e+00
-8.580209884318973579e+00
-5.963794296102847170e+00
-5.224832548333712801e+00
-3.234941002852369962e+00
-2.085852866608338907e+00
-8.150115375236365312e-01
3.137900893341270425e+00
7.453767881834573394e+00
6.991194904559663748e+00
3.970782230351775244e+00
2.349148613113619888e+00
2.721862576065136707e+00
4.851627029885475229e-01
-4.682138605126111131e+00
-9.263372723501833050e+00
-1.109742282401735913e+01
-1.133804554196341563e+01
-1.221795812736178810e+01
-8.023424303673243330e+00
-4.047639292500350372e+00
-5.542208237132464355e+00
-5.141593617592721266e+00
-4.180736685666782471e+00
-5.440970454717662719e+00
-7.581821114096432446e+00
-1.021966213366223108e+01
-1.171839893143096312e+01
-1.241160775870652522e+01
-1.411537788224225842e+01
-1.352186223090109252e+01
-1.113287462223014224e+01
-1.146913183135378134e+01
-1.219815012719325686e+01
-1.222082934671466425e+01
-1.075776424775910556e+01
-8.645445215792245008e+00
-9.981363221079000425e+00
-1.215370430946567915e+01
-1.091178552751711450e+01
-9.173987071198927978e+00
-9.842491805124129911e+00
-9.710210765116674025e+00
-8.615222900809831330e+00
-6.173854029979612079e+00
-2.791177955151270318e+00
-1.039918647896198034e-01
1.023921955867195699e+00
-1.192107942774701890e+00
-3.853018641918791065e+00
-5.605881550749348685e-01
4.590473086873537056e+00
1.796094352065054967e+00
1.290239660600515759e+00
3.673169658962632145e+00
3.146516590921765832e+00
5.064525468834133015e+00
5.287199793927838343e+00
2.773140800160233788e+00
-2.878380192700500384e-01
-5.942011429012356016e-01
-7.382727283133758700e-01
-3.290235877800675723e+00
-3.615958121285740567e+00
-2.386223342897251243e+00
-3.835508837811085314e+00
-4.671072697236973603e+00
-2.442592977742391369e+00
1.949602227150031286e+00
4.107571252675657369e+00
2.565807558311433034e+00
9.359837081974200501e-01
2.766070175895756655e+00
4.986236669542502220e+00
3.854076557490408561e+00
1.328840797277496488e+00
-2.938429637038364461e+00
-4.552298970913730258e+00
-8.752068662804757260e-01
-1.273051004712650425e+00
-3.132309663452125470e+00
-3.854899976211441981e+00
-4.630138255864960861e+00
-5.795470431918941401e+00
-8.579529673515889243e+00
-9.782696234097420174e+00
-1.013801122097086882e+01
-8.190280299135340059e+00
-5.894976762506325407e+00
-5.356356410109104793e+00
-6.157367214846055425e+00
-1.074306810637128784e+01
-1.401350699845140646e+01
-1.444606746395142771e+01
-1.152248277609053773e+01
-5.282088414882665894e+00
-3.224048013023990134e+00
-3.063165272636552139e+00
-1.291458302680983827e+00
-3.563803477039526157e+00
-6.973026518190889256e+00
-9.386327803770956990e+00
-7.390888758076546772e+00
-4.660749004645084348e+00
-6.603536606460633784e+00
-9.262255453778838188e+00
-9.713083172413828237e+00
-1.028693596263678423e+01
-1.157085593947213198e+01
-8.787965506455238440e+00
-6.594122520122577491e+00
-6.464220631014204521e+00
-5.674257887460133709e+00
-7.072307417888083592e+00
-8.051560627314136909e+00
-7.852961162488392155e+00
-7.157442876433594670e+00
-2.308315872905875032e+00
-3.769716919361606466e-01
-1.123829400783033616e+00
-2.017964806841050951e+00
-2.289527382265513999e+00
5.129777083873556798e-01
3.551941309814061754e+00
4.082849281773885508e+00
3.011539598145857699e+00
2.749441527837459098e+00
5.960822310598431484e-01
-3.086211022063090503e+00
-4.223431027903802537e+00
-7.480193980712470658e-01
1.185937873802511477e+00
1.982274732743119217e-01
7.727364069604558683e-01
3.022675043435049336e+00
1.519770672663717903e+00
5.714757274873332182e-01
-3.775646131960156415e-01
-1.938851177602023412e+00
-2.826578859933777110e+00
7.973866809207476036e-01
4.581892302383901772e+00
-2.079532552117342004e+00
-7.766400113010495154e+00
-9.754528883034870645e+00
-8.383379842091974510e+00
-7.738246992332036278e+00
-8.976731907135443223e+00
-9.216207633737154126e+00
-7.237377269757733877e+00
-4.186673093122313283e+00
-1.276192170172367302e+00
2.001047915255896037e-01
-1.227121279899311856e+00
-3.470685855613936166e+00
-5.277451447449382549e+00
-6.070609752721403574e+00
-7.876336257396614471e+00
-1.002255005986907754e+01
-7.563683188311285832e+00
-7.857033077042214764e+00
-7.408242193273236076e+00
-2.685762539179026742e+00
-3.178731308893476992e+00
-6.090584513073530992e+00
-7.971899944572846231e+00
-9.680261525663780731e+00
-1.079558909978278791e+01
-1.204155005152976443e+01
-1.273557383380824426e+01
-1.233644034106640852e+01
-1.068877662187888689e+01
-1.082408741776353445e+01
-1.285410134067612553e+01
-1.191592096788675015e+01
-8.980437320066805285e+00
-8.859285561839939760e+00
-9.755421961792702490e+00
-7.586411494127667687e+00
-5.037720890833646159e+00
-4.838846824362747157e+00
-5.138143561911507007e+00
-4.496116991098301874e+00
-5.878913933710602002e+00
-6.688483986910465973e+00
-6.737234648236465340e+00
-5.575501595293649082e+00
-5.666268938822818235e+00
-7.058912748325220754e+00
-9.198485680887261040e+00
-1.082966743266570653e+01
-1.086873606270835069e+01
-1.128112593104318684e+01
-9.306868175685794498e+00
-5.465552189684537154e+00
-6.412085383838245001e+00
-8.216790925473434370e+00
-8.588147364699139530e+00
-6.470962434744302882e+00
-8.036155734721226906e+00
-1.080389140113676660e+01
-9.258027930526226967e+00
-9.109491971682336597e+00
-7.963414731403305247e+00
-7.561180578321910595e+00
-1.037668487523109384e+01
-1.148950233766598927e+01
-1.057203710745737091e+01
-1.092474862351412312e+01
-1.235688559396120212e+01
-1.343517836361369611e+01
-1.395753223394039111e+01
-1.241063797039473826e+01
-9.689996498500144995e+00
-8.708214078524040502e+00
-7.860589904939426553e+00
-6.280323528917838516e+00
-6.768936278173076637e+00
-7.909015549038053372e+00
-8.688450122949396004e+00
-9.389758938396777666e+00
-1.119712334526923847e+01
-9.088932479716696378e+00
-4.796495636968157505e+00
-4.804203957395851710e+00
-8.782809067971342643e+00
-1.158566254641645799e+01
-1.015550405462667349e+01
-8.351491160678003567e+00
-8.278429407887939462e+00
-1.012498527093202405e+01
-1.225038291985813466e+01
-1.373823642674099332e+01
-1.401290457787725252e+01
-1.195259982345246463e+01
-1.263324200351313564e+01
-1.359661999327307846e+01
-1.208470638507048811e+01
-1.432813859444788207e+01
-1.481105471491864556e+01
-1.435281436262660648e+01
-1.400394575598090441e+01
-1.218458945026507756e+01
-1.196958277421574657e+01
-1.102256094911251694e+01
-8.563962993534380175e+00
-8.529515993848445277e+00
-8.571485179608016480e+00
-6.956178392072930983e+00
-5.728907688104523999e+00
-4.822750435799456170e+00
-4.170673566118821896e+00
-6.843458933658697951e+00
-8.343573185518211588e+00
-8.337205786650240924e+00
-1.054063829685190079e+01
-1.254919464031250520e+01
-1.329527599230129908e+01
-1.280592983657069794e+01
-1.324117463383083582e+01
-1.189124108004541291e+01
-9.305741983126848638e+00
-1.065506302123371718e+01
-1.256548641698679170e+01
-1.358715015860679465e+01
-1.367446466637829339e+01
-1.431274169336425750e+01
-1.537492381698316812e+01
-1.578767154835504982e+01
-1.408587150466393645e+01
-1.272129496364592782e+01
-1.342180298647094361e+01
-1.219791175129694771e+01
-1.068101307707230241e+01
-1.254306890936616448e+01
-1.522406694043890951e+01
-1.605873887442330528e+01
-1.587775033154436066e+01
-1.489035646577158367e+01
-1.561307802350543206e+01
-1.631870675429791717e+01
-1.661185997346356302e+01
-1.673966564239301036e+01
-1.675042460019099266e+01
-1.648287699559829633e+01
-1.255753467562742820e+01
-8.461150091780899274e+00
-9.091954150893759135e+00
-1.131803766100333242e+01
-9.978391497556794221e+00
-7.717119174565974404e+00
-8.528657086521837627e+00
-1.008797231460840926e+01
-1.049835568117252826e+01
-1.064251807069778089e+01
-1.283835214656613566e+01
-1.275143745177072674e+01
-1.097756955773418319e+01
-1.061624007320848229e+01
-1.103892090949708837e+01
-1.473271399716752050e+01
-1.528435584283374915e+01
-1.445793354801384645e+01
-1.547769574139682014e+01
-1.608992368583959731e+01
-1.515280686420149436e+01
-1.445258784582293998e+01
-1.392154074340442627e+01
-1.245405432499873477e+01
-1.066642198219755677e+01
-1.331640588451282703e+01
-1.410814953582926989e+01
-1.309586567251361622e+01
-1.160303637102780527e+01
-1.097439380691533906e+01
-1.176545439977681973e+01
-1.086726246758142800e+01
-8.914267853485371873e+00
-9.583951933210775209e+00
-9.616707313001612079e+00
-9.587550829090977444e+00
-1.066404063518481315e+01
-8.873610800278658672e+00
-6.263665269555315440e+00
-8.205026029686917965e+00
-1.164777150545994822e+01
-1.461937862774502328e+01
-1.634685908351307049e+01
-1.600716959828120523e+01
-1.547597258356825911e+01
-1.565148276479186329e+01
-1.578708155158351722e+01
-1.565019328841421142e+01
-1.567264725798712810e+01
-1.586645254743135958e+01
-1.616548595826476031e+01
-1.616030505087523039e+01
-1.620367217906504820e+01
-1.581402027460922710e+01
-1.491483443669243236e+01
-1.462825763827615688e+01
-1.292728954914317718e+01
-1.206587155196626249e+01
-1.439410047109644175e+01
-1.555905831636519387e+01
-1.432916182939207772e+01
-1.361971450123875016e+01
-1.150516289771343814e+01
-1.027197293888716700e+01
-1.063940032915220080e+01
-1.197969090623090516e+01
-1.276164470999451694e+01
-1.163258726985004721e+01
-9.902931488018053230e+00
-1.057822254991497601e+01
-1.235277462334363996e+01
-1.289597678310426154e+01
-1.196839244268123714e+01
-1.290884557988097292e+01
-1.430398013346423980e+01
-1.339693530056493564e+01
-1.229115865799673024e+01
-9.261061653593598564e+00
-8.104658096640811493e+00
-1.082191985564227288e+01
-1.518930808748469019e+01
-1.574115923976153297e+01
-1.443648738423911659e+01
-1.424429305025257797e+01
-1.470631854495675128e+01
-1.563930960864346176e+01
-1.516322528120846336e+01
-1.472494322975699887e+01
-1.528928373489299908e+01
-1.511899827425430409e+01
-1.485968160220642531e+01
-1.513504111417461750e+01
-1.624856056109239333e+01
-1.606226622183630681e+01
-1.515493081815080068e+01
-1.489332891863987385e+01
-1.581027260856151706e+01
-1.604307141104385082e+01
-1.522722423843427819e+01
-1.439258694223900648e+01
-1.287506804798823090e+01
-1.095624766811825701e+01
-1.046530578254867372e+01
-1.266477813007901965e+01
-1.396249684673890457e+01
-1.405645689851092506e+01
-1.417723532927122321e+01
-1.210947451266519970e+01
-1.072380993748709166e+01
-1.324760810788596643e+01
-1.273597444909070298e+01
-1.257944820625004390e+01
-1.293719735536117277e+01
-1.363985378041509655e+01
-1.511676998410743877e+01
-1.354747245026170788e+01
-8.952800348598300317e+00
-1.088748928388683446e+01
-1.099408445483231667e+01
-1.145362784434027681e+01
-1.463318104839579448e+01
-1.539054799375627702e+01
-1.501762071222542083e+01
-1.477675330053998159e+01
-1.398303129419869784e+01
-1.245156213800230738e+01
-1.301886507577328089e+01
-1.418624056103340791e+01
-1.340057904305593262e+01
-1.324556348394289707e+01
-1.569726835609202276e+01
-1.555032704614673911e+01
-1.334017516178166041e+01
-1.116015645294083392e+01
-1.073028576966214054e+01
-1.115525034482901212e+01
-1.195680213203412912e+01
-1.390191127785296565e+01
-1.439638609864107899e+01
-1.319109900616280839e+01
-1.299547972556235287e+01
-1.222147132306788997e+01
-1.221490217160688907e+01
-1.414414918259654108e+01
-1.551447263988885261e+01
-1.594627028393385437e+01
-1.435470479143500278e+01
-1.444282497462915060e+01
-1.489208816901044585e+01
-1.418289322071951375e+01
-1.305740853754542208e+01
-1.116099908017467079e+01
-1.245938086322129124e+01
-1.446789498757826742e+01
-1.356285977944367893e+01
-1.441679893545202695e+01
-1.579876103162573209e+01
-1.534662842095007029e+01
-1.435878000218899686e+01
-1.406255122317909034e+01
-1.265411109860350436e+01
-1.128679000173247893e+01
-9.534535747444730092e+00
-9.565056422465202601e+00
-1.206858153259416078e+01
-1.033192205233052796e+01
-6.605182082026702872e+00
-7.994646524084159545e+00
-8.643011934405738117e+00
-7.333751145538676575e+00
-6.673482656994016438e+00
-7.181121712186282480e+00
-9.471941825297585993e+00
-1.063331147956396272e+01
-9.166404591546355007e+00
-7.101456308771333603e+00
-2.828982884951066534e+00
-2.227356548251729906e-01
-1.707459291788514300e+00
-3.394459495682148553e+00
-5.830930502534040549e+00
-7.854506907728528553e+00
-8.060325763406822830e+00
-6.902488652420399440e+00
-3.818940594408559264e+00
-2.008876715497529997e+00
-3.189718719251796397e+00
-6.599779382757485102e+00
-7.435044659485671836e+00
-8.370551908030263277e+00
-1.216283979750842725e+01
-1.459322109202503803e+01
-1.408536948479633466e+01
-1.396654017298093464e+01
-1.430300949005418332e+01
-1.261137501418736129e+01
-1.056545242259958428e+01
-1.089457969057319175e+01
-1.257996217137833206e+01
-1.325537901071089841e+01
-1.528842581259197608e+01
-1.580991888869374051e+01
-1.571050755143206246e+01
-1.571761814118301892e+01
-1.603826434710724769e+01
-1.671043360534546096e+01
-1.633345852820675859e+01
-1.478681425479291356e+01
-1.575545414199998007e+01
-1.518355850607098922e+01
-1.250055787423742615e+01
-1.028081778171320870e+01
-1.053475030915229560e+01
-1.232806716048535378e+01
-1.064641437890263198e+01
-9.473952807426186951e+00
-1.038304785981764589e+01
-1.004952019600792035e+01
-8.782086402899226485e+00
-7.306245881901171302e+00
-7.616929302748714825e+00
-6.983335537503781332e+00
-5.447227603072218649e+00
-5.507539946339667480e+00
-3.923952620703117233e+00
-1.001223091260422748e+00
-3.195545546370764711e+00
-8.877781954075894433e+00
-8.167791028355599892e+00
-5.293288154249556676e+00
-5.775246607011370159e+00
-8.734406293386472342e+00
-1.073015707057059132e+01
-9.015561317365735405e+00
-8.270876587118230816e+00
-1.000988804437467827e+01
-1.107936104787347631e+01
-8.628559809605071962e+00
-6.821984899063784802e+00
-8.438183961100095942e+00
-9.296866798920312647e+00
-8.608654462712062028e+00
-8.327070601631829661e+00
-8.042595404085750133e+00
-9.533796020643517721e+00
-9.757795944424705326e+00
-8.132215934366394450e+00
-8.153957510838855782e+00
-8.207881249005138713e+00
-1.057397894733964527e+01
-1.282023062215817255e+01
-1.569012179287731179e+01
-1.628672739162626826e+01
-1.564998214017253098e+01
-1.653861438513186854e+01
-1.634125430209979513e+01
-1.429917887344763550e+01
-1.360272640781332321e+01
-1.389493732102968160e+01
-1.261814083949236043e+01
-1.193075930161106335e+01
-1.154452631307063548e+01
-1.061346798428831129e+01
-8.679365907632295318e+00
-1.034441420932731859e+01
-1.390690478842033073e+01
-1.478930181242687958e+01
-1.499084863337224149e+01
-1.342673536442950954e+01
-1.016221951513952959e+01
-7.339418303118722342e+00
-6.931496999491785438e+00
-6.599417525112905025e+00
-6.451068467287955244e+00
-6.231856391719671429e+00
-3.552006600248314161e+00
-3.400841721392214301e-01
1.232953459382959416e+00
1.593617252398724649e+00
1.508666128012602137e+00
-1.331925193423113107e+00
-5.859882462951468973e+00
-9.695934661032479696e+00
-1.075675020922838954e+01
-8.839802255858748126e+00
-9.066986003884512257e+00
-7.420784328215122905e+00
-5.773056510239169548e+00
-8.720658301514236044e+00
-1.120100205264679083e+01
-1.134246318249503638e+01
-1.300908412571216211e+01
-1.312940733220208678e+01
-1.173578677179557062e+01
-9.927344164571863416e+00
-6.650277270876407520e+00
-8.841275340300793317e+00
-1.256316946554200165e+01
-1.400098758458087822e+01
-1.441693839886889528e+01
-1.317093999613534550e+01
-1.303088950206782748e+01
-1.377146601325289232e+01
-1.144817493463188640e+01
-1.040450514766378554e+01
-1.138594067685937894e+01
-1.168715569000405985e+01
-1.125159873562681589e+01
-8.103712621550643647e+00
-6.304901081079097303e+00
-3.696558088361615368e+00
-2.242761196947073543e+00
-2.469817946772665529e+00
-2.815786877655821918e+00
-6.066972238410433427e+00
-9.158506324980054458e+00
-9.340099810246288214e+00
-7.723595331261754460e+00
-6.381760898256261250e+00
-6.805418935483643850e+00
-6.339532857043965741e+00
-6.631770383640609445e+00
-7.885914524881155963e+00
-6.879358865529159317e+00
-4.992163429445586331e+00
-7.627226131559496913e+00
-7.501788737066006796e+00
-5.044330969959563760e+00
-5.950270767582579445e+00
-7.104127593950987141e+00
-8.395768492387350790e+00
-7.966658922079962402e+00
-5.386764147985330986e+00
-6.084291327845170905e+00
-9.149792386112061138e+00
-7.764723774906463483e+00
-4.908821730278198459e+00
-5.031859225976372585e+00
-7.649545990192348377e+00
-7.721045209809007659e+00
-2.624887166926995086e+00
3.851235567449843522e+00
3.932805282671570701e+00
4.235106550954845339e+00
5.943561278341459975e+00
2.648190418159962256e+00
1.344724478782710175e+00
1.586213242500555509e+00
-3.473652862908281347e-01
-2.083468404034221066e-01
3.131663390960278126e-01
1.345952384238878086e+00
6.311820316946240017e-02
-2.294253561381075279e+00
1.060752098907797425e+00
3.818966325490913416e+00
2.271771883232816869e+00
-4.359328750657536777e-01
-3.618696603405522794e+00
-5.352423396080953744e+00
-6.655978120364983042e+00
-9.453227985791503585e+00
-8.690882535164936584e+00
-6.106180737231240663e+00
-8.116251215144281161e+00
-9.607055295829814767e+00
-8.961379968220860803e+00
-9.226430690991753281e+00
-9.301480621830256368e+00
-7.016469308422229822e+00
8.411327844423412969e-01
7.466934370764477080e+00
7.316268269181893658e+00
4.632766402039177223e+00
4.408765889930116977e+00
3.474962156047683326e+00
2.213569193846668171e+00
2.015469911153771498e+00
4.754936752230215724e+00
6.392797327733501511e+00
2.752783460005443494e+00
3.784342652546274777e-01
1.792638811849940339e+00
2.210960799092578810e+00
-1.029883425981950040e+00
-1.255415456195965618e+00
1.111034328985237851e-01
4.669268765224012796e-01
2.372118975837242960e+00
3.666284324364361247e+00
4.224616887517501418e+00
6.881633389927849009e+00
4.954046929686819922e+00
2.884862533878822521e+00
2.287139876196134125e+00
-9.686592870340607342e-02
-1.481089902799420932e-01
1.988634775215608386e+00
2.622731902636211032e+00
2.278163689925338353e+00
3.748381281012287847e+00
2.992113790803445195e+00
1.738628270868208814e+00
2.811772284874682448e+00
3.672080379380867399e+00
3.864683578069257330e-01
-1.585148641830004035e+00
-1.202217363512259496e+00
-3.449149591122811387e+00
-3.400119289428567004e+00
-5.762286540914510757e-01
9.439173400171602113e-01
6.550077701124780161e-01
-3.447883765225498998e-01
1.837379825532705624e-01
2.593265929427954752e+00
4.575968381915762606e+00
7.189114078342326408e+00
4.407426631833818220e+00
9.565418926966079427e-01
5.188115197347655361e+00
7.362313870921805226e+00
5.721070792846322028e+00
4.996696052044080183e+00
7.188653414738502612e+00
9.304798943207595485e+00
5.476559470612631486e+00
2.566889495893803108e+00
4.650601009618164028e+00
3.988582685454461263e+00
2.515332408695230448e+00
-1.114998545650643713e+00
-5.706128602548882434e+00
-5.518710010900782947e+00
-2.876981104242761766e+00
-3.336486019640043210e+00
-4.589016824157621244e+00
-3.328027601343353403e+00
-9.135756485324127985e-01
3.555268861231072886e-02
7.171170328280744855e-01
-7.354222993194305946e-01
1.039939740338160723e+00
2.809051023128564140e+00
-1.181511152610140503e+00
3.620452762232811428e-01
4.802589830619801603e+00
3.136209778592502051e+00
4.016293310078657419e-01
-1.591032302465921755e-01
-4.148908728953890623e+00
-7.763890164325674803e+00
-5.425276637190877160e+00
-3.145605412551033986e+00
-3.815079822309579427e+00
-2.057864399356427398e+00
-1.685610570703549804e+00
-5.413266556401388208e+00
-9.095503103775447684e+00
-8.075770683087290180e+00
-1.611108505501881449e+00
2.903066707121597645e+00
3.301359970594169191e+00
3.848232358498348660e+00
4.096971260362180622e+00
9.350931129210208193e-01
-1.621422202521456413e+00
-2.508551408303373087e+00
-4.883385891783836863e-01
2.820958545254814154e-01
-4.486668780112315069e+00
-6.839583793021115632e+00
-6.903215187666693176e+00
-9.156407364512835656e+00
-9.175156864218019237e+00
-5.129986596107051433e+00
-6.186897998750935379e+00
-7.582403616773365052e+00
-3.389875771609242250e+00
-2.212450560979554837e+00
-6.447122258626910352e+00
-8.820304216194443825e+00
-9.730933334105104748e+00
-1.295538857128702226e+01
-1.388849216172430978e+01
-1.306592757391218029e+01
-1.094821625113891983e+01
-8.694113390595211044e+00
-9.422386328921652066e+00
-7.754246035329869891e+00
-1.053261936596392223e+00
1.877033229003756798e+00
3.851533886831234543e+00
2.846454801728675044e+00
2.808547763105510242e+00
3.710496696568529984e+00
1.583660674928834666e+00
2.455436306643949074e+00
1.755436917299363797e+00
-8.553544083765197703e-01
-6.411953677120190154e-01
6.186908353650025782e-01
1.841666632241282242e-01
-3.172963378763112630e+00
-5.533583108171122866e+00
-1.910686892773499235e+00
1.514412031861275709e+00
3.466670965376855484e+00
5.970321986435842554e-01
-2.528003980318038302e+00
-2.249416120124759361e-02
8.236589613436307022e-01
-2.558709210390664457e-01
1.422289948792216485e+00
6.516481783968001151e-01
5.784512439786596572e-01
3.024266601030400459e+00
-5.729103938983799438e-01
-4.698723075268270044e+00
-3.602140920897792142e+00
1.403331066047831532e-01
7.722600845483427179e-01
1.270896171612107217e+00
-5.794502185482680590e-02
4.031909504506482611e-02
2.908040075444615624e+00
1.179589352465456376e+00
1.022347679026452072e+00
-6.622746935403159285e-02
-2.908482385145360283e+00
-4.313764798076436868e+00
-2.827800561396225376e+00
-1.420886832648203146e+00
-5.638789147447049288e+00
-5.497871597692769896e+00
-4.548258544905568357e+00
-3.000291433948359732e+00
8.577921681868852510e-02
-2.532994369389429679e+00
-5.762961474141085283e+00
-9.300210811336494743e+00
-9.675921064818036044e+00
-9.980770539292434407e+00
-1.086927566946132551e+01
-9.608150929232136761e+00
-1.111888812045165409e+01
-1.046247909046771518e+01
-7.110483466814760511e+00
-6.031849303736406931e+00
-2.529780093921458750e+00
-1.756687146987216952e+00
6.408950101617407746e-01
4.511975335657155917e+00
1.793133644813704741e+00
-3.342424245958480089e+00
-7.730017137950594419e-01
-1.789724061946808553e-01
-4.813325430929916160e-01
2.771939505072825938e+00
5.315091655780801894e+00
3.591549463041721069e+00
1.995095377051959717e+00
4.865016563614747547e+00
6.961097232266256540e+00
2.012339676484971474e+00
-2.155227423854715774e+00
-4.369431914449219967e+00
6.167920781136711217e-02
6.300322622064316924e+00
8.155601197641269451e+00
1.129963742894569556e+01
9.872769044645982817e+00
7.403879602293730322e+00
7.822677350799028595e+00
5.702382205551944416e+00
5.796552661098051118e+00
1.015022708334830703e+01
1.260171829630479046e+01
1.099644199012434065e+01
9.092051775637020938e+00
9.198784320441765416e+00
5.893604291894790848e+00
2.218991480669746608e+00
1.896829676300330281e+00
2.748305660425368835e+00
5.754942568879093834e+00
5.918528856686314121e+00
5.898446880370494583e+00
5.201281043107664814e+00
1.798670916446236667e+00
3.308700315879327114e-01
2.387313979090661675e+00
3.204408621369577936e+00
3.424690778182624129e+00
5.474073325940525869e+00
2.887512193902294300e+00
-5.458435205012595048e-01
1.946563675758570922e+00
5.827911045460604456e+00
6.251411741381892817e+00
6.338236669385273636e+00
8.054558135308822031e+00
8.467646976457578134e+00
6.089304796259246366e+00
4.505256819505826904e+00
1.841815056577670973e+00
5.948350975038743105e-01
3.717717274375971215e+00
1.092176308330247458e+01
1.371684938689474897e+01
1.249518034856227189e+01
5.762540650249719398e+00
-4.390917366628968588e-01
-1.801863639723986665e+00
2.759088432662698764e+00
6.258558247174510036e+00
5.985378648075642793e+00
4.121344010423809046e+00
2.440770300140131965e+00
3.409817292249998216e-02
-7.295852041998219129e+00
-7.539311848192583376e+00
-6.338304285217193801e+00
-9.304472719363563016e+00
-8.892599247624749736e+00
-7.497971534021632856e+00
-8.646255162179125264e+00
-7.373685673985799660e+00
-6.478316827950117762e+00
-1.053801553000893598e+01
-1.103060006594170339e+01
-8.878965457790791049e+00
-9.813425908151534927e+00
-1.035965422525482005e+01
-1.006371340213267729e+01
-1.185067822807716631e+01
-1.291669416422465844e+01
-1.117276152961088798e+01
-1.136888342224028214e+01
-1.098641690053788622e+01
-2.367457406873401560e+00
3.050601138663809664e+00
6.308498538501632780e+00
7.934885946708622129e+00
5.793134354466528357e+00
8.892926212448559742e-01
-2.413619379420349542e+00
1.124705452027494612e+00
7.179155565561260666e+00
5.925153997550764995e-01
-9.651333707603857448e+00
-1.196993199854740553e+01
-1.366647612552155344e+01
-1.353251367776063496e+01
-1.192431621131955843e+01
-1.310179332819236286e+01
-1.419135380943258617e+01
-1.280270425693805869e+01
-1.250271135839138914e+01
-1.269494722928048169e+01
-1.004375918958808178e+01
-5.880331852233950052e+00
-1.220218321460463828e+00
-1.507588185536095304e+00
-5.475179979179693568e+00
-7.441947889448678133e+00
-5.503614409352313608e+00
-6.580209689111879534e+00
-9.436164084982511469e+00
-6.794647265889834031e+00
-4.832972568511855194e+00
-2.427823018589785775e+00
-1.329976441765273742e+00
-2.853840352122877455e+00
-5.353105382921098609e+00
-3.597951146789482024e+00
-3.812125405801277456e+00
-8.608311896071485947e+00
-5.253454781196719381e+00
2.773591269073750087e+00
4.982165678778014417e+00
3.800899024673833004e+00
5.059029932936457641e+00
1.030478430073069340e+01
1.093212330466783833e+01
1.043667214964143497e+01
1.123688665945208776e+01
9.793500821244554899e+00
9.462665602648206331e+00
9.852090190545361281e+00
1.061118192380341263e+01
9.678493345194578268e+00
6.076838234761633650e+00
6.265150889507659748e+00
7.040331907309261616e+00
1.003178750325329993e+01
1.268567694497432896e+01
1.073018626800430830e+01
1.028726818403289123e+01
1.114941692910385562e+01
7.733212701913707576e+00
5.251055454079671669e+00
4.118377129044165308e+00
3.274426655151629006e+00
1.588794193875193717e+00
3.490508993174112895e+00
7.025884458184445513e+00
4.937230855830346599e+00
5.210667593270346565e+00
6.097492755100589079e+00
3.479225711676519506e+00
4.269517075726821709e+00
2.872480009391528810e+00
-1.042020033563696657e+00
1.840930330778052237e+00
1.927161295221398118e+00
4.320768840735332295e-01
1.282255600742414625e+00
2.026070921483127840e+00
5.568613599451372131e+00
1.142994192916951768e+01
1.176451445422291364e+01
1.025020211735830777e+01
1.134702558225990465e+01
1.167771872395832666e+01
1.345138415510982632e+01
1.606224472704733230e+01
1.679188969407568877e+01
1.456460702156293330e+01
1.207987064303756775e+01
1.190516720157151020e+01
1.000227881872751290e+01
6.237710394428101601e+00
8.161944947814673057e+00
9.557614764451926703e+00
6.701585754567159547e+00
5.340465810312968742e+00
8.817756588346489011e+00
1.339631180117361353e+01
1.195874866435334205e+01
8.106411194766645067e+00
4.292504367061925841e+00
-7.153784054892988742e-01
-4.712329343146312688e+00
-7.376494225008260130e+00
-4.680374665456472627e+00
-2.308887820573871430e+00
-2.021051588827777135e+00
-7.883473406676455575e-01
3.627638517425213927e+00
1.009117702414881812e+01
1.327758847357541150e+01
1.454298896966478161e+01
1.493782725045590887e+01
1.525764610225678020e+01
1.499986323905173968e+01
1.310325898357027974e+01
1.380618874021494236e+01
1.688649544386269952e+01
1.723336531753589895e+01
1.585505439088659330e+01
1.432698739942572885e+01
1.160120948205581648e+01
8.456632124866443334e+00
1.047302866141575528e+01
1.318807319767401331e+01
1.106411924411033532e+01
9.052014647412947923e+00
8.195792508064741355e+00
5.894991417750936158e+00
6.865890075780280100e+00
6.342197170677359885e+00
7.002573745343259048e+00
8.632527438258959407e+00
6.834745764265705681e+00
4.884145731426828618e+00
7.191080312306433520e+00
7.710464405841437774e+00
2.449214096143738750e+00
1.588242467508057976e+00
2.445532274265534323e+00
2.823921881720085292e+00
2.864703393269952159e+00
6.259160261180932494e+00
8.803786519991330550e+00
1.080205446478125886e+01
1.345453010197347155e+01
1.410007599737191875e+01
1.517912069865133695e+01
1.512689841615696373e+01
1.682232452993061500e+01
1.581678041241105426e+01
1.333265426948582899e+01
1.364631689833242945e+01
1.614453378279234741e+01
1.517770828077729739e+01
1.508750862068854381e+01
1.632831061739122092e+01
1.527883259954880835e+01
1.663147151878663976e+01
1.776094108263156102e+01
1.833402709589333668e+01
1.923335255276330358e+01
1.873618644704110281e+01
1.812146643012122738e+01
1.927830535052821403e+01
1.920816007537028725e+01
1.836961224039159291e+01
1.922471918816760095e+01
1.933824033080427895e+01
1.728389777645372760e+01
1.419022033046500653e+01
1.212499816258505270e+01
1.017007146956197694e+01
1.081917079089081746e+01
1.223599623434676253e+01
1.263390276302653348e+01
1.346609082393977808e+01
1.252689550958529097e+01
1.328138194285898699e+01
1.364031266753793936e+01
1.375720995365481691e+01
1.426734854631366112e+01
1.398243344570379065e+01
1.330407177947181019e+01
1.205681537496527156e+01
1.326621934919071144e+01
1.619180491529107613e+01
1.440246403572183631e+01
9.926433494637331378e+00
1.143517193442476376e+01
1.303860308057112327e+01
1.090493929865863798e+01
7.906919570812946496e+00
8.134848347253877066e+00
8.372730476516823117e+00
8.135863882671916514e+00
8.177295568156965899e+00
9.662895676613874940e+00
1.342654382134816693e+01
1.264865541981843755e+01
9.833902118489758593e+00
1.320740202559724175e+01
1.621764151528138953e+01
1.623263681309106943e+01
1.526760300768867751e+01
1.389782468752923172e+01
1.499712952298538404e+01
1.674825503324012033e+01
1.695103487622725780e+01
1.336126879997068606e+01
1.023152651424315174e+01
1.112777345719547739e+01
1.024268727937692347e+01
1.035873696277701050e+01
1.246823438135648310e+01
1.226778142625882317e+01
1.114999152636560176e+01
7.243641417651198289e+00
7.100862364227841006e+00
1.006183204252304186e+01
1.340896623365816431e+01
1.565422565535324750e+01
1.517127347196174370e+01
1.516335403167209073e+01
1.442696780109845101e+01
1.413426942233338401e+01
1.611908318139104779e+01
1.608241707700116407e+01
1.506942883290572333e+01
1.375776436352041543e+01
1.142379753081662130e+01
1.020704080573849915e+01
1.227170510679775184e+01
1.417963932571009344e+01
1.571620899106307512e+01
1.590154817992478975e+01
1.609474558866036986e+01
1.433900720543541141e+01
1.081021288833317762e+01
1.112336343410718165e+01
1.354571094546015431e+01
1.655582500880061758e+01
1.720921307654815635e+01
1.658997214575792967e+01
1.584543817561765700e+01
1.656362295623588565e+01
1.602410579926454304e+01
1.535451266689710614e+01
1.673552962208152195e+01
1.775717745493381727e+01
1.744510703483665637e+01
1.594929083175139617e+01
1.305953813418342513e+01
1.141412559637826440e+01
1.372271666521512579e+01
1.333371062831942133e+01
1.413489318037147235e+01
1.641828301662873812e+01
1.615461185823050982e+01
1.710679089263482311e+01
1.624345237827433053e+01
1.513366206921348223e+01
1.690221163668732629e+01
1.755234729756928047e+01
1.547935161199082188e+01
1.267375662346745457e+01
1.285679340255559389e+01
1.352909454495251573e+01
1.463699499721820096e+01
1.814831951324204695e+01
1.925736071604463362e+01
1.941681952282878854e+01
1.946350120226119529e+01
1.879922758749227185e+01
1.900272785948255461e+01
1.989976842979241312e+01
1.972288523495936730e+01
1.908822144277937838e+01
1.932576263748124035e+01
1.907328570317610428e+01
1.727684632687914146e+01
1.527180074512719088e+01
1.443521011725583847e+01
1.550964015254992212e+01
1.626472531252992226e+01
1.729702703196341318e+01
1.815010271826531607e+01
1.855271548379200297e+01
1.823558760547084390e+01
1.837620506373955820e+01
1.754547181023160007e+01
1.682009621048960568e+01
1.636178906039193848e+01
1.633105928205397817e+01
1.754924298916678538e+01
1.784060029119947544e+01
1.823967334242754745e+01
1.867300656431490324e+01
1.746423774215136859e+01
1.671873230350236739e+01
1.511761937976244674e+01
1.362709114740382255e+01
1.343507828923991276e+01
1.436790088842315605e+01
1.506648207303892484e+01
1.640149333113749464e+01
1.706063956006878257e+01
1.418969460163907748e+01
1.305684278981190793e+01
1.501000528707518633e+01
1.633058608558634361e+01
1.623887273674366938e+01
1.494491399763930595e+01
1.476095767702131489e+01
1.477591494955082929e+01
1.538188127095526703e+01
1.522298382552883211e+01
1.160676715493252509e+01
1.041787703059642034e+01
1.127373832048849245e+01
9.211456637910819367e+00
6.759320351669871663e+00
9.422637929570699455e+00
1.171841091505761234e+01
1.113897614309060735e+01
1.242279071577729788e+01
1.456851791615776825e+01
1.413878927591261458e+01
1.354678286914047192e+01
1.310415829976264668e+01
1.140661537538263381e+01
1.273111519839987160e+01
1.337810477968737466e+01
1.304953183286853324e+01
1.502503306527973415e+01
1.681717861165091676e+01
1.732012557494556404e+01
1.660223990267332539e+01
1.428616427111278675e+01
1.278699849944312561e+01
1.195235894952465117e+01
1.329596166292804682e+01
1.422941116085933544e+01
1.565424473446268827e+01
1.688062042751377589e+01
1.506560394039246198e+01
1.255647917986540563e+01
1.391821826084555269e+01
1.698676913603882355e+01
1.873326106732430674e+01
1.772350392594838908e+01
1.448722514836700270e+01
1.645756302422941175e+01
1.838338463297263914e+01
1.729350759063602538e+01
1.655197912532399585e+01
1.562127768825636487e+01
1.618305155891945546e+01
1.773331458987663822e+01
1.786022624725213603e+01
1.724316827800621965e+01
1.668891357712638879e+01
1.620694576724904223e+01
1.463872000751566738e+01
1.231769792141705189e+01
1.417146449121112362e+01
1.604227239143045480e+01
1.392316252281919908e+01
1.146229322198400347e+01
1.258728930106156874e+01
1.409634366081986023e+01
1.309866427836312575e+01
1.344815671505112498e+01
1.454418628209508846e+01
1.374707983158266522e+01
1.383182806865504233e+01
1.394589113187099905e+01
1.304187797432389928e+01
1.310521695994255076e+01
1.290204607682218096e+01
1.275931407973161669e+01
1.380903121953143575e+01
1.517759752418324659e+01
1.658184276922254341e+01
1.650778951357124669e+01
1.737760122921222106e+01
1.646802687775302232e+01
1.414052890440347099e+01
1.366209174693981154e+01
1.392640192501425389e+01
1.435273798159806269e+01
1.380949797588382388e+01
1.165302470862401663e+01
1.028158563830218775e+01
1.236935226609834970e+01
1.389175426560010784e+01
1.433585217392524136e+01
1.275522083323910927e+01
1.315147942867148600e+01
1.589630890171098265e+01
1.687843741169051981e+01
1.745069547686576072e+01
1.645473742960565389e+01
1.554858260821949578e+01
1.635738655779658046e+01
1.722660341505943293e+01
1.687693161407889875e+01
1.621149006876637699e+01
1.636066720311876566e+01
1.496423433945504478e+01
1.242989568800098787e+01
1.220055440019988779e+01
1.268787964367211529e+01
1.055612912521220359e+01
9.898015133098549967e+00
1.024684926290592379e+01
9.835909546677553905e+00
1.164682096291837432e+01
1.366279006293539666e+01
1.364540651842808572e+01
1.228500448148569113e+01
1.177280161023780636e+01
1.306661531208684934e+01
1.432541176282280126e+01
1.338097983439158511e+01
1.258259162963511812e+01
1.243122729125752990e+01
1.243100207033408289e+01
1.263082324444106597e+01
1.496708995279426624e+01
1.601716469972955181e+01
1.377039839862321635e+01
1.138697745762887514e+01
1.222208690005294152e+01
1.573106252322762977e+01
1.794599544222478826e+01
1.631270105686973437e+01
1.527895462491442125e+01
1.543429783383818332e+01
1.388985902082471391e+01
1.111000493879420681e+01
1.024025382174411192e+01
1.105581041011409482e+01
1.105996920564636277e+01
1.263098350568426831e+01
1.482080050247753000e+01
1.587676895073299832e+01
1.355977835847063950e+01
1.202250979411730292e+01
1.416225554347004767e+01
1.647540354908377935e+01
1.794219070859292842e+01
1.890728704784032388e+01
1.918421618908791615e+01
1.838184013370488046e+01
1.893947790852550384e+01
1.878876102341084575e+01
1.817119713929121971e+01
1.897990346571153353e+01
1.973971303628862728e+01
1.955514660695963158e+01
1.871224183751338188e+01
1.971346807826905589e+01
2.003790196190580630e+01
1.865879091421362190e+01
1.935144995189762440e+01
2.010293213775318577e+01
1.980228343856718354e+01
1.901064076639823952e+01
1.905987033768371575e+01
1.797979152155090432e+01
1.873045852330695382e+01
1.894777744300479227e+01
1.762283124434764758e+01
1.796009263762489994e+01
1.948662387417731878e+01
1.993090923049279084e+01
1.976447942656526280e+01
1.892943185003504425e+01
1.830801999681598247e+01
1.715297937386509020e+01
1.656110411106477898e+01
1.688774532738176859e+01
1.703416774834452596e+01
1.556069438452026787e+01
1.380918958223819715e+01
1.386297062739913599e+01
1.672248722819456290e+01
1.817770884718633440e+01
1.650649526531028854e+01
1.472515257758374041e+01
1.272821862570555140e+01
1.181360825135960901e+01
1.364277487255391463e+01
1.444088504723677424e+01
1.451213419980001618e+01
1.452294424118701421e+01
1.460555509496828641e+01
1.495407895389729624e+01
1.512518307247421667e+01
1.523774130483316647e+01
1.535942727444595768e+01
1.405131577405870047e+01
1.073562542405474574e+01
1.152831975092614769e+01
1.383145910103574572e+01
1.272198783353173290e+01
1.316160632893476112e+01
1.433590631183950137e+01
1.440972359120114277e+01
1.471853523978411893e+01
1.206246481770024381e+01
9.486692012842953048e+00
1.090699696258321971e+01
1.294972991262538464e+01
1.328778453370364865e+01
1.466668504281973107e+01
1.677507535183089615e+01
1.635483281824615531e+01
1.751612117463808360e+01
1.788442163129320406e+01
1.616926392258515577e+01
1.574261247483895687e+01
1.771645653375127338e+01
1.837622953838695139e+01
1.751026085942367416e+01
1.735222756542136224e+01
1.826874349244166851e+01
1.925032777098696712e+01
1.987856226451621566e+01
1.947049420328890079e+01
1.851974864853126590e+01
1.767618185911294404e+01
1.801475721329448376e+01
1.830249572980657646e+01
1.722623970724679765e+01
1.732218365093529755e+01
1.931915725251246485e+01
1.899311906378296300e+01
1.714535359070688614e+01
1.572583209803066673e+01
1.590971648062532040e+01
1.188287055013578275e+01
8.887879698877993562e+00
8.963660826559905814e+00
7.042626670526068722e+00
5.389611505408670844e+00
7.921781103171599447e+00
1.269898541761505584e+01
1.703287870929328562e+01
1.813357119957718666e+01
1.830092844097014293e+01
1.906588221356483004e+01
1.852109276112825498e+01
1.754004759560425342e+01
1.692641728123026823e+01
1.484591285810885886e+01
1.687662193271096100e+01
1.921349218241462964e+01
1.946239692925690434e+01
1.942485322136169756e+01
1.835811102456925781e+01
1.589508773828961452e+01
1.397333524813365457e+01
1.477060661396398267e+01
1.572938216290408242e+01
1.568377499613793979e+01
1.416391866053460191e+01
1.556963396137003031e+01
1.842061707440975837e+01
1.778910393345380214e+01
1.597026236828476442e+01
1.704016287140616370e+01
1.750854856574455809e+01
1.770113301217970658e+01
1.849483314632895059e+01
1.891591348921729221e+01
1.703327029299979145e+01
1.681617291077651899e+01
1.856575857980747557e+01
1.824277364292683501e+01
1.750735922701424485e+01
1.876972558128946744e+01
1.910653130986442605e+01
1.886129784170510604e+01
1.884025537756670943e+01
1.840326380100116310e+01
1.896597834672659033e+01
1.941856150383534541e+01
1.953190301265766848e+01
1.698357894783656974e+01
1.587623351718521114e+01
1.766197676416173934e+01
1.854709723415989231e+01
1.774642697558369875e+01
1.635524725006004232e+01
1.689755922812927835e+01
1.731826739537943283e+01
1.891165348193699813e+01
1.821208071067846035e+01
1.681381345939638194e+01
1.641568155987117805e+01
1.609849453977414058e+01
1.457132706490936336e+01
1.562931872955701174e+01
1.683645003998541156e+01
1.615252280898510051e+01
1.538715660467540225e+01
1.607954763682095845e+01
1.650985925130865439e+01
1.315557715928221860e+01
1.140845132052362843e+01
9.113433893714789846e+00
5.162165940408437237e+00
6.552068098504076232e+00
1.193883268565224931e+01
1.336461805112625356e+01
1.364995913743773492e+01
1.607871962886311934e+01
1.379766677151526899e+01
1.221876029910098360e+01
1.306752247417720980e+01
1.392506146642768172e+01
1.241156810818179501e+01
1.094354994668393211e+01
1.008264710857659274e+01
1.156900843481063568e+01
1.541568256542507598e+01
1.681744748758785946e+01
1.683550503407910881e+01
1.524979086803723582e+01
1.615304079756471012e+01
1.838279426520347570e+01
1.844332629392896550e+01
1.765842542108039837e+01
1.824472264469557814e+01
1.819208461843782842e+01
1.766904784988681243e+01
1.801622764939363819e+01
1.696427956076248478e+01
1.505416525248195470e+01
1.266644812924745445e+01
1.353279879326897195e+01
1.275184101442579809e+01
1.120475006226210013e+01
1.302442135912300003e+01
1.467064869835257213e+01
1.488373555752937172e+01
1.325742640570424236e+01
1.225010685522959442e+01
9.077428211959935211e+00
1.088998031815279610e+01
1.507565876698984475e+01
1.650610163519006690e+01
1.609797604519206260e+01
1.361298432024713456e+01
1.273843614356053067e+01
1.358367498234474802e+01
1.328121804544731432e+01
1.378532459011655575e+01
1.229523833317045423e+01
1.316231689115093140e+01
1.327316858015255541e+01
1.135771434899873356e+01
1.079013028091249460e+01
1.028269989003436002e+01
1.103343943042552588e+01
1.266586852405311880e+01
1.555846199188472312e+01
1.505779937799794332e+01
1.239311796745339045e+01
1.354203726693998000e+01
1.310302730947483418e+01
1.411787251107415742e+01
1.509110667195223598e+01
1.522790850294765619e+01
1.592026199497757055e+01
1.643623823877605972e+01
1.717284237451946183e+01
1.730743005863143580e+01
1.772605936119805747e+01
1.722747855399476791e+01
1.689430707476036631e+01
1.699172705496550506e+01
1.656559685411952998e+01
1.523075151197039290e+01
1.544477541584238800e+01
1.540480783530246711e+01
1.425064325128257003e+01
1.680062689870022652e+01
1.773314558283452769e+01
1.701563609848525616e+01
1.761707306463135936e+01
1.811537803600577945e+01
1.776007836080623292e+01
1.762613153789846621e+01
1.832975386756736569e+01
1.803640648142544123e+01
1.741710671699475554e+01
1.748479912424980043e+01
1.732581981210410760e+01
1.779222220502289176e+01
1.797871584437107728e+01
1.749798735819690165e+01
1.672743514070825910e+01
1.766036758923557315e+01
1.835561700159923504e+01
1.780325705949870851e+01
1.483618284244414554e+01
1.182568650811157163e+01
7.751178907724861844e+00
6.338262000453124934e+00
8.895524829494551255e+00
7.345453847163781802e+00
7.485142001951547108e+00
1.224319965908338581e+01
1.208436819239826576e+01
8.942904886325989011e+00
7.554082606018559964e+00
6.470665775920301233e-01
6.470665775920301233e-01
6.470665775920301233e-01
6.470665775920292351e-01
6.470665775920292351e-01
