-1.191308211263422834e+01
-1.399985287932407019e+01
-1.415587395350385513e+01
-1.386237158980141082e+01
-1.289071416388830471e+01
-1.124746363665432725e+01
-1.023019634736814965e+01
-7.746406730874806357e+00
-5.904813509438234576e+00
-6.255966346442700221e+00
-6.853001240486165990e+00
-8.476260183433979023e+00
-1.006449710943516429e+01
-1.005905546319578114e+01
-9.475820146554621459e+00
-9.016931228427093714e+00
-9.569441398637383855e+00
-9.789490302458649040e+00
-7.625690938887530024e+00
-4.757103094136460264e+00
-4.148779194249972768e+00
-6.587369963723416433e+00
-8.004421759616342058e+00
-8.478366728561917753e+00
-8.154349019924183040e+00
-5.878045932770300297e+00
-5.149515133052777749e+00
-8.234206781449094237e+00
-1.003431406327621289e+01
-1.200511511166734024e+01
-1.253076785964647222e+01
-1.055031185839215979e+01
-1.086964909474281704e+01
-1.230638496385140357e+01
-1.320466659922881192e+01
-1.314456319898875947e+01
-1.343968134151534066e+01
-1.390162807642668064e+01
-1.249281491314137860e+01
-1.141998145617229810e+01
-1.212520358787058683e+01
-1.223208047507136342e+01
-1.074292449693800755e+01
-9.107282681844496963e+00
-7.477171396305196893e+00
-8.808317667258741324e+00
-9.633220218220833075e+00
-7.741424593767273876e+00
-7.291221028371261959e+00
-6.711398485495081445e+00
-5.469810999613084590e+00
-6.105137279911995840e+00
-7.656119694605032500e+00
-5.917645887021204310e+00
-6.165953669590876096e+00
-6.873236646639553804e+00
-3.272610833563167620e+00
-2.864086834329723441e+00
-6.818521939053880487e+00
-1.046844155442744295e+01
-1.208709657398718917e+01
-1.032864014282741749e+01
-8.517606725055239636e+00
-1.104427642320113279e+01
-1.277179163303886789e+01
-1.151517893609726961e+01
-9.885498905230857503e+00
-9.193930503230236084e+00
-1.131786944755487312e+01
-1.189190479229126396e+01
-1.027048883836782345e+01
-1.096928395533182510e+01
-1.119616407395343671e+01
-1.090135356619117246e+01
-1.277324434002936826e+01
-1.371099519493172281e+01
-1.310115333445447661e+01
-1.198524516495940517e+01
-1.031743164796704271e+01
-1.151899845134695077e+01
-1.404973123494719722e+01
-1.443366291118706002e+01
-1.392551615924506336e+01
-1.172099678444343240e+01
-1.115693768893322080e+01
-1.147767706870564552e+01
-1.191871038241802339e+01
-1.220657249942979483e+01
-1.110425986346504068e+01
-1.037618070718321661e+01
-1.083575397011797214e+01
-9.945424755441546694e+00
-9.043050604746472487e+00
-1.069386730579644862e+01
-9.880354284058460834e+00
-6.598728986741601688e+00
-7.963263519334073948e+00
-1.018461808759814069e+01
-1.026988897210164176e+01
-1.090241133103966398e+01
-1.075691526437501189e+01
-1.176716420474710212e+01
-1.265224996559311599e+01
-1.048447977533872866e+01
-8.025099213298073408e+00
-7.221829527071797372e+00
-7.056345796459044806e+00
-7.300707286747924130e+00
-9.264953490900076361e+00
-1.142893090396036371e+01
-1.100097603449880346e+01
-1.080618501227292505e+01
-1.203940653272347916e+01
-1.217730608825311300e+01
-1.169540816608751221e+01
-1.168393466720690910e+01
-1.280940658885756278e+01
-1.296260141879595551e+01
-1.189787361793009524e+01
-1.150644504984625272e+01
-1.139689911884997819e+01
-8.772701993221604155e+00
-3.974054553689502001e+00
-4.171441112250819927e+00
-7.968407768800366497e+00
-1.001214392682888032e+01
-8.062604370898657891e+00
-8.922581087022100732e+00
-8.828864524979422868e+00
-4.966621123862719145e+00
-7.986985344056795277e+00
-1.090908110778587137e+01
-1.071097379808038674e+01
-1.127272693637026357e+01
-1.206969332558632324e+01
-1.421904984904170988e+01
-1.391570055428671715e+01
-1.348962663702416798e+01
-1.501101448321597687e+01
-1.382230177500924562e+01
-1.294316186914688949e+01
-1.123394938505025031e+01
-1.061612763243651614e+01
-1.244703758230409107e+01
-1.126084058543388089e+01
-9.855502484240783900e+00
-8.891884258719612077e+00
-6.716921817898215075e+00
-6.798944465850780716e+00
-7.462375975954238960e+00
-7.748608574858945275e+00
-1.158012751196708834e+01
-1.359693232294171317e+01
-1.345757135454695685e+01
-1.383057192805706315e+01
-1.477542114216138636e+01
-1.495906240154174327e+01
-1.379980305495551463e+01
-1.300796754992259530e+01
-1.393534974087358336e+01
-1.519653003528140900e+01
-1.703197973439000634e+01
-1.516712657813355491e+01
-1.235455320943327528e+01
-1.446868139017343680e+01
-1.356939376498714012e+01
-1.004040136616303691e+01
-8.184808609299958349e+00
-9.075827388589226885e+00
-1.063589943936533366e+01
-1.115949933764077606e+01
-1.217358105459924644e+01
-1.346102862073202999e+01
-1.402468889056152257e+01
-1.336393608039945136e+01
-1.204312378781454562e+01
-9.272153204051987174e+00
-5.256559069484874058e+00
-5.680305541958015070e+00
-8.792349808934599054e+00
-8.498070221276302405e+00
-6.748547009732741131e+00
-8.301589370593942974e+00
-9.427841887536175136e+00
-7.216062823948368177e+00
-8.422144338259514029e+00
-1.115784332464197526e+01
-1.020130099951539648e+01
-8.910835163803975334e+00
-9.273255814131273311e+00
-1.256671232515046199e+01
-1.435520567714506512e+01
-1.440288485842427235e+01
-1.291195381632093842e+01
-1.103204998789190405e+01
-9.569770518112850510e+00
-7.261568817797063424e+00
-6.900113355897170564e+00
-1.029609163881163703e+01
-1.082608018268643058e+01
-8.122768198746406654e+00
-5.635285084910155895e+00
-9.002139474321108281e+00
-1.184762043480760063e+01
-1.155371105392483777e+01
-1.133918660403109691e+01
-8.470457309996007211e+00
-5.951722494394338092e+00
-6.223017237877632724e+00
-7.357956553031081093e+00
-8.422489642943174815e+00
-7.564612333162212821e+00
-8.628171016258590953e+00
-1.079322693357524088e+01
-1.331680519337080959e+01
-1.558630215822915410e+01
-1.524843392562458000e+01
-1.486321259216756907e+01
-1.485522450847067333e+01
-1.321751800679066413e+01
-1.419742716669397353e+01
-1.712199541135371206e+01
-1.774685837628187812e+01
-1.757233480781389900e+01
-1.613103337389306091e+01
-1.351041152408517654e+01
-1.044283282266602164e+01
-1.263555185776489864e+01
-1.557507053870109637e+01
-1.351290914616834549e+01
-1.070237810840240655e+01
-1.129846221966071340e+01
-1.262806906548500230e+01
-1.301030854110545754e+01
-1.306388977071247481e+01
-1.253993286536570118e+01
-1.248802900876914812e+01
-1.085271384527418626e+01
-7.561437605435850529e+00
-7.391866440031980900e+00
-9.163533965766889722e+00
-1.091427991363835304e+01
-1.178755589474806165e+01
-1.299710199341771144e+01
-1.033172522323334519e+01
-5.655232223115343793e+00
-6.947460079638578812e+00
-9.114918024155096887e+00
-8.886165824006994285e+00
-9.545374934697820279e+00
-8.999099006702639514e+00
-8.589047250598072836e+00
-8.256380859834354879e+00
-5.883684830333385740e+00
-4.657170126107538444e+00
-4.225210197152813763e+00
-5.852476113830474169e+00
-9.078456798729025223e+00
-6.035867898141894727e+00
-1.598581112839153162e+00
-3.067255692402460543e+00
-2.501714068112270706e+00
-4.640321510271260053e+00
-5.506020297719812717e+00
-4.060563612886624263e+00
-2.733078124805502718e+00
3.918996899639661802e+00
5.687366580296174590e+00
6.170821515331462059e+00
7.758769880782933726e+00
3.299475721328181788e+00
5.665993462060084696e+00
1.070986151077160287e+01
7.158712078592306405e+00
1.818227240573116354e+00
-4.723119957731626073e+00
-7.980975729762683990e+00
-6.824794266998883252e+00
-7.326906637547843104e+00
-8.425895933669755422e+00
-8.946438715327968083e+00
-7.593838338120200149e+00
-6.836546988137180314e+00
-7.738274113881394634e+00
-6.018424599515990181e+00
-2.812719222872800184e+00
-4.054700853512533065e+00
-7.000599784264565528e+00
-4.156120446060218576e+00
-1.539686874639712766e+00
2.788823658436868413e+00
6.637412217560166638e+00
1.964081478613068477e+00
-5.051280177787203840e+00
-1.643408348810920572e+00
-6.734165686755331712e-03
-3.177442788947389407e-01
2.130080713584183716e+00
-8.588035704034892026e-01
-4.421037413278303241e+00
-7.615997893851147893e+00
-8.306916649381227202e+00
-4.305746694174548139e+00
-2.355246150539155980e+00
-5.713309250384727811e+00
-9.548717504624628205e+00
-1.142315745294441065e+01
-1.055540078841460172e+01
-5.596656304430232431e+00
4.251358290628003966e-01
-2.878775519702903463e+00
-5.707047879543266866e+00
-6.816859325778259482e+00
-8.562543712913431193e+00
-8.359381509682682676e+00
-8.767752484473989583e+00
-9.500989535503970629e+00
-7.909492101072862269e+00
-9.983112624638758703e+00
-1.412282823704966894e+01
-1.496577078445029940e+01
-1.440991511138800085e+01
-1.272274623874033672e+01
-1.057520592706499762e+01
-7.873855282176991821e+00
-5.339552929872194653e+00
-1.602313744759788827e+00
-2.638597803534955766e+00
-4.551832564803421910e+00
-5.184554118638003750e+00
-5.609955622629535732e+00
-4.712949810158311159e+00
-5.750999694991222100e+00
-5.186967780200602007e+00
-1.905040852010684738e+00
-8.900956911168755870e-01
-3.584761023825267845e+00
-3.017727416331654311e+00
-2.841484834891217504e-01
2.701098568597552152e+00
3.812864821625064238e+00
1.010274532550531790e+00
1.354636871953842858e+00
1.416458826965327544e+00
-4.744280133544436673e+00
-8.703140007817529167e+00
-1.111528346384805133e+01
-1.112453158127896202e+01
-1.047195435074478809e+01
-1.293813794320797683e+01
-1.091169281276207137e+01
-7.726686012198448417e+00
-9.541656345564577535e+00
-1.058323230456892006e+01
-5.693623037128258346e+00
-3.116267707650172802e+00
-1.745279772637029714e+00
2.307134270830934586e+00
-1.131924447342737672e+00
-1.079102337515239984e+00
-2.016671739941186203e+00
-5.167058027627864369e+00
-4.313448532825758797e+00
-6.667121691016284935e+00
-7.798152987579166862e+00
-8.803948920722918459e+00
-1.376917345435663798e+01
-1.465484171226777654e+01
-1.262294428410190328e+01
-1.247345146941584915e+01
-1.197351058607578445e+01
-1.271867224887688508e+01
-1.357900341173432324e+01
-1.183214847709385253e+01
-1.027829711731537365e+01
-1.001395668058860799e+01
-1.209048177442224237e+01
-1.459780213137820404e+01
-1.568552788731841474e+01
-1.144772560794807070e+01
-6.186382849977756671e+00
-4.732319701217276631e+00
-5.586916159620010092e+00
-7.998050236000178614e+00
-9.078129141842325112e+00
-8.811080252513674438e+00
-1.128865166234687045e+01
-1.099931371889440079e+01
-8.068128090282565168e+00
-1.040643639568375178e+01
-9.611147501756613920e+00
-7.295591092901102748e+00
-9.130884361007463923e+00
-8.517791437594189219e+00
-1.032549687111165859e+01
-1.330497616993389265e+01
-1.198843859209457996e+01
-9.616710336383512470e+00
-9.485855535640636660e+00
-7.396929567945519146e+00
-7.777302118756626470e+00
-8.754329556785096500e+00
-5.703173101100371234e+00
-7.084747984979136604e+00
-1.243316511115026124e+01
-1.553825189029715936e+01
-1.558546233369908762e+01
-1.637972975608721882e+01
-1.820152408722701409e+01
-1.749325983086518832e+01
-1.493654144903630865e+01
-1.334232654708409171e+01
-1.463488918423941776e+01
-1.614220680533639296e+01
-1.220582205402495113e+01
-6.887813008018977889e+00
-5.457674915333821986e+00
-7.212239643469070316e+00
-7.533146089033644799e+00
-8.653508221832625580e+00
-8.843863215983441606e+00
-8.071338578632788696e+00
-8.952767204738623974e+00
-8.561124559451158689e+00
-7.306598714862185595e+00
-6.487395599083995990e+00
-6.162471075626876349e+00
-6.528341379312607273e+00
-1.209249468314140508e+01
-1.384171231705998473e+01
-1.079507550742840749e+01
-5.771165496981453202e+00
-5.771358167783391835e+00
-8.041624570381474157e+00
-5.386096658242182755e+00
-5.845465238489934379e+00
-7.894992222630426326e+00
-8.992681306704586319e+00
-6.118929291825789818e+00
-1.160588956145227613e+00
-1.555725489804996142e+00
-3.323525548825470466e+00
-1.887056395061358582e+00
-1.200097758586829322e+00
-5.993339392303647983e+00
-9.073587459395932697e+00
-9.405830316802148872e+00
-1.330616052656151460e+01
-1.574478756473288676e+01
-1.619147210132483750e+01
-1.431069057070934214e+01
-1.177865658238248692e+01
-1.289220626861898999e+01
-1.408831685989333238e+01
-1.462949301156933046e+01
-1.387959531607411456e+01
-1.130995857093443746e+01
-8.688697829441371923e+00
-9.415538125607756825e+00
-1.023439037248037664e+01
-1.081553834284220628e+01
-1.365208143043545341e+01
-1.608847044994738340e+01
-1.575832729607138738e+01
-1.452603173057811148e+01
-1.302322412621773040e+01
-1.112332968228568930e+01
-1.058624076887972443e+01
-1.383662889344797087e+01
-1.646828319777013050e+01
-1.656032245268387371e+01
-1.663599540114154962e+01
-1.640152355825388497e+01
-1.486307846373407671e+01
-1.361398820443197444e+01
-1.202303392230892065e+01
-8.445511896458159029e+00
-1.045158804686017362e+01
-1.448565768028447209e+01
-1.457250148953314905e+01
-1.151615383432080009e+01
-1.165261793569917437e+01
-1.230426569656047420e+01
-1.176181618540096530e+01
-1.093024476475155282e+01
-1.226639344108551022e+01
-1.530788772929927255e+01
-1.409931227440698009e+01
-1.494991744238655684e+01
-1.578945384205144542e+01
-1.515057298357569060e+01
-1.335681160973937942e+01
-1.133344853101899119e+01
-1.246573921185468592e+01
-1.457841998303845088e+01
-1.496642461550115399e+01
-1.550516890302286477e+01
-1.672148918575477694e+01
-1.663599972901139878e+01
-1.673773569610090561e+01
-1.702656752008186203e+01
-1.480972753704340583e+01
-1.447652610155720332e+01
-1.567670469137531164e+01
-1.587830385290642887e+01
-1.576168543849952819e+01
-1.557971017267263392e+01
-1.582966845652070731e+01
-1.600899986390568230e+01
-1.486325108389643468e+01
-1.556565238562313169e+01
-1.749029684283568287e+01
-1.791427139657081469e+01
-1.783125190004005134e+01
-1.686403851852057656e+01
-1.702080889717866086e+01
-1.832578106472980295e+01
-1.821791720076688392e+01
-1.818077614357719796e+01
-1.739263312815680251e+01
-1.628868583569719064e+01
-1.577191147971145568e+01
-1.523119827032677343e+01
-1.684950069404195716e+01
-1.812280147177240508e+01
-1.862057112206035470e+01
-1.875458627157891200e+01
-1.845213970809203374e+01
-1.845308746633893193e+01
-1.787578054263953220e+01
-1.851449663911446919e+01
-1.845111743955206762e+01
-1.779809821095162548e+01
-1.636177781217028837e+01
-1.389276036603442677e+01
-1.083990849266956857e+01
-1.030804805114105172e+01
-1.165898878402870409e+01
-1.154081088813259015e+01
-9.665969483983449351e+00
-7.181285151982557124e+00
-6.210244743178078508e+00
-6.779319470984425777e+00
-8.847236452598716383e+00
-1.208824241834087054e+01
-1.189737398914210331e+01
-9.974346256507688580e+00
-1.019723740890191266e+01
-1.102931232866423628e+01
-1.251343393982125640e+01
-1.284937149874846618e+01
-1.059770506765777576e+01
-6.371701155046280540e+00
-5.512131472388580811e+00
-6.962474104631833249e+00
-9.802375258941410152e+00
-1.218344038320970313e+01
-1.159437536798343871e+01
-1.017261445295512523e+01
-9.926028495304356269e+00
-1.014624010272421017e+01
-1.206533506668517930e+01
-1.180684669978271195e+01
-9.487108144922604680e+00
-5.942333299413662395e+00
-4.577104606752389948e+00
-6.523646536217857062e+00
-6.001251163370228348e+00
-3.693903304855455705e+00
-1.455766216406850111e+00
-1.032027415481789667e+00
-5.460439278488911086e+00
-3.484202698829138800e+00
8.120431827172411854e-01
-1.683805516790638501e+00
-4.667148883914012281e+00
-4.269861218115287294e+00
-4.452939216840247738e+00
-7.922223206223083736e+00
-8.462329999017144999e+00
-5.671405323512229479e+00
-3.016152776706069627e+00
-4.451824730258961083e+00
-6.499147259570307256e+00
-8.894665439498576021e+00
-1.123061436040692485e+01
-1.326123831385450202e+01
-1.349572468427234284e+01
-1.375085488624625008e+01
-1.482659990240444614e+01
-1.502732963760654705e+01
-1.345821320849357861e+01
-1.139091558908466162e+01
-1.262767538455754845e+01
-1.247488982403123536e+01
-1.201138067627320183e+01
-1.381424492109545632e+01
-1.268351431922748773e+01
-1.224807916227678639e+01
-1.479605328306526424e+01
-1.503423788055483890e+01
-1.358276697627935192e+01
-1.412652216007404959e+01
-1.599983666578255459e+01
-1.555762440350359554e+01
-1.431227135656761185e+01
-1.494585925481344013e+01
-1.467516422897751482e+01
-1.533619533572212212e+01
-1.558504359277362639e+01
-1.434391926549084850e+01
-1.524887102466339606e+01
-1.578525025025258266e+01
-1.580360494759917245e+01
-1.563259038834861947e+01
-1.500828372709049141e+01
-1.408555019747655379e+01
-1.496831584067976983e+01
-1.514319443229274675e+01
-1.444732891896907212e+01
-1.510084114400287270e+01
-1.368663915235242712e+01
-1.207077255473581268e+01
-1.329357364101630168e+01
-1.512741450799114773e+01
-1.653915534845749491e+01
-1.743443142956559555e+01
-1.721944135547143517e+01
-1.640852060318517402e+01
-1.617199286347669229e+01
-1.672132334229839756e+01
-1.706381010211864435e+01
-1.787055548251192505e+01
-1.776565034847659774e+01
-1.715764909661397652e+01
-1.705520153839530195e+01
-1.612514258041923298e+01
-1.334682423543078400e+01
-1.212167841337950058e+01
-1.235352058479454662e+01
-1.318453031627358385e+01
-1.308857113304010866e+01
-1.172509411868029616e+01
-1.148467341647626583e+01
-1.130189421689605922e+01
-8.771313196610391216e+00
-7.521575237825183891e+00
-9.286877194772388933e+00
-8.780723955423736626e+00
-8.078272806021985275e+00
-8.108605189368907062e+00
-6.337644693250592987e+00
-8.234090100893340036e+00
-1.254798638190894877e+01
-1.465943716002246511e+01
-1.407557964344946377e+01
-1.539282071838316490e+01
-1.738924349160371108e+01
-1.789439535535156622e+01
-1.707709042498067831e+01
-1.691810728728586710e+01
-1.653766039139224020e+01
-1.593433515384053933e+01
-1.366993839956804635e+01
-1.031997859362796888e+01
-6.928660221669483477e+00
-4.342885725786738149e+00
-4.526437830266073270e+00
-7.607664302258772437e+00
-1.028721995852045268e+01
-1.150027956214767322e+01
-1.165413814471306253e+01
-8.622509241027801252e+00
-9.829158757840978922e+00
-1.568032497795835667e+01
-1.551124674904245104e+01
-1.375553090160063263e+01
-1.391227243227537258e+01
-1.585348866410717328e+01
-1.697474899338954302e+01
-1.722368422055231818e+01
-1.542199546907959018e+01
-1.533282793669786059e+01
-1.666980196145863147e+01
-1.625267593335789584e+01
-1.505466638915551947e+01
-1.408537518673638189e+01
-1.396268653562631457e+01
-1.387127423381251923e+01
-1.181156241368750059e+01
-9.174059319015949399e+00
-1.129526726503136658e+01
-1.330196629773126027e+01
-1.249253839872748983e+01
-1.612904801127114496e+01
-1.794939922826860013e+01
-1.768359354028419261e+01
-1.699166500179881822e+01
-1.635093115674609976e+01
-1.615086809889044872e+01
-1.736835093351909265e+01
-1.712804513203234080e+01
-1.726064545136051365e+01
-1.789750551550235258e+01
-1.804343013304269761e+01
-1.830402693207426168e+01
-1.845895735340540256e+01
-1.854964856187479683e+01
-1.876591904288978441e+01
-1.841508664623272296e+01
-1.856439881519007429e+01
-1.829111055194043800e+01
-1.701620012542451477e+01
-1.712973926893363341e+01
-1.721997445204138799e+01
-1.737100344004288388e+01
-1.780313532735964799e+01
-1.632679470965978297e+01
-1.427795562904581494e+01
-1.321332674483299385e+01
-1.337060558239267571e+01
-1.409526621399017543e+01
-1.511656242232214531e+01
-1.626027259798047808e+01
-1.667643166364994300e+01
-1.496378593516007527e+01
-1.161226025901859238e+01
-1.089491657148831827e+01
-1.184526786851758473e+01
-1.151475796781070038e+01
-9.354371117195562135e+00
-1.215934187398605637e+01
-1.519860605673980203e+01
-1.483625567848183557e+01
-1.386746726129106122e+01
-1.330394192619150573e+01
-1.445361346337127273e+01
-1.509764670190507019e+01
-1.431149556609065066e+01
-1.608141440485211504e+01
-1.813571399570375675e+01
-1.736725035396357342e+01
-1.577541360383585101e+01
-1.667730229307156264e+01
-1.672165535082742949e+01
-1.559924990325971095e+01
-1.458470003474858956e+01
-1.634804855503669785e+01
-1.718586700241466758e+01
-1.560755304940746591e+01
-1.404935147533369744e+01
-1.524365050973527680e+01
-1.662388795680969267e+01
-1.620476581624170009e+01
-1.619621918371948865e+01
-1.535899599105801983e+01
-1.540193756815829573e+01
-1.670235868715976224e+01
-1.739089268411739653e+01
-1.764967750416914427e+01
-1.679106678575394795e+01
-1.496107096048000251e+01
-1.693559983560389526e+01
-1.768266564699107946e+01
-1.643602204119848054e+01
-1.418333350423224992e+01
-1.355599426371777128e+01
-1.518584328633435199e+01
-1.548333700230510779e+01
-1.401779282322133469e+01
-1.449063991601585855e+01
-1.573014360931712474e+01
-1.362963515750680266e+01
-1.248469930567912023e+01
-1.370956896772880285e+01
-1.398849569780968949e+01
-1.071615908640018944e+01
-8.167627285182613051e+00
-8.374668278555466472e+00
-8.801711765935509746e+00
-9.041905107001765529e+00
-7.851260551822456080e+00
-6.232732817653040769e+00
-7.246240299682081165e+00
-1.386064241482021586e+01
-1.647993039811877480e+01
-1.673644157019941403e+01
-1.603027950657010692e+01
-1.431101286472155287e+01
-1.496431480881668286e+01
-1.543449473950831674e+01
-1.557488112757482845e+01
-1.534799339065090074e+01
-1.460220745037388212e+01
-1.433225440878525703e+01
-1.422874413245746616e+01
-1.109356366661793025e+01
-9.967876776748155976e+00
-1.175402863117011165e+01
-9.497694781262925545e+00
-5.641616033481500203e+00
-5.041746776272140629e+00
-8.611562113208641733e+00
-1.132496126297981398e+01
-1.293990374627336770e+01
-1.358812092034474261e+01
-1.417900424083728161e+01
-1.565063852725702986e+01
-1.641137140658022631e+01
-1.577738740573099818e+01
-1.339035213558728010e+01
-1.444576227367574717e+01
-1.504674891833293771e+01
-1.357338059720888168e+01
-1.512878472121909823e+01
-1.655947157546516735e+01
-1.683524473239840802e+01
-1.657657909763739212e+01
-1.713560638148132043e+01
-1.802924896176407543e+01
-1.789810137219134134e+01
-1.426133699773693664e+01
-1.481954961810356863e+01
-1.836318422057258459e+01
-1.677651166933578253e+01
-1.487217464674359491e+01
-1.363822986693194039e+01
-1.367578943245100831e+01
-1.405663642527410140e+01
-1.312893934608497837e+01
-1.175312936215098070e+01
-1.363091506617341331e+01
-1.509695798947145740e+01
-1.462501034392269794e+01
-1.692351754614341175e+01
-1.706513342298447355e+01
-1.524829300756722894e+01
-1.426502813871752018e+01
-1.642483275506133467e+01
-1.749125066260698702e+01
-1.684427871337759086e+01
-1.750456741760001833e+01
-1.835525013626317659e+01
-1.776815346918363403e+01
-1.546543705536787527e+01
-1.350857570699081833e+01
-1.033795767706391366e+01
-8.160846102857757245e+00
-1.160876697759936782e+01
-1.398227565050375176e+01
-1.194440749059067208e+01
-1.302648117020106078e+01
-1.288963855731445030e+01
-1.112679447905550312e+01
-9.705098198901071171e+00
-6.792127911853000022e+00
-7.730289003205780496e+00
-9.332705393502502389e+00
-8.520234770921351952e+00
-9.837477911527152230e+00
-1.160615427602567351e+01
-1.300007771715257121e+01
-1.277648536637545718e+01
-1.142084721517050738e+01
-1.001433179422987330e+01
-7.541687848414873052e+00
-6.787554149689420946e+00
-9.250572784224235789e+00
-1.051227614140031186e+01
-1.236475230499771172e+01
-1.538518841524814285e+01
-1.651649575071525788e+01
-1.603975165012706228e+01
-1.355452105811447971e+01
-8.326897807919987571e+00
-6.101609444522812176e+00
-7.781224241315902290e+00
-6.491070354978775825e+00
-4.101742375519702222e+00
-4.552611893237863860e+00
-9.084914461645261952e+00
-9.769753702712501209e+00
-5.893676069887505697e+00
-5.272661177836901025e+00
-9.777366638300069468e+00
-1.094529320413902163e+01
-9.756876215518905937e+00
-9.715427543667871646e+00
-1.091671793926326650e+01
-9.063551073266140179e+00
-5.203881869628972368e+00
-6.677292661473068769e+00
-8.012690581029373149e+00
-7.057306345883669785e+00
-5.609858122286011550e+00
-6.494413965096402563e+00
-7.703526425171175696e+00
-7.946451230032244517e+00
-9.826411787098361827e+00
-8.800898442207541805e+00
-4.699339239196096862e+00
-2.628532230001849435e+00
-4.320279594716147642e+00
-5.878106571092322596e+00
-6.398004348786278328e+00
-8.069130239340463362e+00
-1.186866352675600034e+01
-1.149255608884588931e+01
-8.975153559273547188e+00
-1.159970611590669520e+01
-1.224640526124474249e+01
-1.140238858946073464e+01
-1.356666064196487476e+01
-1.357608988416089701e+01
-1.079058034200177119e+01
-8.865208295719003928e+00
-6.534219540911681001e+00
-2.963166332004163461e+00
1.716430860275622416e+00
3.681520266300693844e+00
4.331173152648205016e-01
-1.238202857445558580e+00
-9.852246907811874621e-01
-2.249922738109423115e+00
-5.178380178832496128e+00
-8.834197752833834016e+00
-1.053871352649085402e+01
-9.616445863167774277e+00
-7.068431731108598903e+00
-3.393756771941355055e+00
-3.329238992189704316e+00
-6.049866553159241711e+00
-9.329525605926198395e+00
-1.109070008556987830e+01
-9.334795370690333272e+00
-6.360167926699788588e+00
-7.594169909094029336e+00
-8.579460359977417738e+00
-1.062714633755404492e+01
-1.334652521574394868e+01
-1.328729910096623534e+01
-1.175916434853810699e+01
-1.303273767510820846e+01
-1.415447178939281514e+01
-1.270238384425910816e+01
-1.117342676816944902e+01
-7.879759143722035120e+00
-4.760599594909785459e+00
-3.304514044983732468e+00
-6.019913023192035695e+00
-7.274236304468307601e+00
-4.735279164184492906e+00
-2.320350960981212740e+00
-1.543357663251040623e+00
-6.822489301184518240e+00
-9.231023612706451331e+00
-6.350471507522966519e+00
-6.863160448070466657e+00
-9.309823310930514850e+00
-1.042959325672075543e+01
-1.088018345493609118e+01
-1.169591556143136124e+01
-1.029888541107209043e+01
-9.175557832662331492e+00
-1.089943047633694206e+01
-1.033965181920063969e+01
-8.432159759128763810e+00
-1.135244739513334977e+01
-1.359080122495829279e+01
-1.295672380783156719e+01
-1.382494264321051780e+01
-1.147867986610498114e+01
-8.004888720315758377e+00
-9.835829348860157140e+00
-1.070599371452401272e+01
-1.177760309129663518e+01
-1.083475736193190997e+01
-1.151219195718672417e+01
-1.408756235518729483e+01
-1.412922180115826798e+01
-1.496737469630958017e+01
-1.262234552558347822e+01
-9.642545299671839487e+00
-9.251859406556512511e+00
-9.419650293755941206e+00
-7.922848313372284679e+00
-8.393100737114664867e+00
-1.077289375018994733e+01
-9.982343821791856087e+00
-7.361702204849619235e+00
-3.284969835019462270e+00
3.634964343984791180e-01
1.773374882247266415e-01
-2.056391736953933957e+00
-3.331268015265950400e+00
-4.195626643005455847e+00
-2.538843493412049845e+00
1.995102618112450932e+00
-4.733221060901571797e-01
-6.311158972074720985e+00
-6.982057034297170617e+00
-7.530106878763576539e+00
-9.260211167441195101e+00
-7.518412087164613844e+00
-3.468283008791544386e+00
-1.304174910438566259e+00
1.652519990016389606e+00
7.999093199838522295e-02
-6.469434708205382023e+00
-6.814465849743491788e+00
-5.879274104179399885e+00
-6.685918534563980664e+00
-5.344130298787560740e+00
-1.820479282716346736e+00
-4.463741644706137879e-01
3.041884446281867493e+00
4.843198554835235647e+00
4.935829184147709547e+00
6.522521455266190316e+00
7.632809226793503932e+00
6.907400874563434989e+00
3.708588446656259308e+00
4.253518287256428998e+00
6.101225212877823267e+00
5.427523877119047491e+00
2.640687912056344899e+00
2.461538744813200008e+00
3.232890406161005536e+00
2.666351087156491051e+00
4.374266795198193059e+00
2.061285023623619761e+00
-3.591029057129501378e+00
2.517040513555576897e+00
2.391866601041179319e+00
-6.916336365333387803e+00
-1.073717592345079908e+01
-1.205001735941536190e+01
-1.176345016755879413e+01
-1.071751571976603934e+01
-9.864108415915616490e+00
-8.667098620743972859e+00
-5.810711189853656755e+00
-8.091653340215847479e+00
-9.332174498451768940e+00
-8.138203534778049031e-01
5.685015218402592829e+00
5.247213984936093034e+00
1.396168534909973946e+00
-4.331828315183703371e-01
2.170437569411117984e+00
5.322324735524438744e+00
5.313023669704129759e+00
-2.530253296355939319e-01
-3.520290663044449708e+00
-3.546956907585598895e+00
-5.346801500038989907e+00
-4.115631831328438572e+00
2.761279761548541600e+00
6.693277907737861021e+00
7.048762502305605970e+00
6.210688517175683820e+00
1.136789340838727957e+00
-3.620491275784339269e+00
-3.686641779520618112e+00
-1.519515305565344976e+00
3.570969163342216368e-01
2.913541708982974043e+00
6.028970108132833516e+00
7.803261170106671862e+00
3.425548829414032603e+00
-2.010983679226132637e+00
-4.124874267194456934e+00
-3.151155292446207845e+00
1.897100247101686454e+00
6.757984127644428796e+00
9.386852492894320221e+00
1.167364490668357568e+01
1.265754997813813709e+01
9.705201408467697632e+00
7.394793800175254006e+00
9.258526026547224674e+00
8.879792690275227329e+00
5.230960382162735733e+00
5.671364259729622326e+00
7.930874685814397473e+00
8.662957817438311281e+00
7.474153729771820132e+00
2.761296855901450797e+00
1.734512279303985549e+00
4.306781014787323336e+00
7.327354099294777434e+00
7.162029663698658233e+00
5.924161705506060471e+00
7.269775851311182535e+00
5.328757900388223945e+00
3.724479163784739644e+00
1.175447256671205698e-01
3.603303898976200070e-01
2.654079928382033327e+00
4.161173400123279187e+00
3.232956348010918912e+00
3.488576500185565976e+00
1.553245210476442262e+00
-3.131703034482740122e+00
-3.715054723320214247e+00
-7.519226982982132323e-01
-1.420545251739212533e+00
-3.949795560906960823e+00
1.868770166532361277e+00
3.937759456066978192e+00
1.522851860962076920e+00
-1.886625451202737169e+00
-1.655422332628024407e+00
4.907027306588671589e-01
1.880150661191691608e+00
3.801727463460569556e+00
6.431531573041075589e+00
6.364384815584707589e+00
1.159612962624255506e+00
-2.620487027341958264e+00
-4.464787518052504289e+00
-4.002461511039770770e+00
2.764299617239662221e-01
5.168034856473811445e+00
5.723886493668725706e+00
2.359138408030466927e+00
1.541762293091933911e+00
2.868672588464982187e+00
-1.318620339822458076e+00
-5.739769889282358761e+00
-8.115575015917096735e+00
-6.940118325412355738e+00
-3.652698530517148434e+00
5.206920095947082938e-01
4.881664189384287589e+00
9.409262900219765413e+00
1.110802112528158503e+01
1.059074778996540900e+01
1.219281737903004448e+01
1.200306271664752877e+01
1.065630550661332343e+01
9.615165520950093025e+00
9.551796136663247339e+00
7.939480451285128915e+00
1.433857231268823806e+00
-7.209778098645343025e-01
-4.010195236452958056e-01
-1.944883996296148609e+00
-1.171964371242556480e+00
-6.317182379979043860e-01
3.365538225038108067e+00
5.199404414597526447e+00
6.411005848089023074e-01
-1.554641270381891260e+00
1.420990410376110402e+00
2.293931397818526730e+00
-1.268466330753119875e+00
-3.330488451684082918e+00
5.907377166301295279e-01
-3.157814354494946629e-01
-2.922050140627184600e+00
7.663834837179606119e-01
4.455903478502110993e+00
4.245870215922645130e+00
2.222584405183972045e+00
3.227192104460291588e+00
6.620988158504933274e+00
7.992511525357557822e+00
7.229330234229790264e+00
8.363666680571370193e+00
6.663439623333497153e+00
6.297142503384092649e+00
8.066599602899858112e+00
7.421344345366304829e+00
1.013949648673940374e+01
9.679911664878336097e+00
9.566080630413791752e+00
1.144128624594529242e+01
1.068924722357674817e+01
1.322759218744493026e+01
1.220228638288183021e+01
1.011948911504241977e+01
1.311832193524257484e+01
1.253597442337507673e+01
8.806440104004918723e+00
5.559107658740612301e+00
1.292981269048197657e+00
-3.860964895994720703e-01
-1.652003494226391922e+00
-4.031836985558374664e+00
-2.427423703891598006e+00
4.917055384662318840e-01
-5.148592207502482587e-01
5.408208667905544109e-01
8.301328269992595210e+00
1.175669093024190204e+01
1.124470145686849598e+01
1.423401819025477621e+01
1.743662165193940439e+01
1.666416361996617113e+01
1.522926904042547314e+01
1.354416727974665058e+01
1.333561575931695309e+01
9.294147501904950204e+00
-3.699221064056586794e+00
-9.144253240892501466e+00
-1.066465211780948863e+01
-1.181999290991974050e+01
-1.214443893677778163e+01
-1.343205551734161673e+01
-1.322491075824969897e+01
-1.035164430076394915e+01
-7.467293243721106144e+00
-5.359500149193727303e+00
-4.994641972551949749e+00
-7.455265707626388405e+00
-3.937579086309246357e+00
-1.400685475438072647e+00
-2.877563571315292279e+00
-9.777983143977958536e-01
5.654692775169051222e-01
-6.407527549970312153e-01
-1.116456583490106569e+00
1.247565133223710321e+00
3.215321453127300000e+00
5.285244245416314435e+00
6.222097725053488126e+00
3.929387903250954217e+00
3.656158481119538450e+00
3.966494104569024959e+00
3.173579780099673453e+00
3.886007508502526075e+00
5.650376684750760603e+00
8.509345313258181775e+00
1.178707352659464824e+01
1.607974194448190630e+01
1.592197891153803546e+01
1.252666993515207317e+01
1.553318551585542551e+01
1.661738760979658380e+01
1.471283088387686711e+01
1.584593907931397005e+01
1.732619286020869964e+01
1.691219190412663309e+01
1.486509176119188602e+01
1.398777748327382575e+01
1.617251720625065659e+01
1.833293605190620212e+01
1.674478754830145633e+01
1.357666504837986743e+01
1.386445782483872158e+01
1.301113178337500464e+01
1.085547658064669996e+01
1.117767522398465196e+01
1.094740914232923146e+01
1.195866981123599437e+01
1.025087413514508583e+01
8.456756537699556375e+00
9.766097498562688273e+00
7.962064937916738749e+00
9.117694635562227035e+00
1.286443459795284383e+01
1.214206978963298766e+01
9.099016102740058898e+00
9.583097634252206731e+00
9.569277518434033070e+00
8.520812232539203279e+00
6.416812985539640302e+00
7.642599074132466974e+00
7.902906871736189665e+00
6.297773190437803592e+00
6.811802269018269129e+00
2.057024792173047789e+00
-7.738268311608865746e-01
-9.893910372108578877e-02
-2.254999387274770228e+00
-1.529631123972470474e+00
2.576272547423029913e+00
4.284551432333969956e+00
5.009558621179164284e+00
2.144464253359033901e+00
-1.346016577337781905e+00
-3.517104922736024708e+00
-1.394748724831406772e+00
3.454195164986837874e+00
6.490137468821924216e+00
1.141373839312068128e+01
1.432429162539365031e+01
1.374109394017373909e+01
1.428211476361150112e+01
1.445572035809785660e+01
1.390736438434720235e+01
1.326222058773574197e+01
1.013758625516175904e+01
6.077491814221346544e+00
4.016375309171915653e+00
9.417108932455982018e-01
-1.559912134164418429e+00
-4.311997625156265279e+00
-6.085266526511481366e+00
-1.382277155109570943e+00
2.380563023304027581e+00
4.989546207774929187e-01
-1.280631233955356718e+00
3.097564193251442166e+00
4.629352372472709476e+00
3.863936128395313752e+00
1.170330343906270221e+00
-1.465665888816101825e+00
-5.302534164809493689e-01
2.391502582484252404e+00
7.938497061539561805e+00
9.510286674595322509e+00
8.308655749298633708e+00
6.735580641329156570e+00
2.484891842058212230e+00
1.172655338264805419e-01
5.071683466797627382e-01
4.152805384699543190e+00
9.324575419130182397e+00
1.058066603186359167e+01
8.200529610101797928e+00
4.798930630422104215e+00
3.041843101511270131e+00
9.419910994846488750e-01
-1.438831196619074326e+00
1.652039812183716316e+00
5.708565357167190157e+00
7.157433025379864588e+00
6.740723509864118945e+00
7.894984785272577632e+00
7.275062341021318879e+00
3.923984952871883536e+00
6.470665775920301233e-01
1.924623491982250911e+00
-4.387170893759931856e-01
-8.936595823382461612e-01
5.293880385387735865e-01
-3.057134863135789971e+00
-2.610868538811634387e+00
-1.894903539793425962e+00
-4.275061740179516789e+00
-2.516100434306286271e+00
-5.097780757088800074e-01
-1.862994869185843338e-01
2.067672321793327495e+00
3.081411977183841522e+00
2.467987368785252489e+00
4.228106308847364048e+00
5.284712617755563890e+00
6.777742983297939006e+00
5.221885743982272565e+00
1.817053773465776123e+00
1.906553500940188828e+00
4.703735651568674569e+00
6.694455878847254127e+00
4.510688939236181305e+00
3.433099676293157376e+00
7.831547535659853843e+00
8.207552677514829753e+00
7.539738939814637497e+00
1.012290681228229161e+01
6.076504366644686073e+00
4.589310417084917049e+00
6.898159110864868993e+00
9.041424139906018453e+00
1.065864310479897448e+01
1.181445808240214213e+01
1.324305955409505131e+01
1.432920727592440180e+01
1.279163163154088245e+01
8.830210347448288033e+00
8.089005822527987277e+00
9.384949011268021835e+00
1.098507292101090904e+01
1.000880721097404980e+01
1.109821080832905693e+01
1.313538232562823183e+01
8.374198205235304115e+00
5.396368006520949834e+00
4.729726703773489582e+00
7.155812066866928056e+00
9.136502269500004658e+00
7.672315492007933280e+00
8.227553943732758057e+00
8.828607052429244817e+00
1.202811814027806747e+01
1.528116724370310564e+01
1.534852457852991314e+01
1.288496732898106245e+01
1.462298708014142434e+01
1.716724338554686824e+01
1.701791400159598311e+01
1.586978746987890432e+01
1.231620516353904371e+01
9.792170652278176846e+00
1.052443834919779597e+01
1.050729611758517557e+01
1.064832750735151556e+01
9.023715750757602905e+00
8.081189548292197600e+00
6.488051875525248313e+00
4.623191649068443709e+00
5.731482031979211911e+00
7.189164484468737903e+00
6.761548201056556628e+00
8.791864728873546753e+00
1.276650926474242276e+01
1.347395770057512721e+01
1.150422065652158565e+01
1.004749089431832765e+01
1.176381249502612114e+01
1.063919198419053380e+01
6.728928818312470028e+00
4.648040817567510530e+00
6.295701745098616797e+00
9.060973516110937709e+00
8.186823663673772344e+00
9.807573641854439472e+00
1.165018749195691683e+01
9.146501732209516788e+00
3.523614211783126837e+00
9.676062731437796716e-01
1.568684988805149283e+00
4.727896198784667270e+00
6.507263324085122314e+00
6.782716610685717740e+00
7.215395169266461295e+00
7.682711843135535013e+00
1.051578729861355477e+01
1.429354671352784223e+01
1.357212930841982335e+01
7.534929480978724392e+00
7.347354792326471262e+00
1.133224595351514630e+01
1.208898489923718422e+01
1.190040399517948266e+01
1.376742301378321010e+01
1.648945221838409125e+01
1.769731385454539208e+01
1.610204948679432491e+01
1.208955178886009563e+01
1.206005133162940801e+01
1.385989591453447112e+01
1.196939793809932517e+01
8.838386602613001131e+00
9.082696299280764052e+00
1.260441702665103669e+01
1.389082354353564064e+01
9.796118357658997411e+00
8.617120745228264767e+00
8.427615077503686436e+00
8.863414694849611308e+00
1.320968286367083522e+01
1.623781555474909055e+01
1.680103800081269938e+01
1.430150508199487902e+01
1.150710061110997984e+01
1.548650264599619852e+01
1.685323810692815982e+01
1.391264770336939272e+01
1.415400570819568493e+01
1.629176768452874668e+01
1.789477515710245470e+01
1.732167875862853279e+01
1.813555343101840123e+01
1.734923829733070377e+01
1.730351001466080518e+01
1.763501929144124247e+01
1.771261378295535494e+01
1.958842117133015037e+01
2.065641841133813372e+01
1.811673334192384743e+01
1.626382905228883047e+01
1.576898328656109705e+01
1.518480359539832314e+01
1.687989244168711878e+01
1.615093016067112330e+01
1.357197148278234700e+01
1.030991568443669060e+01
9.905095003803229048e+00
1.413813894213884481e+01
1.899020380076862224e+01
2.048990428862576607e+01
2.004609579768591843e+01
1.743489038340268849e+01
1.715090327014381089e+01
1.819199018375635646e+01
1.802298185466760572e+01
2.013523432989787310e+01
2.125332188639202613e+01
2.082193343957335330e+01
1.989999752530875199e+01
1.917717519128335724e+01
1.844182798987424476e+01
1.595896904012115769e+01
1.483784022893418708e+01
1.668405510398210723e+01
1.967410209021992884e+01
2.058606524646585001e+01
2.077745872486691070e+01
2.130926306337211074e+01
2.077203816676453485e+01
1.931201931550583595e+01
1.906021941401720809e+01
1.899234477078101335e+01
1.683845688814388097e+01
1.409115637617528094e+01
1.516041476068467908e+01
1.666489171033707350e+01
1.534836476994054166e+01
1.225966045688728023e+01
1.239548508817084027e+01
1.375150810838074378e+01
1.616421361711974569e+01
1.675038812676212885e+01
1.673523428987662243e+01
1.767916169270782945e+01
1.873668887242712344e+01
1.932431003803851510e+01
1.715362682922094706e+01
1.495816133570220252e+01
1.722599691013976297e+01
1.900119688665108342e+01
2.053950716031982182e+01
2.014430292558953894e+01
1.895558518412716964e+01
1.946857487674055420e+01
1.867147468658413345e+01
1.775550058148129651e+01
1.862453247826176650e+01
1.984789776313581910e+01
2.028919770851748083e+01
2.073085253910034353e+01
2.040131735655582901e+01
1.902416976933776382e+01
1.858731002283011691e+01
1.840828289546939800e+01
1.806693704811515744e+01
1.813460802333993627e+01
1.794842285870091558e+01
1.882013392747592206e+01
1.975540845471810059e+01
2.085570902663349813e+01
2.140187136565405623e+01
2.049619192608152929e+01
1.941717272681379214e+01
2.058822158039006567e+01
2.115974518587250230e+01
2.118262731766135332e+01
2.153782258152431694e+01
2.046359629441725403e+01
2.027270723349721848e+01
2.120275411268403687e+01
1.963533103487453246e+01
1.703061120566088960e+01
1.807272760491936126e+01
1.927106070070712107e+01
1.916751881025939142e+01
1.858938490122192277e+01
1.819357720183791116e+01
1.835734469390748558e+01
1.821630986246627870e+01
1.842113330931604054e+01
1.960545247568914817e+01
2.001557289663339745e+01
1.857375781543986548e+01
1.649415494911172075e+01
1.475824020587382002e+01
1.482851986836066871e+01
1.752994041493910871e+01
1.784868230866115368e+01
1.724950425037282642e+01
1.824721196743151097e+01
2.073723685256619831e+01
2.135214797989563351e+01
2.071160882089062838e+01
2.117846978119176171e+01
2.159567498744270964e+01
2.183228486536775748e+01
2.183400431898315830e+01
2.142321843001127490e+01
2.070740735995789450e+01
2.061805313801876949e+01
2.123756396578508543e+01
2.135386544555989374e+01
2.053982515727050284e+01
1.961119882972018402e+01
1.932951311485918211e+01
1.889631882686096631e+01
1.975783947601986412e+01
2.042503720051531246e+01
2.126932681372423417e+01
2.160968570958238288e+01
2.121728965915310283e+01
2.047209892491291683e+01
1.894789964812884264e+01
1.836215585894755975e+01
1.967343156693705808e+01
1.952099776066318171e+01
1.868619679277331613e+01
1.867507863452900096e+01
1.835081985386707615e+01
1.936860863983799419e+01
2.103325830631948179e+01
2.112277552377785739e+01
2.085739232009832378e+01
2.102640230870080273e+01
2.108320141912534851e+01
2.093986619894992174e+01
2.144057893884422228e+01
2.163146880813647499e+01
2.108048697139677685e+01
2.173632278372551951e+01
2.059733673575398427e+01
1.932842745887808178e+01
1.726351289650887111e+01
1.663512083122384411e+01
1.867543242075004528e+01
1.830454823725645852e+01
1.717670291840803998e+01
1.678571093020451599e+01
1.599862202513473797e+01
1.740809639202696246e+01
1.953556776156267105e+01
2.084758064581546222e+01
2.099390378698266346e+01
2.103651125328454441e+01
2.161297584907697100e+01
2.142757400489825770e+01
2.157371756063603385e+01
2.140463364851702721e+01
2.046672646852330857e+01
2.085750824162824202e+01
2.138126393870718900e+01
2.070933443418951114e+01
1.980676514026390223e+01
1.922266373938612105e+01
1.907475843218046663e+01
1.956799507225600365e+01
2.024030492150157201e+01
2.092192597043005620e+01
2.154615289263281142e+01
2.152663592470249299e+01
2.082411003739244038e+01
1.864721966268925968e+01
1.856097325523739627e+01
1.840942875445578863e+01
1.806338785873959907e+01
1.852348132931991742e+01
1.808075799178850929e+01
1.879384173574292305e+01
1.922389262539713783e+01
2.047819835129610411e+01
2.102641434349273908e+01
2.059674762159758643e+01
2.087035225709411534e+01
2.062395647158755807e+01
1.911966035607709102e+01
1.924624856934123684e+01
2.022134123723718702e+01
2.114515718534804378e+01
2.144061828096537070e+01
2.152618649974521858e+01
2.104418201913791364e+01
1.892702359246098354e+01
1.724130687998688316e+01
1.720036729766250261e+01
1.732161001145291834e+01
1.823002777350254533e+01
1.839670803728952819e+01
1.692449971165410361e+01
1.484499897425041759e+01
1.720908562535890951e+01
1.994253153400050849e+01
1.927511061310381635e+01
1.969505545023042004e+01
2.006216508396901688e+01
1.989637866843969860e+01
1.954149845329234125e+01
1.913666271340908409e+01
1.752456805570803056e+01
1.914841561008979198e+01
2.103373261418027340e+01
2.074449290524038858e+01
2.062975910015943981e+01
2.051375262441778702e+01
2.007688295180510707e+01
2.004745595206365039e+01
2.000368599419760685e+01
2.043391481802094489e+01
2.102298779558581998e+01
2.084892067207782063e+01
1.859555132847917491e+01
1.878308952970071743e+01
1.957271418198581969e+01
2.044600057430361062e+01
2.068875907550550863e+01
2.055965240815694628e+01
2.080168962895029594e+01
2.015982902572517688e+01
1.873842765853972736e+01
1.944468897823374931e+01
1.986716604085235716e+01
1.737822889190771747e+01
1.495124316546525556e+01
1.177274479263626361e+01
1.216362781432331630e+01
1.368492096853179341e+01
1.415998906155052595e+01
1.245614243912978480e+01
1.442006542546791970e+01
1.450098780152805844e+01
1.492597375476523425e+01
1.827988791665962864e+01
1.822993782713046684e+01
1.818374686099380710e+01
1.826518702281527595e+01
1.795058771199131797e+01
1.893590430105902556e+01
2.001328409182734092e+01
2.089308158503095569e+01
2.105777110737555802e+01
2.106122599926132466e+01
2.021026253758037683e+01
1.903625974563514944e+01
1.893336806450280463e+01
1.947987305051197637e+01
2.039145417406955829e+01
1.955119149095062170e+01
1.726818072500498147e+01
1.599654984322421747e+01
1.562793605998128221e+01
1.725731081084726171e+01
1.891118480057990325e+01
2.001115258448998802e+01
2.083954293007836966e+01
2.042042988403082049e+01
2.030697531122979171e+01
2.097656263169652746e+01
2.134857225040726547e+01
2.090711873513821928e+01
1.947838098796671957e+01
1.914822327062156049e+01
2.041800598981426162e+01
2.131041736957378419e+01
2.143217271369711696e+01
2.145371474484316821e+01
2.131700511780675455e+01
2.078372406336908185e+01
2.085017996737493817e+01
2.009192038451308804e+01
2.108075556591822419e+01
2.084352861705952265e+01
2.129742632074749054e+01
2.125383252675836587e+01
2.074852698072280077e+01
2.098571621516662944e+01
2.131772662507052729e+01
2.144499700639180162e+01
2.110927282821052131e+01
2.076895627843212466e+01
2.029300072820380052e+01
2.001496558173979778e+01
1.981337909164624733e+01
1.966325046316086045e+01
1.846010430358079901e+01
1.657846853859329528e+01
1.785366966405015887e+01
1.827370363424838118e+01
1.725357247315603715e+01
1.642230288692000073e+01
1.647719407112197842e+01
1.806311069843908257e+01
1.695104253945324757e+01
1.376817851110866187e+01
1.057298373325814644e+01
1.264877684476716091e+01
1.536202782948369538e+01
1.512423015510800539e+01
1.392820495246674817e+01
1.361439244915732871e+01
1.313236989870954829e+01
1.250935694187032965e+01
1.393046267802108495e+01
1.537183040373155762e+01
1.567185180828314195e+01
1.273414918314135136e+01
1.446887488937861121e+01
1.710641177723817208e+01
1.376894581740687329e+01
1.516625997348688593e+01
1.821650874065484516e+01
1.871709721844699104e+01
1.898065508877327900e+01
2.002312876311838963e+01
2.061005354452034766e+01
1.992828398203540274e+01
1.793210577028300534e+01
1.760395475776816454e+01
1.791568132300411165e+01
1.671042452072774864e+01
1.728631929042087378e+01
1.759018678945843916e+01
1.644242651093377816e+01
1.493882959917006481e+01
1.601783106399508227e+01
1.877761467322974553e+01
1.781768552101902969e+01
1.608396188380767455e+01
1.698130424391860416e+01
1.737357447239476116e+01
1.714955936855407970e+01
1.624916275909146890e+01
1.534483427806941158e+01
1.579146627829179117e+01
1.700925732806557633e+01
1.680973205056699626e+01
1.528769003245570346e+01
1.368751280707999385e+01
1.250120824079174042e+01
1.042850130732719904e+01
9.018211187372624948e+00
1.078882074543609271e+01
1.459299136245976314e+01
1.488890412378181338e+01
1.732737531438662515e+01
1.953046002879388965e+01
1.922751704749569157e+01
1.869419327100088779e+01
1.916682271470101995e+01
1.882598581399624749e+01
1.804959017199362137e+01
1.689300404542013823e+01
1.372572135968823837e+01
1.187959320177306033e+01
1.303817018406722994e+01
1.140189506439508449e+01
9.861432391886323146e+00
8.823974126349872549e+00
6.067908753145140999e+00
6.604414471843311318e+00
6.346570540702310304e+00
7.771616749770356769e+00
1.120697394189684282e+01
1.052642327629768104e+01
9.848186363650480502e+00
1.056782703136581958e+01
1.191641680060804021e+01
1.230401826653296027e+01
1.186574512321782393e+01
1.330485611638232690e+01
1.413819733847062388e+01
1.354085010291438351e+01
1.221999487165495779e+01
1.075652187392560499e+01
8.975501825408811030e+00
9.282052405148776941e+00
1.040511516351513777e+01
1.092131546400507247e+01
9.213873030913722673e+00
5.932958204365705868e+00
5.110793621954937471e+00
6.652396722703390886e+00
1.045413343620779045e+01
1.217217706052676540e+01
1.140779695629447765e+01
1.028546694139859596e+01
1.066525805592961795e+01
1.301578236349191720e+01
1.425068476328138978e+01
1.505091060534725500e+01
1.567257528570644354e+01
1.559361429374613373e+01
1.459531273534694407e+01
1.228195684615809569e+01
1.142206432100810964e+01
1.239239249073645155e+01
1.481077144539013446e+01
1.605644352146191522e+01
1.501129879526077282e+01
1.471471001271882706e+01
1.372448235781996928e+01
1.415650852582143138e+01
1.519116922194296393e+01
1.548325509464916117e+01
1.595410071945294561e+01
1.580059655412012454e+01
1.523725866147034225e+01
1.455281651251794450e+01
1.552188710172691088e+01
1.583473534981627573e+01
1.410221870891171569e+01
1.451742802317748016e+01
1.596555701071229194e+01
1.539633983553253671e+01
1.381149976514199906e+01
1.412102914749143068e+01
1.406524322950109607e+01
1.342093341352028268e+01
1.424962071216254245e+01
1.391638041795230407e+01
1.223296309691350636e+01
1.112913332213695483e+01
9.977705438749227440e+00
1.058164463477171147e+01
1.223091826437120311e+01
1.218832846461387120e+01
1.335244606526413769e+01
1.322610478021168134e+01
1.125035065660839706e+01
1.220535322290704272e+01
1.172853598080351389e+01
1.021724503350955793e+01
1.343523258186732861e+01
1.486411432870546356e+01
1.427829841075225659e+01
1.494904240805649209e+01
1.458798400377854421e+01
1.331596699594897082e+01
1.509533066521191458e+01
1.574988637143682801e+01
1.609874108353069744e+01
1.577699311698110840e+01
1.479062608300777093e+01
1.377197293931859612e+01
1.202470803343363137e+01
1.038306732403812305e+01
1.134537301210424864e+01
1.281161831994367795e+01
1.324764292584333703e+01
1.339918495046823210e+01
1.240286101878763780e+01
1.224579442107266480e+01
1.296688123351093935e+01
1.490456039216533846e+01
1.575073923458187330e+01
1.500704564512943229e+01
1.494700142309806701e+01
