-8.751849369628631692e+00
-9.584337857417528639e+00
-9.762822871927999913e+00
-9.808935484116650727e+00
-8.788005311764404581e+00
-9.307108868591210893e+00
-9.080692750248976708e+00
-8.983895092246712011e+00
-9.215714543039247530e+00
-1.060594387897183744e+01
-1.159815413298526110e+01
-1.131157251817851161e+01
-1.118028136964292685e+01
-9.018147120576768927e+00
-6.671108733793437828e+00
-7.641975433287803376e+00
-7.395987756119349221e+00
-4.186563834894260872e+00
-4.364936029462004541e+00
-5.381539143251854007e+00
-6.639837168976107762e+00
-6.030221838685728919e+00
-5.793550071524244061e+00
-7.187624047679192607e+00
-4.885607010431386676e+00
-3.682582481359864879e+00
-2.065834354250874139e+00
-4.265804090172824914e+00
-9.921081135816979923e+00
-1.147757337127667299e+01
-1.177933084167468536e+01
-1.221881145963667059e+01
-1.104216662379124081e+01
-9.106045473798188183e+00
-8.366967260291810149e+00
-8.553511416108891652e+00
-9.339583918387114991e+00
-1.060881310217919271e+01
-1.003820743511356817e+01
-9.650862190895244552e+00
-1.071184369957570937e+01
-9.465663845734820114e+00
-6.725818515255292951e+00
-4.516122846743699348e+00
-5.643090138566402736e+00
-8.368317051331922940e+00
-7.352137257138963378e+00
-7.567242296623753361e+00
-1.033954417891295563e+01
-1.240032155192080943e+01
-1.328425608062467944e+01
-1.345347690601649404e+01
-1.298922603821134025e+01
-1.263223190245964567e+01
-1.324663728220916781e+01
-1.191758192887192713e+01
-1.070166258515308577e+01
-1.125205619693054615e+01
-1.126253631165250191e+01
-1.047122282814262029e+01
-1.100743040566577235e+01
-1.094444327072699608e+01
-1.013449107252296599e+01
-1.146333795122159138e+01
-1.225991450896249368e+01
-9.921928255991966594e+00
-8.146639249198809551e+00
-8.802053573449903467e+00
-9.813149823333425559e+00
-9.520187644546686201e+00
-9.022295413185675628e+00
-9.742202328986195425e+00
-1.066878439349420482e+01
-1.137245218164010119e+01
-9.416175664404693890e+00
-6.383527873043802536e+00
-8.880804249916959492e+00
-1.096697284314710430e+01
-9.904248601555147857e+00
-7.318885463132118296e+00
-4.462093978090099000e+00
-6.263515354312984229e+00
-7.404097479777103530e+00
-6.455760026022120179e+00
-4.768729861505362599e+00
-3.387211970689481877e+00
-4.287902946288493666e+00
-5.409753478358962475e+00
-6.917605649705103943e+00
-6.483327951253919252e+00
-8.318961263290596264e+00
-1.106855010402115091e+01
-9.806700607371588774e+00
-8.855785516314528039e+00
-1.003901104697598612e+01
-9.003628063064001097e+00
-6.771145188587845531e+00
-8.016875364551761862e+00
-1.043883301052292367e+01
-1.090095274108555756e+01
-8.772331536847207900e+00
-8.979759422119903078e+00
-1.046019325070029637e+01
-1.044537049575924570e+01
-9.274992698086874654e+00
-9.723292667966839886e+00
-1.194275022626265681e+01
-1.182082787178306837e+01
-9.753123832696676487e+00
-8.943773737740018603e+00
-8.221455995876402412e+00
-6.282755205277534394e+00
-6.462919985907656262e+00
-9.130585855680656948e+00
-9.252023628848137449e+00
-6.930362528853359905e+00
-4.935778910916747364e+00
-4.076109704126884559e+00
-6.966036213115629039e+00
-7.575438576114363443e+00
-7.328750151547997582e+00
-8.513937714007962398e+00
-9.676938573848133274e+00
-1.112015103761773283e+01
-1.181825524356921164e+01
-1.077628743635732356e+01
-8.788720711955461340e+00
-1.008630565652397593e+01
-1.202561715331988168e+01
-1.375879043685574743e+01
-1.556985612666484897e+01
-1.499251698690832946e+01
-1.316119373320406716e+01
-1.062069117496701409e+01
-7.463148044005594173e+00
-7.566467488385892004e+00
-8.175080198076992488e+00
-6.252296325480596551e+00
-5.012552598392136183e+00
-5.333360989347366576e+00
-7.284334596010992868e+00
-5.524665717696710665e+00
-5.907267244400260076e+00
-1.002074523858482102e+01
-9.560019501670607767e+00
-1.015300885468263736e+01
-1.068646777752249122e+01
-1.051099549104763931e+01
-1.159350717336307568e+01
-9.429970212058098156e+00
-5.634982738989968709e+00
-6.394057086324820283e+00
-1.127264330422026362e+01
-1.249437134187574472e+01
-1.371519660129313145e+01
-1.295435416452032840e+01
-9.951540497104275573e+00
-1.082212221751133363e+01
-1.274828628033703559e+01
-1.190854564351205447e+01
-1.062555143708322269e+01
-1.244433995572067531e+01
-1.534615724045579910e+01
-1.352279810069694932e+01
-7.949038039665014210e+00
-3.921146965646114424e+00
-1.808550709237802590e+00
-4.630455452305935360e+00
-4.428555275723878637e+00
-3.021080933727239515e+00
-5.264943830796844360e+00
-4.164652483857708809e+00
-4.204327520444833155e+00
-7.167132089819420848e+00
-3.925652190524750118e+00
-2.910749759531807701e+00
-4.292065294298500255e+00
-2.092739367743967183e+00
-1.064875563048474527e+00
-4.483784065262002017e+00
-5.665125044027494283e+00
-5.060779121855162543e+00
-6.274052157265159302e+00
-6.692611649501134963e+00
-5.765378950540434921e+00
-4.086113777934723856e+00
-2.631737131443322220e+00
-4.175048671204614870e+00
-5.335336040964355320e+00
-6.298181334017606048e+00
-4.470379687436651039e+00
-1.253282177546849674e+00
-4.420546437702542519e+00
-6.561169225532401228e+00
-4.428722831269386262e+00
-3.126084171525108424e+00
-2.623698564030374492e+00
-1.638178786359737238e+00
1.416703721436584962e+00
4.090297135960238251e+00
2.299348354929552141e+00
3.407309831222072649e+00
4.275041609961666822e+00
3.709418811804042981e+00
7.059965649153611800e+00
1.025802231713232437e+01
9.691040809896303898e+00
7.016158830167433358e+00
2.665097207563467130e+00
2.724430975798416199e+00
3.862837827138743130e+00
4.479823457919240859e+00
3.718833170816979727e+00
-7.663488333736989677e-01
-1.108293458676739229e+00
-2.203079985855153078e-01
-3.220757374484253699e+00
-6.725256607911236806e+00
-9.160436447511214553e+00
-1.001416061658058787e+01
-9.216143853221604232e+00
-7.951571252060866790e+00
-7.849582904205815836e+00
-7.492726635497584553e+00
-8.484797691128362018e+00
-1.070962799559208811e+01
-9.051544290750792143e+00
-6.486826331769020015e+00
-6.889235342654125738e+00
-1.007911186931224279e+01
-1.084495418118953758e+01
-7.488807179210825282e+00
-2.946158535734284989e+00
-9.927648176854869666e-01
-2.813544764020047939e+00
-3.296990471420262914e+00
-2.905893659648318916e+00
-1.122727677482799447e+00
-8.664561032896905823e-01
-3.953169290445553319e+00
-6.882632168993245259e+00
-5.984219987537141350e+00
-8.109455143484494144e-01
1.429787111243886022e+00
1.450819594981228033e-01
-1.035091424531829674e+00
-2.190943668809544498e+00
-5.278103208905890575e+00
-6.743272167957185204e+00
-2.912567647158574413e+00
4.271376568442957766e-01
1.212358164572929775e+00
-8.841140315440264574e-01
-3.832812491899603824e+00
-3.893475047681418388e+00
-2.905388235746395154e+00
-2.069141972688902431e+00
-6.245438844885241592e-01
-2.743311122962846405e+00
-6.390900788894125384e+00
-6.834523531736436119e+00
-8.016392634128933992e+00
-5.052255850137697735e+00
-1.193393895807502769e+00
-4.737894060513805350e+00
-9.437825296084685789e+00
-1.025285550719190830e+01
-9.285583678219825998e+00
-7.931884396673437365e+00
-8.172576813099109216e+00
-1.070612816679718371e+01
-9.274968818214933464e+00
-6.577667626028468106e+00
-6.707712501968999597e+00
-8.960264351316610032e+00
-1.013277511994476576e+01
-9.997509831266739866e+00
-1.196107710618371378e+01
-1.214074594030192600e+01
-8.258662052518232599e+00
-6.784127427149422296e+00
-1.140520102192308194e+01
-1.416802456318295889e+01
-1.184844967587005549e+01
-6.458022468836618124e+00
-3.547765815539904111e+00
-1.717631028335835142e+00
-3.476012462921790558e+00
-4.498682626902570370e+00
-1.695931733474441039e+00
-7.734885040222730379e-02
1.016361929428782340e-01
-3.470775140817738524e+00
-6.615779321017247305e+00
-6.510302965590107682e+00
-6.229635277474881327e+00
-8.710028954758074704e+00
-9.715666245749401853e+00
-6.771438284505173932e+00
-5.960756650046670657e+00
-6.882023788135986919e+00
-3.592429814737664540e+00
-1.162244289506472850e+00
-3.299324568376770017e+00
-5.280614677999984075e+00
-8.293503310745553136e+00
-1.139947936579517496e+01
-9.829551302048198380e+00
-5.850191895217630389e+00
-5.733970744055958413e+00
-8.554736270805529230e+00
-9.934398529725342541e+00
-1.012038947863662841e+01
-9.702002160481237425e+00
-8.869091175224260937e+00
-5.810673847604584275e+00
-1.655689869419416427e+00
-1.679301911288706428e+00
-4.182656665932579898e+00
-7.215660399550581694e+00
-5.069702078053689220e+00
-4.720954747360377457e-01
-1.871589183558451386e-01
-6.939709004219378752e-01
-2.562206986898344585e+00
-2.258170361867432252e+00
-4.558540853413528104e+00
-8.561969382446825705e+00
-1.052243679767594386e+01
-9.734039334005144539e+00
-1.002731641441610577e+01
-9.185373132559055520e+00
-7.893335365686876770e+00
-7.985788096610874298e+00
-8.129923934456250834e+00
-8.768457602182802901e+00
-9.287503803274011815e+00
-1.122527163156495789e+01
-1.174931579075682642e+01
-1.095044555379776874e+01
-1.051953091644144145e+01
-8.181596981621090947e+00
-5.893393142293131604e+00
-5.736858338149696479e+00
-6.812280037276812195e+00
-6.876204245581185148e+00
-4.564769479302905886e+00
-5.606084329438971281e+00
-4.985101208749027180e+00
-2.754512793878145960e+00
-2.750547557751816363e+00
-3.416556944548549968e+00
-4.713689138476161666e+00
-4.578491988852476879e+00
-5.843519407207773853e+00
-8.475495084315349814e+00
-9.976230916723684672e+00
-9.566452797216433268e+00
-9.635010757567201267e+00
-9.859357205313305172e+00
-1.027997766396000223e+01
-8.387579787742444282e+00
-4.982842636698903149e+00
-3.259596681174135924e+00
-3.436782980193167969e+00
-1.932746794641958754e+00
1.122373188760389828e+00
1.712531939018332006e+00
-2.421053483772619863e+00
-4.859494329163396742e+00
-6.756661872184415607e+00
-7.259152372437763567e+00
-3.938064862063679783e+00
-2.894276530653903112e+00
-6.782323395615130757e+00
-8.527524764425908899e+00
-6.158440563805283041e+00
-3.675304891102060267e+00
-3.937205089397374458e+00
-3.202293450241960659e+00
-3.340999534549180083e+00
-6.839968366644510134e+00
-9.062749239239815680e+00
-9.306295580332399453e+00
-1.030880804843742560e+01
-7.245577797531303155e+00
-3.059705757082465727e+00
-5.022135020599971966e+00
-5.144505139937030513e+00
-3.610810106273997899e+00
-5.969693046483944165e+00
-7.331814985514113481e+00
-9.813728084232529625e+00
-1.205576774022069309e+01
-1.144065416543887892e+01
-1.069343101886998859e+01
-7.673543702021722979e+00
-7.713110897551943346e+00
-7.954594736029825697e+00
-9.106424483077059762e+00
-1.041558456847331016e+01
-9.346500334767016582e+00
-6.125661121843042345e+00
-3.824578558869304867e+00
-5.326697994205741971e+00
-8.209410361693109337e+00
-8.357478407512600072e+00
-8.271306682671939470e+00
-9.022822692464567140e+00
-7.715685482659536021e+00
-7.951805516505434213e+00
-9.413961048230897077e+00
-6.127845500862957095e+00
-3.717887519300058230e+00
-6.045802167553513407e+00
-9.111805365518494071e+00
-8.949078554177919642e+00
-7.818511075448896008e+00
-7.901984213123309786e+00
-8.828281704644000527e+00
-7.679968153010967136e+00
-5.269997632478562899e+00
-2.486849659193434814e+00
-1.309973648180007499e+00
-4.720919419690905450e+00
-8.299552764194944032e+00
-7.282205445071122440e+00
-6.893844893794314643e+00
-1.053909525871144481e+01
-1.121061882792240638e+01
-9.400092355112462883e+00
-8.058403654905911040e+00
-6.172231114148869935e+00
-4.841309197928047148e+00
-8.735266023063250174e+00
-1.153561696931685354e+01
-1.160897193311385855e+01
-1.336150316593631082e+01
-1.520898249692642068e+01
-1.562814046896277098e+01
-1.423961159437350865e+01
-1.170530390041978919e+01
-1.026082106537308114e+01
-1.197905546979378144e+01
-1.380533885585643716e+01
-1.313523565603660614e+01
-1.479369933413314797e+01
-1.672367298025678295e+01
-1.718700838265655051e+01
-1.644257190029303217e+01
-1.519959556802177936e+01
-1.568491570056126072e+01
-1.525068131297748764e+01
-1.408727546844523815e+01
-1.400242123373164915e+01
-1.477057875138191356e+01
-1.520751631378388780e+01
-1.547533650717586262e+01
-1.595651696527453822e+01
-1.566033676074068737e+01
-1.466697813093259661e+01
-1.208865297911443726e+01
-1.371505020131854025e+01
-1.395097527948206562e+01
-1.018857235935050909e+01
-8.206213159327772289e+00
-7.938575536818880174e+00
-6.103829585549104486e+00
-7.773939267856420976e+00
-8.386099086683739046e+00
-5.198784963213597621e+00
-4.685341141890362771e+00
-5.489490226787474114e+00
-9.023632940372852573e+00
-1.406791258229184294e+01
-1.535195302412699192e+01
-1.475342751749819925e+01
-1.373103297871514883e+01
-1.298860341166220067e+01
-1.493643947491623791e+01
-1.612137221580603352e+01
-1.582491279164813847e+01
-1.446273515599994397e+01
-1.276758043492087147e+01
-1.166663224793506082e+01
-1.226872806391506288e+01
-1.456346198427990579e+01
-1.517712505586729499e+01
-1.380256783032328904e+01
-1.248282249150304324e+01
-1.273756565866162305e+01
-1.319399376842993732e+01
-1.416036228703968902e+01
-1.473828239302021004e+01
-1.420218335005517751e+01
-1.383847820060636913e+01
-1.316228846407805442e+01
-1.188599506951614160e+01
-1.128661151726334744e+01
-1.204341271562592652e+01
-1.297392881830086964e+01
-1.429097246165570390e+01
-1.493687928301249812e+01
-1.386796920416688117e+01
-1.322378073815094623e+01
-1.308233387690957983e+01
-1.451776786721759471e+01
-1.425805295466079770e+01
-1.182924659873214601e+01
-1.006034438494177685e+01
-9.953868757999115857e+00
-1.094139664942764156e+01
-1.109819479290488786e+01
-1.093115819510405373e+01
-1.394298333849701699e+01
-1.573469156243877443e+01
-1.542995189929757771e+01
-1.396614681110039768e+01
-1.238474747750516869e+01
-1.185982502798577265e+01
-1.261432915250762576e+01
-1.354801989421573083e+01
-1.403211412454751006e+01
-1.461701079043221618e+01
-1.376104569667923805e+01
-1.219116830302844789e+01
-1.285164491157724598e+01
-1.282461254256670458e+01
-1.155327882884827062e+01
-1.140770342061689568e+01
-1.243977344116677131e+01
-1.163410608240978306e+01
-1.162308550296705612e+01
-1.273226281747346889e+01
-1.166850988759964380e+01
-1.043843448321269918e+01
-8.482758951028774419e+00
-8.426649058701842776e+00
-8.834707742066353120e+00
-8.175475740249167345e+00
-9.915236220629020991e+00
-1.246542696150607732e+01
-1.355676476378988760e+01
-1.249344036189295615e+01
-8.915248319178717296e+00
-5.324592119266823076e+00
-5.385235682603393137e+00
-5.456153557599311199e+00
-6.131088284470854077e+00
-5.613920526026745961e+00
-3.497442667581611708e+00
-5.790278733645306986e+00
-7.100867360743150059e+00
-7.164479638165770048e+00
-6.919289771165688663e+00
-7.249553134193153170e+00
-9.702005632104974353e+00
-9.755175205069381406e+00
-7.307395123719919283e+00
-5.340967553043450167e+00
-5.358948575404098413e+00
-4.673119176232690464e+00
-2.150427719414023109e+00
-2.228342670477721832e+00
-7.307278004292609097e+00
-8.819396231847623113e+00
-7.605284877281756728e+00
-8.357006808277137822e+00
-9.461929199382979050e+00
-1.044108887243796957e+01
-1.106290831478128389e+01
-1.021988784694195473e+01
-9.634482044555717550e+00
-1.096866289898459890e+01
-1.394769382632809318e+01
-1.582573316343528624e+01
-1.609204434388783866e+01
-1.543453625102037563e+01
-1.473726227394174870e+01
-1.391851412505363861e+01
-1.368608994160004677e+01
-1.387454398960325896e+01
-1.339651436376733251e+01
-1.385584942080947712e+01
-1.359120414986503178e+01
-1.262462960459546757e+01
-1.191734437795938994e+01
-1.285788693681288741e+01
-1.495055831172800609e+01
-1.543345975406676196e+01
-1.455336657079748441e+01
-1.283258947665082594e+01
-1.412424812651874007e+01
-1.365888862768780854e+01
-9.984116111677343142e+00
-5.950315412911861834e+00
-3.966171630569337303e+00
-4.187561180060581201e+00
-5.882937213694639844e+00
-6.872666962419238246e+00
-5.725788952566601253e+00
-6.612839880944838100e+00
-7.811911359176832548e+00
-7.133908846818583172e+00
-8.704949208169233899e+00
-1.155701864816791868e+01
-1.334890704091248104e+01
-1.248781324201743104e+01
-1.111558305860914864e+01
-1.069446813695729936e+01
-9.300166227403508401e+00
-9.033869032718591541e+00
-1.115601878888438847e+01
-1.227108631695649343e+01
-1.359558029459062212e+01
-1.434484139670153979e+01
-1.271625215673425480e+01
-1.127885793875375775e+01
-1.199484304845435112e+01
-1.204569708316050303e+01
-1.199107629371847672e+01
-1.247989069147617869e+01
-1.325512483522961737e+01
-1.392288717294488087e+01
-1.400890707958942905e+01
-1.401936434052822023e+01
-1.291027621407961234e+01
-1.234742951616578210e+01
-1.328650771447621715e+01
-1.429109111418824085e+01
-1.275361365629759014e+01
-1.039486826628574612e+01
-8.893714863333430642e+00
-1.025631306413835730e+01
-1.302211463783802081e+01
-1.354929154602121599e+01
-1.195236037195165579e+01
-1.147307499805515896e+01
-1.213503536449917242e+01
-1.138824060164967911e+01
-1.140655903476127264e+01
-1.327420621213010321e+01
-1.443009591102783595e+01
-1.417709769215167803e+01
-1.401086702903541337e+01
-1.492883917931247595e+01
-1.469566292506369010e+01
-1.329774407673723324e+01
-1.194485457577109777e+01
-1.100384232591653877e+01
-1.152841074651542641e+01
-1.342466397191295790e+01
-1.498074104741680834e+01
-1.501854181541533784e+01
-1.490774884627569996e+01
-1.553569072646559590e+01
-1.513600751093150798e+01
-1.490054216412822363e+01
-1.407107754203497585e+01
-1.181587389677760136e+01
-1.127228253306436656e+01
-1.291785194469343523e+01
-1.403086252079617502e+01
-1.421498064663903982e+01
-1.538473363193151044e+01
-1.602130435705683453e+01
-1.516415665869255491e+01
-1.463189625087316870e+01
-1.588311233100390574e+01
-1.602962898880865694e+01
-1.491805512008812507e+01
-1.460345031993191967e+01
-1.459821538145839881e+01
-1.327862151209352426e+01
-1.198647649174828445e+01
-1.081250167806324214e+01
-8.841502020257935968e+00
-7.175819788874537863e+00
-9.851651770524187057e+00
-1.273094606885346103e+01
-1.225794455388641424e+01
-1.097977773747287067e+01
-1.108653779966309116e+01
-1.188341225081661179e+01
-9.584667037362271103e+00
-8.221609336012424052e+00
-1.046391351903645806e+01
-1.124705982161201057e+01
-8.786194032636188922e+00
-6.156050198279666930e+00
-8.387610462207438999e+00
-1.264616325188848656e+01
-1.301773463451441870e+01
-1.329405031676724924e+01
-1.585355983730616813e+01
-1.621446018188886029e+01
-1.558564476044416658e+01
-1.516796185652694007e+01
-1.431488395781535949e+01
-1.469383399915210120e+01
-1.477395862138483551e+01
-1.362766842198207939e+01
-1.209833411389719693e+01
-1.085212142806419600e+01
-1.271695678342607572e+01
-1.231949020711150489e+01
-1.199148661401011395e+01
-1.182455635750057077e+01
-1.247001653049917635e+01
-1.505656627925170099e+01
-1.568554511895474413e+01
-1.455904107886176568e+01
-1.446215504826365894e+01
-1.480277002077024839e+01
-1.271802647733508707e+01
-1.081059955871842426e+01
-1.138842187825390795e+01
-9.129425679291335527e+00
-5.058172577784230128e+00
-5.707646245607190139e+00
-6.329716324505333169e+00
-8.561691449087213357e+00
-1.200370606498966985e+01
-1.296671792310958082e+01
-1.150302517240887923e+01
-1.200632346274387530e+01
-1.125698053027764978e+01
-6.739323106908191363e+00
-8.798321677553483156e+00
-9.628718140817293047e+00
-8.738701013418950225e+00
-1.020524186145656564e+01
-1.148800398760891639e+01
-1.254002537668384676e+01
-1.231786664837388479e+01
-1.193957610830442384e+01
-1.120027162777785534e+01
-1.035634022349137773e+01
-9.609011294544078652e+00
-9.015998135952141723e+00
-1.080953393730692724e+01
-1.072984359208973437e+01
-7.272522321236495557e+00
-8.514359147400439198e+00
-1.357366002572004504e+01
-1.618282970168714030e+01
-1.685692023072504142e+01
-1.661822723421553505e+01
-1.566555398661906473e+01
-1.471675768438109522e+01
-1.401400258390776798e+01
-1.384520928605294365e+01
-1.444332230195522015e+01
-1.404009997679862742e+01
-1.124414039336412330e+01
-7.864439843850856704e+00
-7.070132622872519867e+00
-8.013205285523461896e+00
-1.001604905264781742e+01
-1.052834563708731785e+01
-1.019956215424918788e+01
-1.048995735492774983e+01
-1.165449583669795963e+01
-1.229851657427704659e+01
-1.190147564214859344e+01
-1.081817118778482190e+01
-9.284628115319556230e+00
-9.214791943875161095e+00
-1.118650469597297104e+01
-1.357883220080802644e+01
-1.394078725070398050e+01
-1.179358958728562001e+01
-8.625593260504100357e+00
-7.722513075588312681e+00
-9.148391550836837638e+00
-1.119918713630967133e+01
-1.281615595423621556e+01
-1.348257952943389171e+01
-1.475399884305945442e+01
-1.559980164058173813e+01
-1.395367612043159689e+01
-1.102059720762432704e+01
-9.756852339756408199e+00
-1.082388344864582486e+01
-1.276561726098533356e+01
-1.353354012162018627e+01
-1.439453536029424718e+01
-1.532915434249380127e+01
-1.430170012858492079e+01
-1.338627711428105549e+01
-1.248260536536579757e+01
-1.035739206574218052e+01
-1.047076213020890734e+01
-1.179121326509398315e+01
-1.228215814118029847e+01
-1.344397269179014742e+01
-1.510776597457466863e+01
-1.478490589214319328e+01
-1.276992952661537473e+01
-1.131042330006572705e+01
-1.258135693808687527e+01
-1.484616052722952340e+01
-1.439485842682026728e+01
-1.376588777136624664e+01
-1.561821331609367647e+01
-1.659217792614771625e+01
-1.714292452243044451e+01
-1.682439113817775578e+01
-1.621105401140938795e+01
-1.657015638964660198e+01
-1.650382705367380254e+01
-1.674813909727948769e+01
-1.692066469124600658e+01
-1.648928332627055937e+01
-1.403878855713583640e+01
-1.292144137242102886e+01
-1.316833061676353189e+01
-1.363648606616323100e+01
-1.378194556538561777e+01
-1.326098381979866758e+01
-1.223084348771951824e+01
-1.045309307442723501e+01
-8.952175705899856339e+00
-6.678557599174555826e+00
-7.464829092335822480e+00
-7.528318052331508525e+00
-6.723825137171822064e+00
-8.547424535240962129e+00
-1.095929276890908710e+01
-1.157531955452199135e+01
-1.202029031878046084e+01
-1.218181981625866328e+01
-1.070753120463764319e+01
-1.049900290020330118e+01
-1.496230468940307290e+01
-1.632691484154856809e+01
-1.599955267811901471e+01
-1.526643797154255466e+01
-1.401153297263103781e+01
-1.320695839335420096e+01
-1.281244375929695245e+01
-1.405060269398239114e+01
-1.562619930233803522e+01
-1.495370024555906774e+01
-1.156772862185468043e+01
-7.865947457483704497e+00
-9.309508753482319321e+00
-9.527635230360528951e+00
-7.067913729729660588e+00
-7.327489444295302690e+00
-6.364530079402077156e+00
-5.394824456096398713e+00
-7.694726442233385200e+00
-9.398687990500476985e+00
-1.070011273123501816e+01
-9.539342447995505125e+00
-1.013286830537594341e+01
-1.123765274995088781e+01
-9.691480563407983695e+00
-1.180864123076938377e+01
-1.189186998820103369e+01
-1.111958616587805082e+01
-1.237420524481189155e+01
-1.215875274708321108e+01
-1.295426717392670746e+01
-1.251818528076012704e+01
-1.352404724454466489e+01
-1.447116255045652089e+01
-1.235722845701902806e+01
-1.299661252486508367e+01
-1.412281872740864230e+01
-1.410053517075938601e+01
-1.447840884817356155e+01
-1.245317879393698490e+01
-1.141402140376040641e+01
-1.011076788962581041e+01
-1.046954871596634185e+01
-1.117575127172720251e+01
-9.961441616057944870e+00
-6.931146833408293517e+00
-4.730096832358221093e+00
-8.206250003072586452e+00
-1.336004401630474980e+01
-1.460844339745603548e+01
-1.365267940351824194e+01
-1.191295976208653506e+01
-1.314776414454794917e+01
-1.388518873548539112e+01
-1.228549544503842306e+01
-1.018653230094109041e+01
-1.215543783202805272e+01
-1.485935930282350625e+01
-1.536180035505504726e+01
-1.455839103613623564e+01
-1.084629688133636982e+01
-1.029632409492530698e+01
-9.732060707314920123e+00
-6.658293289363547807e+00
-8.131897532105199389e+00
-8.656282602239903312e+00
-8.451291362152197451e+00
-8.787021949834125323e+00
-6.149438736236310099e+00
-3.190852980465824551e+00
-4.958521340898876417e+00
-5.278086550119800435e+00
-5.253743101350083933e+00
-6.037393441509257386e+00
-7.899916924719200928e+00
-7.818096208022144999e+00
-7.596240143134263434e+00
-8.922015018929245755e+00
-1.012788546950929458e+01
-1.134788073273059084e+01
-8.489983464135750779e+00
-2.553042376189114560e+00
2.921200365011053512e-01
1.308357285875340281e+00
-7.829409940260482204e-01
-2.649027664817401373e+00
-3.318171257642248406e+00
-4.866822069812622331e+00
-4.486364751508843618e+00
-4.182179608821474659e+00
-2.153894606937182932e+00
-2.249926669559112469e+00
-1.462073948681645641e+00
1.803880573343332960e+00
-1.575805261122454448e+00
-3.885583170936458330e+00
-2.016129593752174376e+00
-3.008128434294039089e+00
-4.286657773598284926e+00
-3.799431218884528061e+00
-5.181175363051938376e+00
-3.670336631425292317e+00
-7.513296611110087397e-01
-1.779669359596110612e+00
-5.497140494573526048e+00
-8.585749157182650748e+00
-7.734502098923140778e+00
-3.614680080851164767e+00
-2.297538339855565770e+00
-5.485493460995424897e+00
-6.808377775854324909e+00
-7.218848896686466787e+00
-7.309859924201194126e+00
-7.323710570811777565e+00
-6.126295373814851786e+00
-7.425822406862559788e+00
-7.822675791799105660e+00
-6.328638202977811211e+00
-9.477144729666090228e+00
-1.142686883788751651e+01
-1.028972507639211820e+01
-9.036689538737748606e+00
-6.664060589607790241e+00
-8.546059882500109950e+00
-1.210114508114368981e+01
-1.127116436566572055e+01
-8.364635946714576775e+00
-6.348234653618617607e+00
-6.924810826715386725e+00
-7.504428389420049861e+00
-6.350074243827948273e+00
-3.541942461604033365e+00
-4.890571719729368994e+00
-6.714212541699733805e+00
-8.975741307437990812e+00
-1.089045437791832427e+01
-8.474676102331025973e+00
-8.521753588722065231e+00
-1.148622151524567059e+01
-1.205923385292008376e+01
-1.229486759284706032e+01
-1.175219294373255785e+01
-8.568861025332248360e+00
-5.498410381395268054e+00
-5.819237768762685725e+00
-6.360660205876661699e+00
-5.054701320510389451e+00
-6.323300950291314670e+00
-9.426357412345048203e+00
-8.787186099347287893e+00
-7.163389674816444064e+00
-4.229385335721688399e+00
-3.632061876390502153e+00
-2.159577331897805763e+00
-1.802590741577327904e-01
-4.124845649443360962e+00
-3.424270445743449631e+00
-1.069715095713109215e-01
-1.941742421074336145e+00
-2.879276311508667696e+00
-7.962550662002323421e-01
8.782021183292162969e-02
-2.612444465436980945e+00
-3.423219335030570409e+00
-1.658359118836671087e+00
1.483268323876639094e+00
3.477878392531462914e+00
-7.178782996249728765e-02
-5.749747461286427885e+00
-7.033930483039799952e+00
-4.816726007730004255e+00
-1.797302837373457418e+00
3.567113677574305530e+00
5.392556910445872376e+00
3.602177581075069135e+00
3.431331380451338120e+00
1.973583818859310446e+00
1.299138264008714350e+00
4.663790383331498646e+00
4.759200831486769090e+00
1.465610074858336498e+00
-1.874982389610173161e+00
-4.170000803479855911e+00
-6.379468987145969550e+00
-4.349834974584816827e+00
4.859035636489213439e-01
-2.690128136118854693e-02
-2.937635659795348353e+00
-5.934089271976243474e+00
-6.610121004364691188e+00
-5.900838297194338722e+00
-2.520010365974138189e+00
9.923441827089688472e-01
-1.369084417297906420e+00
-3.929637248758739432e+00
-3.691765279514687581e+00
-2.423450052906460872e+00
-5.685904578983438373e-01
7.143228803934251747e-01
1.319189625016093270e+00
3.359414072247431715e+00
7.237733320589601504e+00
7.611028088614634868e+00
5.298841193837017016e+00
6.436716019057885596e+00
9.108172945805927512e+00
5.823958515135621461e+00
1.450055414314873170e+00
1.652076461010872022e+00
2.866008350833888496e+00
3.615459323278944925e+00
6.523510290007731305e-01
-4.619856865261385837e-01
1.953360964204705841e+00
-8.654593000155493820e-01
-1.313112787283001515e+00
6.032403138785347174e-01
-3.481722355703086080e+00
-3.299750314231714832e+00
-2.397695829258644995e+00
-6.368887308874215947e+00
-9.156292416087801200e+00
-9.049907778672269032e+00
-6.855692761186585216e+00
-6.715715301105302792e+00
-6.396855194699808678e+00
-2.624167312238292471e+00
-1.468180800123673357e+00
-5.288478304586176293e+00
-5.476493275320410525e+00
1.293070999692520484e+00
6.863445856465697936e+00
1.035371028762833490e+01
1.054670051196302616e+01
7.537140112701103511e+00
4.295160448509033557e+00
4.741146866280451455e+00
7.265696675377166791e+00
7.253989303360373064e+00
8.327327038321071129e+00
8.898944650922677724e+00
7.903289359336111985e+00
9.766471105393339514e+00
1.051030676905560135e+01
1.092168569108300957e+01
1.213640708436888005e+01
1.168751292676987141e+01
1.181330063244513973e+01
9.290553658464114406e+00
7.193678162104629514e+00
9.357520434622211170e+00
8.764563246925920481e+00
9.095278776349939420e+00
1.171086899982156915e+01
9.889676790305763632e+00
5.673339688400410807e+00
5.867610851855422638e+00
1.025708271467255273e+01
1.411729179580401450e+01
1.047262697702566037e+01
-5.423336328680472995e+00
-1.232151744375333813e+01
-1.538325971465283359e+01
-1.599925289995183597e+01
-1.403236854001099587e+01
-1.465032238943259557e+01
-1.457135909378633798e+01
-1.192294188840018521e+01
-1.243382750786233260e+01
-1.223091605329662990e+01
-7.404624078528675213e+00
-5.691339482852252551e+00
-4.890755637212850893e+00
-3.553398927176018240e+00
-1.014687093871580403e+00
-4.686620975680412526e-02
-2.392623614372137997e+00
-3.664568600033799139e+00
-7.575161351937508059e+00
-7.247232562197808647e+00
-1.563378302812903353e+00
4.849468367729220297e+00
7.347990404888132154e+00
8.585975036750161493e+00
9.134861058955483060e+00
7.536915767646346964e+00
1.712534172264250865e+00
2.448095335884692414e+00
3.142139641243576698e+00
1.226321682153735049e+00
6.187401075073720946e+00
9.495278594719167131e+00
1.034313505332487537e+01
1.099721786014490199e+01
1.106874564747526968e+01
1.289972165225642442e+01
1.282266178224488229e+01
1.063257104868931258e+01
8.832856873262199926e+00
8.249907722489309592e+00
9.199017041666079919e+00
1.127248190856981580e+01
1.295965608313809447e+01
1.384902696277921308e+01
1.382854690106648299e+01
1.229572220957393114e+01
1.402005344325426961e+01
1.283788382750879720e+01
6.654889046842704659e+00
5.191736295261270229e+00
2.164107666015975706e+00
3.473233827288850328e+00
4.363705874786401928e+00
5.048507047358627986e+00
8.515617332577976484e+00
5.613182695220707785e+00
2.924442211919823009e+00
3.933075558939728378e+00
2.318329398252791940e+00
7.376902210736947518e-01
7.878975228647842055e-01
-8.122477310159803565e-01
1.491408965375087270e-01
4.143534611985603355e+00
4.779917315839841585e+00
1.282422084234665416e+00
1.683823540851877354e+00
3.804170139835475695e+00
5.886561062195447835e-01
-2.887864851572186531e+00
-1.524819200425759469e+00
-1.533485589360107815e+00
8.458004316350429264e-01
8.833335665801989034e-01
7.193662963772110563e-01
5.385238543777018272e+00
4.771052883369191200e+00
4.465760934472704946e+00
5.236565782091589405e+00
5.190991761535711291e+00
6.457729258822198837e+00
7.267734279576482770e+00
8.791038080264980792e+00
7.664499779388791900e+00
4.148152800719028477e+00
1.935675465431083042e+00
1.560078563735235457e-01
4.183328259944781635e+00
1.025097722439979187e+01
1.132113110494220543e+01
9.987187477694330795e+00
8.026045177482478366e+00
5.724713577958803867e+00
6.481062496005405293e+00
6.938864246239779376e+00
2.863564496082675603e+00
9.340845287800535468e-01
5.536904348903586737e+00
7.899212910029863366e+00
7.357238832451694854e+00
5.537140932906956969e+00
2.710534013099070716e+00
1.328759029927189195e+00
2.804649529525252483e+00
6.800500799937712060e+00
9.080890375421708072e+00
1.034941646567609830e+01
7.351819005984499888e+00
2.298057240772211962e+00
3.092365964485827234e+00
3.384117735057584841e+00
2.275538105712696879e+00
3.231740522553943507e+00
4.422373120035518745e+00
4.465578093587533992e+00
3.702384403328808471e+00
2.765487773963917650e+00
3.256424096949135816e+00
4.158174763638680105e+00
5.789337774109399426e+00
5.758900723786514853e+00
4.516362989873161204e+00
6.718297664472486552e+00
7.191064467303661445e+00
3.725858604571379296e+00
5.200740744829706053e+00
4.359641971225526547e+00
4.949419529610906032e+00
5.961008388859529994e+00
2.584099297958230235e+00
1.107414276854804980e+00
6.395988865373964938e-01
2.063525626396970125e+00
3.475428470126424862e+00
3.819477380758819152e+00
2.854565119623810876e+00
2.319059936166632863e+00
4.131062807116562929e+00
3.376691438178573090e+00
1.921366781933138590e+00
2.584183394164043079e+00
4.490336999607854374e+00
6.113298241784942633e+00
3.906996086038721394e+00
3.629303291731381442e+00
8.661193617169853809e+00
1.086572740287177474e+01
1.049700238263618601e+01
8.598085155856773909e+00
6.925852683236589868e+00
8.692440729862688897e+00
1.166667921700789989e+01
1.167470747803411335e+01
9.120102094159175721e+00
9.672794344700484714e+00
9.930652147900609350e+00
1.128985413926684878e+01
1.341517557316954523e+01
1.013049046131383513e+01
3.215765644684339009e+00
2.599534473975481319e+00
6.881597616721522037e+00
8.082605675440774462e+00
9.190181491804137792e+00
8.545226808430095744e+00
9.120842942235052320e+00
9.632587625595380842e+00
7.954935909613117140e+00
1.017871238935300937e+01
1.094830712658637140e+01
7.237832440693654945e+00
4.711717215720971019e+00
4.399430817195933763e+00
4.100945218542046966e+00
5.327104664916830323e+00
5.685216310230829073e+00
7.041899841386045189e+00
9.725729229568264245e+00
9.775522643708947967e+00
6.922558592115390930e+00
2.718684730061946109e+00
-3.258862391597920904e+00
-5.153635983028024725e+00
-6.966076371697754510e+00
-3.449470250661547333e+00
3.609320476848503212e+00
7.681351093983154188e-01
-1.427079199594471604e+00
-1.065879622247474900e+00
2.044884121625248685e+00
6.112340944529231379e+00
8.958591979887707168e+00
8.207964307486507849e+00
8.438403111978534099e+00
1.186639254206576588e+01
1.092342929489352699e+01
9.441769560727975019e+00
7.744308632324853114e+00
7.948491664042142801e+00
9.277226504129624018e+00
8.675801867465484207e+00
7.755865723267082679e+00
5.341092840162200872e+00
3.165977164517538522e+00
4.554008515242631283e+00
8.339365282041434568e+00
7.883396755621511431e+00
5.080221378489065742e+00
3.503889010243975033e+00
2.937503794483551811e+00
5.357882728868096578e+00
7.109461705626477723e+00
8.015234946198162902e+00
8.014310098679247929e+00
7.335554496145926251e+00
4.315764589156348308e+00
5.251457195438455017e+00
8.951353305227479851e+00
1.074862307593662081e+01
1.086173880934551761e+01
9.797370898395989514e+00
1.020941267747323522e+01
8.655926515597171189e+00
3.182734010200988450e+00
2.489427795488993844e+00
1.572385504694832514e+00
-1.311445634478992428e+00
1.214877467428481933e-01
-2.568923229825633148e-01
1.686680450873063508e+00
7.423120057698586294e+00
1.138428294188853585e+01
1.338825530081929571e+01
1.198110586723840321e+01
1.047580431407865653e+01
1.176293712197695562e+01
1.338878179269067026e+01
1.187538602511120622e+01
1.171809353373827101e+01
1.324380956846652779e+01
1.204996886622407715e+01
8.195337450643181754e+00
4.858070975759053667e+00
6.176700415506330977e+00
5.188566211860488053e+00
4.366412313815968282e+00
6.689974588873105255e+00
7.624274934651345426e+00
6.317909452583929664e+00
6.226077441800503820e+00
8.090939062762025458e+00
9.778659451057064800e+00
1.069659745892090719e+01
1.000779338462538881e+01
6.807363398015771949e+00
5.483341343909657439e+00
4.990336317515082776e+00
6.769057425833423736e+00
8.929404552621859281e+00
7.201896510241364346e+00
5.938091686201755870e+00
4.156401895528039958e+00
5.443759262613024674e+00
3.999753972274785241e+00
6.970311995454468723e-02
4.333526646761978185e+00
5.790312745671609029e+00
4.410359751498281078e+00
2.181970094684926309e+00
3.291899660968287122e-01
1.993434243678338991e+00
5.046440695355313366e+00
7.716644678738033392e+00
8.176377636093889123e+00
8.420042719342173854e+00
9.189527585621735994e+00
1.012266689520254026e+01
8.382224906882388638e+00
6.454106906654970999e+00
8.610854490748051759e+00
1.009941385728665431e+01
1.251152713837016428e+01
1.474418580130297229e+01
1.264528921049709709e+01
7.661862360606523481e+00
7.300159623657246577e+00
9.957770634351096106e+00
1.213971473691796810e+01
1.336000986529893630e+01
1.293212936087305209e+01
1.319966703419311571e+01
1.236292083689455623e+01
1.082003544411775486e+01
1.112232820173056780e+01
1.226841070319192539e+01
1.413586492119688032e+01
1.472191150445443952e+01
1.155861517551356599e+01
7.214020856432963313e+00
8.334691341347872040e+00
1.191845678761070992e+01
1.375584377074988751e+01
1.470390218920853265e+01
1.590254383414928796e+01
1.753397459210986042e+01
1.800307352195139643e+01
1.803373528961357053e+01
1.846079235553046871e+01
1.788869244424997262e+01
1.585552594839001372e+01
1.604283459887032492e+01
1.649116518955845834e+01
1.815215916318703293e+01
1.817159210830106986e+01
1.644494041432522735e+01
1.509897539227707597e+01
1.411932574196256773e+01
1.498519548699278126e+01
1.681416043077910771e+01
1.768449648258741291e+01
1.649553649686106738e+01
1.600818188698524835e+01
1.607859338435120478e+01
1.404205588859119302e+01
1.265239566941737337e+01
1.267105635329374813e+01
1.580838005831522963e+01
1.789797536198386041e+01
1.660701604506629181e+01
1.462799531085782334e+01
1.306762069462986275e+01
1.170231790208419831e+01
1.000775594908461663e+01
1.146510415244594938e+01
1.175228811611335900e+01
8.289302730493927740e+00
1.003881361377857218e+01
1.151170712064773660e+01
7.313559835821450861e+00
6.779391312404921877e+00
1.098322079398154116e+01
1.362011216451384499e+01
1.318365104411224031e+01
1.454077276237515370e+01
1.381170723980892134e+01
1.284418788335453243e+01
1.434411439204071215e+01
1.427007023090712501e+01
1.425796381182762218e+01
1.335749540800452806e+01
1.424386399171487128e+01
1.683136724660412398e+01
1.868883302876398744e+01
1.815181514658739559e+01
1.613788334880155517e+01
1.554453538188582939e+01
1.478897468722729514e+01
1.545184294240563894e+01
1.758732485978601900e+01
1.743246161062752009e+01
1.429186455176590620e+01
1.166216386404274274e+01
1.183589047344027279e+01
9.784301440481451451e+00
7.106655034779667091e+00
5.821826566288791582e+00
4.100232617127903545e+00
7.602709357479223051e+00
1.019222982929835375e+01
1.027088678098847296e+01
1.287757862104293771e+01
1.526162371110768312e+01
1.610608420959396270e+01
1.712490246521549864e+01
1.568302394973577130e+01
1.340477619975006895e+01
1.683711579442177708e+01
1.667728202123904069e+01
1.560281127764443099e+01
1.671399500791622117e+01
1.491509606933016663e+01
1.200636027485214719e+01
9.593388702689688685e+00
1.009742728825207969e+01
1.328786388208881242e+01
1.293822738252466209e+01
1.143696330373941450e+01
1.021820521308502272e+01
1.014297454893806893e+01
1.408610829425406585e+01
1.723271501356597213e+01
1.830500791287213502e+01
1.911967867848482072e+01
1.919992097535784481e+01
1.828683104131552994e+01
1.634827769321706370e+01
1.895705732802852950e+01
1.999441617937169724e+01
1.981429613700609949e+01
2.010588946694845447e+01
1.927470056408387578e+01
1.897586594961818207e+01
1.899878353302022660e+01
1.862694248138963360e+01
1.816255047481836371e+01
1.835219326634937076e+01
1.686842267683405794e+01
1.419741664824387328e+01
1.349455897214294176e+01
1.380930844357335907e+01
1.590259371313414505e+01
1.511878355402074803e+01
1.419027786663198931e+01
1.758277123244221585e+01
1.768282210632724016e+01
1.556290189790319189e+01
1.330974442443601191e+01
1.247180644365445801e+01
1.173963014164137775e+01
1.209921180264144880e+01
1.477777376672132270e+01
1.653934669510323729e+01
1.463868412314496759e+01
1.296986772598020643e+01
1.356697247059712375e+01
1.364071614401757238e+01
1.368706079458483060e+01
1.469204479681769548e+01
1.658038158171236631e+01
1.657553314060515604e+01
1.305905205750543807e+01
1.057691596896887454e+01
7.742559514615454219e+00
7.504982588820942269e+00
8.576834179966382976e+00
7.654942012214053015e+00
6.767039482494645597e+00
8.625410862467031592e+00
1.206587335311247600e+01
1.374701197882697912e+01
1.561948523461121674e+01
1.792106003276777315e+01
1.914438946954471632e+01
1.844904726757916791e+01
1.609436723195583951e+01
1.746867825886791437e+01
1.846691751935299308e+01
1.765149442135768609e+01
1.752617692767119095e+01
1.739805449070214749e+01
1.713491044014339693e+01
1.542781806694533486e+01
1.340818672785793986e+01
1.314479383914039268e+01
1.307270135329557625e+01
1.058712306196965258e+01
1.215653807080136595e+01
1.534486135718009869e+01
1.573333473934264504e+01
1.698594398420096852e+01
1.809152575499147630e+01
1.715018804535053221e+01
1.763379490872435440e+01
1.796550826888299568e+01
1.861084494118613009e+01
1.944400431973797438e+01
1.861154791883018689e+01
1.725710865597041632e+01
1.635181539486857716e+01
1.605869041537632924e+01
1.857242700260933077e+01
1.727603465870992139e+01
1.584527636745658974e+01
1.600327911201681985e+01
1.630671141245753830e+01
1.751857215661053502e+01
1.721859256492577117e+01
1.585935172958473593e+01
1.539804623248027582e+01
1.498295050538012063e+01
1.547405090809503747e+01
1.697118934033830229e+01
1.823952579734607227e+01
1.875634313683314502e+01
1.878005832680047860e+01
1.738264136157795292e+01
1.796757589915931774e+01
1.786717998032277066e+01
1.676798173665231317e+01
1.775905225230539486e+01
1.968039273664824051e+01
2.040029426653649480e+01
2.022752741806548826e+01
1.983115769494231984e+01
1.990368869788696671e+01
1.931296791530938251e+01
1.979747588328159225e+01
1.947473434208723120e+01
1.977212336118500602e+01
1.964305866203875794e+01
1.848198217924147713e+01
1.670596962936366836e+01
1.683000350633377451e+01
1.725087350040584511e+01
1.749783596441142208e+01
1.679367699913469281e+01
1.547795653853234121e+01
1.686805997002664625e+01
1.773857959643369142e+01
1.662515065771463441e+01
1.680415597037039177e+01
1.772989478431286159e+01
1.839427669067969617e+01
1.914396915362839025e+01
1.935334469557613701e+01
1.846833673494531780e+01
1.724032089894113540e+01
1.671052560176115520e+01
1.789035489305054227e+01
1.839678422410688086e+01
1.733085826962123477e+01
1.597919685277277146e+01
1.443401724188402468e+01
1.439668691286260582e+01
1.405370700979891474e+01
1.218245051787172528e+01
1.159685302228517578e+01
1.127071447729202269e+01
9.265592272754673786e+00
9.278966731167534121e+00
1.160935708642789876e+01
1.274931845064581104e+01
1.283112898862903783e+01
1.440576191042130816e+01
1.639247715853525733e+01
1.606013252113572065e+01
1.367014881772294999e+01
1.458096602005641707e+01
1.627856848823044800e+01
1.563719157385687630e+01
1.591712413881556643e+01
1.672708295306543747e+01
1.683930180901940332e+01
1.539197904748164980e+01
1.394180693608641342e+01
1.345188917610029300e+01
1.231080894790491342e+01
1.115495298330969476e+01
1.122494763295367726e+01
1.340910592893281361e+01
1.487206265959549079e+01
1.605257687615956996e+01
1.867043488310517674e+01
1.896586966090157489e+01
1.846957666409933907e+01
1.808398154458585338e+01
1.673675478396960870e+01
1.527778262009141841e+01
1.599183096505206692e+01
1.721488446815788720e+01
1.472329778146338342e+01
9.549839656658010156e+00
1.242026715292714734e+01
1.559661049395990240e+01
1.344810581654464521e+01
1.205849117007559812e+01
1.238000167151808384e+01
1.316213387716805627e+01
1.406257219203136977e+01
1.520856888432911269e+01
1.666970902027809132e+01
1.680901830428144095e+01
1.601764144766658404e+01
1.605731087741545338e+01
1.833372866127865564e+01
1.907548387769950082e+01
1.945146275284778525e+01
1.973120388271936321e+01
1.997076261487401183e+01
1.946051287929691043e+01
1.670071515169775012e+01
1.299864018070261906e+01
1.355723379779746551e+01
1.447190694425365365e+01
1.401834121976585834e+01
1.509726336923606738e+01
1.521153218501699733e+01
1.454878048442125404e+01
1.538348097813530124e+01
1.569878570724554123e+01
1.420033187006636055e+01
1.246376792402415035e+01
1.171619616110530337e+01
1.304097013828670448e+01
1.610380568872470164e+01
1.690345127863811570e+01
1.583354904655042183e+01
1.478260768270923720e+01
1.470038558362235648e+01
1.543813037300591695e+01
1.626773038278885508e+01
1.667682824728432678e+01
1.694343198679671048e+01
1.715854273656168161e+01
1.782655332222980249e+01
1.881969142638452652e+01
1.849547844823573328e+01
1.647028099844044391e+01
1.442023349470832549e+01
1.314210365477154596e+01
1.463647528867129743e+01
1.421367842495535427e+01
1.150537549367059142e+01
1.171107910598183466e+01
1.299728261983597299e+01
1.422225914897676269e+01
1.314261913809052196e+01
1.281939914393699276e+01
1.430584048763501848e+01
1.504179090588264955e+01
1.480898281846465991e+01
1.481924940026340032e+01
1.397529677571762541e+01
1.249249726396541504e+01
1.483254538079747142e+01
1.545272982804913831e+01
1.462406210114162164e+01
1.312911881713262652e+01
1.294044215537986453e+01
1.433892179893292607e+01
1.665608279081323673e+01
1.857978966496970941e+01
1.908715605012633532e+01
1.899746427072713928e+01
1.820979965634514741e+01
1.665008306352027745e+01
1.587346527733956947e+01
1.625223400085759096e+01
1.712877884529974892e+01
1.693550004956784605e+01
1.583613941331455699e+01
1.370062684937331454e+01
1.336193256395719509e+01
1.519994596919445762e+01
1.686740542398962006e+01
1.605626770054076147e+01
1.357237198070258977e+01
1.352697409440005671e+01
1.521224194818404207e+01
1.596955936826381972e+01
1.575041556025069767e+01
1.566174738591471183e+01
1.679517705410283668e+01
1.739677832571520710e+01
1.652337918203956946e+01
1.657133167791490536e+01
1.713417826078626049e+01
1.582336887601921305e+01
1.509378978393364612e+01
1.352542197712212513e+01
1.295610267796407733e+01
1.189254947071056812e+01
1.092784348187010579e+01
1.238008081480065847e+01
1.449823658674812421e+01
1.317109807978468083e+01
1.106176220678054101e+01
1.215986234675714073e+01
1.233009925540115503e+01
1.162928520668314292e+01
1.301299823831601365e+01
1.442126270427671386e+01
1.548461120739333730e+01
1.669172708256042625e+01
1.709131023854111930e+01
1.597255252940185599e+01
1.428136892362102373e+01
1.541128620422897377e+01
1.496687243553840041e+01
1.338894526004373020e+01
1.375849329690488076e+01
1.178897715873791796e+01
1.115342933342332010e+01
1.541766844102559375e+01
1.676123737394900459e+01
1.372156773050694056e+01
1.375995260142908094e+01
1.571622278360668190e+01
1.416641086785702974e+01
1.211322900839519434e+01
1.281346075114089444e+01
1.433759744140776959e+01
1.324079812019739144e+01
1.072646759320034349e+01
1.424912787509549439e+01
1.244466768149380975e+01
1.055860772270817982e+01
1.106733609425223896e+01
1.265701032080526289e+01
1.579388468419631408e+01
1.606487598836264397e+01
1.447333416465123967e+01
1.171792992402190414e+01
1.097389521202759610e+01
1.407800975416378719e+01
1.559338190940556501e+01
1.416844108456339590e+01
1.184618727660880566e+01
9.280995055199069199e+00
9.245284407531411119e+00
1.152105726996745538e+01
1.395516184909295809e+01
1.467964575210030453e+01
1.296772665099872412e+01
1.370717771305515775e+01
1.682037775319996697e+01
1.719558413738815261e+01
1.508144070489003674e+01
1.385161664496987655e+01
1.444044802326955335e+01
1.312213820017467469e+01
1.264048643703269725e+01
1.389550035511019033e+01
1.309296076187655977e+01
1.235661499315535572e+01
1.274139640572050958e+01
1.384966918740274266e+01
1.358304611660628325e+01
1.114485640168173575e+01
8.852385829118125216e+00
6.317662478477461541e+00
2.388553975353400194e+00
2.547515683880220205e+00
6.852803283535355838e+00
6.796019688745272624e+00
8.598579397391516110e+00
7.605407905000644675e+00
1.169087987150859931e+00
-1.312581551869274499e+00
1.541858361229593521e+00
9.536199896648826169e+00
1.271677251865139269e+01
1.252668211782325969e+01
1.321416451873110276e+01
1.356064098303756538e+01
1.317948939051896673e+01
1.554084402361538331e+01
1.759423979049361719e+01
1.788472617621853544e+01
1.745975581268050547e+01
1.426605897288098213e+01
1.065418390038160013e+01
1.238756947512214879e+01
1.386046599416750169e+01
1.340593237836541185e+01
1.267142944570499807e+01
1.311090648480765886e+01
1.191435368400968642e+01
9.406299780602282112e+00
1.075065222933343279e+01
1.563278898477482848e+01
1.689798534408256714e+01
1.581779823705264931e+01
1.584271432746263208e+01
1.724732551797601232e+01
1.682268592725161938e+01
1.513523294264539665e+01
1.723518904880553748e+01
1.638731655916488705e+01
1.372152132999101326e+01
1.673915119430917642e+01
1.756931250646415066e+01
1.806202611361709742e+01
1.727393807240043699e+01
1.725799751173012453e+01
1.773488743066398143e+01
1.654713818073535947e+01
1.513855295117650890e+01
1.364730029386618426e+01
1.483077660679071741e+01
1.588857014398742962e+01
1.592136140234130792e+01
1.564409682061163664e+01
1.510373710693449389e+01
1.436984459527438496e+01
1.336455019286846557e+01
1.286376813454808499e+01
1.255673713695676597e+01
1.331680334517806585e+01
1.410258785910370527e+01
1.451671682804743391e+01
1.472640595799070162e+01
1.481168140405697464e+01
1.567185601368653636e+01
1.506262009609614516e+01
1.554525874925015572e+01
1.584513016349625047e+01
1.456082164082246599e+01
1.528563282042378724e+01
1.552864051984316518e+01
1.396235217843488030e+01
1.377724307478024102e+01
1.459859790705455751e+01
1.311316604292143673e+01
1.117085919098338387e+01
1.043233920020079886e+01
1.068220645286399240e+01
1.207920240167463533e+01
1.317110819021850787e+01
1.359601487491744365e+01
1.464460597181565227e+01
1.569056940530445132e+01
1.593119519123812999e+01
1.581638133669205537e+01
1.622367823941820220e+01
1.551963566759454594e+01
1.477127383281212047e+01
1.585118154649314093e+01
1.653567612182534674e+01
1.638560063361331132e+01
1.446544187168038320e+01
1.225320683725447246e+01
1.205757468912160313e+01
1.271971183280643380e+01
1.414019587088135488e+01
1.473898513545643851e+01
1.361989037483397169e+01
1.276105759578014442e+01
1.257528551635178005e+01
1.151719198448317982e+01
1.034257431670522820e+01
9.458203130577118145e+00
8.883988813691013675e+00
9.291843021842955963e+00
1.023795445172906327e+01
1.042017189166800506e+01
9.077697211374008646e+00
9.767635160319112941e+00
1.018187474705553619e+01
9.674922339541046412e+00
1.243196744686230737e+01
1.420866395454389774e+01
1.372836616997405379e+01
1.250168856840194564e+01
1.426234495582475326e+01
