-1.077628986190550187e+01
-1.022448895067465102e+01
-9.170358511768233356e+00
-8.729823210654442889e+00
-7.303968084817035411e+00
-6.930578352258567776e+00
-9.177447697571738061e+00
-1.138138771018769191e+01
-1.246590625960716636e+01
-1.305306810763992864e+01
-1.250757843612055353e+01
-1.097583143590351362e+01
-1.030222365110523164e+01
-1.206734665550237295e+01
-1.338959889694534589e+01
-1.439828235277780166e+01
-1.511599718405392245e+01
-1.487972590463436440e+01
-1.385140007798877626e+01
-1.256432955938617368e+01
-1.109978476762852040e+01
-9.579333368009960381e+00
-1.010673391087140160e+01
-1.110421101937005695e+01
-1.181443812869067322e+01
-1.270549071272779607e+01
-1.343267830054824330e+01
-1.268272931748901655e+01
-1.022665302956580646e+01
-7.077193050832486065e+00
-2.915550511008848211e+00
-9.202139718719463124e-01
-1.039136595050090817e+00
-6.321223856086624071e-01
1.808373638689025897e+00
4.731341212777831373e+00
7.182761538959766767e+00
6.792244791264918646e+00
2.841268752094393779e+00
-6.878895816010924813e-01
-4.725004619484657553e+00
-7.244795288251677512e+00
-7.252624644930049769e+00
-5.031948562585163209e+00
-4.306985180946888647e+00
-5.342666797681760116e+00
-4.029187924454703307e+00
-3.990283730213440627e+00
-7.418163826222533785e+00
-1.012392974490734510e+01
-1.097204695369560667e+01
-1.189968249555992053e+01
-1.239871794451899234e+01
-1.148841688588117904e+01
-1.169093575714784805e+01
-1.284256453884486326e+01
-1.230798976103879916e+01
-1.092893041564254553e+01
-9.659128334976806229e+00
-8.197168893310964322e+00
-6.796580389355757035e+00
-6.895867115584573881e+00
-7.748083761614591225e+00
-8.000751702842299196e+00
-9.841988512449255211e+00
-1.194972611883120450e+01
-1.295675277869397490e+01
-1.244322752256985254e+01
-1.200770623905534862e+01
-1.168675842655045649e+01
-1.175887029834800579e+01
-1.240359191813674222e+01
-1.257246946894809803e+01
-1.258222451724284241e+01
-1.327140278291283337e+01
-1.479879387912645505e+01
-1.561459061804335491e+01
-1.562052565934386372e+01
-1.528474554230500360e+01
-1.459070627973366285e+01
-1.347245348731158465e+01
-1.290694577250180686e+01
-1.245330840383375737e+01
-1.075369970437694711e+01
-8.489551838806487893e+00
-7.459979336841831454e+00
-6.957064288903366922e+00
-7.600643730904619311e+00
-9.639943250768318705e+00
-1.042421628246920129e+01
-1.170904889697036211e+01
-1.143819101674121796e+01
-1.077023849179399839e+01
-1.241781727890693610e+01
-1.431624530931004990e+01
-1.574059108830411446e+01
-1.565172158238183897e+01
-1.400308405618761753e+01
-1.110160167203534520e+01
-7.290196685236420393e+00
-4.299757044987269516e+00
-3.005803273297472433e+00
-9.698545807977552169e-01
-6.645372603690463675e-01
-2.197728094625623019e+00
-5.268392085367996636e+00
-7.499202988287930083e+00
-8.269592103635329039e+00
-9.277314850500930632e+00
-1.090892612180706323e+01
-1.174733904425569087e+01
-1.178525108614548067e+01
-1.155641126314865552e+01
-9.411755543648238742e+00
-6.911886335523702130e+00
-6.408137751706250107e+00
-6.216735246125695724e+00
-7.240606088109407423e+00
-7.748616002646811829e+00
-6.887558414800864171e+00
-5.960058990339807572e+00
-4.500455654135800287e+00
-1.317506268148827431e+00
-2.968917801758775288e-01
-2.955310394619650172e+00
-6.095983863146930304e+00
-9.956691480813613992e+00
-1.296563724380384919e+01
-1.382050029628586429e+01
-1.280314169766993437e+01
-1.202542313409227503e+01
-1.207210017381711076e+01
-1.186017353433218879e+01
-1.147516404657678279e+01
-1.193357016460543107e+01
-1.115831850738350717e+01
-8.419149320161476879e+00
-7.206319809496112505e+00
-7.633376506076502643e+00
-1.042017726627868157e+01
-1.273517224827848793e+01
-1.422887153533461202e+01
-1.376219300186769523e+01
-1.082925911551234854e+01
-8.408698268347553295e+00
-8.613130714909562613e+00
-8.358067212709160643e+00
-7.752804411567656651e+00
-6.896316847764611957e+00
-6.632765591692775686e+00
-9.535884800414930140e+00
-1.265119253856935266e+01
-1.455536546771143769e+01
-1.473265291075292360e+01
-1.366793065992605349e+01
-1.263089641679284902e+01
-1.159933440681679251e+01
-1.201938245174222786e+01
-1.324414775763634999e+01
-1.455150726613051226e+01
-1.567856338266002147e+01
-1.621518494566790380e+01
-1.621314669616517179e+01
-1.549004232419438587e+01
-1.376663983873626762e+01
-1.117360384633924575e+01
-9.337175239918037661e+00
-9.981295152131689719e+00
-1.224894709689671757e+01
-1.218467710183810127e+01
-1.126662478098345765e+01
-1.143841962013664215e+01
-1.321548305417062785e+01
-1.444478273003781688e+01
-1.382714661781230525e+01
-1.366982041376349954e+01
-1.455040829433028549e+01
-1.417956895343392709e+01
-1.407531663497855234e+01
-1.317143782686690834e+01
-1.039132483176238253e+01
-8.572530268431924227e+00
-8.946476359782963073e+00
-9.155059046284472757e+00
-8.998278539493853145e+00
-5.552902769990810228e+00
-7.652457800880992700e+00
-1.188159439509564486e+01
-1.305227781033953605e+01
-1.167895267407846838e+01
-8.485813937348471114e+00
-7.889094242155842096e+00
-8.329211403547830628e+00
-9.533675527969029062e+00
-1.142206126434356150e+01
-1.317288800453033382e+01
-1.416713405013818949e+01
-1.281057901948695310e+01
-1.324502428157568978e+01
-1.463331028201969453e+01
-1.512162157830079146e+01
-1.334033551536067463e+01
-1.105244574044673200e+01
-1.194631989924321047e+01
-1.004265853172674205e+01
-7.678792134055188789e+00
-7.907000005014478639e+00
-8.337235203981315124e+00
-1.088215400512912012e+01
-1.289776311776937590e+01
-1.241611171121630974e+01
-1.147490164539223656e+01
-9.375941222299697841e+00
-7.375508305624319583e+00
-4.288703099944171981e+00
-8.216553060008420228e-01
1.677184030293791928e+00
-1.342767354207789143e+00
-5.888096677967790349e+00
-7.490026067696180512e+00
-7.060667601661720916e+00
-5.398547983548969142e+00
-4.517227922200221180e+00
-4.595611733595621473e+00
-5.390051441362455620e+00
-5.521289748825774168e+00
-8.979828332803126756e+00
-1.220794816702989039e+01
-1.424463613482438795e+01
-1.451514743726426637e+01
-1.296801460454079269e+01
-1.292265256515344518e+01
-1.418000128260292314e+01
-1.171208199748672918e+01
-7.572683211737913034e+00
-6.265238931906485398e+00
-6.273679795246488666e+00
-3.205349762563168170e+00
3.292942173796276073e+00
3.059828494199460014e+00
2.524911287089678158e+00
3.427886541934800579e+00
3.458436451297963732e+00
2.346135421690298983e+00
-3.623026219627424549e+00
-6.916377308016248726e+00
-9.383973637793047828e+00
-1.094890656756366099e+01
-9.737707435547370949e+00
-8.812538447486515381e+00
-6.915543134720473439e+00
-3.613000219321008455e+00
-2.274622557034010839e+00
-2.708787573758348888e+00
-6.877337410230320636e+00
-1.094168640870184817e+01
-9.644680524631791485e+00
-5.956270737533672310e+00
-9.414918442423296341e+00
-1.063291161475098967e+01
-1.035252638725411423e+01
-1.124467423869990412e+01
-1.033472648427793317e+01
-8.753151104437407071e+00
-6.148867864121287496e+00
-3.128945073996440396e+00
-1.258317183966921327e-01
1.339393755106664585e+00
-2.309057594921178236e+00
-6.503986349397585798e+00
-8.674845970545788987e+00
-8.376883971705177956e+00
-5.673411610595866961e+00
-6.517872255185316988e+00
-1.045539203903881997e+01
-1.309950453742742482e+01
-1.532332790131208888e+01
-1.585386733848951835e+01
-1.527303757326553502e+01
-1.535150935149153462e+01
-1.545347310707245470e+01
-1.450400056743478139e+01
-1.355993265450504914e+01
-1.339092880158731447e+01
-1.321617835056332879e+01
-1.209006775195623717e+01
-1.149740534335077413e+01
-1.316796755135866803e+01
-1.470582761954460160e+01
-1.491000468924294076e+01
-1.435866246238145116e+01
-1.493886609780818375e+01
-1.560336506761523800e+01
-1.483131882335224105e+01
-1.284072476086919501e+01
-1.118293413012126614e+01
-1.078245580122336555e+01
-1.171147968155359109e+01
-1.197590203212962123e+01
-1.176568400777328804e+01
-1.049812534464270186e+01
-9.991087182399253308e+00
-9.772271083310451800e+00
-6.263200866233130881e+00
-6.833029365951312606e+00
-9.298749675706515561e+00
-9.290192800146815699e+00
-1.046443179708217741e+01
-1.161767494346808149e+01
-1.106326823360998191e+01
-1.093994730719278152e+01
-9.419241272278760846e+00
-5.726674577021724666e+00
-5.454728919964299649e+00
-7.009296837893130849e+00
-9.572270743894433664e+00
-1.171863083937490480e+01
-1.264060872742203401e+01
-1.222003881672541503e+01
-9.706691806971464942e+00
-6.583704086903059860e+00
-5.804352858578823771e+00
-9.220139399342103914e+00
-1.219992348315475716e+01
-1.046663375791918860e+01
-9.206362192164416314e+00
-7.576670271058956629e+00
-4.723565232244687273e+00
-2.428138249078158672e+00
-2.373083261505598784e+00
-5.983845273131120024e+00
-6.370225835145610915e+00
-3.044777036048678553e+00
-1.160415007918538022e+00
-9.732958202190931107e-01
-7.248941706722746847e-01
-1.497794527766860284e+00
-2.916982804070991975e+00
-4.538844205454774183e+00
-6.445603841524429001e+00
-8.796253249373167549e+00
-1.065536054281953859e+01
-1.064300644272900342e+01
-8.431022818877972114e+00
-6.072373002267918984e+00
-4.412715687378591767e+00
-6.679089489856973039e+00
-1.026599668428860745e+01
-1.175839976116672148e+01
-1.067013577832834592e+01
-1.009591040245943638e+01
-1.084408425455280245e+01
-1.041902250969757127e+01
-9.899606729571575059e+00
-1.027821441719827789e+01
-1.145899681301675166e+01
-1.188296325900178729e+01
-1.231247544991988363e+01
-1.224939407470696651e+01
-1.007699056174586971e+01
-6.900492441494487039e+00
-6.462743916580200754e+00
-7.949405486558431377e+00
-9.700490241753763954e+00
-1.170553357481064261e+01
-1.275876011187212633e+01
-1.211276733442638509e+01
-9.782453740859629931e+00
-6.966130816710881746e+00
-6.511270214000561829e+00
-6.661191479083663047e+00
-6.473859439310952979e+00
-4.915844124487847466e+00
-4.989428224873121209e+00
-7.767711629088690728e+00
-1.045340759523562468e+01
-1.333320865130692567e+01
-1.492431079887927226e+01
-1.500550080134518005e+01
-1.467850608413863789e+01
-1.475454016644583533e+01
-1.517357951676972938e+01
-1.432649381379093256e+01
-1.282528736354321452e+01
-1.270230116061486925e+01
-1.097951604146415150e+01
-8.501660354593434832e+00
-9.008846844356572348e+00
-1.026019454187769497e+01
-1.039948352800775311e+01
-1.172254548489365078e+01
-1.301000055340150929e+01
-1.390749559652826051e+01
-1.407868289629189285e+01
-1.266468395182698181e+01
-1.030321297246461576e+01
-8.853368605861808405e+00
-7.493431402477496839e+00
-5.672795237496518261e+00
-4.213794880714326396e+00
-2.765958077837602502e+00
-4.168814217462539773e+00
-4.152372789138403242e+00
-3.078353680594806630e+00
-6.735903519998658773e+00
-9.481124199059411950e+00
-1.029789959339715999e+01
-8.518979743003150418e+00
-5.311383910232223116e+00
-6.658153655081316735e+00
-9.611960295112339736e+00
-1.018006951488789902e+01
-8.879746854981679149e+00
-7.150140040864164881e+00
-5.657671809807991004e+00
-3.001933393937330941e+00
-9.884345207442670755e-01
-2.595785107727557328e+00
-4.349523045071224558e+00
-2.140432458372400593e+00
-4.456091429503912238e+00
-9.428737089342066113e+00
-9.293724164204649085e+00
-6.697965788100053608e+00
-6.090392916465940054e+00
-6.530595096052374871e+00
-8.337279846908401737e+00
-1.008354570630011793e+01
-1.024193486971388900e+01
-1.103521767105286244e+01
-1.028984066296360567e+01
-7.793896160101534853e+00
-4.258805938072412367e+00
-2.055804720668727548e+00
-4.949759814629397958e+00
-2.976934375969835234e+00
-1.757902607213008839e+00
-2.761629140116587777e+00
3.154732922575172460e-01
-3.921899625853051963e-01
-2.262850786137213799e+00
-2.445210239545282160e+00
-3.919700393943765793e+00
-6.124246759599748735e+00
-6.983844413288996300e+00
-6.678233199738899728e+00
-7.767124015688765759e+00
-9.899256630748030972e+00
-1.174018380996879607e+01
-1.268883178769113762e+01
-1.322743445771485504e+01
-1.346409136525234196e+01
-1.277556319803269425e+01
-1.137917228620371368e+01
-9.623383198578475017e+00
-7.822676031191964086e+00
-8.232660203876687177e+00
-1.072403129620754747e+01
-1.267983747051486176e+01
-1.327159055464673187e+01
-1.291296460375162702e+01
-1.259825109345616134e+01
-1.385566522356957542e+01
-1.433580941247519469e+01
-1.292864336547608595e+01
-1.070371926964523368e+01
-9.241114535050135359e+00
-8.154327929422239052e+00
-6.356035088697555402e+00
-4.426528849536396137e+00
-1.980539815987553132e+00
-1.284945807033497145e+00
-2.495771960866780770e+00
-4.071145375764994689e+00
-7.436639748833552943e+00
-9.696291610646154524e+00
-1.017085693033684279e+01
-1.027945492493827473e+01
-1.097262060754336410e+01
-1.132689698356696617e+01
-1.131884680002795740e+01
-1.264426431029016307e+01
-1.200970326326703130e+01
-9.788916066075707079e+00
-6.789354498595804088e+00
-3.552547501957882492e+00
-8.838535679710711745e-01
-2.580079290179662643e-01
-2.134723711635744536e-01
-8.741097936875815710e-01
-1.446813152958741133e+00
-4.169801050628619166e+00
-8.009145217276886441e+00
-8.440031731277580107e+00
-9.014551606921099136e+00
-9.954970556762033240e+00
-9.909667316960961259e+00
-9.035492687281108104e+00
-7.544251901186789233e+00
-5.511803705812940102e+00
-7.233345226721228372e+00
-1.014651946897654611e+01
-1.021375999432794579e+01
-1.003111857713475530e+01
-1.078452717210147327e+01
-1.150551268710523800e+01
-1.260560487563181198e+01
-1.258310598052782758e+01
-1.159229251032702734e+01
-1.251177295085787300e+01
-1.331793352771188133e+01
-1.252312995842486387e+01
-1.299435921020223894e+01
-1.387415255830893379e+01
-1.300382544870085155e+01
-1.246512038382370235e+01
-1.251048717058193738e+01
-1.188043129291181721e+01
-9.895687172051829350e+00
-8.478060215377190900e+00
-9.413120120349129039e+00
-8.272055214658482925e+00
-8.034353628185231244e+00
-8.657580646983435102e+00
-8.550109277377261563e+00
-7.458025153076044411e+00
-6.119871330733901438e+00
-4.745947877329220077e+00
-2.442252040283863224e+00
-4.161344160941744974e+00
-8.216131388165678118e+00
-9.256180258728246457e+00
-7.180524392716436388e+00
-6.090451706266738263e+00
-6.144140974445006620e+00
-7.654186512554640665e+00
-9.634812753891608850e+00
-1.071736884034824655e+01
-1.021106266775266747e+01
-8.074488645552245103e+00
-8.520761371016181585e+00
-9.277292774153538701e+00
-7.178012588129394800e+00
-5.539817254972696503e+00
-5.778022882115354975e+00
-6.434571594252636473e+00
-9.625092855794632030e+00
-1.059700226001824142e+01
-1.071891121859387219e+01
-1.220433001333368317e+01
-1.198663975519348313e+01
-1.117873112960553605e+01
-1.091830910185255732e+01
-1.049345801595899275e+01
-9.123313486141505280e+00
-9.825724863062273329e+00
-9.694930529651017537e+00
-8.654832519614613418e+00
-1.043113364116257991e+01
-1.127293132722884295e+01
-1.078054237056897513e+01
-9.461357999509301564e+00
-7.953960208593157333e+00
-6.865605458311670795e+00
-6.515842737625344938e+00
-7.611960452439342717e+00
-9.413531530514491763e+00
-1.028295065877608394e+01
-9.609254922784375097e+00
-6.838849821945855112e+00
-3.318263459131003401e+00
-1.993988755470185170e+00
-4.756976520590370683e+00
-7.579601434830484763e+00
-6.680432666158660382e+00
-1.006388903987483907e+01
-1.269049487412856614e+01
-1.259816745452966913e+01
-1.120208901514694411e+01
-1.014867469172842718e+01
-9.661917471626084719e+00
-1.015896958894425595e+01
-1.182708003496616556e+01
-1.243937649351034125e+01
-1.209801400301123309e+01
-1.278969323315059192e+01
-1.365969232684179069e+01
-1.307011877992746918e+01
-1.291987748998478835e+01
-1.420343426187558045e+01
-1.415345439941755679e+01
-1.352986302880457714e+01
-1.441607025666442965e+01
-1.413135481513045200e+01
-1.143351332718159874e+01
-7.652498457835805290e+00
-5.063379195993501725e+00
-5.670395153314565562e+00
-4.984639983055005885e+00
-2.906982956942967711e+00
-3.786641973900441993e+00
-5.667483027451059030e+00
-6.844590205420209905e+00
-5.947965535649295532e+00
-5.660355881557120661e+00
-6.489265757267068224e+00
-7.958696611003939658e+00
-9.104964601081464437e+00
-7.633848823627892521e+00
-5.788973246559004693e+00
-5.962839102453913576e+00
-7.029702362338761112e+00
-9.530485933915093355e+00
-1.110880688328767008e+01
-1.075094502019711484e+01
-1.006647876139837905e+01
-1.076269739776242851e+01
-1.215886684053584865e+01
-1.232648495702903624e+01
-1.002723767601182736e+01
-8.928762072649423231e+00
-9.944625766577383175e+00
-1.076892139422330885e+01
-1.258914955457025542e+01
-1.418937955343289303e+01
-1.314834375215794537e+01
-1.123387493955378247e+01
-1.021008684165770219e+01
-7.982328682639287187e+00
-8.369432257689833676e+00
-1.005663116486378073e+01
-1.202892257263711606e+01
-1.267670194026817043e+01
-1.238909983417984151e+01
-1.201654222350659751e+01
-1.105643128658605434e+01
-1.241117798422769525e+01
-1.357609531873244002e+01
-1.338493500924655244e+01
-1.275499495227845159e+01
-1.320122987955910610e+01
-1.402435659336215501e+01
-1.334713908110244063e+01
-1.271497660955929732e+01
-1.294541891264010580e+01
-1.215229268968082010e+01
-1.115501653023986073e+01
-1.231886421937777953e+01
-1.321462247724973516e+01
-1.192808009106014921e+01
-9.968382670180227834e+00
-8.832818943918310239e+00
-7.998549728660657721e+00
-9.505042934435753210e+00
-9.148890853068730067e+00
-9.157088730454560732e+00
-1.121036659800740765e+01
-8.552095582214446878e+00
-5.442157358068667072e+00
-4.137922420564558834e+00
-5.547745922222000914e+00
-6.089155368360662735e+00
-3.683736877580977342e+00
-3.619923623388048295e+00
-6.298975634632031806e+00
-9.552503816098083078e+00
-1.205079892432132560e+01
-1.367517090221673648e+01
-1.383264797144254388e+01
-1.295586711140502878e+01
-1.119547882797732363e+01
-1.156104500951946434e+01
-1.261366328935781489e+01
-1.243109304760511868e+01
-1.232471118770323670e+01
-1.124792816435954457e+01
-1.099516370891396377e+01
-1.000404707941072679e+01
-9.162663065311157595e+00
-1.037690897266898027e+01
-1.260007166192692374e+01
-1.416177610161030209e+01
-1.366433435745439340e+01
-1.172264904641781413e+01
-1.010855999133421079e+01
-9.617749045179603939e+00
-1.032146824200670743e+01
-9.075050641251451111e+00
-6.782227922622121596e+00
-4.382499028568994426e+00
-3.421418875604979704e+00
-4.463161594314478897e+00
-3.748884162026263400e+00
-4.077801309367849569e+00
-5.986267513768408044e+00
-7.491778305435780716e+00
-9.699982823499766482e+00
-1.163680092443001968e+01
-1.280394929798798387e+01
-1.340157215144328084e+01
-1.350864492930175942e+01
-1.355218292229752919e+01
-1.258955706795506124e+01
-1.144590999352917571e+01
-1.141082460014535371e+01
-1.196835719452864666e+01
-1.257540481704752544e+01
-1.269112137762365400e+01
-1.284471792686935032e+01
-1.257091715415839950e+01
-9.427965092201448627e+00
-7.129962759525525939e+00
-4.995035752336648649e+00
-5.385053599417992665e+00
-7.569131768118064763e+00
-9.136604277559030152e+00
-9.778941741329468584e+00
-1.078499567484152166e+01
-1.287522349875179017e+01
-1.386725507813629754e+01
-1.383101352000959317e+01
-1.282914598136640727e+01
-1.037147318963548059e+01
-7.353001489010146052e+00
-7.507803208514799209e+00
-9.716180125747714058e+00
-1.089367713394898729e+01
-1.123864300960381968e+01
-1.104922616564696192e+01
-1.056853841726779208e+01
-1.029233854889147182e+01
-9.644619906096524531e+00
-9.491748164218073214e+00
-9.916402573192813819e+00
-1.080769669240168618e+01
-1.150541495091945343e+01
-1.194383230855693689e+01
-1.245982936201136582e+01
-1.296782297103732873e+01
-1.207358058497476705e+01
-1.041942978405752740e+01
-9.504111229132846006e+00
-7.447381920469308803e+00
-6.119130474639058903e+00
-6.407224918806706526e+00
-5.543731803713692230e+00
-4.464350581135597018e+00
-6.348529379422446439e+00
-7.694743400242709974e+00
-9.349221486965964445e+00
-1.176601324745389476e+01
-1.340520113698600646e+01
-1.423378178765256763e+01
-1.368778323680422560e+01
-1.193423861747283077e+01
-1.062297036418843099e+01
-9.743207265895682312e+00
-8.194709146489310925e+00
-6.618887822397122811e+00
-5.405591435286815738e+00
-3.358795598417874118e+00
-1.959432690697320956e+00
-1.924535967495007993e+00
-1.895747911952390119e+00
-1.414514087684205057e+00
-5.839560687313116727e-01
-3.695968186024529145e-01
-2.432503228212168078e-01
-1.116793875399655134e+00
-4.728268762873533149e+00
-5.663098173700000793e+00
-1.378919541994008124e+00
3.135598502656368858e+00
6.825094774163348310e-01
-6.120898586362867988e+00
-1.134284176898790797e+01
-1.322099129994860434e+01
-1.397663128605819693e+01
-1.457661169588112138e+01
-1.397906595537151375e+01
-1.320953351965920675e+01
-1.343040393542742805e+01
-1.336320391964861543e+01
-1.313911089756968487e+01
-1.316786356972695593e+01
-1.265245509657253997e+01
-1.127466348788225403e+01
-9.874353463738676950e+00
-8.568877988447246352e+00
-8.073559183297220443e+00
-8.071370127928132021e+00
-6.336055791439522800e+00
-6.098176997665292198e+00
-7.377250788058673514e+00
-7.712406320766054257e+00
-8.302989087476797536e+00
-7.349860346033868730e+00
-5.297875262222427217e+00
-2.789530459985115840e+00
-8.359687531460134879e-01
-4.943900647454497754e-01
-5.555315013062858132e-01
-2.339301269421501850e+00
-4.618320214924485079e+00
-5.150198500789834100e+00
-4.549769507526627343e+00
-2.884911519743124764e+00
-1.165984499830576393e+00
-2.182009130586835433e+00
-4.491054363260185589e+00
-4.559474848803596991e+00
-5.709336327038475822e+00
-9.585626989548039489e+00
-1.130231042129042507e+01
-1.208304919749674511e+01
-1.101852590060155457e+01
-8.369302224021444303e+00
-7.502613068896738291e+00
-6.416292301567906087e+00
-7.111613145880181897e+00
-8.186146615766325851e+00
-8.937807918763052584e+00
-1.092558836585797977e+01
-1.144761172510385094e+01
-1.070995407917098419e+01
-1.158735366202278882e+01
-1.373709580201130720e+01
-1.445584771167725791e+01
-1.371246256519334139e+01
-1.140371809846624274e+01
-9.038811009517168316e+00
-8.020847009727626542e+00
-8.483971026141523097e+00
-9.247530758257434869e+00
-7.515399983075635504e+00
-3.410553029264611791e+00
-9.796412545773824920e-01
-2.607697468721221323e+00
-6.161722406513078454e+00
-7.601818458805179368e+00
-8.346278321923600529e+00
-7.691092422732569212e+00
-6.202315296744191464e+00
-5.923081765539919274e+00
-5.057529857148034047e+00
-4.704808471157404526e+00
-3.130513468258540044e+00
-1.707898687196002685e+00
-7.872164723608029435e-01
2.744608774957679187e-01
-1.309081212350013956e+00
-4.010499712806931072e+00
-7.779440832200361200e+00
-1.142479467705923213e+01
-1.251211104713719813e+01
-1.169365475832058188e+01
-9.436819198860478153e+00
-6.573396328237254949e+00
-5.055970127154512106e+00
-6.791582080252160480e+00
-1.021677899698958392e+01
-1.109545288125284657e+01
-9.733772717587042322e+00
-8.612002769443547479e+00
-7.439725571107676849e+00
-5.775394115040274556e+00
-5.495592245066479364e+00
-5.360525627190767750e+00
-6.166284990523695164e+00
-8.111998875551007515e+00
-7.496662406542586865e+00
-8.594187933440949223e+00
-7.384031598312005507e+00
-1.706400353855252794e+00
-1.156077813895447726e+00
-2.371754587867529906e+00
-2.387305246760428545e+00
-1.902161233229413329e+00
-2.981893287506374168e+00
-5.542415971487175241e+00
-8.167799600912854174e+00
-9.641697854858325201e+00
-9.599483200942790617e+00
-8.461811227537236135e+00
-6.247581045586965587e+00
-7.888037272544242029e+00
-1.131588250302441345e+01
-1.148637773297133435e+01
-1.027683050974346735e+01
-9.711840989706059801e+00
-8.420969746098675657e+00
-5.447017007762259055e+00
-2.759847916227462061e+00
-3.844276979266170180e+00
-6.995533117972143167e+00
-9.999586298257399974e+00
-1.035396695865913586e+01
-9.918383675887524120e+00
-8.258130366281086765e+00
-7.200695616324755299e+00
-7.155513657019596963e+00
-7.863815237164679672e+00
-8.417675340936124684e+00
-7.209780249752890668e+00
-5.744611731246454411e+00
-4.323871344956450535e+00
-4.242157230793431211e+00
-4.087239847203270493e+00
-2.528885476314957081e+00
-2.190081244923096637e+00
-5.978800714344437495e+00
-7.182789846120378741e+00
-7.349058667762678354e+00
-8.385332277720289440e+00
-5.935900373890887316e+00
-6.307036691181611143e-01
1.797170577880801146e-01
-1.503345665803216047e+00
-4.147486554731822039e+00
-7.261570475637580735e+00
-7.544600374580414659e+00
-7.466757715324846778e+00
-6.479180651600305652e+00
-4.890728154583323217e+00
-2.467034036153703092e+00
1.678737717120235118e+00
1.314224961734679953e+00
2.246328755866679572e+00
2.176782052568863257e+00
-2.314286281293085612e-01
2.401710854866384234e-02
1.933032026259037917e+00
-6.342189151768635735e-01
-4.035374766045155326e+00
-3.432254134532911838e+00
-1.365840791675786203e+00
-6.740065394752773331e-01
-2.079328223506685891e+00
-3.929745879831835875e+00
-2.410223655252512920e+00
9.968797396508557451e-01
-4.099701119145837680e-02
1.595374789076498545e-01
4.665691661995621242e-01
-2.263963133799011374e+00
-3.620205227179846830e+00
-6.061992706435553657e+00
-9.936856462303472526e+00
-1.191900724375645737e+01
-1.226774088158992626e+01
-1.069624562504040632e+01
-9.325976773666042163e+00
-9.831566079511439682e+00
-9.172638491690893403e+00
-6.871439399729852404e+00
-6.240475500582657098e+00
-6.069026880842575800e+00
-4.468200155059027345e+00
-1.415494618288728912e+00
2.274838882147994124e+00
4.472945262049492499e+00
4.454762078846589368e+00
1.894913595833253472e+00
1.235529133221317105e-02
-4.858342397994901973e-01
-1.661626288608204716e+00
-2.080425940423697995e+00
8.310877348811255422e-03
4.585409781819334896e+00
6.057966532084302358e+00
5.600102643714427231e+00
6.615114371624939871e+00
7.447293427249174869e+00
7.475806912927501990e+00
5.728629136362975771e+00
2.681831704501846048e+00
-1.120993732676975219e+00
-5.753519491542077313e-01
2.402507732770291782e-01
-2.573459508389952521e+00
-3.559647698020273143e+00
-4.420356245772005366e+00
-3.362250642325685934e+00
4.890875580132956757e-01
3.385207931543815274e+00
5.757533403895979340e+00
7.561859412708098027e+00
9.576882818036711598e+00
5.625145958518233513e+00
1.445670887094402834e+00
1.331180167853997398e+00
7.903674229234201043e-01
2.650012137359094577e-01
-3.033859600392934674e-01
-2.273674680516659219e+00
-3.485068808553621000e+00
-2.974963146696709249e+00
-6.839814809470725621e+00
-1.011093319155339287e+01
-1.063424111282092710e+01
-1.104583190157628181e+01
-8.847870300744851590e+00
-7.313928686564069359e+00
-7.046387918680696139e+00
-4.449963135727068142e+00
-1.929355491175795523e+00
-4.947705374975295278e+00
-7.796898348345479235e+00
-6.887621771943130078e+00
-4.844033991508148951e+00
-2.258758767166598513e+00
-3.659481724762560506e-01
9.310406848882052389e-01
1.579243158720725848e+00
1.039194658284790851e+00
1.408209026680438569e+00
8.145381558653987941e-01
-1.922105727278497822e+00
-3.595300860219303285e+00
-3.477117155688548955e+00
-4.977953430785093225e+00
-7.000593119326059544e+00
-8.334646659522420009e+00
-7.789518147432497486e+00
-4.990241765930023554e+00
-2.928695086094460720e+00
-3.820145099211128326e+00
-3.814432867266881466e+00
-1.740476442278967362e+00
9.915739622004876574e-01
3.343265037575950505e+00
3.978184305512657115e+00
5.705516755300704901e+00
6.721771380150133979e+00
6.783291611136395893e+00
5.809638918269999230e+00
3.446321385316367447e+00
2.067315544887661227e-01
-2.991288307169614580e+00
-4.460976658951958385e+00
-4.729128887936065340e+00
-4.239933276541065332e+00
-2.098284512511121136e+00
-3.020804189777743343e+00
-6.751239205230634255e+00
-9.372330431510814464e+00
-1.083975372564680661e+01
-1.242396245613684336e+01
-1.268016097891234217e+01
-1.020013953242763804e+01
-7.077601187244372483e+00
-6.970539089334403471e+00
-9.483427856722096649e+00
-8.868944565166033911e+00
-4.100366780752567664e+00
-1.865704015728055998e+00
1.253005570670362001e+00
6.167559816360857816e+00
1.029458753044510999e+01
1.011547908484036462e+01
8.355327219623928769e+00
9.196959017199459296e+00
9.177225354107251931e+00
7.066407111076073555e+00
6.660188011646450690e+00
6.276650987851192021e+00
4.280190032339891815e+00
3.730131988827993350e+00
1.867714469936207378e+00
-1.833770602312969844e+00
-3.881456537004625229e+00
-3.634786791374775117e+00
-2.349002716652314859e+00
-1.013920155221305297e+00
-2.036876348414689564e-01
4.391827891764967240e-01
2.204362603653053476e+00
5.537326882482201285e+00
7.597146501514902006e+00
6.348068249811747776e+00
3.308987778012551839e+00
9.663075284502647966e-02
-3.218230387317339680e+00
-4.114686057670629005e+00
2.280609185040795295e-01
2.922492175587371399e+00
1.070856851389890840e+00
2.697697096947592743e-01
2.810834461112198257e-01
5.705247267407497214e-01
3.971927732589055626e+00
4.351759249852680256e+00
4.634762521767719967e+00
8.108720144064353264e+00
7.414001099251402493e+00
4.463603077121572227e+00
3.074761407887120601e+00
4.239218361413244374e+00
7.353461266084742043e+00
7.941499983352164449e+00
4.185992263536038926e+00
2.688473904389234281e+00
2.941486323242773260e+00
1.544784795206089800e+00
1.898203434785523003e+00
2.847742267354797185e+00
2.739256067978748543e+00
4.323228279535428875e+00
5.752632707868540862e+00
1.795981855791658033e+00
-1.049489215724674629e-01
-2.759062870704723114e+00
-6.614407921141259195e+00
-5.824051339147660045e+00
-3.369016283079662166e+00
-3.390207484454813347e+00
-1.686323389431743536e+00
5.107698876839044999e+00
8.127393143752298599e+00
5.454329270284156372e+00
3.355211558592023025e+00
1.839783991713492162e+00
9.810011386120427446e-01
8.386238669453918160e-01
-1.533703024475090437e+00
-5.462120221253696783e+00
-8.828505971010303099e+00
-1.102660297763660502e+01
-1.096139634736322677e+01
-6.980608309870855344e+00
-3.306232030109629960e+00
-4.293532991490641493e+00
-7.541320584176806285e+00
-8.099373001014919637e+00
-5.662874210075396597e+00
-2.553531481393930491e+00
4.124284136633428410e+00
9.441898329773396270e+00
1.126633536389273260e+01
8.900021342558510185e+00
6.998029340606208848e+00
5.904767194172194422e+00
4.769906036811748962e+00
3.884301272747228584e+00
9.716535486403782285e-01
-2.457006130077959760e+00
-4.022316122314710363e+00
-8.268024723764972883e-01
1.092124550031219110e+00
1.416222118719864809e-01
-3.082553922584523765e+00
-4.406020245386643275e+00
-2.838913686450552643e+00
-2.402017639667717308e+00
2.431761569582313251e-02
4.155497646505261322e+00
5.043170261036568292e+00
2.370226711782408735e+00
-4.769967229506154038e-01
-2.270531098814539295e+00
-4.592031051811903630e+00
-6.458561429329249037e+00
-5.345007046734782996e+00
-1.057437581261913451e+00
2.234307186400999345e+00
2.642082148733175373e+00
5.168685368847526718e+00
7.705964123750456807e+00
4.450094053999556820e+00
3.044922222266813527e+00
6.943053013543057261e+00
6.941672309842564559e+00
4.846597602148506212e+00
4.233194567255621266e+00
5.277496886676484422e+00
7.640411936114634095e+00
5.907583776990846580e+00
1.937530073307929701e+00
-1.813689892237811740e+00
-7.011342436529909294e-01
-9.936286609332553033e-01
-2.988334457371729869e+00
-1.423982213109423522e+00
9.455372546675674950e-02
-1.647931825478625156e-01
-1.553298225535047761e-01
1.381851749866148227e+00
3.281348011078443427e+00
4.408477624107783654e+00
5.100140659738504390e+00
4.530665098201288821e+00
2.027900759071203374e-01
-4.883348148585492154e+00
-5.689987957523328532e+00
-3.010281679430492741e+00
-5.134201015284419745e-01
1.331294253859001131e+00
3.724132439816403739e+00
5.409431675146386453e+00
6.440734845536213449e+00
7.290789567981842190e+00
7.825713093647251206e+00
5.612849446105078854e+00
4.035642130728307464e+00
6.553387721059190874e+00
8.742123223049771852e+00
9.431584512868170123e+00
7.522417926987293946e+00
5.327375668096306249e+00
6.939430666545620241e+00
7.586489689529674507e+00
6.502537680691468758e+00
6.417870843346729970e+00
5.927016182191933602e+00
6.294316524695436676e+00
7.804907744791075963e+00
6.305854162087776160e+00
3.666080417979374229e+00
2.039202955728477651e+00
5.448859473649710905e-01
5.372811746333734373e-01
-5.711444898213297039e-02
8.879357818183837292e-01
2.747974708121357690e+00
8.804904660094031721e-01
-4.538810521918181795e-01
1.283175212255127096e-01
1.174522946021905989e+00
2.382450015914644226e+00
2.337351279817309724e+00
-1.324305052412981000e-02
-1.985198854288909853e+00
-3.269544739341047279e+00
-2.872746125338995427e+00
-9.831274001352572345e-01
6.117829886275123474e-01
1.499000202994115849e+00
2.838599838340559067e+00
6.708505027677828636e+00
1.024393923084979896e+01
1.057844960404730017e+01
9.849046127448685795e+00
1.069169186446076125e+01
1.141160927044592022e+01
9.645545161397992118e+00
8.235125133780009321e+00
7.747962732092739557e+00
7.693732496363988815e+00
8.207549995551939759e+00
8.322989262910267527e+00
1.088188912454715229e+01
1.221227529961181979e+01
9.676187648033145905e+00
5.002886089280668358e+00
-1.084909930595970512e-03
-3.157768251235068213e+00
-5.388164214605073887e+00
-3.637431047123239392e+00
-5.445628543254685816e-01
-3.153952259300022654e+00
-2.744246168420296783e+00
-1.384091128021559258e-01
-1.726324689419893865e-01
-5.405526214167737376e-01
-6.344108044037842786e-01
-2.720424561223258930e+00
-5.875303246792721978e+00
-5.910384387172249454e+00
-2.969652854452816459e+00
-1.890701033213204374e+00
-1.126388011575940817e+00
1.982889724090957317e+00
5.366651360554622663e+00
6.185942856892318709e+00
3.962845793762730828e+00
3.346221387426536520e+00
3.792441446981008824e+00
7.989373423130518015e-01
-2.498371441887920597e+00
-2.622341914720920375e+00
-3.691057450711963117e+00
-6.290413561541210896e+00
-7.638265507949727251e+00
-7.433853881541736541e+00
-5.275685489090753855e+00
-1.242019553664349685e+00
3.450702768777694551e+00
7.086272003362805272e+00
8.602971795017571921e+00
7.655429930211199441e+00
6.088293375582723321e+00
5.564982685256371298e+00
3.933788412922669231e+00
2.463568582729014356e+00
3.040734786346054097e+00
3.363338504016040176e+00
4.412025057580706844e-01
-1.998898360676426567e+00
-2.414458841912336062e+00
-1.328043528277050633e+00
3.108213050170874681e+00
7.394874523996940674e+00
7.022166980012903181e+00
3.306244375185885875e+00
2.313908937968505164e+00
5.359592904166611937e+00
7.119900729211501300e+00
4.556763825736253715e+00
2.377708446972405465e+00
2.397268873893304342e+00
4.510567438817830954e+00
7.212269134093753031e+00
8.432148917919368714e+00
1.040945912308484367e+01
1.280970845293816751e+01
1.164222819004010567e+01
1.092088796953388830e+01
1.165405790588740409e+01
1.087290287388309906e+01
1.039330439334423595e+01
8.732657689346988050e+00
6.219670373294226451e+00
2.774089442500207170e+00
1.856249507950688882e+00
1.151117388310425760e+00
1.551349553777700230e+00
6.638122299922449621e+00
6.272864804438899711e+00
5.855231809132901866e+00
4.411869905950458026e+00
3.348840545558803283e-01
1.090836431467779422e+00
4.274845119491267553e+00
5.378981066455984283e+00
5.510165357776203976e+00
6.370112999364347495e+00
9.137631915763467561e+00
1.254507252305127629e+01
1.333586974874318010e+01
1.292420271298540158e+01
1.258443840606468278e+01
1.049331742787217259e+01
7.641520329214360530e+00
7.044305966872373759e+00
6.470665775920301233e-01
6.470665775920301233e-01
6.470665775920301233e-01
6.470665775920301233e-01
6.470665775920301233e-01
6.470665775920301233e-01
6.470665775920301233e-01
6.470665775920301233e-01
6.470665775920301233e-01
6.470665775920301233e-01
1.020180250419146617e+01
1.139230960763197054e+01
1.135361633455653596e+01
1.226832031133991308e+01
1.013680083808229249e+01
8.638091740198946766e+00
6.635665661887356848e+00
4.661512275936022576e+00
6.868480617372767050e+00
7.722370077903302210e+00
8.124170443184418389e+00
9.324485743307159069e+00
9.388457393474091361e+00
7.390583221388904889e+00
5.551165305261293703e+00
3.357492183044493039e+00
1.988336846525309065e+00
3.821554330993918391e+00
2.820543968338173890e+00
6.727171166763382670e-01
2.122999132171707437e+00
2.389833142581777814e+00
2.744508154004550171e-01
-3.520940121962069513e-01
5.879428724443320764e-01
3.993295476998116600e-01
1.573223643197469324e+00
5.401081546600921435e+00
6.933581070935749935e+00
7.218564356556718131e+00
8.949866008360761072e+00
1.135848743012166651e+01
1.181507856053336170e+01
1.129565625791484784e+01
9.560569374302204437e+00
6.735850986705840704e+00
4.415535852778267767e+00
3.374410444241423779e+00
2.663012396564480522e+00
2.387998669035992005e+00
5.750838005238746220e+00
1.153896822720325765e+01
1.335268824654176179e+01
1.084602576006083829e+01
7.956491454717645517e+00
7.424142894615543220e+00
6.773443573470946610e+00
8.630015126261124436e+00
1.109739364681898977e+01
1.187366664426786755e+01
1.304179630051013916e+01
1.454194637427179515e+01
1.424620244189283369e+01
1.215384758235258644e+01
1.048536691307429791e+01
9.821843816133339899e+00
7.815627066164368308e+00
6.263789487674943146e+00
5.602521332037330382e+00
4.496843613109668070e+00
4.651803380649803366e+00
3.764071945076689296e+00
4.677544092036651335e+00
8.292425332737337840e+00
8.364488158678886620e+00
4.384766870030052388e+00
-7.576997455716998342e-01
-3.085462770770973417e+00
-2.710104059037499180e+00
6.580834513075700665e-01
3.294845903768023110e+00
3.551745892302016205e+00
5.681570849101416520e+00
8.889828474481147325e+00
1.096628980064307513e+01
1.209711000913493528e+01
1.227337540711607211e+01
1.194384217463033515e+01
1.011375011907887789e+01
6.583908924356001613e+00
6.147112294401036792e+00
5.666880396809718334e+00
4.458219849850385330e+00
3.466906090047289890e+00
4.222708136865828799e+00
7.487795564659291081e+00
8.619887984604876152e+00
8.848584708112662511e+00
6.988574633646127410e+00
4.310579233337842986e+00
2.587458213995364353e+00
-1.776479478340598633e-02
-4.051348741118801833e+00
-6.846792655076410661e+00
-7.965464622598108946e+00
-7.623940058898160288e+00
-5.111450123987443916e+00
-1.935648399355970994e+00
-2.759857452711502943e-03
-2.476609215459607896e-02
-8.096856619345614847e-01
-8.517351410265219247e-01
1.853210574366315644e+00
6.040685414585134971e+00
8.379707928293132824e+00
8.948180530428544444e+00
7.905728615797968040e+00
5.995110627165030515e+00
3.742518592793855348e+00
3.331446801575811634e+00
4.997966096099805355e+00
5.775573625606976513e+00
7.834867204458833889e+00
1.027721084078491742e+01
1.182415778247410465e+01
1.321082280924787611e+01
1.394694653933061979e+01
1.253112483409005939e+01
7.976110711265613773e+00
4.389111006367440559e+00
6.435338453697759142e+00
1.117504181937871444e+01
1.204595433804844973e+01
1.097421161849449334e+01
1.183084568901839440e+01
1.361134466161932544e+01
1.275703437554675546e+01
9.277739068255968391e+00
6.456824628579023617e+00
6.174845098467129922e+00
8.221636900430810968e+00
1.109667644172463419e+01
1.300075513081713297e+01
1.349171191332829700e+01
1.287965423625393768e+01
1.063083199343013874e+01
1.093413981977154137e+01
1.525806602110549370e+01
1.659285037944925634e+01
1.673316145315315140e+01
1.707616903008977971e+01
1.660355452713779911e+01
1.525776642498241387e+01
1.618247196417894074e+01
1.509102821800282257e+01
1.583100171191834704e+01
1.570274150262533297e+01
1.641500229353613349e+01
1.726218769954303056e+01
1.777669357553139662e+01
1.772369216815391724e+01
1.766285572690972572e+01
1.813169022586303569e+01
1.774070089463084798e+01
1.659663359862124921e+01
1.627064149312838026e+01
1.558725735221764985e+01
1.384204085800820216e+01
1.182196102646802949e+01
1.210173821044230991e+01
1.472197276272763844e+01
1.612038595026099941e+01
1.611349763486207110e+01
1.587189726344775309e+01
1.745464033066133780e+01
1.831841252894110994e+01
1.708089641247238788e+01
1.674435903051428554e+01
1.643273674101276427e+01
1.575576174052105394e+01
1.572061833756503724e+01
1.549098774286849611e+01
1.621399330974240627e+01
1.737427060472936802e+01
1.823158969005248053e+01
1.844400144136462671e+01
1.832304407356903297e+01
1.746415521323589459e+01
1.628670935218744731e+01
1.569610014571246026e+01
1.537844881144401832e+01
1.385894123067326156e+01
1.266537542340832800e+01
1.502768945336003803e+01
1.628978456875229952e+01
1.515757983005457454e+01
1.382573832746885145e+01
1.420702493754324713e+01
1.558321234214894879e+01
1.607627641768166171e+01
1.777387955685834697e+01
1.810499541781553035e+01
1.758547856112047114e+01
1.680969693441722868e+01
1.687311496983811310e+01
1.729570309556459051e+01
1.725771522617510811e+01
1.728820357787294171e+01
1.802630135395327216e+01
1.757928429396251246e+01
1.634498900389147025e+01
1.513356647252730625e+01
1.320945405589151456e+01
1.122166691460876820e+01
1.135846511124111125e+01
1.319558580391861291e+01
1.478913268111838342e+01
1.446998406977883711e+01
1.337529559130825518e+01
1.555397184313378567e+01
1.749671058602585916e+01
1.758027272029718802e+01
1.628273909922945251e+01
1.470170024264240460e+01
1.558363364019655961e+01
1.657627446534051430e+01
1.701858029405276085e+01
1.721003808863495976e+01
1.636545600234653008e+01
1.722868158587239051e+01
1.778447581389133703e+01
1.804298210147347703e+01
1.714080014042788846e+01
1.634748868419453771e+01
1.629362257176825679e+01
1.482670731710906331e+01
1.357367026373278307e+01
1.333421500770277390e+01
1.434615185795896863e+01
1.574348039265817967e+01
1.696453407834771099e+01
1.796360048486125294e+01
1.802722284360483229e+01
1.661802091941379445e+01
1.528186957117132749e+01
1.550276278860792800e+01
1.517935049860771102e+01
1.596550845279606712e+01
1.691390841593135619e+01
1.730227168785343395e+01
1.715793615914404668e+01
1.687679650097168249e+01
1.519884304542781095e+01
1.553311228065126137e+01
1.602304265264669425e+01
1.532783729836873654e+01
1.546073557281485300e+01
1.516322452098706997e+01
1.430176194008902435e+01
1.448770864981286799e+01
1.575261231134501294e+01
1.631424008544408011e+01
1.633793876602639372e+01
1.746270641104666055e+01
1.715911514379675396e+01
1.646153408611544933e+01
1.742496702549118126e+01
1.662341813240291444e+01
1.597354222993018347e+01
1.709621297730502931e+01
1.734759657535828836e+01
1.663740305275799614e+01
1.450861207889201943e+01
1.363876306092772950e+01
1.352853253059706518e+01
1.204672185232968218e+01
1.153745387978487180e+01
1.281037811380409508e+01
1.325684204060087445e+01
1.431159567076982242e+01
1.626520908739979987e+01
1.737923217451641378e+01
1.840739974932646561e+01
1.831889742899384999e+01
1.800128899142433880e+01
1.818161952065663556e+01
1.755040016746632503e+01
1.652487189906786824e+01
1.466379977964192882e+01
1.544035951834359643e+01
1.415412943526715850e+01
1.279415839817949774e+01
1.346239710422628555e+01
1.263672998062054909e+01
1.171656529955739323e+01
1.134376662966906046e+01
1.254452194523752873e+01
1.476335256183235067e+01
1.362121807125331863e+01
1.168118011690761726e+01
1.209684437069225105e+01
1.337364341788638100e+01
1.421531911233087264e+01
1.496463907708359820e+01
1.639062474169409711e+01
1.677538570692384567e+01
1.730507629408447201e+01
1.683847316334706079e+01
1.462146363093437529e+01
1.487665718333398956e+01
1.675793108076553040e+01
1.711863302260604414e+01
1.615685022286541539e+01
1.368007952677807282e+01
1.263998495678611889e+01
1.451870999304464860e+01
1.505545027832949145e+01
1.302387798781141726e+01
1.185297661080580589e+01
1.312714553354088309e+01
1.528418507292549933e+01
1.708645741734109791e+01
1.731987735873582324e+01
1.682956349831999532e+01
1.723252551854235293e+01
1.609897004111310181e+01
1.325512910578441783e+01
1.379198664523441309e+01
1.271777919200610896e+01
1.084121279977064667e+01
1.068651587521251756e+01
1.313918944679165079e+01
1.439653086348023159e+01
1.438855416873183124e+01
1.559605515467282544e+01
1.646970829588702756e+01
1.732297730066488839e+01
1.779448346778727341e+01
1.734617176097619051e+01
1.727583200004027475e+01
1.691725265563418290e+01
1.542063249949005765e+01
1.453543891328930115e+01
1.526034159665707790e+01
1.454500181871989462e+01
1.321374174246122024e+01
1.235304892015574474e+01
1.175724108383767330e+01
9.309109903402417174e+00
1.079442331338486838e+01
1.635246356156469361e+01
1.780595523650915268e+01
1.766171671090351225e+01
1.824637501311523735e+01
1.834803132200146436e+01
1.822514808523774121e+01
1.784839794579234251e+01
1.788480838929626771e+01
1.791412572137970116e+01
1.814433033992107980e+01
1.816926170974859645e+01
1.796303155320175904e+01
1.735999264985678892e+01
1.573431980236415839e+01
1.564269385400950263e+01
1.610422250827576107e+01
1.623912865619681156e+01
1.685805335867326349e+01
1.694609642734667787e+01
1.743304056036377503e+01
1.797565414654320293e+01
1.726259348578552633e+01
1.603017300138053614e+01
1.562062362528907578e+01
1.503259781632137759e+01
1.367942860798563842e+01
1.215294455936684237e+01
1.146352033519277391e+01
1.075998496437087582e+01
1.087914165616737705e+01
1.300625311957121433e+01
1.489076179426600710e+01
1.641159431969671090e+01
1.695670060389239708e+01
1.773630049431626432e+01
1.827836586092170634e+01
1.689539184076283007e+01
1.524416662290973967e+01
1.540076858724677855e+01
1.722863155716627404e+01
1.817999311578310184e+01
1.792893838846809729e+01
1.743025114338694337e+01
1.662437832770816470e+01
1.565540183824578158e+01
1.408954062948771480e+01
1.253516315892150423e+01
1.192217460644757665e+01
1.219628198488962667e+01
1.345853139818771460e+01
1.532368161054010791e+01
1.578494014494983588e+01
1.640424008419321922e+01
1.734853039411232700e+01
1.797337071184119495e+01
1.787171292666481648e+01
1.726763232195244058e+01
1.732114640598554800e+01
1.788968152852454807e+01
1.797465668103668790e+01
1.777711804925931816e+01
1.703980026476422438e+01
1.587528471895950766e+01
1.475648697296079526e+01
1.300803604596238472e+01
1.171612742005760133e+01
1.165063356113050119e+01
1.339347066489014182e+01
1.422312779476895983e+01
1.489701139612502701e+01
1.561910715361337232e+01
1.534228214903625442e+01
1.510070989683233122e+01
1.465728085246637491e+01
1.435688398872127003e+01
1.529310327206215980e+01
1.656068469150915234e+01
1.780101582360027024e+01
1.826484482277930255e+01
1.792354228157735108e+01
1.672064411798498185e+01
1.575909501528985679e+01
1.484947291916432732e+01
1.449102318603499384e+01
1.469434680309071517e+01
1.359580164996955354e+01
1.224430824259934525e+01
1.226485279858499666e+01
1.513507892270113686e+01
1.685883894244872749e+01
1.619153061696567164e+01
1.438511908200664458e+01
1.224736749579916051e+01
1.314098513549151370e+01
1.414042067185282825e+01
1.304297192691341678e+01
1.244497277650334333e+01
1.308044050301694305e+01
1.446573084521125807e+01
1.534556048807777096e+01
1.602799169775437349e+01
1.699732767013473378e+01
1.650812393289552560e+01
1.564982408187920981e+01
1.407319951714199924e+01
1.151180052338012239e+01
1.044469439753663842e+01
1.003573299602287072e+01
1.131355318982511982e+01
1.196852674318146370e+01
1.131455079908508843e+01
9.516105361059496559e+00
6.993228705963881353e+00
3.588525709178814083e+00
2.015250054641925637e+00
3.852908610411440726e+00
7.939772848891878176e+00
1.119495068518443937e+01
1.396550282239010166e+01
1.483510260315019202e+01
1.353788726995415459e+01
1.268507660902761991e+01
1.253135200402362059e+01
1.152697981821969186e+01
9.577947073560702407e+00
8.207687394840741391e+00
6.482947403312523171e+00
5.374862008005685254e+00
5.464371523679185216e+00
8.875511504164194321e+00
1.359924026822932674e+01
1.473089292780965387e+01
1.490280560715942570e+01
1.602957231072278432e+01
1.716646658308455997e+01
1.756271035685346149e+01
1.716404204921514776e+01
1.673598598146044480e+01
1.579118758699820901e+01
1.422200864246956975e+01
1.339205066196654137e+01
1.266387867263374289e+01
1.092838348957061001e+01
9.651924664038263657e+00
7.935398999360913308e+00
6.330313514406991082e+00
4.917145152452579993e+00
4.050565479779032252e+00
4.376114206201688894e+00
6.513786346606043942e+00
9.548433556682379475e+00
1.318061691854912176e+01
1.521622777917851010e+01
1.550585314591757324e+01
1.600753225418406700e+01
1.530756541846511709e+01
1.444314711214232005e+01
1.384884944241034077e+01
1.338206455202003831e+01
1.300499341404713860e+01
1.230561218758462338e+01
1.258263443769177670e+01
1.226729303750674660e+01
1.018967318495291430e+01
8.753950401867481190e+00
9.320736044666134035e+00
1.076010254565444235e+01
1.313045318870534395e+01
1.493661192069609989e+01
1.558298799944540569e+01
1.442770415820417362e+01
1.255408424805185064e+01
1.147940783797571740e+01
1.182758909245736589e+01
1.317070215172115688e+01
1.313552469013815660e+01
1.196794833224409693e+01
1.376498990507793962e+01
1.583100397305594598e+01
1.535998313985932207e+01
1.376570283748808876e+01
1.293501179933380030e+01
1.139906864258190744e+01
9.032873933155844526e+00
8.260286198437597704e+00
7.513489961149116603e+00
7.022824281755751130e+00
8.548839865033118102e+00
9.489487957475782665e+00
9.254358999792827944e+00
1.045242419437855297e+01
1.280226318945982023e+01
1.304169203114731168e+01
1.046797680033349387e+01
8.306686367889971834e+00
7.016221329933265416e+00
5.796297864592719229e+00
7.017313795584684932e+00
8.420764862756117353e+00
1.031749373662391278e+01
1.355975340672452489e+01
1.360445614110036061e+01
1.318317308971193214e+01
1.509199782872076590e+01
1.643628536722909672e+01
1.606776144863643196e+01
1.478093482203461839e+01
1.314119289206920271e+01
1.075360846562907291e+01
1.035762431919549265e+01
1.152964900671308079e+01
1.302064530756657668e+01
1.496953652006727253e+01
1.647032373071730049e+01
1.705773950896331570e+01
1.720940463951789212e+01
1.645658560873041409e+01
1.507635227754118112e+01
1.512760611327457028e+01
1.531944094698418901e+01
1.642157095845118420e+01
1.705306054384803716e+01
1.668380026573276353e+01
1.624410608869749950e+01
1.601501937515466167e+01
1.591116254076486136e+01
1.626268387365838919e+01
1.671575874549928287e+01
1.701986972914481910e+01
1.726547627670382568e+01
1.725909256047236084e+01
1.694784823248612682e+01
1.600380184970962816e+01
1.465557551689997418e+01
1.426084151981457460e+01
1.395587396598786434e+01
1.395697944966525128e+01
1.366013357833641884e+01
1.286295143365637372e+01
1.231749074555779622e+01
1.105961040727307854e+01
1.042020449558122941e+01
1.359935751114950975e+01
1.499874404680455342e+01
1.550325238487227075e+01
