-8.743764939815578785e+00
-1.064561589292185140e+01
-1.004226274429720434e+01
-9.349200759248656567e+00
-9.455318349829184399e+00
-9.615457770053160047e+00
-1.062116055920445135e+01
-1.123969467859454063e+01
-1.035460314920943148e+01
-9.226747238608670187e+00
-1.045836323095525700e+01
-1.225867101197523468e+01
-1.140423438064267181e+01
-1.033676888513703851e+01
-1.068263114773652589e+01
-8.833314652336886397e+00
-8.812350696245733417e+00
-9.737642109124546863e+00
-9.803338503192792430e+00
-9.094232788767174114e+00
-7.516578390062282899e+00
-8.128906118768320255e+00
-8.339076705146025503e+00
-7.738825816427536530e+00
-8.130687524349550444e+00
-9.238081368410249183e+00
-1.109435516246950648e+01
-1.171389079456372073e+01
-1.033777140879868206e+01
-8.959456922706218407e+00
-8.254059517669432466e+00
-8.051288420869251894e+00
-6.066859250722812291e+00
-3.422794884822786265e+00
-4.613881695858112586e+00
-4.123759367295995126e+00
-2.763953777072341911e+00
-5.118983139638689117e+00
-6.501923086941401309e+00
-7.044547973561997800e+00
-6.984928368255289399e+00
-7.714292149274374566e+00
-8.016260343786258957e+00
-6.773537389972143608e+00
-7.775531630476134382e+00
-9.496064666209676375e+00
-8.125893943446959256e+00
-6.256681846495586896e+00
-7.549199640138380296e+00
-9.319879952056011163e+00
-9.090754367910752975e+00
-8.147933098000802232e+00
-9.033730824781933677e+00
-1.070132651555581305e+01
-1.087643123739437989e+01
-1.031782420288428348e+01
-9.898016695639617168e+00
-9.123501448469557573e+00
-9.674772079643320311e+00
-9.133248400559242697e+00
-7.417907514545145631e+00
-8.357621675508370984e+00
-9.391989015207107272e+00
-7.852820806769009288e+00
-7.097907295235228453e+00
-7.904363872798575663e+00
-7.995097601728216041e+00
-7.690576890680693722e+00
-5.564608068047951051e+00
-4.578825794860627241e+00
-4.697381608897204686e+00
-4.092508872742403270e+00
-7.177337334450185402e+00
-8.869645238866583625e+00
-8.252625829940383184e+00
-8.315717612071258813e+00
-7.198676293159048889e+00
-5.988181115247114050e+00
-6.628314287734983878e+00
-6.801223268693946444e+00
-7.394762716944430991e+00
-8.812891363314710347e+00
-1.013837912445380418e+01
-1.061410367319227710e+01
-1.009688842767665840e+01
-9.149516098071122983e+00
-9.414322815287230029e+00
-9.129135882049578044e+00
-7.646799302858231506e+00
-5.632165206122112799e+00
-5.889823073471225356e+00
-7.079397115802326113e+00
-7.156918917912395983e+00
-7.504673422691744200e+00
-6.623791776659542663e+00
-6.030148086684513409e+00
-7.886872112930940482e+00
-8.868033745409531932e+00
-7.984441396692953496e+00
-5.826362467968707826e+00
-4.998607456096445745e+00
-5.044306958346906455e+00
-7.525876786077768443e+00
-1.043505311585014361e+01
-9.707978947587877272e+00
-8.050090763746958089e+00
-5.969656851829169497e+00
-5.334427568816971110e+00
-5.451303448599255752e+00
-6.565521847170937342e+00
-6.388156275482546498e+00
-4.044161950800784666e+00
-4.056299776236182986e+00
-6.549293019660594517e+00
-6.968561084622912460e+00
-4.825855356947245767e+00
-2.571186026319795648e+00
-3.081891217193637456e+00
-2.840505873881939092e+00
1.248178710479797282e-01
2.107054394292387833e+00
5.413272214563115137e-01
-2.111697279474388012e+00
-4.135498160518861432e+00
-5.938632225586679247e+00
-5.113807765004316330e+00
-5.240272603382520877e+00
-7.559192272809280411e+00
-8.776404238710474814e+00
-9.471447514187094185e+00
-6.624989211160077218e+00
-4.427168238477056761e+00
-4.419657199563347127e+00
-4.232154322759802412e+00
-5.095987782236983676e+00
-5.283686382811493942e+00
-3.991481542585073150e+00
-4.867533747112138265e+00
-4.931202338354531811e+00
-5.606590710810616329e+00
-7.366821637025088521e+00
-7.361226134990927150e+00
-4.280063540649350351e+00
-4.305735751075597584e+00
-8.771689530288641734e+00
-9.501892495006098116e+00
-9.143461162330112302e+00
-9.912227514004323226e+00
-1.163218936555589877e+01
-1.204897100690993383e+01
-1.147935348462023164e+01
-1.093244938085448759e+01
-1.046772081658611597e+01
-9.853808311920875695e+00
-8.337822663154547342e+00
-7.061212575341363262e+00
-5.351202179905059531e+00
-3.475966956917059481e+00
-4.467948713628635105e+00
-4.032575292274153789e+00
-3.253248534676255410e+00
-2.539914212002452487e+00
-1.289250555909410956e+00
-3.043979010676993280e+00
-7.800339953250358782e+00
-1.104622112157466773e+01
-1.174042579372213524e+01
-1.150769575349980833e+01
-1.031447426073446927e+01
-8.453691848115825636e+00
-7.886410426292359332e+00
-9.631629271268280945e+00
-9.891848702127415294e+00
-8.797317030376110125e+00
-9.247646757169947662e+00
-9.721610244256449818e+00
-9.580245914422318876e+00
-1.051614527301729929e+01
-9.930413418625342103e+00
-9.752158918965022849e+00
-1.058776733463496278e+01
-1.070461878108818254e+01
-1.163227621284716129e+01
-1.137539068488382021e+01
-9.530973261639822169e+00
-7.109425125462336403e+00
-5.049931322017565449e+00
-2.900707931342439316e+00
-3.317046185727480001e+00
-4.614936940913973551e+00
-6.160701897865781262e+00
-6.847961089315262484e+00
-6.718365495599712744e+00
-7.226562785304457392e+00
-7.720502325183696612e+00
-6.495842164669531016e+00
-5.254185526110608073e+00
-4.510404874855739266e+00
-3.786107430086526726e+00
-5.967061633949293231e+00
-7.806143954222913628e+00
-8.314842245699701095e+00
-9.406529336657474261e+00
-9.575659426949769681e+00
-8.995330888185845808e+00
-8.998139638272355967e+00
-7.640725706607262246e+00
-6.004548862173177959e+00
-7.107650380110309030e+00
-8.293506584170648566e+00
-8.194813907727134250e+00
-5.975904434271629206e+00
-3.450913217412094003e+00
-4.181766035795379644e+00
-6.566171989725877012e+00
-9.188823917173497335e+00
-1.024405290241904964e+01
-9.071104262145171404e+00
-6.820843420461726758e+00
-4.472026559620188912e+00
-5.765914246425151823e+00
-7.413202999123216230e+00
-8.230750090187196832e+00
-9.039551808874508154e+00
-9.152392393381546754e+00
-9.589000734632310952e+00
-7.064576320420008493e+00
-2.446977019962835342e+00
-2.187443100975201560e+00
-3.754434518815453092e+00
-4.483090759315384588e+00
-4.180619720266041561e+00
-3.329778088733410080e+00
-2.993763175757149675e+00
-1.356428232118808808e+00
1.534939804561147869e-01
5.420153099452873491e-01
-2.378267954844642540e-01
-4.764131136525633914e-01
-5.770760802869603356e-01
1.327953192259427873e+00
4.118145483243480509e-01
-2.608907191070083620e+00
-4.742135467109804381e+00
-9.013117675307071863e+00
-1.124186650367473383e+01
-1.051085553720669452e+01
-1.037608586014071221e+01
-1.009079823435103407e+01
-8.816094576163651553e+00
-9.802666390207630087e+00
-1.062076863674344374e+01
-1.098516119077287811e+01
-1.226586958641337866e+01
6.470665775920301233e-01
6.470665775920301233e-01
6.470665775920301233e-01
6.470665775920301233e-01
6.470665775920301233e-01
6.470665775920301233e-01
6.470665775920301233e-01
6.470665775920301233e-01
6.470665775920301233e-01
6.470665775920301233e-01
6.470665775920301233e-01
6.470665775920301233e-01
6.470665775920301233e-01
6.470665775920301233e-01
6.470665775920301233e-01
6.470665775920301233e-01
6.470665775920301233e-01
6.470665775920301233e-01
6.470665775920301233e-01
6.470665775920301233e-01
-1.260182128213163644e+01
-1.330407659562910005e+01
-1.363915356235158782e+01
-1.240547957291660985e+01
-1.243221628679330593e+01
-1.286225422884626468e+01
-1.195112388107370194e+01
-1.180298495985699248e+01
-1.224256255939734928e+01
-1.225787414486033633e+01
-1.244055602508342773e+01
-1.084346552721337531e+01
-1.162604604028276256e+01
-1.137784855151369179e+01
-1.154029617063066837e+01
-1.363716333742666720e+01
-1.332416705069131702e+01
-1.171047519757293998e+01
-1.159108588304671450e+01
-1.226968467539877317e+01
-1.223117036170203065e+01
-1.069928826934645194e+01
-1.161422771506398988e+01
-1.360288915907460527e+01
-1.305625145997033165e+01
-1.152130409934176924e+01
-1.066503663961751514e+01
-1.157949715130004975e+01
-1.258191964553677877e+01
-1.143830681609704492e+01
-8.661485735877000991e+00
-8.118929829716405422e+00
-6.990860169478963826e+00
-6.205171534244656506e+00
-8.204879453486142893e+00
-7.917905496198357262e+00
-6.368079915495825638e+00
-4.960375740471001826e+00
-3.493741742500857228e+00
-5.504220708466025513e+00
-7.116467379523817804e+00
-7.504470857162226061e+00
-7.350791940382114475e+00
-6.056293144421460717e+00
-4.871077134908625261e+00
-6.100123808499459344e+00
-8.917266332517760574e+00
-7.626432929778171221e+00
-4.704525286411383789e+00
-3.977129596123628374e+00
-4.846139697826506776e+00
-7.852161083758482540e+00
-9.686474568459775725e+00
-7.317329804234920410e+00
-7.405950443085782098e+00
-1.007299053957008184e+01
-1.003655875028022493e+01
-8.888835993519110801e+00
-6.934638479733467697e+00
-5.122002642574515541e+00
-6.079362473583782567e+00
-5.410108401161568104e+00
-2.510704039861618497e+00
-3.477819091685079744e+00
-7.171541581937075804e+00
-7.877370377727905826e+00
-5.991065749968173648e+00
-4.298956904277440039e+00
-3.433597211523087278e+00
-3.375012839093928907e+00
-4.558197438129932166e+00
-4.725877510966825845e+00
-6.391299958844402163e+00
-8.190762428919121874e+00
-7.762595202732764932e+00
-7.739433917502609894e+00
-8.297228149518231177e+00
-6.901514869886834269e+00
-7.399691079749016964e+00
-8.006017286823432499e+00
-5.681498419711087600e+00
-3.012124320871695016e+00
-1.445811350228383585e+00
5.482890693874471477e-01
1.101530856073554610e+00
-2.119943816543311765e+00
-1.551666242955671127e+00
1.149718435340478795e+00
2.309594270267830485e+00
4.611781717229849198e-01
-3.344137555456489497e-01
-1.626749181780001274e+00
-4.542466054592322777e+00
-1.793093523056457528e+00
1.595895807620735241e-01
5.869716913019840804e-03
1.509485511199841756e+00
1.645192463477547218e-01
-1.753193063995603929e-01
-7.021645370450191326e-02
-1.318447421616785187e+00
-1.617468453200776146e+00
-4.350937120363989052e+00
-6.222222092546163985e+00
-7.496804431583027117e+00
-9.022264130176598229e+00
-6.668685548357021098e+00
-5.955409264218391563e+00
-7.628697079969418482e+00
-6.182804085982225750e+00
-2.114672237762526219e+00
-2.627137382514140640e+00
-2.678431458802729370e+00
3.149723892566154149e-01
-3.954952947374974492e-01
-1.768253845633380450e-01
1.810006632600591026e+00
1.962451807675625659e+00
3.806781108682013137e+00
5.063769548952808286e+00
3.519283843559814162e+00
2.676946639996188981e+00
2.736125248837125046e+00
4.081497770177499262e+00
2.512284846692149465e+00
-8.053186672588594774e-01
-1.772157689695533778e+00
-3.182827907476001972e+00
-2.926785991670706188e+00
-2.044624418994148485e+00
-3.818926640051742982e+00
-4.322384462256756876e+00
-4.421429070000970185e+00
-4.511049594620035741e+00
-2.729001852210605428e+00
-1.779128143373832627e+00
-2.749045834730940996e+00
-1.701125790546172523e+00
-1.809423225930187007e+00
-2.702602041477211614e+00
7.862657984853385074e-01
5.034385410785604975e+00
4.501827241000747826e+00
2.818052656608424744e+00
2.958276208738792157e+00
2.598493544494572483e+00
8.979788768730019299e-01
8.399604181753522747e-01
1.099069325812610742e+00
-4.957826799868996215e-01
-2.032022077848748332e+00
-6.383329587341250999e-01
4.980042026317967052e-02
-2.198144764479735613e+00
-5.079997312370521101e+00
-7.183541058110815669e+00
-7.261974639861436209e+00
-6.336473139356467499e+00
-3.909658043513791092e+00
-1.478818230937472417e-02
3.938093531847274065e+00
4.419978576415528160e+00
1.824762137179575916e+00
2.560503530575614306e+00
5.876440496648463352e+00
3.498061091459724103e+00
6.907843285864408989e-01
1.863488535890737152e+00
4.320841369113503916e+00
3.271457752937100949e+00
-2.701745143894289214e+00
-7.384070911475538956e+00
-9.692465085089049026e+00
-9.561785281747823717e+00
-8.646881635267781974e+00
-7.469487795059852608e+00
-8.655026706995375463e+00
-1.055655545785942095e+01
-1.027364137841603942e+01
-8.322793608767831586e+00
-5.932075031076344374e+00
-3.166904955826205015e+00
-3.965683885694447852e+00
-4.972955187386240539e+00
-5.148645881886600328e+00
-4.463048471713892518e+00
-3.363693426492396110e+00
-1.881950532493097183e+00
-3.561205868208424441e+00
-6.919890273026919836e+00
-8.268147127404805730e+00
-8.458790099528703976e+00
-6.911165152271188994e+00
-6.250392314833854712e+00
-7.007325059146281454e+00
-8.336840959850688293e+00
-9.124192299694081854e+00
-7.627750492049791831e+00
-4.506459891071222579e+00
-3.296313190946435157e+00
-5.693493840186491184e+00
-6.169140180756889080e+00
-4.249381724027460727e+00
-4.397876175702107204e+00
-5.431439003117357167e+00
-4.743909392349437759e+00
-6.439992532415784510e+00
-8.506203226408553419e+00
-7.504387889872249140e+00
-5.595950359208933023e+00
-6.199592852722205727e+00
-7.341861273159489443e+00
-7.045149569253144506e+00
-6.108974267438437522e+00
-4.123118803748416994e+00
-3.818710180762610928e+00
-4.134469812743906125e+00
-2.650114298624847819e+00
-3.296934140051996920e+00
-5.452545924107936592e+00
-6.478151384150114822e+00
-6.694960435935193743e+00
-5.153898253742920765e+00
-2.166390351887586885e+00
-3.321553913959346183e+00
-4.177426766034931127e+00
-3.030886788753678118e+00
-4.410678709632317229e+00
-4.662780950989324324e+00
-4.595538587589917512e+00
6.470665775920301233e-01
6.470665775920301233e-01
6.470665775920301233e-01
6.470665775920301233e-01
6.470665775920301233e-01
6.470665775920301233e-01
6.470665775920301233e-01
6.470665775920301233e-01
6.470665775920301233e-01
6.470665775920301233e-01
-5.779783117251027669e+00
-6.755199421257440662e+00
-6.179001250088096420e+00
-6.245565099435795631e+00
-6.437948870979305127e+00
-7.761626272437140983e+00
-7.012690898146230367e+00
-4.030980659909673136e+00
-2.629399846283204223e+00
-3.757383347228675063e+00
-5.977034118078511149e+00
-8.456829233098680731e+00
-9.943633571906312696e+00
-1.033908667204902443e+01
-9.363280088628814113e+00
-8.564191091229449881e+00
-9.429972258327223855e+00
-9.705265389728150893e+00
-9.906979121612673467e+00
-1.065891416620089416e+01
-1.123660027289081675e+01
-1.065271596165409740e+01
-9.157918177630255840e+00
-9.901370793566901085e+00
-1.125294232530025695e+01
-1.100701937493274229e+01
-1.062320700721917532e+01
-9.976191362840220123e+00
-9.073554731666245488e+00
-9.522385364812306463e+00
-1.071578818132147504e+01
-1.149579599263518759e+01
-1.193392924213089934e+01
-1.216140682750481616e+01
-1.234981309565383967e+01
-1.262160514700990532e+01
-1.286954993126540892e+01
-1.259036430970189535e+01
-1.272615040298418343e+01
-1.261261910432923194e+01
-1.208209187748310320e+01
-1.096360001451574107e+01
-1.004359149310954891e+01
-1.084036420335066708e+01
-1.130578097966830775e+01
-1.077028604291459679e+01
-1.098973011757731655e+01
-1.093542813814982928e+01
-1.106802471008477617e+01
-1.147212582609864029e+01
-1.174766656589660663e+01
-1.170341419599819766e+01
-1.115004990027484943e+01
-1.017904391801734221e+01
-1.092204148314577239e+01
-1.180057358120177824e+01
-1.073303394665860289e+01
-9.880538285027054002e+00
-1.115293256260736854e+01
-1.126099623963770391e+01
-1.063380388325558279e+01
-9.791292330466761840e+00
-9.513115247747139236e+00
-8.863810777317235434e+00
-6.705872914247136940e+00
-7.080569317777406724e+00
-6.586337553310539050e+00
-5.792098380432786797e+00
-5.994465470045231115e+00
-7.532465117785275943e+00
-1.057768778698169498e+01
-1.190760139195885259e+01
-1.223544349305348256e+01
-1.205043607492329549e+01
-1.181995048113727265e+01
-1.183143117913244247e+01
-1.196989219737944410e+01
-1.209089876378195960e+01
-1.174217523973134902e+01
-1.135628681885520486e+01
-1.087250819307114647e+01
-1.063233464584894072e+01
-1.058033872638092987e+01
-1.033267350523948025e+01
-1.025820538059746134e+01
-9.414205480177891161e+00
-9.150973801012755260e+00
-1.093129445732810368e+01
-1.177819714098207271e+01
-1.154264419181072299e+01
-1.106226816305880156e+01
-1.116919271718051654e+01
-1.098744958356607171e+01
-1.112921640161499859e+01
-1.136054717333038155e+01
-1.057608181498522626e+01
-1.044735245398256396e+01
-1.100416985860436014e+01
-1.097924811754888985e+01
-1.021841700201483327e+01
-9.042231162309711578e+00
-6.012284278122503878e+00
-7.173465768899573547e+00
-8.227613398260507083e+00
-5.740678674705520734e+00
-7.242562169554829232e+00
-8.307445227599369986e+00
-7.873282639380905223e+00
-7.916449366029004509e+00
-7.567413858907119817e+00
-6.166014617469875780e+00
-6.034919377655201700e+00
-7.025541863163913270e+00
-8.105192507521497447e+00
-7.738916631782552180e+00
-6.958147432399757193e+00
-8.770102909402515579e+00
-8.789522360435976012e+00
-7.113122421194393752e+00
-7.079960792620185295e+00
-8.719152798991597564e+00
-1.002406355390227866e+01
-1.046846431389082355e+01
-9.098005856733312413e+00
-9.623375376083739496e+00
-1.036133677830847510e+01
-9.753378238347723439e+00
-1.029350695307912389e+01
-1.039363331589238371e+01
-1.078077938623024323e+01
-1.243835790554803467e+01
-1.261608385876655447e+01
-1.256128918953588425e+01
-1.251348153867295032e+01
-1.227026461908791433e+01
-1.217638525049594023e+01
-1.198898842044781254e+01
-1.254306848617286718e+01
-1.216198724007730014e+01
-1.187961132675245501e+01
-1.132286706189030490e+01
-9.996300904160310807e+00
-1.022423427613229663e+01
-1.115767515675873511e+01
-1.127986044862579540e+01
-1.096538025831512897e+01
-1.128877585849293119e+01
-1.142028275861474107e+01
-1.074842468547861962e+01
-1.061628802554441364e+01
-1.182759838721050194e+01
-1.152097289021631710e+01
-1.126520306877717559e+01
-1.057121121328803248e+01
-1.124113273268837787e+01
-1.162685957702111672e+01
-1.113794363858922942e+01
-1.212475656672693880e+01
-1.255899235673376246e+01
-1.230622004826763849e+01
-1.177974938905253666e+01
-1.009679846793972402e+01
-1.007313384013672852e+01
-1.064932320055461368e+01
-1.161463892482911930e+01
-1.215788904963488193e+01
-1.158334597501679397e+01
-1.167744531640306249e+01
-1.143646888367677583e+01
-1.113642765032232695e+01
-1.130784845680806505e+01
-1.051181955474441843e+01
-9.692622104616578582e+00
-9.885523451222669067e+00
-9.322948190921071188e+00
-1.007069108618613740e+01
-1.002553455385016612e+01
-1.045794323540756210e+01
-1.172707680303616762e+01
-1.138255023716893177e+01
-8.309237239723737289e+00
-7.099479326283015368e+00
-8.361121885218443239e+00
-7.521108564299123778e+00
-5.756252848491744345e+00
-4.799862887934208011e+00
-7.008052459903051812e+00
-8.166797828144405358e+00
-7.053265664401365598e+00
-6.027654293344093972e+00
-7.499833545757443432e+00
-8.622355162126938311e+00
-8.839763262698975055e+00
-8.704084574501711913e+00
-7.113456064982285554e+00
-4.744368327442830768e+00
-3.622490735266846507e+00
-4.784464194819688210e+00
-5.268830607845285563e+00
-5.896815214699856256e+00
-7.992231271845848362e+00
-8.687735368005260028e+00
-1.064416150764558999e+01
-1.230125325532672065e+01
-1.214082138847226489e+01
-1.167494861173383214e+01
-1.144928054796008787e+01
-1.141695359196064707e+01
-1.153221265609957236e+01
-1.088635304036670348e+01
-8.115618886988606562e+00
-7.578108026366055405e+00
-8.888719195212265944e+00
-8.556548967213011281e+00
-7.438058203587753603e+00
-7.233806666074971581e+00
-7.317334860507666683e+00
-9.000724541767770148e+00
-9.113981844545408606e+00
-8.550803418846417259e+00
-1.158676883342331720e+01
-1.264868743156651654e+01
-1.252197983060971076e+01
-1.143358995455090898e+01
-1.059371293743913256e+01
-1.189173195832415431e+01
-1.231122218312988537e+01
-1.121204522302344309e+01
-1.172051755974000109e+01
-1.185580663007969271e+01
-1.081992737082607192e+01
-9.468357944229399692e+00
-7.990268512741046436e+00
-6.407275344433234210e+00
-6.795881725713877053e+00
-7.670917799922595037e+00
-8.184948181254741328e+00
-7.334040840510474446e+00
-4.968195860724737400e+00
-7.011792723940304839e+00
-1.143403120119391758e+01
-1.255272094655722448e+01
-1.246169988316220234e+01
-1.214180448054788641e+01
-1.121418624683849607e+01
-1.094277429680500902e+01
-1.178860973423216230e+01
-1.253482970566476240e+01
-1.252575404439157403e+01
-1.090115114529631768e+01
-9.759864074510824494e+00
-1.035772192863451302e+01
-9.949252699116039267e+00
-9.265612347848474428e+00
-1.024620080256188359e+01
-9.720426625503643336e+00
-8.115716950332899415e+00
-7.368542580832269984e+00
-9.268306956653402651e+00
-1.054801373101369855e+01
-1.051810722038047174e+01
-1.057685279899961728e+01
-1.007380102552273016e+01
-9.871960437818682266e+00
-1.063095354754779009e+01
-1.093080095566456400e+01
-9.169372349438011938e+00
-7.070574153871984180e+00
-5.174564910025870823e+00
-6.294018585297434853e+00
-8.755113858755784406e+00
-1.087603265959545951e+01
-1.129907161890723444e+01
-1.086636611026704458e+01
-1.140814456827732215e+01
-1.181951488738134515e+01
-1.185327289099227954e+01
-1.225649271166204635e+01
-1.162116453469373845e+01
-1.101874329972107880e+01
-1.102555004375997427e+01
-1.088809645722589181e+01
-1.133060188392416023e+01
-1.102689258437047037e+01
-1.095465057587782098e+01
-1.217193453051291385e+01
-1.298773649505243277e+01
-1.311618673568337279e+01
-1.302326946540171981e+01
-1.288694275542120060e+01
-1.141693381032622412e+01
-9.903070415852264219e+00
-9.447625114664688795e+00
-8.555593058736098655e+00
-8.234673013206467829e+00
-1.117566877018768245e+01
-1.163197498739364022e+01
-1.169693658990971485e+01
-1.220696125636505691e+01
-1.142233028868673905e+01
-8.100840812250783785e+00
-6.579973183677236825e+00
-7.275337936045414899e+00
-6.524783527299923946e+00
-4.587218961928265060e+00
-2.378626680394853921e+00
-1.786285560250280069e+00
-2.286901707906064729e+00
-1.200465518375245955e+00
-6.523164073667709895e-01
-2.127150839845680874e+00
-5.126887273173179160e+00
-7.477063299137554964e+00
-4.671166902966340295e+00
-1.874549050752353230e+00
-3.483335361575063960e+00
-4.328389744472181278e+00
-4.897326626257948234e+00
-5.250415439151767671e+00
-4.364450470626521472e+00
-3.683445296281569359e+00
-5.094662794917309334e+00
-6.418149412836630319e+00
-7.055615970603948739e+00
-6.136458605476906136e+00
-5.957671201071954137e+00
-8.753700767535352867e+00
-9.735575268885142464e+00
-9.249229311323146518e+00
-8.849706419274124158e+00
-8.393612925828422888e+00
-7.754646977791463058e+00
-4.817681773067848283e+00
-3.145929898863764063e+00
-5.004050095605617976e+00
-7.666994505283744488e+00
-9.798240374749237702e+00
-8.811445004190808561e+00
-8.069721878908834967e+00
-7.008355985711001601e+00
-1.626113098018863612e+00
5.886832740890058924e-01
1.437677792109197661e+00
1.696945196318545790e+00
2.705198642415992394e-01
6.482147931567530663e-02
7.312988609346475766e-01
1.535971891032214209e+00
1.516580385193799563e+00
-7.227922739138318287e-01
-2.990683315356317706e+00
-5.023000167794228865e+00
-6.658955757816230836e+00
-6.354270437502388624e+00
-6.568294720663401698e+00
-7.530267624968296936e+00
-6.371005575510362284e+00
-5.053326326226133425e+00
-7.303257326309989139e+00
-7.432764777748887219e+00
-4.462647369080899651e+00
-6.185321676880822794e-01
3.071432655645901288e+00
2.230941957075107673e+00
8.129657358969801795e-01
5.211602214505539621e-01
1.112075782526954493e+00
2.526741019218171402e+00
2.694055917388069599e+00
2.910677557367243651e+00
2.457955780804476742e+00
4.000349604391108538e-01
-3.433090781997949925e+00
-6.530584946577839389e+00
-7.505290893070430513e+00
-6.689106369248764672e+00
-3.986787908997261987e+00
-4.232294287254799947e+00
-4.999382082909943570e+00
-6.140370840475154246e+00
-8.425646132955929346e+00
-1.035459769011988307e+01
-1.130005740209194087e+01
-9.974287424553130776e+00
-1.060670151691865293e+01
-1.091734714434485021e+01
-1.000626977199989476e+01
-1.122174323490443193e+01
-1.182325824399016589e+01
-1.011049532321441724e+01
-7.344262509816021023e+00
-7.314133085799372047e+00
-7.135166628393648125e+00
-8.104472800049661529e+00
-9.140688698439237925e+00
-7.272619552091200923e+00
-4.091460696007863440e+00
-1.393617889585355041e+00
-6.896019408006067719e-01
-5.741940717874584044e-01
-1.370269307671577730e-01
3.889719650606736079e-01
1.857679849623786739e+00
2.524063093579521633e-01
-1.636366851946163825e+00
1.980193797791086618e+00
4.884459022107046522e+00
4.764992988120030581e+00
4.544549950125961857e+00
3.583170074757735968e+00
1.289605654834324211e+00
-7.704000790848147817e-01
-3.035189077745421571e+00
-3.911629091138210779e+00
-2.118921464025520063e+00
-5.513165642496895558e-01
-7.810083230364835150e-02
-1.586243860105039649e-01
-2.376058860724900690e+00
-4.116303991297214360e+00
-4.685971679989961558e+00
-4.454303325906328048e+00
-4.459273518506451595e+00
-5.001667208957797151e+00
-4.936176841898564760e+00
-6.498229759983353837e+00
-5.966722690618509795e+00
-2.975788259897149679e+00
-1.313296303592948355e+00
2.021866999812367283e-01
-1.934652915435322695e+00
-3.807429920469573403e+00
-4.172428629678950784e+00
-3.637821928848912645e+00
-2.175180305120382407e+00
-9.173194238693219704e-01
-2.364325903518884164e+00
-4.884353591919845528e+00
-2.927677399008430381e+00
-4.484171472552285209e+00
-9.107947792338835669e+00
-1.083493181260218385e+01
-1.167745508777749208e+01
-1.149540289729232079e+01
-9.764780807659075634e+00
-9.129847181284850066e+00
-1.129430322549499799e+01
-1.150593996495388183e+01
-9.546160088760899498e+00
-7.767712450556817139e+00
-4.252000989263526876e+00
-6.362271476944055815e-01
1.955307128281736917e+00
2.363766913752193832e-01
-3.170460540045415332e+00
-1.751316700277941063e+00
8.538243361604448411e-01
-6.589077222824001323e-01
-2.043089829277349168e+00
-1.827624362739889596e+00
-4.047412798367052922e+00
-4.897759640116901458e+00
-3.895275350830711858e+00
-5.165801200711531038e+00
-3.987215701338677754e+00
-2.077831600972668002e-01
6.623642470292130380e-01
-5.520048754367584687e-01
-8.302944222517250061e-01
-1.104515537687405402e+00
-3.833369144105638782e+00
-6.523881074531327151e+00
-6.986100773203195224e+00
-8.630956415757863098e+00
-9.654007274683021222e+00
-8.014607882353807611e+00
-7.376937723488294019e+00
-5.796705114322662666e+00
-6.554229241365701952e+00
-8.317783671178654359e+00
-8.785377954201555539e+00
-9.206067219964346293e+00
-9.867898709873264451e+00
-9.121679922763179960e+00
-7.047880672002820646e+00
-6.196494742322933291e+00
-6.113785915562180762e+00
-5.086933856734788151e+00
-3.360943325083534994e+00
-2.829162236545027298e+00
-1.474701831737804225e+00
-2.055526834988302909e+00
-3.778116542612379725e+00
-2.610345177727566135e+00
-4.826198632548315826e-01
1.424047579399938535e+00
2.407150130718953118e+00
-7.586120171324754746e-02
-2.751596019186818953e+00
-3.595226974038740586e+00
-3.910286383965677626e+00
-5.823954334541113553e+00
-5.163665219227700831e+00
-3.862697617267722983e+00
-5.803183062759898370e+00
-6.347588958080319976e+00
-4.704823252747640794e+00
-3.811537384259138683e+00
-5.609732323863305226e+00
-5.257276343647122374e+00
-1.149053051727749519e+00
2.383709126963962532e+00
2.623661557223373908e+00
6.445382545088493842e-01
-1.804079507271802996e+00
-2.436718629592773411e+00
-3.399674762514603432e-01
7.716422710722811162e-01
5.636624402411454238e-01
4.539635853490512352e-01
6.200929680857206749e-01
1.315703303908917654e+00
1.430137440842029761e+00
2.230361832726706517e+00
5.038445067935015231e+00
5.595465805666272274e+00
4.469073026235164114e+00
4.509130067436688982e+00
3.334916017124978982e+00
1.425721229395484624e+00
3.578996784714619572e+00
2.526208693287922635e+00
2.819383671615002918e+00
5.343859204293861964e+00
3.242699601488279626e+00
-6.280043209873977794e-01
-1.948769020263745599e-01
3.486786691102318425e+00
4.728143603051353061e+00
2.315397391261781124e+00
6.145711531765657432e-02
1.313616960097120145e+00
4.417576874054101488e+00
3.883597838165156357e+00
3.584893641671671016e+00
3.597995584056953078e+00
-1.750654568750643209e-02
-1.773659818830841450e+00
-2.853703631130695584e+00
-3.666569516615998836e+00
-2.093521113503394204e+00
-6.250941963130195456e-01
1.225280606783623494e+00
3.108038114304887856e+00
1.190805644401758068e+00
-1.783465238615714599e+00
-2.705821091241320087e+00
-3.942295066810116988e-01
1.962148349432397909e+00
1.171731432981190091e-01
1.347887914373011586e+00
1.835368637473121733e+00
1.597377413705506566e+00
2.924751393912817576e+00
1.089229564105494319e+00
7.391582768372497725e-01
1.907240910599793171e+00
2.636036355853510482e+00
1.441997808037367657e+00
2.479154536042347701e+00
6.835652658188148934e+00
8.355778048497601418e+00
9.967912549487325080e+00
9.946153524966769410e+00
8.027900177699885731e+00
5.881480297026600468e+00
5.392493921138587609e+00
6.647109008326256507e+00
8.800460170197986542e+00
8.915588770642743910e+00
3.345543773380165398e+00
1.644472172760716999e+00
5.121626651831954202e-01
9.478178351808743685e-01
4.875433593607343408e-01
-2.502922571547021580e+00
-3.093944262051550598e-01
3.639031064695356310e+00
3.553333249548769501e+00
-1.226964637736019270e+00
-8.993442788859399295e-01
-8.362623081645877976e-01
-7.000561233867402811e-01
1.565056802021326243e+00
1.648863020698455584e+00
-9.191748084549516973e-01
-1.937829725004691417e+00
-1.959676186762127736e+00
-9.521046392248067036e-01
1.404221463119257107e+00
1.046490114443432429e+00
-6.128911890008998942e-01
-3.237957325759277971e+00
-1.960070130802893607e+00
-1.189379965288943630e+00
-1.798687764971199199e+00
1.745006822511395495e+00
3.107302194724211652e+00
2.263004511589330026e+00
5.616834181355329081e-01
-2.055196168301281379e+00
-2.172874208026481568e+00
-2.131301111746137789e+00
-3.232430970653144886e+00
-1.844171531979984513e+00
-2.140725995945778504e+00
-4.641595030527970067e+00
-3.218355784989291202e+00
-2.775919648187657796e+00
-4.251601740040580779e+00
-3.023396120187030522e+00
-8.706208445026016873e-01
-3.545863575842379545e-01
-2.859960842131520575e+00
-4.070674546639498459e+00
-1.123121599126276626e+00
-2.700887521108447098e-01
-1.876019890466217754e+00
-2.602844776982906061e-01
2.716587787045800173e+00
4.364535658883713864e+00
5.887771867989065377e+00
5.100540843945560177e+00
3.107125578099966923e+00
5.220948843726694655e+00
5.397250268834732800e+00
1.386447321818169209e+00
1.056803398616925849e+00
3.459558526829359160e+00
5.211102128917946885e+00
4.093898735911243314e+00
3.353914719496467800e+00
2.642490092155696413e+00
1.842914555136311749e+00
3.825121379788245068e+00
6.503761520866610191e+00
4.586009050346207871e+00
1.606478633030888004e+00
2.397809365223781963e+00
-3.528595783477576076e-01
-5.433394724056064717e+00
-7.521979702112758126e+00
-9.822602468823788513e+00
-1.106897069132906530e+01
-9.012057709196330535e+00
-8.540530160863584186e+00
-9.587492842962033635e+00
-9.081313362237423803e+00
-7.926571983972591440e+00
-5.187266133403233503e+00
-2.579710335651602460e+00
-1.988387160955952693e+00
-1.743007872076642872e+00
-2.212761608552967996e+00
-1.519279300954086809e+00
1.249698817846409460e+00
-4.228173352393463369e-01
-2.967044768913277508e+00
-2.105864868809689039e+00
-2.018700315560688630e-01
4.130269297416602203e-01
-1.148637487650126660e-01
1.319518690276351602e+00
1.713803596311402666e+00
2.741751517405702554e+00
3.339706218560199336e+00
2.224828296064869981e+00
1.687394792219576889e+00
-1.322482264754073933e+00
-2.648859296464985302e+00
1.416359944610271704e+00
5.190580681578227384e+00
4.941704901659840665e+00
3.710372680988160088e+00
3.475976504889123131e+00
3.091988743263736961e+00
4.811894516360903928e-01
1.333259620696559088e-02
3.094856096065308759e-01
1.408299824989250215e+00
2.995598895528616801e+00
3.455255765676252810e+00
3.550420730302723094e+00
2.768786466267318946e+00
3.310977529545823472e+00
3.236628336405167339e+00
2.549133140530578601e+00
2.661147461120752844e+00
2.220444423835140402e+00
2.651428212204017143e+00
3.210973453447547143e+00
3.387470770876388482e+00
1.121789060727177573e-01
-9.988282918024085077e-01
3.063607467292424946e+00
4.347687519787358568e+00
5.745367945914479080e+00
5.715011873749008764e+00
6.020756290674219580e-01
1.315693216285252376e+00
6.670457494825158484e+00
8.507174857814048252e+00
7.689895941278354741e+00
7.253652709873499305e+00
6.997880308633571467e+00
5.734570322929815944e+00
4.739787577003192531e+00
5.213836955513893479e+00
5.976701038984320036e+00
7.003333838819519208e+00
9.700242963554050135e+00
1.190930453672607747e+01
1.260357211538401323e+01
1.039855847395573818e+01
7.340778710515842853e+00
8.359885718030032109e+00
1.052595152510687804e+01
1.155017394164971556e+01
1.261362628642172012e+01
1.276897488906067224e+01
1.094036571764614152e+01
8.241374237134996505e+00
6.683387218621713366e+00
7.296274771400437231e+00
8.064535315524015147e+00
5.584050805206500989e+00
3.460179275376281449e+00
5.945636862733509886e+00
7.608249101729509078e+00
6.471608326281781842e+00
4.440929330547575660e+00
3.510219413221582485e+00
1.800445282873613495e+00
2.620222117141438822e+00
5.967608537790741963e+00
5.112905353356349991e+00
6.002382427107592733e+00
8.202246279444180388e+00
7.383111573867321198e+00
6.136164917092309601e+00
4.419169838770910630e+00
3.147090437599616486e+00
4.000525474031033646e+00
4.365446323206455759e+00
5.141969889697585394e+00
6.961228708648289576e+00
5.598147113112020179e+00
2.171169452757859109e+00
1.726102459928274546e-01
5.837064101630122792e-01
3.507198164968046150e+00
6.702748854136834744e+00
9.167944052275554867e+00
8.922188265758782322e+00
6.440185518726736724e+00
5.597106198809519206e+00
5.874811898742740013e+00
4.511161235496432553e+00
5.696319842090336927e+00
5.867410579623987488e+00
7.227693818463052366e-01
-2.839792749256888627e+00
-1.489890642467853077e+00
-1.927556836977362575e+00
-5.226561242388071626e+00
-6.530139188599007660e+00
-3.918802444158225207e+00
-1.673221453349264198e+00
-3.003244303807971249e+00
-3.795808996404149482e+00
-3.267740758285138547e+00
-3.153183914485599981e+00
-1.974299804976681116e+00
1.889922576495212392e-01
-1.471134668474503693e+00
-3.542514886030018850e+00
-1.216816074447748974e+00
1.199912341977391605e-01
-1.499038788412718981e+00
-1.545084596765728957e+00
8.504105825481670378e-01
3.363994350837265834e+00
4.535050674173064955e+00
3.903139971871755431e+00
1.229414618844326013e+00
1.232098127706757307e+00
1.962651456585953413e+00
-2.451374978429227136e-01
-1.120191444746913900e+00
-2.531210552820765125e-01
-7.364114243957700090e-01
-1.433108713113346644e+00
-2.572331740997813920e+00
-5.293141082774888595e+00
-6.331807095610968439e+00
-4.370962189963655042e+00
-8.381144035191765429e-01
-6.231999842427246028e-01
-4.557978060418043320e+00
-2.717876875527794223e+00
4.427720927174008558e+00
7.328150755605283173e+00
8.248046733125901753e+00
9.169407223018836817e+00
6.803181276589147508e+00
4.599786051495664552e+00
5.502394096588509420e+00
5.957637867473437154e+00
5.122172948104587675e+00
4.951089646663350941e+00
6.494531225619870618e+00
8.880201070694544896e+00
1.101002136395459097e+01
1.068586447972912090e+01
1.117277791997453029e+01
1.045678889220721786e+01
6.964985978874840278e+00
6.953247922269811809e+00
8.383869227080149145e+00
7.804326532315149834e+00
4.570992556833436637e+00
1.424844249369802585e+00
7.482830397341551087e-01
-3.529013629353001669e-01
-2.732426785361335764e+00
-4.326985210740824428e+00
-3.945216470264115483e+00
-2.745658001264859482e+00
-2.682130861428493773e+00
-5.588628067273749833e-01
1.588459485094534163e+00
2.754462775087006765e+00
2.339038177730027090e+00
1.935697661624936394e+00
3.441774302652235384e+00
5.287040745311596623e+00
6.897859442681626874e+00
7.570267634852791971e+00
3.697226162497858404e+00
3.864085075280605797e-02
-1.969371686131005661e-01
1.246059410183382621e+00
3.887805407996868468e+00
2.869349792326876702e+00
1.522334269533045070e+00
4.321923995890066372e+00
5.645677173252252601e+00
5.591437015684753931e+00
4.301989106859382517e+00
3.480449340974203665e+00
6.070300828091117040e+00
7.279275497547265772e+00
7.600595046831761792e+00
1.011401661208673097e+01
1.165807368080043460e+01
1.058583581641453186e+01
9.202533382151274921e+00
9.700920935160407765e+00
1.055229638420702543e+01
1.014258085225563022e+01
8.407367696090336295e+00
8.661382547042991931e+00
9.488489980319577910e+00
7.103644905342471283e+00
6.241290222864635417e+00
5.271169385597419321e+00
6.383240065437320254e+00
6.398767431950473927e+00
6.042802973563487612e+00
7.046115683095004023e+00
5.002143629721763851e+00
2.693750589289368946e+00
1.542532234218667142e+00
-3.487263498285514962e-01
1.015796619129033296e+00
3.497307017005061525e+00
3.292541722687921446e+00
8.009040216476894791e-01
1.051216845103357889e+00
2.079181434446606414e+00
7.550909987568090731e-01
3.182148607533499263e+00
4.633063705404261157e+00
3.759712718768510431e+00
5.270000082076010450e+00
7.091369082457095629e+00
4.352333325541118292e+00
1.917531344598139009e+00
4.128458934481639808e+00
6.613667132965280970e+00
8.489779029098821539e+00
9.381064545704038693e+00
8.383901865297058720e+00
7.328572562871293883e+00
6.612850269163293326e+00
8.145369720103682099e+00
8.684770069358844324e+00
8.171091104086281476e+00
9.384464055918147807e+00
8.444557815917823618e+00
7.990495276219197862e+00
7.722480845411379136e+00
6.769562051085252996e+00
5.453778766142857393e+00
4.040495443356030059e+00
3.332973624090880271e+00
2.051105928104045351e+00
4.270952674819285200e+00
8.239810743147522487e+00
9.207220545792283772e+00
9.752409662771228227e+00
9.869278985147493799e+00
5.294327249619187548e+00
3.048985785902355694e+00
5.173116980651237817e+00
5.681472210211691021e+00
3.799513945364872303e+00
5.180109175509992170e+00
7.245544587681809645e+00
7.354014503965493610e+00
6.833653864974102099e+00
4.891669278202098070e+00
5.717811025573944050e+00
6.413361905293117005e+00
5.237751341511412306e+00
6.373137676976382338e+00
4.292816614195223757e+00
5.895174695387862762e+00
8.062872650625964255e+00
7.731024789781102413e+00
9.688264048417526197e+00
9.637416615223280303e+00
1.022752018082817926e+01
1.191425424479275108e+01
1.092206894677736528e+01
1.042982270033671810e+01
1.028783593101666405e+01
8.852533000419764875e+00
1.113740535723154679e+01
1.350658722928194422e+01
1.357770553055131124e+01
1.341554542804514760e+01
1.401731627647114387e+01
1.489747426271104835e+01
1.494548651936587191e+01
1.425397732430242925e+01
1.489200507829449727e+01
1.503521084775296579e+01
1.417981457462583883e+01
1.283407095578238000e+01
1.328059269237263784e+01
1.365542404726636150e+01
1.372443444285231529e+01
1.338481476999012365e+01
1.222727332899246022e+01
1.112146507986500410e+01
1.262220297931399848e+01
1.448848174185822657e+01
1.482495507638494558e+01
1.483418075549992921e+01
1.489673190109647649e+01
1.479651103284175484e+01
1.512044568895222163e+01
1.456692697227861011e+01
1.374483182893790634e+01
1.384147841726653638e+01
1.339801023616756659e+01
1.429006305174683789e+01
1.440260346929439628e+01
1.239227370281006380e+01
1.328726229942746961e+01
1.409687715879493197e+01
1.486409839214397444e+01
1.464665608130510144e+01
1.438870486977777041e+01
1.489993552386940578e+01
1.445865042986813798e+01
1.271023847789173189e+01
1.298360300097190390e+01
1.337520240931188020e+01
1.346036912672540709e+01
1.328590568629764590e+01
1.383522654188342926e+01
1.313784570339516833e+01
1.212296395100076296e+01
1.224786348869709762e+01
1.346786225400578552e+01
1.455093738483217081e+01
1.341073910231565058e+01
1.181718177691193006e+01
1.307790696678936193e+01
1.163598328209941357e+01
8.639236003853634216e+00
1.080110628313071963e+01
1.219531886397228426e+01
1.187077704976135450e+01
1.230066472633745178e+01
1.196289154643958774e+01
1.102434691396369715e+01
1.153954276325551298e+01
1.009473653685508410e+01
8.809683855729655733e+00
9.257499369054805527e+00
8.910469372784151076e+00
1.031043298924284457e+01
9.806992039251182902e+00
8.499605084832646540e+00
7.540919651792822975e+00
7.361905595283125159e+00
9.132079485217779791e+00
9.559428414991645084e+00
1.103692786174962670e+01
1.173003776218083871e+01
1.052910378209234565e+01
1.165474588778718967e+01
1.317323360836054569e+01
1.381911436913084223e+01
1.262539508417883027e+01
1.262955821491151553e+01
1.330079769749339746e+01
1.273578393416864252e+01
1.098664945167364593e+01
8.828510834294228005e+00
8.415728425538027579e+00
8.274853261524778958e+00
9.445450069737896470e+00
1.059113151651358820e+01
9.984864553670849574e+00
1.013000028657372908e+01
1.069453527231723200e+01
1.109532344657441882e+01
1.081004467536829594e+01
9.458221378469358953e+00
1.082317648038839231e+01
1.218736086553213127e+01
1.236411760154261863e+01
1.297214560702068553e+01
1.327583338296300397e+01
1.374139246165791128e+01
1.428495189966161227e+01
1.420276736331432055e+01
1.422102456981061458e+01
1.378746042579390618e+01
1.290854667451797511e+01
1.361122429945342738e+01
1.481023050245357808e+01
1.389894871955740463e+01
1.272491487598079729e+01
1.318719854799907409e+01
1.262503821563583628e+01
1.233511695231265826e+01
1.119475458568655135e+01
1.020901657598306933e+01
1.155861660355940579e+01
1.291548429994099401e+01
1.403789493995385484e+01
1.404451593440678714e+01
1.372259004016275874e+01
1.309681358537293505e+01
1.213753004383656275e+01
1.247848296554210989e+01
1.188551229579012691e+01
1.140831593467697225e+01
1.035884498702687928e+01
1.150631873938166905e+01
1.299231631492332539e+01
1.235293752700907355e+01
1.257166142132595255e+01
1.223638503409215872e+01
1.197238085696085541e+01
1.352974561944219367e+01
1.425018233234833787e+01
1.466410405915766191e+01
1.491591208658032386e+01
1.446554911805173482e+01
1.474887793731923935e+01
1.481294505687208485e+01
1.364146903396085087e+01
1.366746005588695745e+01
1.424535955159143441e+01
1.389699133660797692e+01
1.278045913190009131e+01
1.250918264536236180e+01
1.355656408292664139e+01
1.359635709439146289e+01
1.224621384160037252e+01
1.175908754373209497e+01
1.176125557901140972e+01
1.199268692814685089e+01
1.202331925001719881e+01
1.026908563797507057e+01
7.798682732231348780e+00
7.060836818891737643e+00
8.828508068997127367e+00
8.655940174231005813e+00
7.597941632668907985e+00
9.268871888963525763e+00
9.634633076583989819e+00
6.556432065715161350e+00
6.482818845871810787e+00
1.055445195413911996e+01
1.350661816539791538e+01
1.425848566826388542e+01
1.416784256276740983e+01
1.447237543185273445e+01
1.400088362143928578e+01
1.289777518003959500e+01
1.230792545235153135e+01
1.263144059880633030e+01
1.205574147123016537e+01
9.605830200869931446e+00
8.308115952091737810e+00
8.111004443573470724e+00
7.519824135838437229e+00
6.079980606954803690e+00
4.955052257770718782e+00
7.666028262298544504e+00
1.016447541480910566e+01
1.010964344337779508e+01
9.144917062558929999e+00
9.585482507187416346e+00
1.008737552956906214e+01
9.250628480149206467e+00
9.531731650873412676e+00
9.261142871712868541e+00
8.628474739385936232e+00
7.843170250703328961e+00
6.621803485763204655e+00
9.031141343411801969e+00
1.062535420698533883e+01
1.063753468620626919e+01
1.076641044266009040e+01
9.969064985830563330e+00
1.045205454860823480e+01
1.190330351204028503e+01
1.181706462520744871e+01
1.095648622224409685e+01
9.050546271004241916e+00
1.076185821471125514e+01
1.371598890570278328e+01
1.486470235044290789e+01
1.489885694513682246e+01
1.457694863528788431e+01
1.401514805107403738e+01
1.390719990328306110e+01
1.247481829247340634e+01
1.136001632775400871e+01
1.335071879502818248e+01
1.435868644848581788e+01
1.399448112212932216e+01
1.377310093733930074e+01
1.367899661779560105e+01
1.442382507101237898e+01
1.414130663086307926e+01
1.396485204718600848e+01
1.440483438830574414e+01
1.321279937988785491e+01
1.083171968827183562e+01
1.074467147346892482e+01
1.322820297371950460e+01
1.451594100598848947e+01
1.326830399033772245e+01
1.401136454488517025e+01
1.386767857041501273e+01
1.211828706596148031e+01
1.295084118987291255e+01
1.373644960768212187e+01
1.407535326507836793e+01
1.428064477944401034e+01
1.387416265244064562e+01
1.327287903880122144e+01
1.328570909800328081e+01
1.374917863920773975e+01
1.321648193346445943e+01
1.252812022373051448e+01
1.322268262823988039e+01
1.420714606495976895e+01
1.428856186941123418e+01
1.442732340454425888e+01
1.464254103950110064e+01
1.329772064813803745e+01
1.142338294609546345e+01
9.949045964796948027e+00
9.659644134762842782e+00
9.299220498883146391e+00
8.741822832899556417e+00
8.172976145550258309e+00
9.734215377720733642e+00
1.170524164333821027e+01
1.214710573920949699e+01
1.193519069448240977e+01
1.123016676160382588e+01
1.150670513747139445e+01
1.255013280165299250e+01
1.300933767103572691e+01
1.223368116468170541e+01
1.236233311797461454e+01
1.143721426979550948e+01
8.919471312292508003e+00
9.934896714599171119e+00
1.145412290973144032e+01
1.170811297274482321e+01
1.259275784363914674e+01
1.361202659482005650e+01
1.340155750247800270e+01
1.319049675369160113e+01
1.244500864887313085e+01
1.150623663231799476e+01
1.283931098090157441e+01
1.327198732608749410e+01
1.249226813028932170e+01
1.098139779580900033e+01
1.104702295349592944e+01
1.170012857762807101e+01
1.180744779473805650e+01
1.132311511822686434e+01
9.991907447929936126e+00
1.085813368402226864e+01
1.306517886001126705e+01
1.299367172729879094e+01
1.220638996537024212e+01
1.135613096695382751e+01
9.449404405120326089e+00
8.339338130055626408e+00
6.965283188043570384e+00
6.679505262130246201e+00
9.503705815188864037e+00
1.071340866338377751e+01
1.034129691565465947e+01
1.091333165574984498e+01
1.169845901175208525e+01
1.206864028573215641e+01
1.353505978560658818e+01
1.386952212114742622e+01
1.262306267202895071e+01
1.340937686475901813e+01
1.314658929309795532e+01
1.138971483823162245e+01
1.188398252580089220e+01
1.226465225385598323e+01
9.979977555636869724e+00
8.286591439344880072e+00
5.128964869730639364e+00
6.472493354384573294e+00
8.603016874828941951e+00
7.859438214163001035e+00
6.717995634926465343e+00
4.152759912509645268e+00
2.636040520386811359e+00
5.514960542578554836e+00
1.231925151248034567e+01
1.410552622503441000e+01
1.448033885760580297e+01
1.463598716655198473e+01
1.463374420143264665e+01
1.424239172194982039e+01
1.474532940058231212e+01
1.395543368353810187e+01
1.417743932291197773e+01
1.504782508921777229e+01
1.495885790469163723e+01
1.328553087824832168e+01
1.169447782209369002e+01
1.305222628380948890e+01
1.367309837829698971e+01
1.357422846485230572e+01
1.405372593935351233e+01
1.448850199537220895e+01
1.498086702975341566e+01
1.419792922201104979e+01
1.138826689088701016e+01
9.313191181790521966e+00
1.039384747027143696e+01
1.015091575947048597e+01
8.447634442407981226e+00
6.477625252904825714e+00
6.894124200348973552e+00
1.060656631635551150e+01
9.380476780640162104e+00
8.201003905380652270e+00
9.501163365998253951e+00
1.164475747338795841e+01
1.314440303427102030e+01
1.237294437955796411e+01
1.025073309012044120e+01
9.229873850203212271e+00
1.152329291049082016e+01
1.294933462408208058e+01
1.327120549098612123e+01
6.470665775920301233e-01
1.233573750949729764e+01
1.151707674858052144e+01
1.176711043211077978e+01
1.255943496602168175e+01
1.176248113197753042e+01
1.020536451260777611e+01
1.111316343514743288e+01
1.221517897502912575e+01
1.178943697924769296e+01
1.191838782473828751e+01
1.232115451928501848e+01
1.231140337030507403e+01
1.244327826747123744e+01
1.198852541683125850e+01
1.184039055177806254e+01
1.308200701066893679e+01
1.328429070645773713e+01
1.201917451367764400e+01
1.084801883402504785e+01
1.161587150362118592e+01
1.402576412686392970e+01
1.450350343232125283e+01
1.477353241765400504e+01
1.491870555849859414e+01
1.458493880984690527e+01
1.402632065176124243e+01
1.366569059012509690e+01
1.433086026873926500e+01
1.481147229147100042e+01
1.463779535354550276e+01
1.390201204989991801e+01
1.314059349124583242e+01
1.248417347052803095e+01
1.041136149192416305e+01
1.083183482345352289e+01
1.193018382930458010e+01
1.272670816100818314e+01
1.209356311022473740e+01
1.178050178849366603e+01
1.217436317012343139e+01
1.061259313516596947e+01
8.633371306119538957e+00
7.506914133599172700e+00
8.253406573603923491e+00
9.668327056607806114e+00
9.285618147027678404e+00
8.617513523006017806e+00
1.009308318054054077e+01
1.094825710561918441e+01
6.470665775920301233e-01
6.470665775920301233e-01
6.470665775920301233e-01
6.470665775920301233e-01
6.470665775920301233e-01
6.470665775920301233e-01
6.470665775920301233e-01
6.470665775920301233e-01
6.470665775920301233e-01
6.470665775920301233e-01
6.470665775920301233e-01
1.215408006191492873e+01
1.329139287312243667e+01
1.297302136612328916e+01
1.248834272083551689e+01
1.107092893602911587e+01
1.000700358934768808e+01
1.101395604592505784e+01
1.005954287520539481e+01
9.081565320342512848e+00
1.173001203037618012e+01
1.429176909209335200e+01
1.461205400167461299e+01
1.401147127255983094e+01
1.366760293309625851e+01
1.356341217049986270e+01
1.412723716650408612e+01
1.445545119533684542e+01
1.434207562096015209e+01
1.400815310549903003e+01
1.279239416588457878e+01
6.470665775920301233e-01
6.470665775920301233e-01
6.470665775920301233e-01
6.470665775920301233e-01
6.470665775920301233e-01
6.470665775920301233e-01
6.470665775920301233e-01
6.470665775920301233e-01
6.470665775920301233e-01
6.470665775920301233e-01
9.440061871313188746e+00
5.130701311906978646e+00
3.525384320970223140e+00
3.484615185504328139e+00
5.252641245374784162e+00
7.481221482598865435e+00
7.153733330295550807e+00
6.937374837374247427e+00
5.652545733600113032e+00
4.405184838516953860e+00
7.044660367910978493e+00
9.182379016667161054e+00
9.150277869279761944e+00
8.400172352497476069e+00
9.515404867913197506e+00
1.070991271674053102e+01
9.954512246081247184e+00
7.346182937265332669e+00
8.396772437981582016e+00
1.085989606582923095e+01
1.059987809853101481e+01
1.036189286222524153e+01
1.095634406283225459e+01
9.662916733022461457e+00
7.399815828168470055e+00
7.974841981028552240e+00
1.153984529202607767e+01
1.086295757817448049e+01
7.406934229918958223e+00
7.467502742437732266e+00
6.759041467257024038e+00
7.259971895117993235e+00
9.599604204492148796e+00
1.102175172591476837e+01
1.376367087751567464e+00
