-1.112131889805255192e+01
-1.278618540563284434e+01
-1.350705076066903310e+01
-1.369520782558173089e+01
-1.424177084640358260e+01
-1.479687417228545776e+01
-1.459803271202447839e+01
-1.340805975605942457e+01
-1.161888520884802922e+01
-1.125160603194317765e+01
-1.223810271936467942e+01
-1.109130105067590044e+01
-1.120116969741222768e+01
-1.210638696506601342e+01
-1.188201735636195444e+01
-9.176902487230995220e+00
-9.814193123387662254e+00
-1.225211421483078666e+01
-1.262406876437530734e+01
-1.278902702196778485e+01
-1.111014659095697787e+01
-8.922618654371440527e+00
-8.267492443842352046e+00
-9.085898877879980517e+00
-9.983175484804494459e+00
-8.687402068926362020e+00
-6.481404112218303482e+00
-6.455396137109506327e+00
-6.197431485269814466e+00
-4.116056970438425111e+00
-1.287296270508738738e+00
-9.802209924869366153e-01
-4.077323573856956429e+00
-7.657813152022237446e+00
-1.004645400455952142e+01
-8.418326728728711572e+00
-6.857068363515860021e+00
-8.175929647451534166e+00
-7.657630779158648870e+00
-7.202456742851845561e+00
-7.708510254070346512e+00
-7.291215286934186857e+00
-7.299039315813268480e+00
-8.251065615337546788e+00
-1.039074420487182415e+01
-1.217391822046563377e+01
-1.257945157041658035e+01
-1.170948261744982055e+01
-1.187768086656862998e+01
-1.263275278363379250e+01
-1.223641793485399987e+01
-1.247889772550721510e+01
-1.185370643461890339e+01
-1.035574268418794830e+01
-8.742877565735978962e+00
-6.546198526958910691e+00
-7.973693950812204001e+00
-1.036784849292087252e+01
-1.032302869062116812e+01
-1.087787553964717269e+01
-1.238974760939525765e+01
-1.312513029742445347e+01
-1.280576289967829950e+01
-1.154325663093565524e+01
-1.082705573136512278e+01
-9.850146151169708375e+00
-8.465119132911247846e+00
-8.460217605375495609e+00
-1.007230888988892303e+01
-1.179602783052512116e+01
-1.144230179021356797e+01
-9.144257596345580552e+00
-9.362332252925689602e+00
-1.272938760037093076e+01
-1.381852448726016114e+01
-1.309687339060224787e+01
-1.164384489050272009e+01
-9.740113926278386458e+00
-8.742688480560982356e+00
-7.568860006219820136e+00
-5.448305088629033399e+00
-5.976285042310303552e+00
-7.312001580046080029e+00
-8.546840458927501771e+00
-9.673400546625714469e+00
-1.072738857410691971e+01
-1.150629353167243174e+01
-1.059418240779525533e+01
-9.904747002536200995e+00
-7.548268299382042912e+00
-2.204719900785671705e+00
-2.421932382026547037e-01
-2.085367521660474566e+00
-3.954911286979025498e+00
-3.509236377464715506e+00
-4.183549678586870435e+00
-5.847854381565688264e+00
-6.625408594595834977e+00
-5.978717113533374317e+00
-5.900480151010504493e+00
-7.100321965958000803e+00
-8.608209647433147538e+00
-8.344024929065600560e+00
-8.936658645622848951e+00
-1.145794966803988579e+01
-9.497987856395685213e+00
-4.214458399044855419e+00
-5.055210803154656318e+00
-8.498824565258230379e+00
-1.081875580516684998e+01
-1.166725623628810737e+01
-9.603414803744989570e+00
-8.885104468865915095e+00
-1.037406753188714070e+01
-1.077968000426587558e+01
-9.763203266046769357e+00
-8.668278858935961395e+00
-8.498768870516379081e+00
-1.038008554805918671e+01
-1.252849461423651434e+01
-1.299108221660235962e+01
-1.293352931536431782e+01
-1.446902939263170218e+01
-1.469685547931281455e+01
-1.381047549970300814e+01
-1.270667797249070929e+01
-1.254511240242518610e+01
-1.334831380946276980e+01
-1.221210115458794299e+01
-9.535457937870178924e+00
-8.830678332036621114e+00
-8.390301672290267021e+00
-6.385386858723822279e+00
-5.959912953454209905e+00
-8.644652884528696291e+00
-1.052264457866165337e+01
-1.175848973058164226e+01
-1.281008535940355486e+01
-1.332746480655339205e+01
-1.203001773480312586e+01
-8.484449421808209379e+00
-6.492505952325246632e+00
-7.233177034678769601e+00
-9.112984236586600062e+00
-1.120137093296855291e+01
-1.314484620746257626e+01
-1.350069543305636977e+01
-1.217058763278204658e+01
-1.239343672782395878e+01
-1.436517472338979751e+01
-1.399357678423602991e+01
-1.121559586074097403e+01
-1.168728997855768093e+01
-1.325966036119733538e+01
-1.067425863644508688e+01
-7.913647006491177471e+00
-7.423495189017883078e+00
-8.649666254197198256e+00
-9.189628011097145333e+00
-7.797040988633055392e+00
-8.784150931198274392e+00
-1.035788061583160413e+01
-1.002880008615757390e+01
-9.550814497252853030e+00
-1.093998142851453892e+01
-1.296092352711753293e+01
-1.182355920537766458e+01
-8.480664907358654858e+00
-8.924579395678366112e+00
-1.014174903327899990e+01
-7.473193400258656638e+00
-4.269973289360061486e+00
-6.420614168042344971e+00
-9.306429772290737645e+00
-1.072365061852092971e+01
-9.035015263814083042e+00
-1.089843022755883517e+01
-1.294808867514314876e+01
-1.049485283817860015e+01
-7.625016039634805232e+00
-7.538548363195405777e+00
-6.519428021437025045e+00
-7.252648208210899838e+00
-1.008248682928904216e+01
-8.853075845192593718e+00
-6.218306971110242998e+00
-5.668234987258919055e+00
-5.947060000010232272e+00
-6.351607601623011412e+00
-9.377474341787126022e+00
-1.151613582167772698e+01
-1.267866551402591391e+01
-1.273997315822498422e+01
-1.067778974570737560e+01
-6.815732919500328002e+00
-4.459100099212227164e+00
-3.289021376661588114e+00
-1.666412139879295484e+00
1.545697287954326260e-01
1.232130589502454868e-02
-3.865452074475141386e-01
2.665459405841324791e+00
7.790172981049267587e-02
-5.977497432472927308e+00
-1.243845543715587709e+01
-1.488424833619066412e+01
-1.553537037680301403e+01
-1.486851093939220547e+01
-1.356509993271890302e+01
-1.259424590828839641e+01
-1.417083457139589164e+01
-1.390488747804826808e+01
-1.176591347108814212e+01
-1.281542168585769303e+01
-1.331813387343877686e+01
-1.350112175522064994e+01
-1.333135223024485683e+01
-1.259488288544606505e+01
-9.396398616844354734e+00
-7.867936120775874009e+00
-6.721221943410840893e+00
-5.767303025423056617e+00
-7.920529889709840177e+00
-8.658685321503003962e+00
-6.139640998920438797e+00
-2.699036391197863871e+00
9.028687394791914400e-01
3.292278533542113195e+00
4.292722247454514140e+00
2.511653825290117048e+00
-2.470436534865751155e-02
-1.853362515294653123e+00
-6.973848699128367912e+00
-7.098932911283457159e+00
-2.813924084866195052e+00
3.426854968653443301e+00
4.547238477679359292e+00
3.295667763893591840e+00
4.589070508880962684e+00
4.489883722932478172e+00
1.992972552042461265e+00
-1.804026865568146287e-01
-4.127839526638565459e+00
-6.739503866650915498e+00
-9.105544460920278027e+00
-1.025071042602442972e+01
-1.066939675247551911e+01
-1.034414999568438454e+01
-6.618306759588257648e+00
-1.315260602441461035e+00
3.033260365084647248e+00
2.435273678550815113e+00
5.731818088316810167e-01
-2.620192237946552538e+00
-6.431974750159431764e+00
-8.994144315796495093e+00
-1.034785242019012408e+01
-1.195455439999522618e+01
-1.314695561901866938e+01
-1.246059098505365270e+01
-1.119967188822977278e+01
-1.267052972072703199e+01
-1.462236170311780370e+01
-1.234361248783015519e+01
-6.077803896389416316e+00
-4.636041946023031102e+00
-2.592210760225517774e+00
4.135673633923762083e+00
5.745525877351550292e+00
5.730504406386272898e+00
8.898183588241533215e+00
1.102929252238879876e+01
1.010478243479762384e+01
5.465838348116105472e+00
-4.355377951610541198e-01
-2.973756935306693716e+00
-5.570932610297528953e+00
-8.542805212789584601e+00
-1.119223190452251693e+01
-1.231640739744882396e+01
-1.401689934391699843e+01
-1.506252228217586264e+01
-1.405466205345112840e+01
-1.195668046128309214e+01
-6.984028618048950143e+00
-4.812945016910536999e+00
-5.807654337003462786e+00
-5.367553540274541568e+00
-3.769287388478808953e+00
-7.540169106882815830e-02
1.369760986403192771e+00
2.859895094230790580e+00
4.808752163024315962e+00
2.057028336858337969e+00
-2.796754945603313836e+00
-5.458901994287269410e+00
-9.534219783378238944e+00
-1.144358478618865149e+01
-1.250457628544345212e+01
-1.011133314696498964e+01
-4.503369797125219343e+00
-5.221112926188943071e+00
-7.970820034619507943e+00
-7.402069043061908715e+00
-3.306095623636730707e+00
-2.346363542772148758e+00
-1.277784855264067154e+00
2.584729124954008306e+00
4.989981440851800065e-01
-1.341061742336116636e+00
-3.800574740919615557e+00
-8.285694742686027681e+00
-9.853661460728568855e+00
-1.050912517935465473e+01
-9.386960440855725452e+00
-6.227841060658887429e+00
-5.621220806666565650e+00
-8.575548133379070848e+00
-1.036130926340241842e+01
-7.068464173224167091e+00
-4.780566635184951174e+00
-4.521104841268908991e+00
-7.212007370085235181e+00
-1.013730091810198175e+01
-8.548067999200441136e+00
-5.615680709909189439e+00
-4.444918625706384852e+00
-4.877588720790569710e+00
-6.714717005601042565e+00
-8.353396685153727574e+00
-1.045017686005345681e+01
-1.033998110721615227e+01
-5.908783470933837378e+00
-2.696686815437923990e+00
-4.986262571288318846e+00
-8.965938098483933416e+00
-8.552710963320162563e+00
-5.349413471150548105e+00
-7.918977101283148023e+00
-1.057981262400141453e+01
-8.272188049855751402e+00
-8.779956193375314299e+00
-9.630482406331491774e+00
-8.685607747171593118e+00
-1.012508373336400957e+01
-1.133146892425867769e+01
-8.988154810263866423e+00
-6.796352028401566159e+00
-8.710742599954791388e+00
-7.686594676472631171e+00
-3.044533261783378908e+00
-4.823439363609504760e+00
-7.349824907671139052e+00
-7.781263092897586553e+00
-6.066289468013478903e+00
-5.254994244368139888e+00
-2.598913900441059077e+00
2.893690659275634847e+00
4.858237425386583652e+00
5.312401412047216276e+00
6.999743289929074130e+00
2.862771687849226421e+00
-2.737877717160693170e+00
-3.182148915500689679e+00
-5.303310628287695394e+00
-5.996846692775594789e+00
-3.575646463211429982e+00
-7.718349187120453259e+00
-1.129662491352842046e+01
-7.762768387915905066e+00
-5.536313498677657208e+00
-3.895633949868836599e+00
-4.514732669696794320e-01
-1.745876024230940127e+00
-4.442565455141791908e+00
-6.252986836245547408e+00
-5.571574294665180282e+00
-6.188838979150356856e+00
-6.755800616506590472e+00
-8.046158725824625435e+00
-1.104118397431888887e+01
-1.291013294843439851e+01
-1.287366511905591615e+01
-1.172414042884100027e+01
-7.264876458164981621e+00
-1.137397514880198690e+00
-5.621064596310562100e-01
-1.513571570018902301e+00
-1.754014257788526487e+00
-5.496421428303264634e+00
-7.552078114584776181e+00
-6.005498589512226815e+00
-3.787249923076538405e+00
-2.287052793549453789e+00
-3.767595915819207608e+00
-3.439867365768237928e+00
-3.441442118546596873e+00
-5.244017165550717507e+00
-3.434373440956098200e+00
-1.966974682396644303e+00
-2.715338449784771235e+00
-4.377609440501477600e+00
-2.767339216906570698e+00
7.666503868903515317e-02
-9.413017018695367666e-01
-1.344927024596102694e+00
-4.117259874373402795e+00
-8.989452870286484654e+00
-1.166860635217775766e+01
-1.197837180807785629e+01
-8.154971594979667060e+00
-5.525439273178835542e+00
-5.785750240244055043e+00
-6.947573874328110577e+00
-9.231782762465901016e+00
-9.906329582336399042e+00
-6.575628293180561634e+00
-6.671002822651558972e+00
-7.188677303781557448e+00
-4.694791994492211629e+00
-4.851827808677242615e+00
-5.981420302068005235e+00
-4.592283385902759640e+00
-2.133032096644653652e+00
-3.530397114051313956e+00
-4.061373810233339654e+00
-4.825034936045758727e+00
-9.976610951107540259e+00
-1.008739188707625978e+01
-8.253271528923781020e+00
-6.911368931277309002e+00
-7.079359120768990543e+00
-9.744046403201222617e+00
-1.091908394635687785e+01
-1.150941528712261785e+01
-1.050433337949722734e+01
-1.068984750520023397e+01
-1.187682649928853351e+01
-9.753548266260359867e+00
-5.950335329128410677e+00
-5.338073340847556914e+00
-4.174436785987491128e+00
-1.620841064613453453e+00
-1.701890163154258673e+00
-3.721851746336880318e+00
-2.438214948919894987e+00
1.180016143798084727e+00
1.836214035715145076e+00
3.178766782366341248e-01
-4.013543684438376502e+00
-7.429718741350270328e+00
-6.568300449546786268e+00
-5.389678907338327996e+00
-5.402034666319048384e+00
-4.379081981914584532e+00
-4.647239423915205059e+00
-5.325250086463404919e+00
-4.126390778423707495e+00
-5.020863679718448047e+00
-8.414286005307541672e+00
-9.326686930933094644e+00
-5.509278309192799483e+00
-6.509007948400737931e+00
-1.217860088695252507e+01
-1.004509960816979053e+01
-6.568446230581771239e+00
-7.295521207091318239e+00
-8.472854311417536977e+00
-1.046613065375689722e+01
-1.011209957783565017e+01
-9.815554877160421299e+00
-1.144442594208501163e+01
-1.167463003986927106e+01
-1.046873441195926269e+01
-1.063815632146693169e+01
-8.459265303617483411e+00
-6.198624277960277595e+00
-7.698774737229404863e+00
-7.552426220588747796e+00
-5.111807410579650934e+00
-6.019955916132648355e+00
-9.387035966806049458e+00
-1.162851907832015641e+01
-1.155770555756389051e+01
-9.743148653392550429e+00
-6.655474868083683937e+00
-5.340863711359522981e+00
-3.217233791896557005e+00
-1.625106687792029048e+00
-8.726336173650792727e-01
1.299892382697395821e+00
-1.219428000292648751e+00
-5.783069206870102619e+00
-6.821675401881388545e+00
-8.223769181014327856e+00
-1.024395940021959461e+01
-1.157991319494128213e+01
-1.226578842914368650e+01
-1.113977275954716895e+01
-8.667405204834578214e+00
-9.083408363643323824e+00
-8.392634806151264115e+00
-8.915272374809196876e+00
-1.126653232804195959e+01
-1.130725541622756758e+01
-1.095093283528378691e+01
-1.324523859428710715e+01
-1.427762063083681099e+01
-1.324667102557042675e+01
-1.248308970013686547e+01
-1.305982229997222355e+01
-1.442703193750841351e+01
-1.545165831049792970e+01
-1.606287738810283372e+01
-1.631420510752949937e+01
-1.599722155327839523e+01
-1.521360212831103276e+01
-1.398749214966949417e+01
-1.316755829601273575e+01
-1.366898026494163787e+01
-1.375626138053202219e+01
-1.398260305604726561e+01
-1.448797065702054354e+01
-1.443492566821927525e+01
-1.352580090647016675e+01
-1.296458021870732757e+01
-1.347623612790616043e+01
-1.364711347753119952e+01
-1.423581235248811083e+01
-1.364104171485982953e+01
-1.127010784180769853e+01
-9.176999652421891085e+00
-9.505892493293989887e+00
-9.924248000608992371e+00
-8.447173129126097635e+00
-5.717327012343849546e+00
-4.440332368404236618e+00
-6.565113412638716284e+00
-9.835835358417776675e+00
-8.859249439039423635e+00
-7.853167900443803973e+00
-8.665229100245340987e+00
-8.863010042643315600e+00
-7.785499729009300651e+00
-6.335165916986481349e+00
-7.257998754537172914e+00
-9.763662093862013336e+00
-9.531557356353316024e+00
-7.921709049374080713e+00
-7.703023177182710235e+00
-5.794617925148451754e+00
-2.912442854494769584e+00
-1.573963417659576924e+00
-1.911609840258988058e+00
-5.203012551232532701e+00
-6.338893177085323849e+00
-7.350119728442848555e+00
-8.983107153024448621e+00
-9.511880170000665657e+00
-1.091380741994695391e+01
-9.915591295611383416e+00
-7.057882905700372689e+00
-6.838598026202850733e+00
-7.559351516467295085e+00
-8.527391270391655453e+00
-1.005384047728275831e+01
-8.203687064507235505e+00
-5.342357301083503707e+00
-4.156546279150653334e+00
-2.147250713165091973e+00
-2.636561591402680538e+00
-4.151849168042127225e+00
-2.962922285937562794e+00
-3.927623459086887703e+00
-8.259250063723641233e+00
-1.015374190896221052e+01
-1.031570418045532911e+01
-1.114713136487324618e+01
-1.192223357556483698e+01
-1.149461775057764612e+01
-1.231659079912117072e+01
-1.411325869138205924e+01
-1.461364625127991879e+01
-1.343734330557894907e+01
-1.239242353704349497e+01
-1.278861518085195215e+01
-1.175366641352986008e+01
-1.207572905650933670e+01
-1.410128900631527671e+01
-1.442851061431887771e+01
-1.392211284117615477e+01
-1.409254874793130519e+01
-1.332587719222592604e+01
-1.234689157674683990e+01
-1.321371950369492509e+01
-1.399139564350662468e+01
-1.439694580810496127e+01
-1.401398276758707873e+01
-1.397499984211675894e+01
-1.289334407451568154e+01
-9.498088398964275925e+00
-1.027625430667369244e+01
-1.308949521722635723e+01
-1.426107209729612180e+01
-1.357661834608228801e+01
-1.344022080955854292e+01
-1.267763641991836288e+01
-1.103930784061814663e+01
-9.465350877372486593e+00
-8.773192377961684940e+00
-8.504268604376051144e+00
-9.724004253188892832e+00
-1.084485469847597017e+01
-1.184287989395726548e+01
-1.404597626741052174e+01
-1.506265803744028453e+01
-1.542223718069199023e+01
-1.509348523778455764e+01
-1.411735395857684594e+01
-1.242161008098084807e+01
-1.203867318087189275e+01
-1.293137000312347418e+01
-1.445081785249290363e+01
-1.510799565296964175e+01
-1.476220997295064485e+01
-1.410029109523683033e+01
-1.400775618856317628e+01
-1.323735787088255655e+01
-1.257306894107710526e+01
-1.296097428031059451e+01
-1.439886765468585139e+01
-1.496642129188920833e+01
-1.433368424549792408e+01
-1.381491973864169509e+01
-1.386484928765276337e+01
-1.423292065332188194e+01
-1.415327879040718706e+01
-1.344186136063939863e+01
-1.299877628767773174e+01
-1.249138292971251829e+01
-1.153964317305142728e+01
-1.324404760942664616e+01
-1.333887804436364277e+01
-1.164431612367511981e+01
-1.197794722001149381e+01
-1.176022074414782459e+01
-1.040852351359569283e+01
-8.852108101010209396e+00
-8.088444020050568284e+00
-8.237783358433143022e+00
-8.818832823552083866e+00
-7.004979504401974921e+00
-4.262636363701040487e+00
-6.663806528522338901e+00
-1.148905736337671613e+01
-1.293802242845516304e+01
-1.384779086351901789e+01
-1.535079224823562072e+01
-1.566446301221884063e+01
-1.451052430150422978e+01
-1.250971321607221931e+01
-1.330391469664864523e+01
-1.451187900216276461e+01
-1.516224200872637873e+01
-1.589051930102888299e+01
-1.602303187463222400e+01
-1.578525027321965979e+01
-1.549435858126923904e+01
-1.499120297275029579e+01
-1.432031126450816849e+01
-1.424026786240966125e+01
-1.307745484990408436e+01
-1.175949279993984931e+01
-1.207650736688978199e+01
-1.334519284014961293e+01
-1.412640166361528848e+01
-1.384957501549763137e+01
-1.446862539201678999e+01
-1.575397734124190663e+01
-1.557825085670986809e+01
-1.429383921813646552e+01
-1.204757095149922463e+01
-9.905703375174182312e+00
-1.015750316613922877e+01
-1.233487336791388067e+01
-1.292979175242583700e+01
-1.225324366785809893e+01
-1.403267503683833439e+01
-1.538355840254598661e+01
-1.499400428275571073e+01
-1.448705498303481676e+01
-1.474301635029486768e+01
-1.579438859428191755e+01
-1.582437552800104541e+01
-1.551994290417656686e+01
-1.484410733044648545e+01
-1.398278408633449743e+01
-1.402303227503799654e+01
-1.377203213513714708e+01
-1.249979074716728711e+01
-1.148525293167253380e+01
-1.179152918776260428e+01
-1.450206083058044726e+01
-1.544352709167348081e+01
-1.381547354981380593e+01
-1.137871278994709279e+01
-1.047025723445769074e+01
-9.778124242750054762e+00
-1.100625635318269779e+01
-1.279901676976503033e+01
-1.207660408024749543e+01
-9.551154586046733286e+00
-7.956535700387643573e+00
-8.282666734954908350e+00
-8.807904438493739718e+00
-1.023642068774346647e+01
-1.233655766763508055e+01
-1.356483395363864908e+01
-1.238061299486641254e+01
-1.280149699163256471e+01
-1.347167787070080003e+01
-1.419167063618702329e+01
-1.484705315192278086e+01
-1.496313089407776786e+01
-1.529414085176858862e+01
-1.158700456027369974e+01
-8.806860932291046495e+00
-8.517847711192434446e+00
-8.385724618570641553e+00
-1.028544666630579663e+01
-1.209829922379361733e+01
-1.335121322758961071e+01
-1.472274450563626225e+01
-1.503693021580510880e+01
-1.307446717889161647e+01
-1.146242721549089438e+01
-1.023331928305768912e+01
-8.886495828213005765e+00
-7.551839587596922421e+00
-7.357108459682838664e+00
-6.192889606838224203e+00
-7.609634513574699000e+00
-8.920769390805729060e+00
-8.726996450401800942e+00
-8.522626067780331383e+00
-9.247582033010921521e+00
-8.785066228512643960e+00
-7.860447738152374519e+00
-8.124177068028672011e+00
-6.044467432410286278e+00
-5.015405239006141436e+00
-5.489476474960410357e+00
-7.177098410687923646e+00
-8.296232700907795632e+00
-6.568743153041200600e+00
-3.302568555254252747e+00
-1.519332890407564918e+00
-1.878049052614522818e+00
-2.970847228236972448e+00
-3.061124560174925069e+00
2.214702075088722244e-01
-2.158717314955863387e+00
-1.865471326231621374e+00
8.590149622567858634e-01
-1.703891397503113359e+00
-4.098460660209267026e+00
-6.246849637960988133e+00
-8.319591943038100013e+00
-9.431018465255466054e+00
-1.043752820862933461e+01
-9.990992881737410514e+00
-9.454886021071022384e+00
-8.744140103922152463e+00
-7.045258538909867418e+00
-6.424549339367120027e+00
-6.973702377839752664e+00
-8.365546166882243284e+00
-7.601977856476561435e+00
-4.321333505181859103e+00
-4.448947242656979384e+00
-6.551951056760388248e+00
-4.836287486192042628e+00
-1.093956820823833054e+00
-1.715872044406101971e+00
-6.132702093029425150e+00
-9.487519353423005342e+00
-1.048374659503162931e+01
-9.747328448940123735e+00
-9.953043749345866331e+00
-1.127964693004917507e+01
-1.227546538242132712e+01
-1.301663763449012379e+01
-1.450706572030736830e+01
-1.474330720731462741e+01
-1.252947145936995810e+01
-7.636784726063430284e+00
-8.122108143352919640e+00
-9.415971252824018478e+00
-8.235374227513920786e+00
-8.382902619188971727e+00
-1.014206448179764841e+01
-1.022341311292644761e+01
-9.920155649670887144e+00
-1.069203963251189826e+01
-1.249708414263174028e+01
-1.214537272948470736e+01
-1.184695518095966627e+01
-1.104323087502339895e+01
-7.718135981066980733e+00
-4.580284666537149718e+00
-2.973719416697920170e+00
-5.542345540778460311e+00
-7.234013278404870739e+00
-6.957227973179923808e+00
-5.407523064212788277e+00
-5.878297995766818218e+00
-7.861422699457459196e+00
-6.278993644177466749e+00
-3.908900231348050092e+00
-6.512343582628520089e+00
-9.523596594455010944e+00
-7.419134287147574724e+00
-4.856377281475477758e+00
-6.467940912519111407e+00
-8.307229173218511065e+00
-1.005495864507674320e+01
-1.277352366519196281e+01
-1.473241399806416041e+01
-1.451694553813182864e+01
-1.210131913088423339e+01
-1.140463777930191469e+01
-1.351780333450606264e+01
-1.387072480380823691e+01
-1.254257664055379351e+01
-1.262509141222418840e+01
-1.291865334857713954e+01
-1.392742684958387045e+01
-1.370660625978708502e+01
-1.187559574383626959e+01
-1.132963585631797443e+01
-1.059539321686992253e+01
-9.242902155603115233e+00
-8.869866206039670686e+00
-9.532257891218597123e+00
-1.144357210344353959e+01
-1.243619417665918014e+01
-1.217510348966488820e+01
-1.288939200743124402e+01
-1.352299769319735567e+01
-1.146440288816813258e+01
-1.101987138459376858e+01
-1.369716462754435859e+01
-1.260626840650435376e+01
-9.245236707039723001e+00
-7.834857774974269162e+00
-8.919413447356282276e+00
-1.058506617456504983e+01
-8.037827214447677449e+00
-6.911689276070657861e+00
-7.959068068726700140e+00
-1.030024869073652560e+01
-1.090589380412553844e+01
-1.017542866731145779e+01
-1.265904417956805084e+01
-1.494100630801798779e+01
-1.532586955381710858e+01
-1.218771941831668215e+01
-1.241755905071918598e+01
-1.416896869340280496e+01
-1.265343331358021572e+01
-1.168664620625206041e+01
-1.232207462304581824e+01
-1.318714972234945826e+01
-1.433967876001556441e+01
-1.466497233731016259e+01
-1.235991612952022756e+01
-1.215001369190535563e+01
-1.426204068619837173e+01
-1.526797057787812406e+01
-1.518785000679640973e+01
-1.424686020595030023e+01
-1.316645827328301088e+01
-1.124452264179379668e+01
-8.864154408841899979e+00
-8.075095797584843638e+00
-9.850983954555598388e+00
-1.156828535898701382e+01
-1.106947763969094645e+01
-1.166945648767216781e+01
-1.286391079529579429e+01
-1.320354806774635037e+01
-1.246961670431807612e+01
-1.308799684817642017e+01
-1.421810224095850472e+01
-1.110587485882503067e+01
-8.921255378579699524e+00
-7.161378217905944865e+00
-6.380568241397113205e+00
-4.539676921742858084e+00
-2.231918843299286248e+00
-2.777205314513927714e+00
8.749252083694925020e-02
3.038965555643430960e+00
1.063743190989077325e+00
-2.047875942948922834e+00
-3.467109168221118587e+00
-5.986143960401326680e+00
-9.311037418571865842e+00
-1.129313289189687630e+01
-1.037444210139295109e+01
-1.087879039786725244e+01
-1.066120880327127374e+01
-1.018058983819398122e+01
-1.125217425421510065e+01
-1.098603099008477457e+01
-1.052646483738114114e+01
-7.717290082768205828e+00
-6.919809601848877278e+00
-7.620558128803802234e+00
-5.744118693471954806e+00
-3.988069279726240257e+00
-6.237678628743164033e+00
-6.711631253913765249e+00
-4.507135915157417294e+00
-4.411404653677324816e+00
-4.977944943114104959e+00
-6.704497686526754485e+00
-4.336243960021267441e+00
-1.207299207192321505e-01
-2.318115536515013772e-02
-3.540267590363512795e-01
5.171972578113123720e-02
-1.598603122942748422e+00
-1.854948049076970529e+00
1.624936494524365393e+00
1.049386021157725057e+00
-2.704563659956877419e+00
-4.228422125057179848e+00
-5.480342653218157167e+00
-5.103837324312820556e+00
-1.861159428202964428e+00
-2.531395748000375256e+00
-5.844757643756312682e+00
-6.698679339514430175e+00
-8.064118577599947102e+00
-8.484165572427281532e+00
-7.000854246922644464e+00
-5.450107970446113725e+00
-3.052911933853958093e+00
-3.250757817136139760e+00
-4.174490490202653170e+00
-1.831235896180085421e+00
-4.364509236387577928e+00
-8.841659554251645403e+00
-7.229134809776885717e+00
-2.736889551343458127e+00
-1.251853959663767446e+00
-9.204423804457737557e-01
1.140908035139243104e+00
-1.479784500145440163e+00
-3.743048269787129456e+00
-4.601495583631846742e+00
-8.386895819913121386e+00
-8.213533077384928660e+00
-8.854287191084306841e+00
-1.178114211844925663e+01
-1.319299293816405338e+01
-1.203849553509490455e+01
-8.972360117245292699e+00
-6.618853896686841765e+00
-8.284955030937043219e+00
-1.063628577713012824e+01
-1.112690859422104772e+01
-1.151535051339475935e+01
-8.022718325265653760e+00
-5.220318071156609285e+00
-5.314605640411239840e+00
-3.470932803093825569e+00
-3.280026260685362516e+00
-3.403714867193745164e+00
-4.065724735022747005e+00
-3.233178975300532887e+00
8.656655507737280875e-01
2.865316351546855156e+00
3.117378505162141877e+00
2.150116174534192126e+00
1.421627748285537063e+00
-1.234433806412967405e+00
-5.411554985803883611e+00
-8.041107469146028919e+00
-8.451225409971172553e+00
-6.280763460090463823e+00
-4.801147708834251127e+00
-4.645970253475008249e+00
-7.154970343129006594e+00
-9.384014209366309700e+00
-6.675088372367626199e+00
-5.757062280249096275e+00
-5.317613173313056940e+00
-2.191075725558363274e+00
-4.576960860375586471e+00
-6.141736520297520485e+00
-7.193066205471146723e+00
-8.836243023857569767e+00
-5.828980686603660644e+00
-1.660094914205851646e+00
1.542162708385029779e+00
1.291085486768622337e+00
2.810898076141982838e+00
4.583477158786463529e-02
-4.762401586621414218e+00
-5.202135508037028622e+00
-4.947716548220634003e+00
-5.681206124339055918e+00
-7.817890956046815276e+00
-1.032202753032639286e+01
-9.665821446992220345e+00
-8.008244148096890669e+00
-8.064680010310295799e+00
-7.700780318697677984e+00
-7.623622555516933907e+00
-1.093044277553600985e+01
-1.160697263886058650e+01
-8.126175741799372076e+00
-3.341696174091605354e+00
-1.332065980523347681e+00
-2.593114267147196728e+00
-1.103484652295273705e+00
1.947193133432456147e+00
2.034183052653285362e+00
4.317894271191697442e+00
4.529414043650554333e+00
-4.093763066840814813e-01
-2.978628172802141094e+00
5.405511883045650556e-01
5.752710919497872943e+00
5.271608587273032498e+00
5.078519543331541541e+00
8.511410688296798810e+00
7.876676787194138107e+00
7.492456439975442528e+00
8.158921495266083568e+00
6.496929205998034362e+00
3.592143804478666436e+00
3.878797046938504134e-01
-9.589702412771234918e-01
-6.487845262928219059e-01
-2.150568597481999245e+00
-6.248486055388396743e+00
-5.751825505966928986e+00
-1.871606869716557320e+00
-4.119168701134685584e+00
-8.222226486378072963e+00
-7.531524429621949679e+00
-2.881929659949199252e+00
-2.048761604906461919e-01
1.282178043247868882e+00
1.992838125922902659e+00
3.590838753732807920e+00
4.173425144891108829e+00
2.548709866038387784e+00
-1.426147013769419658e+00
-2.521070467236561918e-01
4.389375083867652627e+00
5.337314949150555599e+00
5.198541937465837037e+00
5.313202262393950548e+00
3.822021701978905117e+00
-2.645614869138631642e-01
-3.135337081149223604e+00
-2.170516606952991978e+00
-2.585983783355009447e+00
-4.335746099351934113e+00
-1.546009771516338116e+00
8.324170903990864012e-01
4.814335773651640338e+00
8.388413084381085127e+00
7.944056551196197802e+00
6.252498219541388735e+00
3.006457166715386542e+00
3.817601580771358361e+00
7.691804159391516293e+00
1.003184840993127480e+01
7.887150316604977007e+00
-6.951723818475861183e-01
-3.028924051628294478e+00
-9.761864865393906632e-01
-2.772293645112668958e+00
-7.012613039686184102e+00
-7.010706170490541567e+00
-6.154534517009615513e+00
-7.331864488731105745e+00
-7.151168833210819642e+00
-5.578203156723617440e+00
-6.093360466149384536e+00
-7.890337320853084258e+00
-4.790057788735800237e+00
-1.539378865297171384e+00
1.260930752762863927e+00
7.353605579202525000e+00
6.433975953665674652e+00
4.092896635104776415e+00
3.971929887047739971e+00
4.947746676614053207e+00
6.239797601160571361e+00
3.559615613646232024e+00
2.431284783720335518e+00
4.946573347923043151e+00
3.689731112757586029e+00
5.650927854265947126e+00
7.184097135134857481e+00
3.941294152132927220e+00
8.891147830670484975e-01
1.209672310326720818e-01
-3.184742851802657704e+00
-2.968505769119421878e+00
-1.540955459141630568e+00
-1.231583710957841804e+00
1.421590851991262117e+00
-9.241834045443074741e-01
-1.307179185876551131e+00
2.482622122735050674e+00
7.625456606142659577e-02
-1.617775812860201778e+00
1.920679759586296775e+00
9.318799135433391001e+00
1.129338569583271124e+01
9.206781373930178702e+00
8.440622580134837349e+00
6.044507854624344034e+00
4.963968453737411801e-01
-1.494275853060162973e+00
-1.958945838458536759e+00
-4.070616821161005205e+00
-2.829810821295508649e+00
3.007642068321157991e-01
1.955499643514594155e+00
3.924874984354626228e+00
2.613166063062972722e+00
9.180076916457327041e-01
3.388254811013160506e+00
4.944760439917413208e+00
1.767144368522409303e+00
-6.448741976267455822e-01
1.676300063378961092e+00
3.759974690666969543e+00
6.831756217083981397e+00
7.090973494749551520e+00
6.167032592113920408e+00
8.702038877315825260e+00
1.250327233466473587e+01
1.329176840693518891e+01
1.260520505132430280e+01
1.096238992264522416e+01
9.278443437263822702e+00
8.576039478248180359e+00
6.148707301120637680e+00
2.455685421811379499e+00
1.434638157167585693e+00
3.900880348512922424e+00
3.288207221117199985e+00
-4.042085717821722879e-01
-2.300778020987519490e+00
-3.672127491439366231e+00
-4.100853740160459893e+00
-2.717554393846914329e-01
1.308496659605094647e+00
7.539922923190411908e-01
3.823248620737369041e+00
6.243448017594620758e+00
6.693263103916560652e+00
5.342942742434989789e+00
1.852575145895006159e+00
-9.336196793440908470e-01
4.601507502061096266e-01
4.133360077473057892e+00
2.875293414950809368e+00
1.290320344594471091e+00
1.494297623073415293e+00
9.862581169893241961e-01
2.676235913792700760e+00
6.995206015148511258e-02
-4.257012622635844679e+00
-3.765216448938580207e+00
-2.054303114202709946e+00
-1.732320156728100802e+00
-1.818624011191614320e+00
2.597117896564167250e-01
1.896678201448573686e+00
-1.756149451419916518e+00
-6.143022875127565285e+00
-7.706535107589661315e+00
-8.902758289687280779e+00
-9.392507529802506028e+00
-6.776429161848249727e+00
-4.565821752951253920e+00
-2.650330481181210285e+00
-9.191161803499935112e-02
-4.522603788082705023e+00
-4.302773139940128999e+00
-1.477911191042398764e+00
-5.019322579584156507e+00
-6.538929042547155568e+00
-5.742376700245003462e+00
-6.628700470473812167e+00
-7.455424837477628408e+00
-6.467666053991934838e+00
-5.080762156044267286e+00
-4.985743716987305341e+00
-5.533865618839062250e+00
-7.020539284286363646e+00
-5.678920591158193254e+00
-6.372737731166000508e+00
-6.629615433533566637e+00
-3.106561105802291278e-01
9.692727197385091475e-01
1.383495645886720915e+00
3.372727041887871646e+00
1.840628259125043353e+00
9.771656767257286269e-01
-5.938915432037489284e-01
4.537443895978325870e-01
5.166155959824379806e+00
6.988585914312693603e+00
4.964584404703317411e+00
1.547150781930895835e+00
-1.860917501992359058e-01
1.449105097691963939e+00
1.442043124813022326e+00
-9.900600629365909899e-01
-9.115547952921101427e-01
2.016913415620776640e+00
3.345242030667400446e+00
3.868127806586749706e+00
6.470665775920301233e-01
6.470665775920301233e-01
6.470665775920301233e-01
6.470665775920301233e-01
6.470665775920301233e-01
6.470665775920301233e-01
6.470665775920301233e-01
6.470665775920301233e-01
6.470665775920301233e-01
6.470665775920301233e-01
6.470665775920301233e-01
6.470665775920301233e-01
6.470665775920301233e-01
6.470665775920292351e-01
6.470665775920292351e-01
6.470665775920301233e-01
6.470665775920301233e-01
6.470665775920301233e-01
6.470665775920301233e-01
6.470665775920301233e-01
6.306058586974137015e+00
8.490826730421010993e+00
8.597492335803675445e+00
7.622164230981971933e+00
7.384723071636511982e+00
9.161156800484988594e+00
8.406630139522841105e+00
4.608664593137732801e+00
2.675032424743534420e+00
4.790282851402124287e+00
1.015118545280247808e+01
1.309648313767432981e+01
1.424655364696354631e+01
1.353114991394603273e+01
1.243891286365331972e+01
1.108012732021307478e+01
8.280004718190298263e+00
6.268595603344261136e+00
8.152804723005406373e+00
1.116782318811828567e+01
1.222678821929055815e+01
1.291103921544076094e+01
1.098671956460580290e+01
9.211320888481543179e+00
1.065146726790863951e+01
1.051038072434889337e+01
8.132770873853296223e+00
7.222211995423943875e+00
5.752347563527770546e+00
4.303525765527064451e+00
2.496291932664641333e+00
-7.263723445250571675e-01
-2.004236015972129969e+00
-2.359873517070247215e-02
2.909336029955774894e+00
2.935715489328141192e+00
4.602547792385592196e+00
7.588236555582770215e+00
8.660955135348421763e+00
9.841571312216169432e+00
1.034302464434651547e+01
8.481271555180724064e+00
5.227443882440576672e+00
1.546688035121768223e+00
5.546549851615998339e-01
1.948577454446045465e+00
2.422174298350058486e+00
2.343955841683603492e+00
2.372874234962599527e+00
3.318119998657905967e+00
5.247080586465520113e+00
4.404320764452982040e+00
6.654290646636957796e+00
8.173626612181207562e+00
7.500572040656497741e+00
5.753919724653165702e+00
4.013649537382911525e+00
3.164356361274817786e+00
2.994754584682189247e+00
5.546203990277261298e+00
5.195001251935007502e+00
5.170392272061626215e+00
4.094644343216997662e+00
6.230774889517441961e-01
1.596858790714578147e+00
6.773072197505213055e+00
7.207230417390200650e+00
5.221815224098594221e+00
7.903748090014578231e+00
8.495926874251500394e+00
7.184244134201454024e+00
3.736704843374236251e+00
-9.121870560809838269e-01
-3.120373280486073320e+00
-3.723865931717608824e+00
-1.551500071122912772e+00
1.787604293263221011e+00
1.622106501497236231e+00
-1.488194678252384273e+00
-4.076533938851985978e-02
6.640713857975748091e+00
1.015802217267225771e+01
1.161381432210355946e+01
1.345460736535892288e+01
1.419735225523289301e+01
1.389488491427313299e+01
1.426443521867205178e+01
1.238627323382421608e+01
8.769314584786625844e+00
7.429950743648437772e+00
8.645540378746026988e+00
6.406743457927571939e+00
3.242531422273021935e+00
4.938203898081003906e+00
6.083465691624896365e+00
4.757733479756160122e+00
2.473852716498788240e+00
2.913439600428749721e+00
5.127858199366268188e+00
3.855902783124048216e+00
8.012298396616752694e-01
3.779876961294458049e+00
6.606751534535003856e+00
6.595346520157303161e+00
7.792967097361401585e+00
1.048794084460661580e+01
1.229849672943453598e+01
1.054891404678708433e+01
1.100160039141850632e+01
1.277750287835491072e+01
1.091194220843804885e+01
7.898443468644642529e+00
5.409138294408417202e+00
3.288846168248497737e+00
2.745408890266200164e+00
5.813115129889095734e+00
9.277521907967258841e+00
1.152042967988161593e+01
1.228043785525516185e+01
1.165953786162145356e+01
1.082653655458964259e+01
1.064972353251260273e+01
1.071922150116068018e+01
8.885883641887140527e+00
7.577050386050139252e+00
9.856300811772797488e+00
1.306861863219726949e+01
1.562471288908187539e+01
1.514573551713566957e+01
1.247358461946199171e+01
8.688848515755163149e+00
7.061116985572906124e+00
6.050997051741126675e+00
2.974292290892627921e+00
4.023735062586915601e-01
-9.230218803725347421e-01
-2.568683489368318362e+00
-1.292555227882602464e+00
9.254948725268081766e-01
1.103003524032362959e-01
4.237417675337095679e-01
-2.229266955351811852e+00
-2.992200351646333356e+00
-1.327912084040316909e+00
-3.587234086922527432e+00
-1.804919164924724262e+00
2.474208458695861257e+00
1.718035587327155556e+00
-3.130389891346701425e+00
1.195505807916701774e-02
4.766910912362232189e+00
6.701261666486642454e+00
9.277298060053196238e+00
1.003593744111631203e+01
9.885192547659357842e+00
1.191077210307562062e+01
1.337527714293464598e+01
1.418296193498837354e+01
1.560535143780822409e+01
1.582880890193712986e+01
1.466003233855386334e+01
1.110010392717211936e+01
9.632008631616837846e+00
1.308061524762291761e+01
1.513761014961687934e+01
1.424977470537840674e+01
1.254486192291061464e+01
1.180182158420988259e+01
1.264003222340287280e+01
1.344429334285214672e+01
1.138214394759282477e+01
6.138301227838775631e+00
4.216481303462875196e+00
5.893037849645849313e+00
4.902770690880335458e+00
2.187211890405497794e+00
1.775690390255019624e+00
3.217136161177660547e+00
4.192451994216614963e+00
5.138009572589625762e+00
5.518367957759012121e+00
6.600693775347530767e+00
8.160791204587571457e+00
9.631734064926069649e+00
1.115155243151008335e+01
1.200639137429504721e+01
1.398372097898815447e+01
1.202976818393536718e+01
8.023261419954573981e+00
9.416862637506664413e+00
1.373758762347934770e+01
1.610009425807819383e+01
1.585106238726167938e+01
1.324646408022249133e+01
1.323947176497237344e+01
1.349089325265847350e+01
1.281939741622156781e+01
1.477734054534042230e+01
1.719418552566166980e+01
1.680496026401054621e+01
1.508432734956899068e+01
1.544079368250017303e+01
1.687075974308030268e+01
1.347667867764508287e+01
8.130924987691612316e+00
7.006132121401022594e+00
7.214989537861962177e+00
7.614601719355313492e+00
7.594187974695222998e+00
1.163440250908766416e+01
1.459232254775966098e+01
1.533116398756037668e+01
1.572178540987077255e+01
1.540920759843927534e+01
1.573338472452489611e+01
1.747369449918351592e+01
1.794045316836267290e+01
1.801965627322365293e+01
1.861405350829437211e+01
1.787731485601415926e+01
1.683225370664141352e+01
1.645184422162755311e+01
1.601161299737250943e+01
1.225589159059298616e+01
7.515511520680258073e+00
5.872522092707300523e+00
6.487930017050561382e+00
7.141519873671343888e+00
7.376265904044291055e+00
1.200983426273199761e+01
1.719219844817506981e+01
1.746021817878652982e+01
1.701477133678852738e+01
1.726423407018063472e+01
1.745956049448131608e+01
1.785538021540924802e+01
1.720934732602960793e+01
1.519285453113275430e+01
1.475375726593052939e+01
1.669999580151584695e+01
1.515728953682111424e+01
1.271739608856602644e+01
1.006460883998027711e+01
1.076757415647053051e+01
1.095745922961552132e+01
1.087235793674074813e+01
1.454138511656754140e+01
1.631581668350344572e+01
1.542405373643709865e+01
1.423621280116190846e+01
1.288742997272207091e+01
1.173741801667542539e+01
1.228487933998417247e+01
1.097432397391597547e+01
8.054600905118819654e+00
5.984469405985948676e+00
3.313026888081197718e+00
5.253130719751096578e+00
9.972902086961299872e+00
1.352614864354816504e+01
1.319343263351572837e+01
1.056024141230035340e+01
9.749148984978425858e+00
8.300603327764058292e+00
8.567497671896411759e+00
1.231161292603193580e+01
1.110687126672625880e+01
9.590989256244355943e+00
9.302369880701633065e+00
8.585145500532686214e+00
1.130564089440610154e+01
1.371693073829247211e+01
1.314169038177340987e+01
1.194776300861237317e+01
1.264998143760829130e+01
1.260001318138038506e+01
9.998264809791923113e+00
1.223791215985864156e+01
1.254046516419474244e+01
8.831360407803632739e+00
9.174127380880948479e+00
9.631301119200156080e+00
9.514572562327495930e+00
1.132435054734076729e+01
1.145180566488940954e+01
1.168854336926713344e+01
1.400989258755988942e+01
1.596746244351538735e+01
1.613814062587475817e+01
1.560951695261978855e+01
1.334459885610745289e+01
1.217491550977030457e+01
1.256057564494508405e+01
1.028018404045595879e+01
1.210922359694553663e+01
1.158049183887684919e+01
7.237066501035059218e+00
8.740568695516447661e+00
1.076229237698894181e+01
1.168283313775677890e+01
1.508090257578220594e+01
1.709666055202340473e+01
1.667809119811901652e+01
1.631456205025189021e+01
1.522298310749176409e+01
1.342294043152854499e+01
1.495425345984051546e+01
1.625032537988684567e+01
1.535140748656524146e+01
1.487123101733081398e+01
1.598442246363682528e+01
1.716707885871941031e+01
1.701475772844064593e+01
1.538552743170806636e+01
1.648753371679054069e+01
1.777718998381869753e+01
1.773883523795026562e+01
1.751872419197022879e+01
1.795101684264836805e+01
1.801093787361994814e+01
1.647494702685991896e+01
1.539977162468626304e+01
1.460012566821968605e+01
1.299546591934984363e+01
1.268274477327240746e+01
1.193179681628322797e+01
8.771918291468420392e+00
7.954402932145095306e+00
1.025352182934694767e+01
1.387731449287319663e+01
1.698384980883584916e+01
1.769383849896809480e+01
1.668116268574278394e+01
1.581341352296352021e+01
1.529633321667328261e+01
1.451598605337542303e+01
1.361576618751180945e+01
1.411490477423850898e+01
1.237231228914373027e+01
1.217109562974671810e+01
1.435695346025954144e+01
1.437873508477338191e+01
1.519087997945946000e+01
1.569709403515360613e+01
1.599810418861565076e+01
1.693923653246229222e+01
1.606334021992232763e+01
1.288417642895149484e+01
9.937875539710622874e+00
1.220692110100515215e+01
1.685275363806232818e+01
1.766288169193594015e+01
1.745033593091097757e+01
1.775098109076434483e+01
1.783025290551023900e+01
1.831443283139067546e+01
1.806182253171125396e+01
1.713540024300821329e+01
1.625143843520109144e+01
1.588792203372902101e+01
1.390566281287452632e+01
1.150271659166410743e+01
1.126057319278381463e+01
1.200207890337810746e+01
1.415446355224549002e+01
1.455681720357903330e+01
1.465634645796280644e+01
1.500412211414749386e+01
1.442078938582973358e+01
1.545779027554115714e+01
1.632317487900186137e+01
1.528032249898754813e+01
1.651638431929229256e+01
1.806418251564349831e+01
1.859029013042750833e+01
1.813500030705131039e+01
1.776958711454631867e+01
1.741041167650567800e+01
1.803322517035523731e+01
1.833477951735494571e+01
1.717676564501060099e+01
1.500214002608189290e+01
1.397747701213156191e+01
1.390907904845241205e+01
1.225364808936762806e+01
1.008832728466394890e+01
1.124748077457752160e+01
1.336678493806465262e+01
1.250209648231661141e+01
1.211933149016286926e+01
1.531182268078835307e+01
1.762248065404850905e+01
1.840340753820424169e+01
1.763287284567705271e+01
1.634822657537436186e+01
1.675550062881103486e+01
1.693483590077966738e+01
1.741308222090054159e+01
1.747734525546993467e+01
1.713049078386747581e+01
1.677496570887768357e+01
1.745938672654338930e+01
1.779973231710257409e+01
1.770400400620318138e+01
1.746271532600556498e+01
1.652010675622486957e+01
1.520392938613210809e+01
1.419088633645681874e+01
1.423816965698198622e+01
1.536495758353333407e+01
1.664265418498580118e+01
1.696449866220739366e+01
1.589181431495531172e+01
1.660748000730253437e+01
1.769830633292733424e+01
1.676695285218775666e+01
1.529781054426729980e+01
1.513926324509241184e+01
1.430332695506692353e+01
1.458631353686710419e+01
1.497600552435054944e+01
1.656947667053443851e+01
1.779170253144622649e+01
1.802317204513354909e+01
1.853143108039325782e+01
1.829387767433523848e+01
1.737966929764473889e+01
1.645812577136173260e+01
1.635601088676249759e+01
1.731911183736044180e+01
1.854032593830849862e+01
1.862740473615481918e+01
1.875016829252701100e+01
1.868602700699234376e+01
1.798482480823189178e+01
1.818325273995788294e+01
1.852573045122074191e+01
1.814529781596787217e+01
1.824524153445937458e+01
1.806984193260283433e+01
1.798960948131407278e+01
1.719488117435087204e+01
1.478695934260978362e+01
1.544063653720176532e+01
1.693414910445531874e+01
1.623052178117206878e+01
1.553559526925977430e+01
1.529540182243265889e+01
1.526532251690403896e+01
1.502520327996989558e+01
1.387276388311345698e+01
1.273632256075288893e+01
1.522462157653772685e+01
1.680536177585034352e+01
1.724343257372762750e+01
1.744483461106061029e+01
1.631298849576035082e+01
1.515329798254093774e+01
1.510666713236768999e+01
1.617710524898885538e+01
1.609708936641154509e+01
1.466470593233775688e+01
1.398484450801444190e+01
1.572730424921942749e+01
1.731196635966066566e+01
1.697152712113468453e+01
1.592241933370717888e+01
1.628154223398975375e+01
1.673681218639182688e+01
1.609151426479388292e+01
1.690438074092405785e+01
1.722182571317759781e+01
1.761632098988500772e+01
1.837233328883508676e+01
1.822943850308178071e+01
1.806506998160200439e+01
1.792650972680457500e+01
1.772298198234722832e+01
1.679087140439654036e+01
1.617931498025917136e+01
1.609187333725918378e+01
1.621532298735478150e+01
1.788531269569022086e+01
1.846037720562333817e+01
1.857015179810214534e+01
1.843268145964774973e+01
1.835254835509630311e+01
1.688811380692701292e+01
1.641912807536196084e+01
1.706461328249435638e+01
1.697433711057664496e+01
1.647866925497484658e+01
1.801926013025058282e+01
1.807009516200806587e+01
1.751549885647262172e+01
1.751466753012361366e+01
1.755547046180030790e+01
1.819624059091646728e+01
1.846619432331337052e+01
1.845922365523167130e+01
1.711811679658639207e+01
1.468798305643702129e+01
1.414580569625961459e+01
1.330252316770980592e+01
1.055878866044044706e+01
1.017469554915493646e+01
1.250775021956608768e+01
1.298183059279718066e+01
1.187501024059803711e+01
1.310139305198277349e+01
1.310215260178980579e+01
1.051681377397427042e+01
9.031797096682090853e+00
9.108801894943669097e+00
7.481638348619671142e+00
1.166935421851831656e+01
1.551423500351922335e+01
1.378530365715297279e+01
1.121357799266483646e+01
1.119494146423328296e+01
1.282986828073096142e+01
1.279363816717954450e+01
1.275834049308053686e+01
1.207308917876402532e+01
9.640824108661744773e+00
7.081953353452639988e+00
8.117214610754755810e+00
9.719005036656067631e+00
1.171128676789487422e+01
1.318400966254849926e+01
1.457911735677816267e+01
1.584738936944622623e+01
1.565364318211556771e+01
1.515457855939920684e+01
1.482238870911069384e+01
1.527917663395981052e+01
1.567720654572788064e+01
1.622721713930044274e+01
1.645839512188130982e+01
1.633157460588437004e+01
1.699957667296074959e+01
1.736973879997367476e+01
1.723702964363589984e+01
1.601176733225729265e+01
1.392818455433195624e+01
1.478393918519230432e+01
1.377769932222441085e+01
1.177104392270732092e+01
1.309857176780122501e+01
1.606573796437268697e+01
1.762630400034847611e+01
1.752607054811315379e+01
1.707536430696520924e+01
1.592205860542454054e+01
1.452478089631997804e+01
1.436719700706880509e+01
1.506699682315052158e+01
1.551896083457748254e+01
1.496210860093120587e+01
1.462855197641412452e+01
1.490287549864358319e+01
1.491635921188121472e+01
1.405876266848537348e+01
1.465750098074956753e+01
1.635313379968287251e+01
1.568011410415367735e+01
1.338299394197740000e+01
1.350062310301626667e+01
1.524097372958486396e+01
1.494029427238473495e+01
1.517868577957222165e+01
1.344249706415338785e+01
1.163442050401181582e+01
1.492176545594382020e+01
1.537508897162154753e+01
1.363175951541897390e+01
1.274724721237161340e+01
1.294337829957223462e+01
1.336797764159341817e+01
1.466499739795098378e+01
1.485566117923794849e+01
1.431406437155342104e+01
1.639220389799535127e+01
1.597399725687538741e+01
1.258494181094923192e+01
1.261472168627136448e+01
1.386051972303717328e+01
1.431151222260067613e+01
1.557534774014995271e+01
1.645703774331456515e+01
1.643902396744187300e+01
1.611268936656092876e+01
1.554158654710829168e+01
1.392295461187319816e+01
1.333334802248118933e+01
1.140150817552423490e+01
9.581433755299331168e+00
1.124557754803051779e+01
1.128878677148833098e+01
1.080663186834263989e+01
1.340532746307617451e+01
1.550075533946526107e+01
1.680487841323128251e+01
1.693368318878657064e+01
1.561212060238513644e+01
1.448010994262294737e+01
1.361688201645711160e+01
1.296769589686362956e+01
1.248500682498948677e+01
1.306515040280753936e+01
1.381361674708110776e+01
1.443921618469121704e+01
1.488530012387153967e+01
1.352777081648751079e+01
1.173287844514089429e+01
1.149280749058829088e+01
1.296811420660982783e+01
1.433180889235448241e+01
1.357202184187685567e+01
1.104228138582173813e+01
1.029928342906478811e+01
1.217228857500603745e+01
1.549719849053286147e+01
1.430720296847439954e+01
1.023860886664527747e+01
9.093047139933684520e+00
1.311611981309981800e+01
1.450903186614331730e+01
1.379776148524167390e+01
1.292529025196754233e+01
1.385594139726638829e+01
1.461545220248420485e+01
1.454378675424215039e+01
1.609898783012510393e+01
1.706341017067386545e+01
1.682162915964820726e+01
1.650842802214710048e+01
1.548017823765999701e+01
1.500701148546559516e+01
1.541091191801127636e+01
1.456346288427289082e+01
1.309886474374103749e+01
1.159049914593873076e+01
9.210975568564876426e+00
8.456063729201861889e+00
1.051688493625393583e+01
1.215850812329843222e+01
1.200810430755728930e+01
9.819916818590204599e+00
9.563321627424880234e+00
1.034708775322810759e+01
1.052118436955095682e+01
1.210908734706969625e+01
1.333189161037025272e+01
1.301746468168412818e+01
1.178145910617086400e+01
1.143217237722304347e+01
1.241422173783198524e+01
1.365396254062339310e+01
1.445612793831062604e+01
1.521750528208172426e+01
1.610803677193215222e+01
1.619597109871181217e+01
1.548948257425555397e+01
1.495748749829718882e+01
1.361221475357347899e+01
1.267603194307976544e+01
1.471382470451128022e+01
1.652330249698971798e+01
1.664717794124245387e+01
1.592374204602161569e+01
1.415706308516780965e+01
1.447892453977879867e+01
1.479201344260130391e+01
1.385006743462633416e+01
1.435419638511278428e+01
1.549188481768738157e+01
1.559755570312351125e+01
1.504476733686883705e+01
1.440894770660904811e+01
1.347179739642423080e+01
1.224695249984933376e+01
1.110095260567908149e+01
9.047338905806446618e+00
6.320611108755112895e+00
