6.470665775920301233e-01
6.470665775920301233e-01
6.470665775920301233e-01
6.470665775920301233e-01
6.470665775920301233e-01
6.470665775920301233e-01
6.470665775920301233e-01
6.470665775920301233e-01
-7.282276636596362707e+00
-8.928405875729797714e+00
-9.581837731485759235e+00
-9.289041271121652343e+00
-9.068455616137116593e+00
-7.590381611409674711e+00
-7.051304712397680419e+00
-6.645616825679661055e+00
-7.153968548405072347e+00
-8.957417195352979533e+00
-8.446795745841136238e+00
-8.340645778239290209e+00
-8.544004432333887067e+00
-9.144019404333473489e+00
-9.007695468170942021e+00
-7.256400378272604534e+00
-5.754754574405511747e+00
-6.450579449818447664e+00
-8.190567129831325843e+00
-7.310713115393822292e+00
-4.734626465098777715e+00
-3.562639954297764699e+00
-4.181784342533194199e+00
-5.618871710766740968e+00
-6.695758551448960816e+00
-5.190304591339054419e+00
-4.608298434321752346e+00
-6.315228962085278397e+00
-4.979418957112963895e+00
-4.198082215361285563e+00
-6.499806631031342263e+00
-7.419449708200827942e+00
-6.174130013407277850e+00
-7.002535807887936947e+00
-8.256718293571871925e+00
-9.016319553693884714e+00
-1.047371615347068818e+01
-9.839806411283934295e+00
-1.040393041067409463e+01
-1.108703392148578715e+01
-9.295020983670017500e+00
-7.921611246952495300e+00
-6.812690184494505807e+00
-5.587435009099463556e+00
-3.379223829356238440e+00
-2.922092172381968833e+00
-5.434238386625356299e+00
-7.178174876027878959e+00
-4.890706841734343335e+00
-2.904929829373887884e+00
-5.750118044575565079e+00
-7.514716709333884914e+00
-8.356582860837725946e+00
-1.011568779437084054e+01
-1.115207051961036022e+01
-1.102013304221393675e+01
-9.920616896873863055e+00
-9.330430021532215790e+00
-9.288992615027297006e+00
-8.383860277669212380e+00
-7.130110504953172779e+00
-5.067397608724360403e+00
-4.054425668950016437e+00
-7.088091610683344257e+00
-8.982402477110063899e+00
-7.986670385640084469e+00
-7.925539306648699878e+00
-8.680059375234790764e+00
-7.676312564308216402e+00
-8.408093024914878200e+00
-1.270440331085397112e+01
-1.288925899048348711e+01
-1.005969602838954735e+01
-9.132427538821946911e+00
-1.130517086638162816e+01
-1.357947457037144900e+01
-1.425177408374884891e+01
-1.425480034134171881e+01
-1.297009086357559404e+01
-1.105648798170869007e+01
-5.841448908206901436e+00
7.084920637378817609e-01
2.515710376093295952e+00
4.250886920287727522e-02
-2.798292324819327881e+00
-4.652996805956876258e+00
-4.417691655701519338e+00
-1.177938784217296142e-01
1.301845381187489048e+00
-3.092824028831276717e+00
-6.888623090773250190e+00
-8.899325119671821938e+00
-1.123372682531952371e+01
-1.087748878249994533e+01
-9.682490498296379755e+00
-1.124695036884279986e+01
-1.062267281785813111e+01
-7.353393016905228841e+00
-6.515252403563693839e+00
-7.612632556644636672e+00
-6.619048911220718701e+00
-7.037986976630604907e+00
-1.055648251770961998e+01
-1.119077017610043434e+01
-1.035674340465054399e+01
-1.178486287566442847e+01
-1.258049373557508588e+01
-9.976755489200510141e+00
-8.168428719235683033e+00
-9.873152602413272305e+00
-1.157059682053229466e+01
-1.365404878475812112e+01
-1.386708010084744558e+01
-1.302499685365286908e+01
-1.083338374702035622e+01
-9.019248654610468208e+00
-8.553639488199479501e+00
-5.679144844729982822e+00
-1.170772749560525794e+00
1.029702165106160250e-01
-3.331769786001814726e+00
-6.887012684121323502e+00
-8.448422762637026295e+00
-9.227403242334533573e+00
-9.936624394621318856e+00
-9.536191697605088891e+00
-8.169199750998025422e+00
-5.614981701657105972e+00
-5.272569134451089212e+00
-6.677503551488827682e+00
-5.076573186614470323e+00
-3.489235990306349677e+00
-1.258303188049523014e+00
-4.321968714755113794e+00
-6.108159031222402113e+00
-6.201726504882888236e+00
-9.184963776512395484e+00
-1.039489639547109689e+01
-8.442840914595150181e+00
-8.214821715962276727e+00
-8.435882713057056392e+00
-9.332041138387111801e+00
-1.015711878054053585e+01
-7.406831357411943983e+00
-9.846596564052779499e+00
-1.335342495392081830e+01
-1.403836943944954641e+01
-1.368430570233582877e+01
-1.290912682862334115e+01
-1.342103186644465929e+01
-1.159606413634910638e+01
-9.576503063365265689e+00
-8.051054076216514588e+00
-6.798996627641708201e+00
-8.274451794610451216e+00
-9.423408101177358276e+00
-9.255189014087852328e+00
-9.049633703783063865e+00
-8.221435694132981808e+00
-5.505128909390156089e+00
-5.949605259190898110e+00
-8.359333145603393689e+00
-1.156153604065847773e+01
-1.372573405701956162e+01
-1.378418718515786701e+01
-1.242315933474086620e+01
-1.098724561085867890e+01
-1.136605835427145017e+01
-1.295209043823532191e+01
-1.437669924298749180e+01
-1.353300729076825171e+01
-1.103245546795780818e+01
-8.213280303285362294e+00
-5.832614198139978612e+00
-8.096897576374262329e+00
-1.086491806041535924e+01
-1.197152822154837182e+01
-1.336250562795666674e+01
-1.134625785431636302e+01
-8.587269999981581137e+00
-1.056750368538549445e+01
-1.006141622394231483e+01
-1.049420958908937074e+01
-1.292221144249767129e+01
-1.286338286819050225e+01
-1.215318884169420421e+01
-1.240352042743513117e+01
-1.346695805955610403e+01
-1.556956861317131136e+01
-1.635961136445811093e+01
-1.482848581497853679e+01
-1.227873656118057433e+01
-1.100242403746346831e+01
-9.806486588439879526e+00
-1.168677667717407331e+01
-1.140349588835670325e+01
-7.877147399146218198e+00
-6.146136191543686067e+00
-4.800743720604623732e+00
-7.830230301794722791e+00
-7.234550316815479221e+00
-6.198108423283165358e+00
-6.979488145336677718e+00
-6.770291236476628782e+00
-6.644465952038245860e+00
-4.355693602296552669e+00
-4.955306221693290603e+00
-1.538964051748091588e+00
5.477691979992453497e+00
5.943574371209213503e+00
4.459693407530358478e+00
1.747552628404988706e+00
1.739234312339741573e+00
2.242301725525416511e+00
-8.339595200151037058e-02
-5.694282007554215319e+00
-7.431409594968460652e+00
-5.088813528471038516e+00
-2.326030334130298804e+00
-2.914667741596682626e-01
-1.876227995902956414e+00
-4.956354838509582805e+00
-7.338526157177486020e+00
-7.978224577399066320e+00
-7.550804731224641131e+00
-6.689427172639429209e+00
-4.872456130690546949e+00
-1.757030276902205479e+00
-1.859097767402740464e+00
-5.918567069171538186e+00
-7.297436218335785263e+00
-2.720819615322719542e+00
8.278378330628216597e-01
1.249112955851294920e-01
1.322129968141874334e+00
3.327142632584313642e+00
5.027704203075839651e+00
7.993729741298592373e+00
8.030370333701124963e+00
6.513681426664889251e+00
5.078312350994095503e+00
6.412185995891173995e+00
5.602132217546611059e+00
3.058449880841618285e+00
7.403279323207819118e+00
7.827119559060939480e+00
1.361779846087591173e+00
-2.314749121245183616e+00
-4.394110252307674713e+00
-6.190679697082517308e+00
-6.662091987720433650e+00
-3.765326826574206365e+00
-4.887186782771904880e+00
-9.153939949188432124e+00
-1.113749556299309518e+01
-1.230043705626099992e+01
-1.014047066126142838e+01
-9.344313595165985475e+00
-6.319650637930723569e+00
-5.002968707892904154e-01
-2.738017683524652801e-01
-1.325246703376435020e+00
-2.463159874108103331e+00
-2.472270158436878695e+00
-1.468835694321273921e+00
-2.029120765889182998e+00
-5.179660497342091219e-01
-3.709176687262015992e+00
-2.898091809874354219e+00
8.272543464901012111e-01
1.741083195438720255e+00
6.471989317646303919e-01
-2.208751754110780396e+00
6.153446502961307241e-02
2.103225579873225115e+00
-4.453926268423542001e-01
-4.090952757915500726e+00
-6.277911345145690269e+00
-6.236284011585750520e+00
-9.983564979566118325e+00
-1.312358997246739278e+01
-1.292805864949577987e+01
-1.258576712789595753e+01
-1.179427504777074276e+01
-9.820031594214752246e+00
-6.731197920996987882e+00
-3.783691809970579190e+00
-1.674018439357155774e+00
6.706931996715842503e-01
1.071575195211811105e+00
-2.316237886077444408e+00
-2.159332848936354188e-01
8.343723877509241493e-01
-9.081242604826584852e-01
-3.710723722191747953e+00
-6.103944375656405796e+00
-6.057560726362489767e+00
-5.436855184284715037e+00
-2.454673122587527789e+00
-2.541940138471070476e+00
-3.362855790308286519e+00
-4.933990292306677183e+00
-3.969900084452891331e+00
-6.881733288634579448e-01
-3.747174451829374142e+00
-7.110575361112606352e+00
-4.118030225634471186e+00
1.309948437548261957e+00
2.651629446687721270e+00
1.233861185028352514e+00
-1.695422396390809494e+00
-2.012721013385376789e+00
-8.484585708054853681e-01
4.233628378314777813e-02
2.506714037170715836e-01
-1.512449241768776487e+00
-6.407019447595775574e+00
-6.240982472983523266e+00
-2.177890321655419292e+00
6.284793595826329016e-01
-8.397783299034320414e-01
-3.444166825705883284e+00
-4.535227927649909674e+00
-4.903318964802966917e+00
-3.886257755748640186e+00
-4.759118665110874780e+00
-7.607785022870086955e+00
-8.449580542626978996e+00
-7.316292615427958168e+00
-9.067059833434937488e+00
-1.263820141596131386e+01
-1.295554631146831603e+01
-1.105838692691441238e+01
-1.147739909034580919e+01
-1.318185258822632377e+01
-1.136149847268083057e+01
-8.141559824010638380e+00
-5.494849980821040702e+00
-4.021206246817630614e+00
-3.000515941207591908e+00
-2.662657183179366172e+00
-4.732530496459810720e+00
-3.639247986926970047e+00
9.030890388489971610e-01
1.722897640176812128e+00
5.321825146668818229e-01
1.722363976556920973e-01
-2.127903741018814632e+00
-5.115571495820955050e+00
-5.747073197686811241e+00
-4.232108050246593756e+00
-5.579353334618940785e+00
-8.019603916704213020e+00
-7.182739613582015181e+00
-7.416425747997363871e+00
-7.410389622408990462e+00
-6.678499802907016836e+00
-6.655102951432044556e+00
-5.318200588959302699e+00
-4.110909704763654915e+00
-3.284393669796443316e+00
-1.127784361472582209e+00
2.140310862314306561e+00
3.084401129023302435e+00
4.182093556684970181e+00
4.889872085058261320e+00
1.597066587193222365e+00
-4.946618951112420781e+00
-6.353083736684383531e+00
-5.445893998452759455e+00
-6.849118379716240490e+00
-8.616506069376963950e+00
-8.812819957201611487e+00
-5.110836431296868376e+00
-2.080419803212745222e+00
-3.059088532841367947e+00
-4.768756328751073248e+00
-4.990719407103434868e+00
-7.312630472382388724e+00
-6.112831240208395300e+00
-6.423128572181443730e+00
-8.988681714777621679e+00
-9.328520302788129825e+00
-9.692824552878294142e+00
-6.653923945713582810e+00
-2.647822153471309559e+00
-2.262278753240939189e+00
-4.289069824590558078e+00
-2.698922272490363650e+00
5.168759080646176951e-01
-1.594243963315830903e-01
-1.951748183330109354e+00
-2.273725878273959111e+00
-3.408564503135553814e+00
-1.400991375252343074e+00
2.015311384108371406e+00
-1.471244825106942766e+00
-5.670184127729879897e+00
-5.602888312974951823e+00
-6.528625456027776330e+00
-9.682156092640870071e+00
-8.321705929852411643e+00
-6.936250265425516481e+00
-7.865059654829422264e+00
-7.652584724280863782e+00
-5.445406812313163591e+00
-5.479990624485432171e+00
-3.090400869622541347e+00
2.310561437839990351e+00
7.131723514195208169e-02
-3.443617184350690863e+00
-3.521565812416068919e+00
-2.325536984584282596e+00
-1.679853848984502518e+00
-1.876542358092814444e+00
-2.635617342559608112e+00
-6.779356020926905479e+00
-9.118585397115834823e+00
-7.168470782417182718e+00
-6.610678835706772283e+00
-7.947507998452541855e+00
-5.947450785529956541e+00
-9.889693686464107181e-01
3.975645252962992093e-01
-1.998405327292358535e+00
-4.881201626308860675e+00
-3.981458675799312452e+00
-4.563401336152030474e+00
-9.227247980045099496e+00
-6.830453029247822272e+00
-4.791223235377247036e+00
-3.686739255368359114e+00
-5.100434366344961390e-01
-2.992062362552865284e+00
-4.619920697707883939e+00
-5.711659977603106952e+00
-8.146735921621901966e+00
-1.013888391556058721e+01
-1.284443794829280350e+01
-1.305176677339738411e+01
-1.191395304221416929e+01
-1.265249151845025999e+01
-1.166744528162952932e+01
-8.342746904641796135e+00
-6.875433677885210315e+00
-8.848678431213366835e+00
-1.047282716342466280e+01
-1.040965002923879013e+01
-9.812184890550863514e+00
-8.612867617330781655e+00
-8.229652268091960821e+00
-1.008486994450115581e+01
-1.217543403089941201e+01
-1.282733742386361797e+01
-1.084060472376150663e+01
-7.246796797862576689e+00
-7.027722098040984910e+00
-9.149290153993598906e+00
-1.114057564682176960e+01
-9.808146702581071352e+00
-8.789922981250155587e+00
-7.430955102599479112e+00
-5.886267469276931230e+00
-9.443741451075997162e+00
-1.148712210003143497e+01
-1.134087165863689606e+01
-1.216239310382329109e+01
-1.322899288943627560e+01
-1.382424803501955957e+01
-1.410465775600955851e+01
-1.394930448429171044e+01
-1.228308709561548184e+01
-1.099028624491361583e+01
-1.185988064944958964e+01
-1.238846918185565293e+01
-1.019574426259617361e+01
-6.288586894604410560e+00
-4.937510179563564527e+00
-5.501513829672753708e+00
-4.290593950806519175e+00
-4.643605316374257441e+00
-5.115747851712607819e+00
-4.052006411384622808e+00
-4.051111928214639057e+00
-6.323028972868329767e+00
-8.679134335478940088e+00
-1.053259306683970387e+01
-1.094753517431775869e+01
-7.765070867403935040e+00
-5.248838634898642219e+00
-7.493670493030283097e+00
-9.554830779670302476e+00
-8.478949908972369442e+00
-9.850877168456415589e+00
-1.167787247483912161e+01
-1.045930414960126065e+01
-6.788267509999552196e+00
-2.428905827455888566e+00
-3.346730311108627731e+00
-4.962288790361486512e+00
-4.610097688154604079e+00
-2.812499909911320817e+00
-1.745155475880102669e+00
-1.247257277153015265e+00
1.757966798705307809e+00
4.239266938251805561e-01
-3.650828156297128757e+00
-5.320541316038919888e+00
-6.225008341309917093e+00
-8.205347148592634809e+00
-8.045216237160682127e+00
-6.276014902832058873e+00
-6.904238447117895028e+00
-8.642253543214538425e+00
-9.720679148827874982e+00
-9.885943005741125944e+00
-7.009559234965590413e+00
-1.963227171592085041e+00
5.764505568675563074e-01
-1.536248178279645549e+00
-3.693589559414142798e+00
-3.949708509922933874e+00
-4.232160101983607703e+00
-4.253203888821317058e+00
-3.468832715998245941e+00
-5.206245289601461046e+00
-8.079612729175289942e+00
-8.981161953177490886e+00
-9.093168833956342567e+00
-9.846274397515891508e+00
-1.095708451341651291e+01
-1.005012842555630215e+01
-7.505741826635797587e+00
-8.860497740231300767e+00
-9.598246107959374385e+00
-7.947214927851317334e+00
-9.895624697369258982e+00
-1.168380077563542940e+01
-1.117764401093872451e+01
-9.790643277927740584e+00
-1.019859552632492061e+01
-1.232030983519540435e+01
-1.341760010174211892e+01
-1.384605575921366238e+01
-1.383435704072735284e+01
-1.352130934559026443e+01
-1.415323942660676870e+01
-1.506066981070529032e+01
-1.499437907377624946e+01
-1.407528307969036518e+01
-1.348671059772280501e+01
-1.292074361940369087e+01
-1.243265102729239224e+01
-1.123452248870772685e+01
-1.023256696009407563e+01
-9.884414092666418128e+00
-9.520557222814961307e+00
-1.041145340443730305e+01
-1.024730474186421247e+01
-9.231973998136007609e+00
-8.851991296556432687e+00
-7.371536392177931774e+00
-5.159398761930266808e+00
-6.849966741760767697e+00
-7.845326042031213198e+00
-9.002434666000635133e+00
-1.247514862648094613e+01
-1.330377294304338243e+01
-1.355787105003793691e+01
-1.343566597015307273e+01
-1.415683253862482793e+01
-1.525913184200839900e+01
-1.524921538301670765e+01
-1.516900255558071109e+01
-1.428787816985465042e+01
-1.214047247927504714e+01
-1.141046588159235498e+01
-1.146455124208559084e+01
-1.138758278779833866e+01
-9.768125047574025999e+00
-8.350631646050624468e+00
-9.673118405304011347e+00
-9.571406466270827806e+00
-8.024621001397065356e+00
-1.084608718108498948e+01
-1.280278527509094388e+01
-1.092099802030251965e+01
-1.060279915154297825e+01
-1.062775081752349138e+01
-8.265637721476027266e+00
-7.173920769736925607e+00
-8.961222330931178703e+00
-1.105611885600444211e+01
-1.124882290051145439e+01
-1.124277365314527266e+01
-1.168081932097032904e+01
-1.111949955066720896e+01
-1.141334625807196979e+01
-9.893579086251648391e+00
-7.199797456216416869e+00
-7.536423663200859657e+00
-9.710342690349261119e+00
-9.910098826270134609e+00
-8.854177508820056275e+00
-9.862051200871617240e+00
-1.035716729712923367e+01
-1.058662340014117653e+01
-1.107186634338386533e+01
-1.097591338918225645e+01
-1.213524740030055504e+01
-1.344298889152704390e+01
-1.262179448480500277e+01
-1.164646069889500701e+01
-1.048375004446556602e+01
-8.159877370249358108e+00
-9.841401437699818899e+00
-1.282514367924665777e+01
-1.455204542198747575e+01
-1.484214855278267819e+01
-1.457876579260802252e+01
-1.465221913642371376e+01
-1.428326429688719656e+01
-1.430341867534733602e+01
-1.520161315541837688e+01
-1.477264174756125570e+01
-1.473738652661136861e+01
-1.463140988877033166e+01
-1.455416924079172958e+01
-1.513425700528351214e+01
-1.494059478275239350e+01
-1.518297658850664611e+01
-1.492293380999087660e+01
-1.405549433162329720e+01
-1.290377591716706895e+01
-1.335689416324862933e+01
-1.427803679794757130e+01
-1.260499878803625151e+01
-1.103935593035509477e+01
-9.993893407146059005e+00
-9.017926298701208765e+00
-8.475938291713644546e+00
-1.025763161336974427e+01
-1.106248356049805892e+01
-1.090373006790786370e+01
-9.251133579748890057e+00
-1.108760559442720961e+01
-1.511878702455581269e+01
-1.495622733193810205e+01
-1.380795814951211220e+01
-1.307204759353319723e+01
-1.352889915925393538e+01
-1.450290438940192672e+01
-1.521985453621257633e+01
-1.472518095552717732e+01
-1.381558027823750123e+01
-1.391607394748044157e+01
-1.359732141802353667e+01
-1.250778444841032844e+01
-1.153305343170838526e+01
-1.236788184417370040e+01
-1.326942789104937859e+01
-1.121220130384085856e+01
-8.987675014049276712e+00
-1.134478035060913825e+01
-1.429671710074455682e+01
-1.455965794668648350e+01
-1.468364755079441686e+01
-1.504957532522225883e+01
-1.481378103523149115e+01
-1.370406148795658297e+01
-1.173674087050335046e+01
-9.406272297832432017e+00
-9.435223358435374408e+00
-1.039554157069040485e+01
-1.123848828309575332e+01
-1.144728781942273521e+01
-1.149591383772643027e+01
-1.112367790690108293e+01
-1.142272658734111701e+01
-1.137768375915846164e+01
-1.226294359877457829e+01
-1.329032543063694760e+01
-1.216735364233755945e+01
-1.060151023260234560e+01
-8.112602474261709773e+00
-7.384438128818397118e+00
-9.183090658310019805e+00
-1.065288816017260132e+01
-1.257962474079287674e+01
-1.318885810965969263e+01
-1.307310683304213761e+01
-1.357187440281727930e+01
-1.460369915811056885e+01
-1.535519110162231549e+01
-1.498251454304663000e+01
-1.466080824177258890e+01
-1.519392806793564787e+01
-1.416994957399247568e+01
-1.437418961379969140e+01
-1.377944100107541558e+01
-1.335729662709083776e+01
-1.423113351620274614e+01
-1.493029904354814263e+01
-1.543669315890899618e+01
-1.509870011460611394e+01
-1.500393141050693124e+01
-1.492890214601467314e+01
-1.405689089273397308e+01
-1.291222581176300110e+01
-1.112388384122310292e+01
-8.874703128065707602e+00
-1.044380409081011685e+01
-1.130822724320204209e+01
-1.179178056743052494e+01
-1.187456091612795994e+01
-1.108704912499522521e+01
-9.717855283351694240e+00
-7.599645777217880038e+00
-9.855811449114172618e+00
-9.679664049342289189e+00
-7.592466993413445664e+00
-8.082824151110076016e+00
-9.852944303245395830e+00
-1.002699366972269779e+01
-9.751881445822487393e+00
-9.792990671689452142e+00
-8.618819582103144583e+00
-9.252784167995583786e+00
-8.940555181308209143e+00
-8.630142089431437569e+00
-9.412433955302153876e+00
-1.123099972781925260e+01
-1.343892706588015251e+01
-1.316078188132477678e+01
-1.137986092581966346e+01
-1.155066345785520276e+01
-1.318081121711816373e+01
-1.429483743072608526e+01
-1.467672115403205702e+01
-1.522980180997261535e+01
-1.562941083287821264e+01
-1.521264243773562086e+01
-1.519156534850000995e+01
-1.483543544559669236e+01
-1.366403697720089383e+01
-1.315269102342356256e+01
-1.189624538310410884e+01
-9.929445323697036585e+00
-8.857017311184456787e+00
-7.995223321815060125e+00
-7.370916593734309075e+00
-7.443923299000132943e+00
-8.883542235242780194e+00
-1.032434076494620356e+01
-9.084011727161596994e+00
-8.744979798110465552e+00
-1.009058276987895297e+01
-1.096357224990700452e+01
-1.149848383981208499e+01
-1.008257350730887225e+01
-8.091801707565904778e+00
-1.082482488417493904e+01
-1.393033034168448836e+01
-1.209899881916057041e+01
-9.943592789099005458e+00
-1.148089538637441187e+01
-1.274669819687492378e+01
-1.485030943500106915e+01
-1.544985089013986190e+01
-1.503344457984564464e+01
-1.486619326879268499e+01
-1.515974544401986535e+01
-1.513692878589124291e+01
-1.485235915203385915e+01
-1.464575150482227173e+01
-1.465782732823578272e+01
-1.450850213777599151e+01
-1.397829452145738571e+01
-1.274364994755550740e+01
-1.146607100205475938e+01
-1.234446265106787166e+01
-1.286254499797585815e+01
-1.297598709088916813e+01
-1.374407522947437599e+01
-1.512224383928260529e+01
-1.502301645606159575e+01
-1.384712473236537811e+01
-1.159873541167702271e+01
-1.058356100256983723e+01
-1.127077616221517609e+01
-1.089633039459679509e+01
-9.098428615363193472e+00
-7.328602914305556659e+00
-7.976114984375953121e+00
-9.481094007032524473e+00
-1.136052727545385288e+01
-1.350379729588630795e+01
-1.368831878994050655e+01
-1.450617379476994095e+01
-1.505666661810424678e+01
-1.398132247378468840e+01
-1.270407258608224410e+01
-1.195025006610527285e+01
-1.092224830717251471e+01
-1.039607788256694754e+01
-1.031885389479221438e+01
-1.117177869230007303e+01
-1.188004577641672910e+01
-1.242029732519496577e+01
-1.210143105804626273e+01
-9.634326131379827629e+00
-9.729110936958521805e+00
-9.607696182925749895e+00
-8.119172731960016876e+00
-6.388114887790838026e+00
-7.200059496614455767e+00
-1.252013385698010772e+01
-1.522740138037669055e+01
-1.488003147490185185e+01
-1.424860253993563752e+01
-1.428749583940071766e+01
-1.394567634235044551e+01
-1.201269589530181214e+01
-1.314311072240062117e+01
-1.416330646550961525e+01
-1.432942155124410455e+01
-1.420133624902554104e+01
-1.303985729995754994e+01
-1.324613711268910698e+01
-1.299931753571728876e+01
-1.192030265560915048e+01
-1.374017159567993573e+01
-1.435990567271446139e+01
-1.281864495110119151e+01
-1.215780164397932772e+01
-1.278568577189605904e+01
-1.100663229454451830e+01
-1.067210193721727940e+01
-1.280960248970963455e+01
-1.191102364827200866e+01
-1.024307653417507424e+01
-9.735452548691126751e+00
-1.025245546639920491e+01
-1.029247588475847941e+01
-1.065079331701017828e+01
-1.101881268391058732e+01
-1.073376134666935933e+01
-1.157249547045876703e+01
-1.145632250483413550e+01
-1.247780332918028279e+01
-1.305904965843525645e+01
-1.367189293205722578e+01
-1.284484738314340824e+01
-1.235352493805819662e+01
-1.204504238705191810e+01
-8.938395517811922986e+00
-1.037063960078286939e+01
-8.820069796177524069e+00
-5.538420272940715705e+00
-6.970978816574314507e+00
-7.442324787930491681e+00
-8.343939170163038099e+00
-1.048849300987965805e+01
-9.623754832970053741e+00
-6.516882208359995765e+00
-6.544657181496419618e+00
-6.833038826329246085e+00
-7.126599043428214486e+00
-9.699945183617952438e+00
-1.261155637271648544e+01
-1.468234804316436204e+01
-1.536275288798055172e+01
-1.431356846898382784e+01
-1.367897451964273436e+01
-1.412319788169974011e+01
-1.284441793676281307e+01
-1.123168875496982366e+01
-1.034140768263469212e+01
-9.717489190899970097e+00
-7.444688633014830081e+00
-4.769732436286625799e+00
-2.819443457713873169e+00
-2.005108198553389620e+00
-2.688054962606253095e+00
-5.389284719773832499e+00
-8.477135055642865069e+00
-9.545340831460642050e+00
-8.729874599916485067e+00
-6.591821681147671086e+00
-7.844683159511767201e+00
-9.089917252352002208e+00
-8.517546624919200227e+00
-1.074785020700066163e+01
-1.332109557875374506e+01
-1.109214934072089420e+01
-4.034397662404662022e+00
-2.085796975879984638e-01
4.796995026477861995e-02
1.186794073487137169e+00
5.128439854259649877e+00
4.327102945274694967e+00
3.228352827494778587e+00
5.260063218362405202e+00
2.856725356431497609e+00
-1.214299380991995303e+00
-1.216478174826479686e+00
8.860393616850426035e-01
2.576518908231286709e+00
2.200935990930835029e+00
-3.402875062879287427e+00
-4.331998937889172119e+00
-9.624226353886801144e-01
-2.934176339324473304e+00
-6.154999337584004415e+00
-7.292462252368315134e+00
-7.093004721634065035e+00
-4.835841670115189395e+00
-1.419755728014926444e+00
-2.543655264345285882e+00
-4.797618836735062509e+00
-6.034927512737760402e+00
-9.101941314565037189e+00
-1.031197976461152344e+01
-9.080315354647220616e+00
-7.468761790796002664e+00
-3.162159440733896432e+00
4.193472275986030451e-01
2.177116157255578610e+00
4.614570212361055468e+00
6.505676282233074481e+00
6.526835567645482783e+00
2.915593144482915289e+00
-1.234515571143478763e+00
-1.856705167289163683e+00
-5.286910211786303160e-01
2.030982489260608759e+00
1.786612734007634984e+00
6.328269266196333287e-03
2.026226989126776790e+00
3.771440216653241251e+00
4.253488471517903768e+00
4.087541308399673667e+00
2.465876349932408784e-01
-3.792390211174453185e+00
-2.108769793533333381e+00
-3.781571925984971161e-01
1.951875094172073749e-02
1.761494363888728154e-01
-1.153222461314462377e+00
-3.932401423821044961e+00
-5.939709177012268526e+00
-7.975779907755377707e+00
-1.016442065577238907e+01
-9.505310204242853445e+00
-9.168890719987961901e+00
-8.322836342829514678e+00
-6.815520983000917354e+00
-7.340640152681664254e+00
-2.879361389943615457e+00
-1.428542108459581517e+00
-2.042365566281288958e-01
4.363002942467592682e+00
6.620522544990784297e+00
6.680076279287345820e+00
5.187785317603915480e+00
2.532508273284708622e+00
-3.448579455933594939e+00
-7.680597284235210154e+00
-4.997939378998156990e+00
-4.212470698616531450e+00
-5.145403833640491698e+00
-3.683181796748372872e+00
-5.582775863448926401e+00
-7.932783940626833896e+00
-8.224584311451327068e+00
-7.738714966230368475e+00
-5.706339758959106945e+00
-6.609495299149163117e+00
-6.834485614281229360e+00
-3.672390868243171180e+00
-4.171767247653492827e-01
1.582250110337454441e+00
3.480408542026121932e+00
5.005316105173610808e+00
4.364753581946597016e+00
2.108959022315905152e+00
-1.188498400046660075e+00
-4.519475304954326589e+00
-3.094615880575538824e+00
3.777932358773732346e-01
8.512657155683835963e-01
-7.459189168968336503e-01
-5.090227583815220669e+00
-4.290174552775334327e+00
-1.987712991911609883e+00
-2.545056758222407289e+00
-2.969711922878182087e+00
-4.776643771164546415e+00
-4.533786280022026993e+00
-3.575152617627546103e+00
-5.363099059339366370e+00
-6.250683096958038476e+00
-7.695952702157442538e+00
-1.047567556455055104e+01
-1.039008374823465175e+01
-8.531977065558272955e+00
-6.489799816600557492e+00
-2.832412723488786366e+00
1.866259601510028565e-01
-3.032167549956134245e+00
-3.484455105427227917e+00
-2.094418356122733194e+00
-1.626951767812502947e+00
-4.531394155448088129e-02
-1.822037224859080151e+00
-4.021936027196647778e+00
-5.034149323657921116e+00
-4.360761123267423933e+00
-4.181710179251801662e+00
-2.856188261220367064e+00
1.152523257732788853e+00
2.131397457851602617e+00
2.614562960010207604e+00
9.635857925280563174e-01
-2.133144486580102583e+00
-3.857538025880512755e+00
-4.132117123784309065e+00
-5.913835648969610226e+00
-5.045128004180626569e+00
-4.201123057126989302e+00
-5.987475342578324700e+00
-5.221721091887156163e+00
-3.340574260080536373e+00
-3.129631879130977623e+00
-4.696207705184792580e+00
-3.898952885827609904e+00
-4.887044499113591955e-01
-8.249293900571993410e-01
2.834120246072933114e-01
4.244059182245472961e+00
4.639865269362482003e+00
3.351239156699019617e+00
4.811003922989349313e+00
3.284350036039012544e+00
6.268397430213873411e-01
-1.340195099742506279e+00
-3.237338989183476290e+00
-6.478676978583989943e+00
-1.151065285424051154e+01
-1.008889356226000622e+01
-7.875537104734182670e+00
-8.756697852426560402e+00
-1.120829293966155404e+01
-1.200766860987665829e+01
-8.778294885414142712e+00
-5.411900229839606169e+00
-2.647137869412413025e+00
-1.934428992335284481e-01
1.511116682157171154e-01
2.524466862110004151e-01
-3.152646243161672857e+00
-5.922485845799556614e+00
-3.134116731841290804e+00
-1.730565687154399734e+00
-4.010676316101424277e+00
-3.888841771866013985e+00
-1.444591821450579072e+00
2.512035703834890388e+00
4.628152735208527879e+00
5.689793829439237172e+00
5.520007304246939306e+00
4.622155561305839377e+00
4.442751313933157142e+00
3.268053124993492542e+00
1.906224151931583455e+00
-2.547355107308317823e-01
-6.181208233951837050e-01
-2.470960398229772981e+00
-3.442879029774157829e+00
-6.522253259891340749e-01
2.765305980204534553e+00
4.608276447917503127e+00
-1.169574695481582771e-01
-2.211024874171350962e+00
-2.276012912022219226e+00
-3.655360015416278419e+00
-7.884391337321240423e-01
7.245738594370494390e-01
1.799721797803361723e+00
5.466258033119779647e+00
5.666985793490036727e+00
-1.269884720913452059e+00
-4.432385637032832726e+00
-3.616628977847556659e+00
-1.402175237969648824e+00
1.018959064885291976e+00
1.862037477755902892e-01
6.043435966331300868e-01
1.130864922277573958e+00
1.612667606453045410e-01
-1.854957177146824288e+00
-8.202296022794073327e-01
-1.798529587780783201e+00
-2.841426328824447012e+00
1.332274439866679983e-01
3.355245088696200972e-01
-1.103827588693243822e+00
-1.043820639170082387e+00
-7.665547903503701077e-01
4.738624153103304648e-02
3.503690998461383099e+00
1.329293347219230315e+00
-1.742706712004995495e+00
-2.693439300294028005e+00
-2.408945551544333430e+00
1.994669125463458981e+00
6.938387337132657429e+00
1.053538885116403101e+01
1.288107992184009021e+01
1.307326208409415358e+01
1.346424057008606212e+01
1.388510624420160511e+01
1.333204782448946091e+01
1.029840827497505096e+01
6.421599613087781933e+00
7.390797586991023849e+00
6.059558378347022156e+00
4.649668284233059445e+00
4.182271306853341031e+00
6.196331346644240234e+00
9.922324019572533516e+00
1.199078360585276926e+01
1.122730105958941671e+01
1.005629592732445943e+01
5.419911456509426628e+00
3.421371907354035180e+00
5.565927966824581574e+00
8.153856392530922648e+00
1.166465359629213694e+01
1.369832729105017322e+01
1.297942434355456420e+01
1.015457181017401567e+01
9.172899448385669174e+00
9.944629753519821591e+00
1.204173767640107151e+01
1.392065838120118926e+01
1.568137984397840334e+01
1.552826607973465300e+01
1.400658163749898399e+01
1.544891920230373827e+01
1.543615609426710833e+01
1.276415383654056157e+01
1.351136721537386620e+01
1.446567630410219074e+01
1.457365327363836549e+01
1.269906379272760155e+01
7.959086178518332666e+00
5.006934881568163576e+00
5.922100519135653052e+00
7.432241943727393441e+00
6.890017260067597071e+00
8.259951713895166137e+00
1.090261243403730873e+01
7.939377762477660028e+00
6.573100628901935139e+00
8.598485791101197151e+00
1.038480251936213783e+01
1.136237922377193854e+01
1.233021787965413552e+01
1.248067012771573481e+01
1.269265563114733020e+01
1.480813857898338703e+01
1.470528619002010551e+01
1.013894781629213959e+01
5.350658230075377553e+00
1.765226416747818439e+00
-2.155717186333128588e+00
-4.729523621739019745e+00
-4.436578902962324378e+00
-9.627889881032680730e-01
1.918008013780058973e-01
-1.764932345359174481e-01
3.224629921771430929e+00
7.170167260677124510e+00
8.938055565922141454e+00
7.944475144326134775e+00
6.673031536601162550e+00
4.607396761295424525e+00
2.784212119722321077e+00
5.674154564872777584e+00
8.014670167796804634e+00
4.979118955770820421e+00
3.772493145285139793e+00
6.767278919166233031e+00
9.288586270465533090e+00
9.208120468953428173e+00
9.288751463437604272e+00
8.248345884505752679e+00
7.113751719742830382e+00
7.978608671042803024e+00
7.569926092187503563e+00
5.722814124766418153e+00
6.968280212474317281e+00
8.180820621303132256e+00
7.140800339503966754e+00
7.101502906043606345e+00
6.257744253212632835e+00
6.109948426255881415e+00
4.948312154993591783e+00
2.282259797773709131e+00
6.306189131193486119e+00
9.856456410353455766e+00
9.065240078705727456e+00
9.896306638040357484e+00
1.021621927349154646e+01
6.360771174516706594e+00
4.597985860819918669e-01
-2.170581497738462762e+00
-1.871516475303892868e+00
-1.002028049096562956e+00
-2.196442173199715686e+00
-4.060301527217793804e+00
-2.010461734917498688e+00
-2.134464935796435980e-01
-1.060116758004500559e+00
-2.116975194135267024e+00
-2.054421549988580953e+00
-1.266910271141930444e+00
1.840572825740790286e+00
4.162409250955665385e+00
4.895141694611526262e+00
5.376326124955721042e+00
2.847789161153796655e+00
-6.911932036491001963e-01
-1.585870058875479938e+00
-7.898549054247752665e-02
4.888351150503316589e+00
8.639153715153595314e+00
9.559536824769512720e+00
7.983661731678131090e+00
5.465172048276807359e+00
5.102588534483738059e+00
3.479835510582298230e+00
1.232452667392554435e+00
2.748182756947434413e+00
3.379566570345903020e+00
1.180646045318768600e+00
-1.579164644953268415e-01
-2.232509095352138484e+00
-5.066853616887346590e+00
-3.711013998711568451e+00
2.426443439669465185e+00
4.156814737315707831e+00
2.261266049183422666e+00
-1.198430436761159790e-01
1.031592604517753475e+00
5.965918569922166625e+00
1.117909321382526677e+01
1.456876655469695514e+01
1.360438999746696886e+01
1.263227499377643603e+01
1.215033930093906633e+01
1.211582015891930375e+01
1.084924755279501341e+01
1.224962978763003996e+01
1.448737452125239855e+01
1.057722590470320689e+01
6.093452141729955862e+00
3.813570032018251510e+00
3.425579847279123236e+00
6.345040025398014372e+00
7.807152987175169478e+00
8.236519821293752486e+00
9.349458146879447540e+00
8.740327701778516811e+00
7.601963377786137954e+00
7.972307129176944507e+00
9.127514085351480233e+00
8.421155054213903313e+00
7.244702375219582713e+00
6.732077673137542462e+00
4.617596572668958288e+00
5.482238977209775932e+00
9.553464458083139377e+00
8.533808667941057635e+00
4.797444256253157846e+00
6.415968465783699060e+00
6.480228493483596530e+00
4.353441891842101619e+00
4.033705852009239479e+00
4.475495227868901971e+00
8.271919829433626026e-01
-3.383811928932289437e+00
-5.155373025017947697e+00
-4.111682527720498470e+00
-7.806355036795971092e-01
1.536992973030116616e+00
2.843513911742239664e+00
4.952766805853869414e+00
5.090788918575923638e+00
5.643033390752779432e+00
7.157621983994498116e+00
7.366865949393235802e+00
4.839651505157575251e+00
3.913674878706205451e+00
5.953112793914951517e+00
7.372523415281082571e+00
6.406853702240587367e+00
6.006890858541731326e+00
7.146736319726309183e+00
5.916825998936865005e+00
6.173886169576848104e+00
5.723663580764916325e+00
1.353416372523436717e+00
-1.164631347437475872e+00
8.193073350696983975e-03
2.711142927883574139e+00
4.725586459640977566e+00
6.326288191540581529e+00
4.768955595437324391e+00
1.623575840437610829e+00
5.476250988018317445e-01
3.403634140664365759e+00
3.725810745668104662e+00
-1.869739078088269890e+00
-2.871123329007005953e+00
-1.516909423899333254e+00
1.302434643178331658e-03
2.526202951255678286e+00
3.625328244509286701e+00
4.665765220635094579e+00
2.922629481318439026e+00
2.278109506993342484e-02
6.872599801439657208e-01
2.005229471108002315e+00
3.207094836860621356e+00
3.587337275238798640e+00
5.768995422603912182e+00
8.322749969167219319e+00
8.855900829587758594e+00
9.276189113012282661e+00
1.022481171457311966e+01
9.651783761211786938e+00
8.084286947204946117e+00
9.982117344719034335e+00
1.149793586741833984e+01
7.714373904347666233e+00
2.733585118287488402e+00
2.920502475983492108e+00
4.983698197272508956e+00
4.871312994260085460e+00
4.944196968365769607e+00
3.340716813052264200e+00
1.637084489880988869e+00
3.669266758643116577e-01
-1.126121022401943339e+00
2.321870626475986299e+00
2.270470317198739707e+00
4.419171233029412504e-01
-1.014815124913104327e+00
1.719127452588444793e+00
5.670298003918494700e+00
6.613123709345899215e+00
5.127570271016232084e+00
2.864677013278567053e+00
6.026317065575742760e+00
8.586297444561143521e+00
9.731815790865415039e+00
9.448313939208173196e+00
7.216234690148689346e+00
7.871478677479123220e+00
1.211955187176086035e+01
1.440058688406292475e+01
1.356358332948309808e+01
1.114366669992230463e+01
9.224495265393159116e+00
9.522257994477829612e+00
8.138116046454936026e+00
4.610585354391361967e+00
5.442401323045515049e+00
5.263302861745288830e+00
5.653933222648819701e+00
7.497696504068252388e+00
8.332192401713042429e+00
6.133447800197161293e+00
2.817586057829874147e+00
3.838271972560976852e+00
3.173638350602955960e+00
1.452589604834374493e+00
6.181014604686791980e-01
-3.933614278597210440e-02
3.344647970141538362e+00
5.353238891439164426e+00
4.692698507770121097e+00
6.138109310445603484e+00
6.901750061513056700e+00
4.299876461607222922e+00
3.657437675968298940e+00
6.128448563203424904e+00
5.237557172274203587e+00
4.228962223881777227e+00
7.457161314557172460e+00
8.562807756721248609e+00
4.437854779624102797e+00
4.778787584152091483e+00
6.142635189129901363e+00
4.552329274033931839e+00
4.419426056007191406e+00
3.651275070054760707e+00
4.079834486150327066e+00
5.246520670345129034e+00
2.765476074729144251e+00
3.242306871817814073e+00
1.474720995965710602e+00
-2.255444304190648008e+00
3.131115640378162590e-01
7.630639911723933189e+00
9.445847618252340538e+00
1.041839121192378492e+01
1.342379275994238519e+01
1.248931169147520492e+01
1.149804920458551116e+01
1.334460554396988385e+01
1.076482509090898354e+01
8.395113976201658446e+00
8.454861828917092481e+00
9.113618124558366063e+00
1.030438136465504151e+01
8.972141592521165165e+00
6.631873565918302127e+00
6.062980668134684947e+00
8.700475261118384651e+00
1.205204233354434429e+01
9.929525138264972739e+00
6.996847957406269636e+00
7.049750052090718810e+00
1.107486966596058586e+01
1.374487043708077572e+01
1.390629799849300419e+01
1.136412263645189213e+01
1.140965382536476014e+01
9.488837201843775659e+00
7.515549424752478558e+00
9.157407930860349765e+00
1.180131266492124986e+01
1.356239825279362066e+01
1.084420179635779924e+01
1.001655292111363948e+01
1.042441579046149336e+01
1.106287385035341764e+01
1.307425129779820416e+01
1.198714535585175689e+01
8.276849675526774419e+00
6.446310628900867812e+00
5.649435479354502299e+00
5.802740686011526705e+00
7.317839469165593691e+00
8.825143355839651704e+00
1.126097462429436113e+01
1.392771521923675060e+01
1.329863254418664731e+01
1.229826257843236270e+01
1.129414568185875645e+01
8.415028586628615415e+00
5.581083649140921032e+00
4.991274725750200147e+00
8.940526848390238257e+00
1.364670059061936414e+01
1.287433838928736662e+01
1.110682378462904829e+01
1.387144987694049014e+01
1.544115098585610824e+01
1.430976310996279111e+01
1.407545546085118637e+01
1.497254934000976689e+01
1.634785477085484473e+01
1.848414702741995086e+01
1.846632043555526437e+01
1.658396016276513762e+01
1.667715408852375703e+01
1.780995235016253631e+01
1.751221889973944101e+01
1.731917374903393636e+01
1.710841636381349673e+01
1.706089892063122093e+01
1.736140000126040306e+01
1.390713084582291259e+01
9.130048005899688235e+00
1.151273393051617155e+01
1.443456923299969397e+01
1.313484810652993318e+01
1.004943348454776064e+01
7.950918750913419153e+00
6.559972227988086324e+00
6.272735037859320961e+00
1.035436714950617976e+01
1.515062605239587512e+01
1.633859896927898703e+01
1.736368548912629350e+01
1.694573321409463063e+01
1.625509800893444279e+01
1.619202312603432503e+01
1.628789897074721438e+01
1.748091112340420494e+01
1.696147407427097420e+01
1.593599161373317763e+01
1.588127757122436279e+01
1.559706344864996730e+01
1.352872668298857484e+01
1.445152522447713928e+01
1.455237853676818816e+01
1.335521530795696066e+01
1.543136991902203192e+01
1.538334218469402437e+01
1.451173736346423659e+01
1.575428356850707345e+01
1.621102113357615693e+01
1.654492109844781211e+01
1.741016649146676443e+01
1.705565038935333888e+01
1.606225705491414857e+01
1.594237771750248100e+01
1.481916417013477272e+01
1.580493448081525543e+01
1.586293935401509891e+01
1.482039748343729713e+01
1.640263816111536599e+01
1.611974397631838229e+01
1.414717281354318601e+01
1.366202110424021576e+01
1.339609534698096915e+01
1.400872205319901020e+01
1.641694870046274701e+01
1.785315302421877348e+01
1.784153150478838512e+01
1.689886038080343411e+01
1.732903255876125215e+01
1.820468959948905052e+01
1.718403067383749416e+01
1.552047918491830281e+01
1.667763898776131626e+01
1.677022833803069801e+01
1.590621401195094187e+01
1.571243942612236921e+01
1.653496462368333653e+01
1.568181752159932074e+01
1.170705839929391523e+01
8.021471208143514886e+00
5.805054435363154575e+00
5.941263945073252728e+00
4.670065801338457057e+00
6.212591168319945290e+00
1.074272809908590176e+01
1.116658052438033266e+01
6.404339004138457803e+00
7.165101343636355757e+00
1.140789849457689797e+01
1.396984700474504670e+01
1.552318903354756507e+01
1.530734664956000834e+01
1.437788534004580931e+01
1.509947790922357314e+01
1.628461193225546921e+01
1.559683636660720119e+01
1.478353351533722737e+01
1.503029229549989054e+01
1.559470720574767455e+01
1.594679438955506967e+01
1.624341952774006259e+01
1.497353233853035093e+01
1.260666712106919540e+01
1.172268295765221779e+01
1.035382254113888401e+01
1.081282729650706109e+01
1.235268408074082913e+01
1.321098204805461940e+01
1.461783557168819492e+01
1.333041683778419717e+01
1.370392283452759408e+01
1.402339207293628753e+01
1.222334907051260089e+01
1.252410155569861416e+01
1.292113612974880610e+01
1.252784002442288092e+01
1.372311888635514343e+01
1.579100354669419914e+01
1.690637165206801029e+01
1.635580710547241523e+01
1.456872185271225462e+01
1.383266727722219791e+01
1.452612968487057188e+01
1.554096790575576748e+01
1.675066855237582075e+01
1.742220586856489106e+01
1.714990694288313478e+01
1.723112256574665579e+01
1.696453373077796201e+01
1.559755144857779285e+01
1.391319808329546603e+01
1.418901472761384319e+01
1.427622045643505544e+01
1.434190141675008512e+01
1.622715735527783210e+01
1.753578318216881371e+01
1.727351899340262165e+01
1.611352317543585144e+01
1.548234959495645491e+01
1.564811087207549711e+01
1.583510880717904890e+01
1.514154006898299265e+01
1.440165324347151987e+01
1.432544029218016490e+01
1.291189555745254225e+01
1.212143589233176044e+01
1.386322386191771727e+01
1.528637471403491865e+01
1.486360006465365835e+01
1.420219566594099980e+01
1.386502606494385326e+01
1.218848163506300786e+01
1.034480908139180322e+01
8.880779229345943548e+00
7.727281840601275320e+00
8.722879633927256293e+00
7.765951154073333917e+00
9.539143861085111809e+00
1.505988899312303708e+01
1.694184244136733142e+01
1.708654575457661196e+01
1.740435364087628400e+01
1.770404698730303394e+01
1.794340886635690069e+01
1.742041489420509848e+01
1.704703943335374561e+01
1.710844009340566529e+01
1.662069318979742505e+01
1.608410691346492527e+01
1.662388726959298069e+01
1.730580508099611237e+01
1.757816569943859264e+01
1.766077406803623262e+01
1.788833912517904778e+01
1.743047807875778688e+01
1.653937174122576081e+01
1.709709663664245127e+01
1.658850424605144269e+01
1.507715515215622837e+01
1.431109910591747258e+01
1.541831816987323478e+01
1.491689181989183943e+01
1.499031577748620236e+01
1.410284543230352483e+01
1.191729774868209013e+01
1.229002950220630908e+01
1.380351743215313398e+01
1.512940387462292691e+01
1.586598395437301257e+01
1.518006613908506530e+01
1.360303367558995546e+01
1.191000810426369583e+01
1.063528999352154614e+01
1.307825742292257232e+01
1.538805741077677602e+01
1.498028423138129561e+01
1.475238045420944211e+01
1.576591334684358614e+01
1.532029405030643510e+01
1.507561984343496242e+01
1.486656156769350012e+01
1.464050988862934410e+01
1.581686006289099033e+01
1.647008171356500128e+01
1.587142946077801753e+01
1.738523179748711200e+01
1.831246923945731098e+01
1.869655073604852547e+01
1.879735766823705845e+01
1.863307579160257532e+01
1.793484499876159433e+01
1.683687085797227212e+01
1.653215025250123915e+01
1.694729395814509587e+01
1.624462454801236433e+01
1.640284492983605347e+01
1.691820389303751782e+01
1.754750579046227799e+01
1.788660888790618841e+01
1.671113287307152717e+01
1.701522902827717942e+01
1.683168604536034252e+01
1.601900744062098525e+01
1.607339310941590682e+01
1.693288218515175814e+01
1.794819832399746673e+01
1.815423228352089779e+01
1.622605670931038446e+01
1.165028297613197772e+01
8.320978727299292999e+00
8.602336882958452335e+00
9.184367706230505135e+00
7.791878325676525385e+00
6.913211429220013748e+00
8.820053900296354499e+00
1.093246237115159403e+01
9.561203301182764847e+00
8.235105316542197684e+00
1.326784609249534874e+01
1.534582648066337995e+01
1.498425531953985512e+01
1.602327754679964400e+01
1.502280875441638841e+01
1.374485491503148893e+01
1.387112044671508038e+01
1.394031015772736026e+01
1.540933118132964808e+01
1.612926901108414413e+01
1.424415422670731246e+01
1.184524051190378380e+01
1.085857650202500224e+01
1.143856793771429636e+01
1.319503771696476946e+01
1.354358409411816133e+01
1.353259976291463218e+01
1.287301845946059409e+01
1.072033243034152150e+01
1.126668261087742096e+01
1.368252762297322001e+01
1.428533296507040795e+01
1.539035552693742837e+01
1.615905457525363786e+01
1.477780424580917185e+01
1.306270727001333931e+01
1.278961475699645511e+01
1.102221957386118589e+01
8.730351836355564998e+00
1.080390480092350103e+01
1.472431265726819660e+01
1.708218800163544770e+01
1.800359908797546638e+01
1.695808560053314551e+01
1.709545966432935771e+01
1.796610204138514888e+01
1.817269546370046740e+01
1.801052430432363138e+01
1.729377802266581199e+01
1.607278762913414027e+01
1.337483277703907270e+01
1.034396462268673744e+01
1.110041299785597602e+01
1.272638454015539011e+01
1.414372321005795818e+01
1.290808820527534806e+01
1.194566590762154590e+01
1.411494608770542847e+01
1.508265663919682531e+01
1.432425998381498466e+01
1.383769439664395051e+01
1.372463399563473452e+01
1.292093816978389320e+01
1.395289411926310308e+01
1.537094405013523080e+01
1.291393069755971901e+01
1.018050451911858900e+01
1.222596612297883212e+01
1.264053196842769466e+01
1.140577458077108020e+01
1.078768825913084761e+01
1.313471642897300917e+01
1.559396404485327636e+01
1.514417733074145112e+01
1.303263861618633968e+01
1.288867885550973824e+01
1.428741357023058889e+01
1.554543349127479956e+01
1.606834945056452568e+01
1.522772709335403896e+01
1.476226020204470402e+01
1.451198671199647272e+01
1.308285892439256592e+01
1.019261085837955783e+01
7.779547021991892741e+00
9.050726731746793874e+00
9.906786317521619978e+00
1.106337279836505338e+01
1.350829373043685599e+01
1.475633673277874891e+01
1.559777891348025314e+01
1.508779286895425287e+01
1.581098338143057269e+01
1.623001813246897385e+01
1.580980497234427595e+01
1.581308643130568825e+01
1.624955562058878655e+01
1.582786259070341828e+01
1.390831794792057252e+01
1.308147022219612765e+01
1.293037831673931670e+01
1.199794003144559440e+01
1.136894217311743915e+01
1.099953745916890213e+01
1.196851708525780467e+01
1.069379814238166659e+01
9.089358909423202348e+00
1.175375824103541156e+01
1.341973260543454671e+01
1.327349873524534551e+01
1.343521239435532166e+01
1.475126706741955473e+01
1.589402808639196074e+01
1.471259722835475614e+01
1.530920326371319362e+01
1.623754378874351545e+01
1.612892820505212654e+01
1.513320649575422649e+01
1.490623745825540603e+01
1.541352824708665636e+01
1.475186746439443830e+01
1.346282428616399507e+01
1.328819146708740639e+01
1.238061997058234631e+01
9.418520913812198359e+00
6.935427880234158238e+00
1.070362090849191183e+01
1.405633566141356994e+01
1.453806785888014907e+01
1.569579367676324999e+01
1.503503280609842108e+01
1.500946631726615799e+01
1.508257312819536899e+01
1.429881708803492657e+01
1.548038393931645373e+01
1.526760125164890880e+01
1.472855263610462728e+01
1.610320532126071313e+01
1.517315582049315381e+01
1.193794007229807619e+01
1.384632870245584080e+01
1.538849245046767322e+01
1.574795906485815067e+01
1.570610094762416331e+01
1.458389828900371654e+01
1.386262597904300087e+01
1.515422234367121668e+01
1.504493101370879415e+01
1.449123687972655539e+01
1.501111596690367911e+01
1.206239904178130296e+01
7.908748245653009157e+00
1.149404096029781996e+01
1.231101158922093219e+01
9.761406121082560006e+00
9.418801230674770153e+00
8.362074198270329717e+00
6.535704476189802214e+00
8.197929693711817123e+00
1.233350334784773850e+01
1.591982261666558252e+01
1.586535145837128979e+01
1.348016917963641248e+01
1.327420061540117224e+01
1.370157141058131955e+01
1.497202830279083052e+01
1.607240956616061567e+01
1.511151613945720129e+01
1.556426294613759254e+01
1.629345744875404023e+01
1.641789460156553915e+01
1.702334894864333847e+01
1.645370294668912337e+01
1.487867031815079244e+01
1.305332958639817242e+01
1.250041652896393352e+01
1.285888900568940585e+01
1.290679870097583581e+01
1.360661618820531160e+01
1.466439014305118249e+01
1.319154530112516532e+01
1.239967069382282006e+01
1.222675730320105636e+01
1.299321568285764883e+01
1.413381926404899147e+01
1.229024723221529314e+01
9.777100514270445686e+00
9.486909955723396237e+00
8.238570431044321296e+00
7.416924240171700156e+00
6.905668968667912466e+00
5.050307958003604547e+00
1.341596502887747455e+00
3.977226262052588446e+00
9.803696300456204327e+00
1.073013254541950801e+01
1.056103918511924178e+01
8.652011830741223264e+00
4.200076237142861046e+00
2.450390918022116615e+00
4.254974256315811054e+00
6.645447624333783665e+00
6.655754020750292987e+00
6.882496315326418035e+00
9.035843949805199671e+00
1.140665140100624164e+01
1.237217506144407508e+01
9.910187694139743542e+00
3.429045254846294633e+00
2.186438611898949613e+00
2.932746074490032218e+00
4.868847084454214880e+00
4.682159597996803591e+00
4.281664814264868113e+00
7.977052752513373868e+00
1.028722336452355535e+01
1.104407871249687823e+01
9.489782528075565438e+00
2.201779846581596534e+00
-1.244899137226708641e+00
3.848943841313940517e+00
8.085173692888302455e+00
8.897143780974587912e+00
8.612903139774070738e+00
7.708574612519345060e+00
4.375489777142462344e+00
2.400226653987178604e+00
3.240135730952882653e+00
1.806882322409182784e+00
2.766076783864211741e+00
1.230760628048505545e+01
1.513986292700264613e+01
1.517263595416686606e+01
1.482827034829997714e+01
1.282545152095067920e+01
