-1.580726275461898567e+01
-1.526780515466126609e+01
-1.510732769495780303e+01
-1.458977810946513110e+01
-1.461587521492319297e+01
-1.554713303490256315e+01
-1.529169398657733936e+01
-1.412576124060949567e+01
-1.205001122325138319e+01
-1.098783474656864634e+01
-1.096403551702263712e+01
-1.129617993660232500e+01
-1.195620100160647681e+01
-1.048040310662853081e+01
-1.141362578756138468e+01
-1.341759119709477943e+01
-1.378097435454869846e+01
-1.346803488039880747e+01
-1.186908959903735550e+01
-1.007975947786748883e+01
-9.318661992284056339e+00
-1.171133748823507759e+01
-1.344438780067517492e+01
-1.336434198269819618e+01
-1.220252301582758214e+01
-1.150927435880058347e+01
-1.133560939643140308e+01
-1.090360925201584230e+01
-1.199126917931562097e+01
-1.275631744841442305e+01
-1.137968244761908032e+01
-9.738664163357341863e+00
-9.839698857821158384e+00
-1.186750095319552933e+01
-1.466662461732841294e+01
-1.413406721331112870e+01
-1.279180549661320221e+01
-1.198443306610176862e+01
-1.173352998787482626e+01
-1.003897161828001039e+01
-6.570683707029216336e+00
-6.191000383291445530e+00
-8.460113511343335446e+00
-1.024877047931827612e+01
-9.673882674205643184e+00
-8.583769713527429346e+00
-8.044200311858984875e+00
-8.246678522815926726e+00
-9.241253238386574864e+00
-1.051420321469070274e+01
-1.238294654731658362e+01
-1.244941925617080614e+01
-1.252230108007647402e+01
-1.158383838013079092e+01
-9.942850490742136671e+00
-1.083382579079307284e+01
-1.138900622928901107e+01
-1.111419509953010376e+01
-1.135720981223559001e+01
-1.103735680663684171e+01
-1.031031941461533918e+01
-1.031526480747046826e+01
-9.159069995973881717e+00
-9.710335690149429766e+00
-1.205819197196273151e+01
-1.113121501846273098e+01
-9.764538637733233273e+00
-1.035752718838132047e+01
-1.114069903314277532e+01
-1.247736335712808220e+01
-1.265692033491614232e+01
-1.182142441638711894e+01
-1.103222551377622374e+01
-1.011611643312504327e+01
-1.136170946587683162e+01
-1.181508342554673696e+01
-1.050949305694795832e+01
-1.054856969136607070e+01
-9.824769981331451518e+00
-8.610883342707241539e+00
-8.061028580949196609e+00
-1.022488416609981066e+01
-1.000629276131103218e+01
-8.628072504121897524e+00
-1.065915393041142600e+01
-1.131313759163439414e+01
-9.872847645751482659e+00
-7.276341289545368518e+00
-6.469526534334456791e+00
-7.551291881968376529e+00
-7.760153443570636078e+00
-5.281011357054514299e+00
-5.075902190171009742e+00
-7.082988636706655683e+00
-7.700934405455588383e+00
-4.871740667554323778e+00
-6.463739186440993656e+00
-9.930169006188124925e+00
-8.636620077220793945e+00
-6.879364762087772256e+00
-7.549157048178780194e+00
-8.533085236546293473e+00
-9.204887893443340019e+00
-8.056571577954663610e+00
-5.454865572018755771e+00
-6.642432420100951695e+00
-6.840847698043018177e+00
-5.545694379868196577e+00
-5.738583955633861144e+00
-9.212468928781605726e+00
-1.129871403308483480e+01
-9.965577075315687594e+00
-9.029738230486495709e+00
-9.335163039368405080e+00
-1.086602971263775252e+01
-1.167769431621443310e+01
-1.000559054511277957e+01
-8.735027198216370081e+00
-9.663566993786366410e+00
-1.074835005982842517e+01
-8.316974937301052861e+00
-8.067243357984986929e+00
-7.693929507884170071e+00
-5.128774001598819687e+00
-8.804615695778595708e+00
-1.103588939379650746e+01
-8.533897656817961419e+00
-9.172171139681012164e+00
-1.032036622892119659e+01
-8.400529069358055878e+00
-7.911686034815294200e+00
-6.899676312227477126e+00
-8.314638150898749913e+00
-1.075012858549129113e+01
-1.249107193085579759e+01
-1.386208843995626872e+01
-1.390345897049128077e+01
-1.228554959495500576e+01
-1.330801821211209557e+01
-1.383707166225380725e+01
-1.095206623713260363e+01
-1.094858000804321740e+01
-1.183876868888199674e+01
-1.165024448131452317e+01
-1.256689425798391824e+01
-1.165708641730332396e+01
-9.011711976392307477e+00
-1.038293486419049927e+01
-1.002234495419917870e+01
-7.449871359538449589e+00
-7.772236859612262627e+00
-9.611983102672143175e+00
-9.422180967643578597e+00
-6.466156039478856421e+00
-4.288502123771293029e+00
-2.512189496497279961e+00
-6.006072740720542757e-01
-2.605751450157899329e-01
-3.675506367025960230e+00
-6.787087176942720568e+00
-7.981914414591011919e+00
-2.860956874553473472e+00
3.720980358423078282e+00
-4.142832138835886857e-01
-8.973605347756107520e+00
-1.263324910438482540e+01
-1.224549259057794792e+01
-1.114381512312243139e+01
-1.165493614499269803e+01
-1.277359343982661244e+01
-1.315995223499634825e+01
-1.384861855514514595e+01
-1.507276199653538562e+01
-1.424492744636196484e+01
-1.221079917090592559e+01
-9.904632919728390661e+00
-8.808197558744135236e+00
-7.080577786118243289e+00
-4.953527589249371310e+00
-5.521681466242939429e+00
-6.102608282473618750e+00
-6.477610451019303106e+00
-5.335034385177014116e+00
-4.302891780328387483e+00
-1.609564898719379133e+00
-2.302674776782938970e+00
-5.309734978960462648e+00
-3.342007977040699629e+00
-2.872858238401930109e+00
-7.280734947651892774e+00
-5.337430272658765240e+00
-1.646909857005439237e+00
-6.191397917995678846e+00
-9.668452916271837339e+00
-9.780046060987530154e+00
-8.404371195986479748e+00
-7.963914008564633384e+00
-7.894210209034094206e+00
-9.995854304514212529e+00
-1.306037472233147234e+01
-1.407116867672904625e+01
-1.416396078505482414e+01
-1.313131676925361901e+01
-1.236082705992690656e+01
-1.257649177897579840e+01
-1.215744626327412803e+01
-9.236780896911469085e+00
-6.343425683634272616e+00
-8.208785706291696016e+00
-9.457992494038224507e+00
-1.002896029483445872e+01
-8.691669962100814217e+00
-5.635226826564205815e+00
-5.818284569337451195e+00
-1.007758249302440667e+01
-1.291347847586700404e+01
-1.250325657738993534e+01
-1.342317638551691239e+01
-1.547307347535449651e+01
-1.537634810608589397e+01
-1.409769528736075195e+01
-1.256880311913256598e+01
-1.064555376461064995e+01
-8.860326197468216591e+00
-8.990977848876516632e+00
-1.072862427006688257e+01
-1.238344684466783363e+01
-1.061119364733298731e+01
-6.702285346373604291e+00
-6.649611925748779129e+00
-7.943425325479672949e+00
-5.931205712200404712e+00
-3.638850095657363504e+00
-2.325252049615586625e+00
-4.381540734415195537e+00
-5.325210670125152035e+00
-1.153451065960889421e+00
1.083274621221174572e+00
3.481867249540020026e+00
4.022224634734027582e+00
-1.392659029818982486e+00
-5.278788785253172300e+00
-5.981744006473825870e+00
-5.683337843075255691e+00
-7.462014313584615088e+00
-7.247660655395316454e+00
-7.870052506934816172e+00
-9.777526020938964280e+00
-1.088337092243663484e+01
-8.347496974373038725e+00
-5.398334486672220933e+00
-8.901363838569787745e+00
-8.992124338655054672e+00
-7.980242465143025044e+00
-9.632607569826001637e+00
-8.392652761296153230e+00
-9.026682489933568476e+00
-1.343777779752412549e+01
-1.335775452840191768e+01
-1.041060590505597361e+01
-7.575817415431069790e+00
-5.135673836162662376e+00
-4.948968777825003329e+00
-5.256013386042740265e+00
-5.665169251313117549e+00
-5.835960068255418243e+00
-8.018630837741804740e+00
-1.037308412844148897e+01
-9.991314181976592934e+00
-1.066616143968755814e+01
-1.343936625966578369e+01
-1.117328483298024544e+01
-5.949133358617939571e+00
-5.388384903137006354e+00
-4.505034684181958404e+00
-2.948615942236007648e+00
-5.516173868369214972e+00
-9.799727976164367860e+00
-1.080297913034053714e+01
-1.032730733676409507e+01
-8.439009473241304349e+00
-4.516364556024865529e+00
-1.579305251835971813e+00
-2.816050359362378241e+00
-7.020926135286749137e+00
-9.882614506222973105e+00
-1.256544020026582587e+01
-1.216709657189593408e+01
-1.099632253674116455e+01
-1.346345365568256547e+01
-1.269623334655858926e+01
-1.156360227421607867e+01
-9.759036665813050959e+00
-7.527835247985364298e+00
-7.068998193340093827e+00
-9.072835118089892958e+00
-1.208306388839277012e+01
-1.120334433849804512e+01
-4.670016997820623850e+00
-6.323043823854632706e-01
-2.757513699658979967e+00
-7.474170779228283656e+00
-9.554553182108277198e+00
-9.044163179386192297e+00
-8.153901973652402546e+00
-7.543025780305041117e+00
-6.841524373271021808e+00
-6.635814907730767764e+00
-5.753037917308252425e+00
-3.099649825919267077e+00
-4.328489452919247249e+00
-7.398774127352843344e+00
-9.863683574004175725e+00
-1.220712385315104598e+01
-1.146421127155526953e+01
-1.140543024235727110e+01
-1.088890548259264079e+01
-1.004779727090977559e+01
-1.155176891606120115e+01
-1.190699478718401849e+01
-1.275499276513005498e+01
-1.208773152708373466e+01
-8.024211374841845767e+00
-6.904356553992350598e+00
-6.310370812339908930e+00
-6.135093305467100855e+00
-2.527034858175444487e+00
-1.733101575004525330e-02
-4.057913195334161394e+00
-8.236008449502458362e+00
-7.603286452567323828e+00
-3.143695690635940565e+00
-5.314089737475367947e+00
-7.306730537243411483e+00
-9.897944856218906295e+00
-1.390210414922888482e+01
-1.462579768828986992e+01
-1.347859218577891660e+01
-1.183253459424719090e+01
-1.016014499991032771e+01
-1.037741828107385800e+01
-1.038960137068997902e+01
-1.126372606187378267e+01
-1.260503525040593864e+01
-1.022305004423004071e+01
-6.816864028006953902e+00
-8.798856877065105664e+00
-1.089088250746252307e+01
-6.360882452322109692e+00
-3.543538744842702481e+00
-4.593183350509637997e+00
-8.258219197244487830e+00
-1.058104915346228481e+01
-1.122752365616219983e+01
-1.108717058297284375e+01
-1.056398469128914996e+01
-8.933672714147048666e+00
-5.571580705685094337e+00
-7.473816557774589420e+00
-8.539832454743391921e+00
-6.988618894039587914e+00
-5.172498947501057209e+00
-7.096605721358252516e+00
-1.159096835227324540e+01
-1.219559482278982543e+01
-1.174534014128337844e+01
-1.129315491213688638e+01
-9.148390219664644718e+00
-8.270961024748070045e+00
-8.912375071277438110e+00
-7.701861270821914296e+00
-9.633350587586408054e+00
-9.887143972456694740e+00
-5.218497755188799658e+00
-2.102072952291252683e+00
-1.793964990650876778e+00
-3.823786846749549717e+00
-5.918345057872678616e+00
-6.617936527040900963e+00
-7.443244050531276024e+00
-1.025645294490660042e+01
-1.023774782938216354e+01
-8.585746152660735930e+00
-8.551618609650651237e+00
-9.264153633635034524e+00
-1.164277625512090530e+01
-1.278438165503156831e+01
-1.280810383480678816e+01
-1.319584864003528502e+01
-1.090188820941917847e+01
-9.560470959250107370e+00
-1.071096838846838928e+01
-1.084336295317031684e+01
-9.351755769064451940e+00
-8.821058549031439711e+00
-1.060041105246028614e+01
-1.120196449351997892e+01
-7.690057891722903882e+00
-2.708191496194789494e+00
3.177843970301133525e-01
-3.910542371511173343e+00
-7.439793489915834002e+00
-5.787756148487428476e+00
-4.234915858581177694e+00
-3.053455754620459928e+00
-2.492826690114205990e-01
-1.627904834518285604e+00
-4.387275168998455932e+00
-5.430991723961860806e+00
-4.837076123748431655e+00
-2.502170642048803906e+00
-3.756256008107438760e+00
-7.544201702137327992e+00
-8.073278690395206070e+00
-7.123879342173258244e+00
-4.687721476981228541e+00
-3.784186545142789626e+00
-4.900846584334000333e+00
-5.423348369324046736e+00
-5.106442920147286735e+00
8.873339846864659597e-01
-1.313307518575290267e+00
-3.734888043171799232e+00
-2.244945788332125325e+00
-1.555339374910612138e+00
2.640062965518530813e+00
3.352473111607525258e+00
4.341972283689991663e+00
7.100858487242803996e+00
6.632412048252876779e+00
2.929371822316430674e+00
-2.979219516968298898e+00
-6.642099875928777486e+00
-7.680757876583347077e+00
-5.369404023134435988e+00
-2.635164621208079705e+00
-4.489442883010645424e+00
-1.925942744231514014e+00
5.282410361917541763e+00
2.551550745477089599e+00
1.606702373810151130e+00
1.491111305415161237e+00
-4.179738622794361369e+00
-7.202238203787666215e+00
-7.355526234742963076e+00
-8.367027213439374833e+00
-7.087673365155996663e+00
-4.128776858745177414e+00
-2.563077029586463329e+00
-2.177919533620438663e+00
-4.205155024287389409e+00
-7.397617213059670682e+00
-6.102600455690358139e+00
-4.506813029639369361e+00
-4.958665120456072550e+00
-3.086675827265994876e+00
-3.658589524659797476e+00
-7.028072837612433510e+00
-7.259555693208592508e+00
-4.548115738614936454e+00
-6.105399121726819978e+00
-5.641171854318860035e+00
-2.972433879442345273e+00
-4.017016653669638337e+00
-3.701148023293485245e+00
-3.992986498677031371e+00
-2.434181203124527570e+00
1.397683342000872297e+00
2.550885568518360014e+00
7.245074112355263107e-01
-3.028536029475078273e+00
-3.583959783596023740e+00
-4.603308735944165342e+00
-6.783985872741442158e+00
-6.717576025621155189e+00
-7.031331090353373447e+00
-7.078561188677271687e+00
-5.740271903892065986e+00
-1.839398851529171708e+00
-2.721800874820895721e+00
-6.772347516589200644e+00
-5.862022966763606568e+00
-5.602839857177307259e+00
-7.941868657442443968e+00
-8.600721597019061804e+00
-8.225357851730413117e+00
-9.055135526589504380e+00
-8.140952012878306832e+00
-5.408745841291549006e+00
-4.890689990514663243e+00
-4.242341413915302617e+00
-5.972885934482460080e+00
-5.307584799025733879e+00
-1.888336457415185965e+00
-1.876823535228449691e+00
-2.956419040216004657e+00
-2.977327191387585614e+00
-2.540488571268590401e-01
-3.155036469472617178e+00
-6.676670348172501157e+00
-5.409787368825353937e+00
-6.550642874857056874e+00
-8.706604993047799113e+00
-9.478731574164056539e+00
-8.503564618235527561e+00
-8.808201358703071193e+00
-1.092130619097094346e+01
-1.073421915880864219e+01
-8.204667547521649951e+00
-8.893620727809357973e+00
-1.189472031173245803e+01
-1.167432258078376073e+01
-7.329890057310564977e+00
-6.552599061067839514e+00
-7.163396886835921684e+00
-8.342201343392755319e+00
-7.486617891690494631e+00
-3.647579480860964729e+00
-4.495461806048749231e+00
-6.323804477709543015e+00
-3.840037126954830349e+00
-3.870754387097902871e+00
-5.138853054153188715e+00
-4.301428673859357232e+00
-2.105194852049535825e+00
-3.062800957888243136e+00
-3.931601552967333824e+00
-4.119224903622549228e-01
-1.925791245192546075e+00
-3.688190731776547437e+00
-3.054640103697312536e+00
-3.952616111367751817e+00
-4.419077868085178551e+00
-4.207163342074855095e+00
-2.051247173319618700e+00
-4.797947882207617698e-01
-1.139885189060471787e-01
4.393728707779957499e-01
3.773851272698944825e+00
1.349011581601066156e+00
-2.517611252508224595e+00
4.900188207953634079e-01
-6.401055313140785984e-03
-4.706082443594888254e+00
-4.677610932613933237e+00
-4.376346346643117613e+00
-6.165916291436076335e+00
-6.973873841159035081e+00
-3.406156361607682204e+00
-4.649692954519917265e+00
-8.899185655639621828e+00
-1.079702353557823358e+01
-1.190662186291817015e+01
-9.707326233826831796e+00
-1.221062035141620816e+00
3.529040841759499614e+00
2.301962437853910526e+00
1.574217284620012203e+00
4.267498591419427889e+00
3.338714892462510964e+00
2.604430099827117928e+00
2.198414509360002267e+00
1.847108933797167563e+00
6.155912686794043909e-01
-4.894946300873594502e+00
-7.570301620367070328e+00
-6.552036675115394893e+00
-5.993936386560410945e+00
-7.083927606299102564e+00
-9.355474976934074149e+00
-8.699547747703279654e+00
-5.548687158134456787e+00
-3.365771747031992334e+00
-1.535123048299095405e+00
-5.246510908126290396e+00
-9.452103355334488199e+00
-9.953957920851163266e+00
-6.923725887069362095e+00
-4.821293154443107021e+00
-5.999737140148658554e+00
-4.806084374694599148e+00
-5.478373082203689570e+00
-7.613224699287038710e+00
-8.382873135348360094e+00
-1.069053774463340467e+01
-1.157971534255787915e+01
-1.247535592344108757e+01
-1.270906026066920980e+01
-8.927590601766523193e+00
-9.230420922680931284e+00
-9.486902577618748111e+00
-9.544659040641180425e+00
-1.202862685265441911e+01
-1.209472739682023068e+01
-9.799014622371178262e+00
-8.212210657852462958e+00
-6.680532503822612433e+00
-5.038366513980872874e+00
-7.599440348067465045e+00
-7.728573408244279186e+00
-6.471774112813286628e+00
-7.052514331089679622e+00
-8.102738329659674221e+00
6.470665775920301233e-01
-1.075776562762732347e+01
-1.192483728645781049e+01
-1.235977750642757478e+01
-1.340861502381680204e+01
-1.266516285482784987e+01
-1.179814504403591613e+01
-1.294196533902501223e+01
-1.069756685522287221e+01
-9.299425943274895801e+00
-1.119887189100638025e+01
-1.385065333051767844e+01
-1.428122909125755591e+01
-1.400713682894305023e+01
-1.518019584645194620e+01
-1.438915046187221058e+01
-1.558693027382857998e+01
-1.652084657890322816e+01
-1.606368457608240519e+01
-1.441239457239744226e+01
-1.416207085368297669e+01
-1.615211601452839218e+01
-1.658758651645234394e+01
-1.616736159687257057e+01
-1.609485698151613065e+01
-1.649712492641998907e+01
-1.623547469990578307e+01
-1.452454808563536481e+01
-1.379127393189830109e+01
-1.492383189074815242e+01
-1.609598880400315224e+01
-1.617023469991257301e+01
-1.587940444783328964e+01
-1.632090220832435179e+01
-1.679218083056148103e+01
-1.676093835119155528e+01
-1.641574391110868802e+01
-1.572465789100132838e+01
-1.422114435831209001e+01
-1.243584324624992021e+01
-1.477003731786704499e+01
-1.584504897803609502e+01
-1.503797158509373766e+01
-1.529435559025274216e+01
-1.597666618867091692e+01
-1.564621436542231869e+01
-1.374506098590556924e+01
-1.408917804894240078e+01
-1.372691303549890840e+01
-1.242804340638378413e+01
-1.385471730065134288e+01
-1.571067599996477426e+01
-1.421206800861748043e+01
-1.391362482383038746e+01
-1.354778594236373657e+01
-1.149426476580141632e+01
-1.325603337562302819e+01
-1.366187332046655634e+01
-1.100996553141200529e+01
-1.280655571402944126e+01
-1.433187064523392884e+01
-1.430593219518476467e+01
-1.205568728323562233e+01
-1.092794951473886833e+01
-1.117704434453611562e+01
-1.071175932071420966e+01
-9.329459003973388675e+00
-1.186629866588314997e+01
-1.409936958706490273e+01
-1.413668641786447289e+01
-1.415759508047228543e+01
-1.519759918993982772e+01
-1.447735268673545228e+01
-1.270953114606404455e+01
-1.397633008380924302e+01
-1.571695729116321694e+01
-1.578497295162020997e+01
-1.387821802685647476e+01
-1.417971523958756386e+01
-1.411882908648240509e+01
-1.304773284582627646e+01
-1.372803358133973894e+01
-1.451636768020610013e+01
-1.529684360828177780e+01
-1.455270838376890019e+01
-1.292520981706412186e+01
-1.424872782373301838e+01
-1.485591804484852219e+01
-1.445054889022291356e+01
-1.517838392330537900e+01
-1.544622473223849823e+01
-1.566726960111617295e+01
-1.590417672622166556e+01
-1.553290173966063037e+01
-1.404377930000140573e+01
-1.264639058479132494e+01
-1.208855124397709524e+01
-1.440555608299030155e+01
-1.623129210729006289e+01
-1.544336700298027587e+01
-1.591442760936946854e+01
-1.364070544237285709e+01
-8.364197809682652363e+00
-6.959017182083218955e+00
-6.748575015343141636e+00
-6.185752152038952012e+00
-4.948801517157995100e+00
-6.156818760334962448e+00
-7.995735935300518626e+00
-8.627573304092702955e+00
-1.210065456984933441e+01
-1.083563812878318977e+01
-8.926855601909252869e+00
-7.908740951064431535e+00
-9.363851885181610157e+00
-9.944619052537184700e+00
-8.824216027163990006e+00
-6.475978444505215315e+00
-7.507414853050079273e+00
-1.094576567056454586e+01
-1.077086542409566228e+01
-8.869917202696443681e+00
-6.902071875836303327e+00
-4.664526492713498840e+00
-4.788084569384621680e+00
-6.081956317454109140e+00
-8.188840523978283770e+00
-8.687160253202469207e+00
-6.803747825233416258e+00
-5.290743228179395352e+00
-6.843986304753811645e+00
-1.041895599193174959e+01
-1.102246893080087986e+01
-1.284817679923949996e+01
-1.490261957313513363e+01
-1.537432384925166140e+01
-1.504603292240282819e+01
-1.511291208600687064e+01
-1.606018195648705316e+01
-1.584959546787464113e+01
-1.540614122811813047e+01
-1.590801158222046219e+01
-1.474986779337824849e+01
-1.435745027892403947e+01
-1.385057880856721546e+01
-1.272401441592166016e+01
-1.162569156621611022e+01
-1.154563513134266728e+01
-1.285871629941751948e+01
-1.309629883611417789e+01
-1.217649498465537050e+01
-1.236232839099198166e+01
-1.114919537416041884e+01
-1.099541906748923914e+01
-1.087079019735104346e+01
-8.639363363520338623e+00
-6.292626497138184227e+00
-6.326019529298284816e+00
-9.163643954885257514e+00
-9.694766459112274859e+00
-1.040214739969974467e+01
-1.269349232651814496e+01
-1.415248287081457157e+01
-1.563706931864670757e+01
-1.483806744395501376e+01
-1.339258068732829443e+01
-1.327196644114411050e+01
-1.087438597170840282e+01
-1.093577499339174786e+01
-1.121428209487283389e+01
-9.039572928060318091e+00
-9.927388115077629749e+00
-9.706913807797922900e+00
-7.798974527899120268e+00
-6.458143797555638166e+00
-8.433593486620550195e+00
-1.206413250647004531e+01
-1.321845371212778097e+01
-1.404275731061356147e+01
-1.465241062411944739e+01
-1.480125884979160311e+01
-1.418114933604861783e+01
-1.376920365060629514e+01
-1.322839447753376696e+01
-1.255011344222990921e+01
-1.188917350613172630e+01
-1.051385494138283860e+01
-9.974212574064205583e+00
-1.085411332349871216e+01
-9.954445489102255351e+00
-9.400388100673909619e+00
-1.185203628916151253e+01
-1.189181501688408638e+01
-1.250280821947672649e+01
-1.289499481976696593e+01
-1.082551426486538659e+01
-9.712008712829470980e+00
-1.128913458556187166e+01
-1.304592630866339853e+01
-1.345106298646921594e+01
-1.428825683939240498e+01
-1.542260727705099654e+01
-1.564556639125653525e+01
-1.601817355798171505e+01
-1.544982777715178202e+01
-1.382544763765197438e+01
-1.557419825165677629e+01
-1.645440799463744241e+01
-1.617550755132485918e+01
-1.579549780408728310e+01
-1.599689944886710613e+01
-1.621373368445818741e+01
-1.599180622167611787e+01
-1.528931516573519822e+01
-1.520721109262785298e+01
-1.529916942279526282e+01
-1.667618064823030366e+01
-1.695901296932477464e+01
-1.676202512820880841e+01
-1.598829132025253585e+01
-1.488748892326613138e+01
-1.479395874160326407e+01
-1.428718102676086588e+01
-1.479068953439848322e+01
-1.448062625524094038e+01
-1.233866654099064597e+01
-1.001318356232714812e+01
-1.039328722902215496e+01
-1.105750667682131727e+01
-1.126105991854498889e+01
-1.321718368091364049e+01
-1.308024866538182174e+01
-1.211381022277050867e+01
-1.322526369551314929e+01
-1.302932707943032220e+01
-9.263946327349000143e+00
-1.110026238038414981e+01
-1.494291055416641889e+01
-1.326213870300120412e+01
-1.046144832788798240e+01
-1.071147758208337031e+01
-1.055996703860060570e+01
-1.064182053526696592e+01
-1.068992434829923965e+01
-8.610019332152917926e+00
-9.325753655730826708e+00
-1.128635856276378568e+01
-8.667202900724721104e+00
-5.719747663438629282e+00
-6.217363237149021948e+00
-7.394798036294382371e+00
-9.140325172764574901e+00
-8.665155584873991401e+00
-5.262182154279797963e+00
-2.927966334582897012e+00
-2.308039371846750232e+00
-2.766827701062876343e+00
-1.821276496466665562e-01
5.048843244334682429e-02
-4.415092793792608217e-01
-1.583764129342646543e+00
-5.281781400344729427e+00
-8.028070115808016993e+00
-1.080159005423797858e+01
-1.148400205367411253e+01
-1.057054517547394212e+01
-9.228604878510674681e+00
-9.507814372966928218e+00
-1.112116510021310667e+01
-8.904529065493532514e+00
-5.865658821479030394e+00
-4.625242211528351355e+00
-1.042004764582453724e+00
3.548840317153609814e+00
3.322221080869502075e+00
2.877778772920018824e+00
1.566713452712363619e+00
-1.095446719613926589e+00
-3.786979490050086383e+00
-6.153064634201948380e+00
-6.508285442857450143e+00
-4.684391566703111742e+00
-2.797349457777280612e+00
-2.877454956666236630e+00
-2.342448021165152383e+00
-5.179606708897720457e-01
1.892973258634552458e+00
1.214714549709568381e+00
-5.074108629478955912e+00
-8.367053000446139421e+00
6.470665775920301233e-01
-7.305389135268606005e+00
-7.317233877920606311e+00
-8.304732657322015044e+00
-7.964898258702720391e+00
-6.402161472050596380e+00
-8.149869654462479573e+00
-1.083778154972566732e+01
-7.179227909391332929e+00
-5.598206070523969125e+00
-6.954951007686601905e+00
-6.969166964599996739e+00
-6.681717824413351714e+00
-5.609498898328844518e+00
-5.030597067738262318e+00
-3.355354165101357200e+00
-4.819117410724867767e+00
-8.750280926389121916e+00
-7.303549290665139360e+00
-3.416995865114931696e+00
-2.237506757116380030e+00
-3.694577515149703117e+00
-4.551910915787568790e+00
-2.129207099958446925e+00
-1.737219421040630429e+00
-1.777252941790592455e+00
1.027831175250196072e+00
9.282929666793668377e-02
-3.641565451337026804e+00
-6.795292246476993370e+00
-6.008289878087695435e+00
-4.150625589352908484e+00
-4.569989234756913099e+00
-4.628736152771126378e+00
-4.317909181248436035e+00
-5.750750854715668048e+00
-6.920782636651890307e+00
-3.875558664435338141e+00
-4.940818943625720827e+00
-8.928107474822622791e+00
-8.110807780730720395e+00
-5.253052978646540971e+00
-3.842943015359814751e+00
-1.134474229644308219e+00
8.835905521005461560e-01
2.211625569363938892e-01
-3.327721632804972463e-01
-3.194504854146093642e+00
-4.397765510985098381e+00
-1.384129263170142732e+00
1.389080118758310722e-01
-1.208373320078569790e+00
-5.188566475017516666e+00
-6.958124114114022873e+00
-3.778896316274928502e+00
-1.743251411130996242e+00
-2.119338363082095444e+00
-3.635657758677045770e+00
-7.172525663843511090e+00
-8.420616936034269528e+00
-5.954951693651489464e+00
-2.179030470435895150e+00
-1.435551674467209660e+00
-1.609928710661123308e+00
-3.373586869330563953e+00
-7.232251796735548410e+00
-3.701454923557633503e+00
-6.135772253286990614e-03
4.443516524747480045e-01
-5.616973107222906353e-02
-2.677609018706882171e+00
-4.113500737030695298e+00
-4.625586260139546546e+00
-1.673610053619706051e+00
1.443629279728923520e-01
2.543087019363895473e-01
8.908393667707792396e-02
-1.851735547234659052e+00
-1.195980440294025948e+00
-3.021669218526453982e+00
-7.209303818212551285e+00
-5.876631269953699999e+00
-4.925520817036310284e+00
-6.169102878058780881e+00
-8.152641802359523737e+00
-5.342762393545082311e+00
-1.665685190481118183e-01
-3.393594801816783857e+00
-5.667816874966224994e+00
-4.587823842363429883e+00
-3.367317552834954597e+00
-5.614640480152871760e+00
-6.377947264784013193e+00
-5.808415723266056041e+00
-4.692373552077131471e+00
-2.899415468253933703e+00
-1.252420650172385352e+00
-3.855561956598635209e+00
-7.633878750654585765e+00
-5.107800937739369829e+00
-2.392111948167745972e+00
-6.589999546776898143e+00
-1.039074203139190544e+01
-9.389890359614108561e+00
-7.755029710291604594e+00
-6.672114718687127244e+00
-6.754596051980898075e+00
-7.665206920740406993e+00
-8.829457906536458012e+00
-8.604904441242666735e+00
-3.587555005413903153e+00
-1.422672838407953666e+00
-2.208964765377706918e+00
-3.860943250298079832e+00
-3.516211794440067706e+00
-5.533583177795213803e-01
3.068864210699143058e+00
4.709080302170392529e-01
-1.707764544523723282e+00
4.338703402885589200e-01
-2.274741162811983575e+00
-7.378920308427748154e+00
-1.118016341233612643e+01
-1.401343520828121569e+01
-1.468438656937721198e+01
-1.341097822893633662e+01
-1.085868052799357386e+01
-1.192992139880744951e+01
-1.272479755186139805e+01
-1.109262911938666285e+01
-9.987180826112897591e+00
-7.171245789351290867e+00
-3.693600983536764026e+00
-2.798080300590997993e+00
-3.213887515320910548e+00
-5.342207907539363809e+00
-6.820040338651249812e+00
-6.398514838304681263e+00
-6.738841663048168229e+00
-4.517644345884682444e+00
-1.017732125958475953e+00
1.261550512553523795e+00
1.963337289840196398e+00
1.884636048907321060e+00
3.113733295768900788e+00
3.695419372174389316e+00
2.696547441015285429e+00
3.343144570057511977e+00
5.447804860594959386e+00
2.053518630827498193e+00
-1.520281851505713266e+00
-2.408065059496244054e+00
-1.338871783657484160e+00
1.057446565346974870e-01
-1.663354768781229343e+00
-4.915480206502915728e+00
-5.708969808802069501e+00
-5.192324401877202789e+00
-2.542901847792096159e+00
-2.405232661949897377e+00
-3.031037024598575158e+00
-1.410913638626095423e+00
6.216840627987316736e-01
7.973075679823149464e+00
9.100120400201239690e+00
6.057563287688977560e+00
2.447351614795810093e+00
3.429168879642787271e+00
6.358197357756186108e+00
5.116411730052904616e+00
2.330117617554260168e+00
9.954309154860306874e-01
1.609746215599780594e+00
2.495986788760178043e-02
-1.782519578176162467e+00
5.750698021697289199e-03
-2.584136631639151194e-01
-4.130557651329618274e+00
-1.756187478610483410e+00
4.091073764052776340e+00
1.271784321038954335e+00
-4.777403613379052061e+00
-8.781553488916694405e+00
-8.968028536876708756e+00
-9.016214700221715006e+00
-8.474419325015452031e+00
-5.333327559214173341e+00
-6.191701862511389542e+00
-8.276033867909601938e+00
-9.349198761137365921e+00
-7.284365099770591989e+00
-4.178779432435093533e+00
-5.270043659581493678e+00
-7.104185610356284819e+00
-7.584038772819414298e+00
-5.598888911763951981e+00
-5.786962860398878306e+00
-5.141556192101131906e+00
-1.547636856100273794e+00
-2.005221021261337278e+00
-2.185623025438152567e+00
-1.508922827369186148e+00
4.517206686435397134e-01
3.644199886907742325e+00
4.705764839495000906e+00
1.934795762659658802e+00
-2.011631157377514967e+00
-3.810038250296791773e+00
1.390636357514680288e+00
1.554497407421163491e+00
-1.701911140488710839e+00
-2.414981216460505564e+00
-1.491747648824420569e+00
-3.010657164360791005e-01
-1.184427043967068993e+00
-1.132255277631724955e+00
-2.931416028448008415e-01
2.725135706780709821e+00
7.942100924052286626e-01
-3.655434726760245390e+00
1.095713764207033591e+00
1.025723421195487894e+01
1.179659270535750082e+01
1.183035702025783564e+01
1.212222727710861925e+01
1.368988851651591609e+01
1.430903886613408105e+01
1.444876709731192399e+01
1.410597798624448984e+01
1.171154253486309749e+01
1.133135807450269361e+01
8.602745037589698995e+00
8.236074191224107111e+00
8.142693931140934538e+00
4.192216309241405092e+00
5.011532762127293594e+00
8.213085661198787690e+00
1.175488219472816986e+01
1.150225754013811041e+01
8.951034741408044226e+00
6.869749013289120576e+00
4.833384631869417802e+00
1.328404985746078015e+00
-1.314238698089314372e+00
-1.587424829403837112e+00
2.039936239311842314e+00
6.403820940100581005e+00
1.035953243537492874e+01
7.955560397803691508e+00
3.426352357604248944e+00
2.719860504280608993e+00
1.665747929329467247e+00
4.439516843815113134e+00
6.268035404055361859e+00
3.016915902295143503e+00
2.320540835000928226e+00
4.882092201882721305e+00
6.456373133142716547e+00
7.478332975027149665e+00
9.555831238142014072e+00
7.817088201879731635e+00
6.738409403137927356e+00
4.354833941425335198e+00
8.741116058415348000e-01
2.222617050898294089e+00
2.310458160581494447e+00
1.828287335407715819e+00
3.860699087338065549e+00
4.297114684460287215e+00
2.819962136729408542e+00
1.287221608058306987e+00
1.106561359170976200e+00
2.434541453815753265e+00
8.912358849352062240e-01
-1.444585051102473816e+00
-2.674586643703018574e+00
-4.963646181607140662e+00
-5.820503131932672325e+00
-4.161505460326424988e+00
1.726941436688831377e+00
4.611795919051611570e+00
2.363624679197481537e+00
2.103376666048587751e+00
2.431742251501660235e+00
1.302745238920278270e+00
-2.586011803340168003e-01
1.541083567401078380e-01
8.123077264842843981e-01
-3.438748367440489950e+00
-7.391991084515496802e+00
-5.707496000751592469e+00
-1.167135059153948884e+00
5.764631461553780811e-01
1.674919165989937397e+00
-7.911851823613975931e-02
-3.299751672384319434e+00
-5.667270408192357500e-01
3.684090560480843379e+00
6.422776891650753939e+00
8.262830692539081312e+00
6.352914533652436191e+00
3.441817660716889993e+00
-8.052024960796541064e-01
-4.541449652601292186e+00
-2.073851280330527125e+00
-1.994152410510350082e+00
-5.149279233011125889e+00
-5.286533575472265767e+00
-4.921152281176359722e+00
-6.442731864924887475e+00
-9.577762829403940970e+00
-1.172064338909600600e+01
-1.126757320218005809e+01
-1.046212780731000258e+01
-1.040345778457688297e+01
-1.151906541360250991e+01
-1.338213882358900442e+01
-1.470499448657776931e+01
-1.417581265549003611e+01
-1.314335523006157480e+01
-1.387835157258139773e+01
-1.356525317725164292e+01
-1.249681529539111757e+01
-1.191922869075598790e+01
-1.010631091670207482e+01
-1.178907160614437366e+01
-1.141628320793760842e+01
-9.473334819751272562e+00
-7.971436821908148396e+00
-9.213248362349762743e+00
-1.241910072952464539e+01
-1.219056990636475923e+01
-1.208000395618887701e+01
-1.152548301340578440e+01
-9.655588745253327332e+00
-1.069561883509768840e+01
-1.298649438187502092e+01
-1.212431611419099475e+01
-1.128120159345359497e+01
-1.246398778608068270e+01
-1.269841996353953029e+01
-8.138066701300145311e+00
-3.152569017273959329e+00
6.635610405696148462e-01
2.619443431549313139e+00
3.226144420980353034e-01
5.946490787367963993e-01
4.113386801209823140e+00
-6.700164594877020541e-01
-3.908846534317772736e+00
-1.052373748979654744e-01
4.191134638860684269e+00
1.033676145711936378e+01
1.364463301375069726e+01
1.272956923660977147e+01
1.259660706998203672e+01
1.091725606287545780e+01
7.805722597956348707e+00
6.525656561094818287e+00
5.366111211709363893e+00
5.583493500756545380e+00
7.757426023935804160e+00
9.436115343420883761e+00
1.106328964780460566e+01
1.232108189034536849e+01
8.991553701024525225e+00
6.554240292420780101e+00
1.003347328277769890e+01
8.725767947114572820e+00
7.535358204384342784e+00
9.304882703219663043e+00
5.204655687388600072e+00
1.928616653688293603e+00
4.064553490413167047e+00
2.091260411002151098e+00
4.317241872739610575e-01
1.745952861494479258e+00
1.664672566579182167e+00
2.901819114943102296e+00
2.389755849542811283e+00
5.021865861618299842e-01
2.486561426151935095e+00
3.338658947460039883e+00
-1.123236620196516933e+00
-4.014657212182219936e+00
-3.179089679324108353e+00
-2.456414772777039346e+00
-8.449657895661109031e-01
-3.133130820635718905e+00
-1.319152111950766537e+00
3.566873360441003893e+00
4.964345359898890919e+00
7.249315289343107871e+00
6.200407665210147634e+00
2.417698579214790477e+00
3.402160495512209337e+00
3.873539109360399912e+00
5.257546920960366243e+00
5.635331295505030980e+00
5.526884767783505126e+00
5.952541013522945512e+00
2.861769150365482517e+00
-1.528887325163323485e+00
-5.616675515588659628e+00
-5.106617470320855112e+00
-4.613838903013536274e+00
-6.571890156616666978e+00
-7.161146721765826229e+00
-6.193794826761137351e+00
-3.433837270168335731e+00
-1.097943829289918183e+00
7.781736038802949951e-01
3.121375639865762608e+00
1.152342866801949750e+00
-2.747396477112391544e+00
-9.743845404710464037e-03
3.991633409468741789e+00
5.739126326937741496e+00
5.960347287068112898e+00
5.390017544112357228e+00
1.595886455909882429e+00
-1.460656529251045388e+00
-3.820151558937308511e+00
-6.436828093221829583e+00
-7.738409663833627938e+00
-4.385154292701147760e+00
-3.160450399699184842e+00
-4.075613783640902099e+00
-3.051461063336343926e+00
-3.148028173503667926e+00
-1.836623699932421028e+00
2.019738613681328232e+00
5.861517986248924394e+00
6.308776058910967599e+00
3.888696067193170514e+00
5.245717695850975026e+00
7.311962255660890975e+00
6.055201807449296147e+00
2.710489066841195616e+00
-5.633121682073972680e-01
1.336723676567286745e+00
5.644481477657434354e+00
7.589670367460434441e+00
7.682924133227022168e+00
6.583934971035529493e+00
3.209660100341288569e+00
3.730529303294428445e+00
9.027865189541676827e+00
1.043195736779561678e+01
1.066023466942861653e+01
1.172943034258910266e+01
1.116586645683988444e+01
7.000549095378189257e+00
4.434341051453640326e+00
5.432221650710896022e+00
6.722069968616362523e+00
6.599337365142670109e+00
2.922242063570154258e+00
3.211378920572254270e+00
7.912269797161559204e+00
1.119086415122079359e+01
9.326770682089943421e+00
8.338587572454134289e+00
1.119009053275910581e+01
1.177468077232494892e+01
9.509756791310904234e+00
7.685515129625278163e+00
9.404734342237395239e+00
1.142493991290252531e+01
1.099937892388999217e+01
9.212644925526218387e+00
8.408476978003490032e+00
4.965753235164041435e+00
7.729433467553276094e-01
-8.021149484321541401e-01
9.714186930481831794e-01
4.495005039121991786e+00
3.731976143428988202e+00
4.719047616546547808e+00
6.854478329418822291e+00
8.881003153601033873e+00
1.090156924530365856e+01
1.263749530690151168e+01
1.575655493235496785e+01
1.493512678905860547e+01
1.363010305407220990e+01
1.485776359447482520e+01
1.573766687292516231e+01
1.562208582904950838e+01
1.426529104955830185e+01
1.003217623049634355e+01
9.073105378760866202e+00
1.233085655877730780e+01
1.351175739013452137e+01
1.361549503536460826e+01
1.341801015100844019e+01
1.518504097052690760e+01
1.677677192803929884e+01
1.431356201072773970e+01
1.272868166365779707e+01
1.517536742973986463e+01
1.230736954944432071e+01
1.123803580824282911e+01
9.878098895918814293e+00
6.960895760690550382e+00
1.101211218556100313e+01
1.420451725003593246e+01
1.414644075782677390e+01
1.581702110410749285e+01
1.514293986135880488e+01
1.136825940911951527e+01
9.915182804774364200e+00
8.552295593512685201e+00
6.340727971790017570e+00
6.262636285700609484e+00
9.750106590716560717e+00
1.125588438624568965e+01
1.129407252273362339e+01
1.280930079049461945e+01
1.085799383505588089e+01
7.659055655394106488e+00
9.991937710321899146e+00
9.288501123604884668e+00
8.873362642555369106e+00
1.248761492858095679e+01
1.546839652022332068e+01
1.593207464646844507e+01
1.472263213008843330e+01
9.597132102897528938e+00
9.094646779119701208e+00
1.395275408152727969e+01
1.745111667229284436e+01
1.851751785670905193e+01
1.942675947524040581e+01
1.936588872038425890e+01
1.769902326378946000e+01
1.767016726175279828e+01
1.908990858533019264e+01
1.861019935174717688e+01
1.753252967098353565e+01
1.816539026753608255e+01
1.670576017619769615e+01
1.513515029724292837e+01
1.503374268957382576e+01
1.437919362447147087e+01
1.513373696378456579e+01
1.380913756098533263e+01
8.690054995561990125e+00
9.546906228281217821e+00
1.466927041182122693e+01
1.556852223256650802e+01
1.469207091831933454e+01
1.388853848680969527e+01
1.307069986383146798e+01
1.460142097608316014e+01
1.436847294569667532e+01
1.143271295492357531e+01
1.256792512675831652e+01
1.490482503094563782e+01
1.305803259399676186e+01
1.120036478802621538e+01
1.481088180906251850e+01
1.527789667409079399e+01
1.371633439264600263e+01
1.577368084087515321e+01
1.677961875801318214e+01
1.606715426935650015e+01
1.442059729361517562e+01
1.497221603756590191e+01
1.574564142241287890e+01
1.482333356873876085e+01
1.535255446320922168e+01
1.622155591292027665e+01
1.763287467160968802e+01
1.795458406628595327e+01
1.822805782256466856e+01
1.756080764204282829e+01
1.506434575871058712e+01
1.233216080152025462e+01
1.529295198987025017e+01
1.837975425255216422e+01
1.847363768705855236e+01
1.740802949891379114e+01
1.741341212028585872e+01
1.813693246854778707e+01
1.908506019279084498e+01
1.863713510624480918e+01
1.882398803495840767e+01
1.808222333181256047e+01
1.861315108118926887e+01
1.942673420620202052e+01
1.882983944802680298e+01
1.789430061232568292e+01
1.708217261680383459e+01
1.791189375564104935e+01
1.889375663347074408e+01
1.910196501322709395e+01
1.814720795201858650e+01
1.860555795149960190e+01
1.970209414240634871e+01
1.969315330762560379e+01
1.927250353291774942e+01
1.823555211909119222e+01
1.781774558556443111e+01
1.818524393449402154e+01
1.843924604660515598e+01
1.834897016708697137e+01
1.913115740001449794e+01
1.976834217161556140e+01
1.951511692738594306e+01
1.929478461428108815e+01
1.825880418175438180e+01
1.625244551960274819e+01
1.580720958619603600e+01
1.851661121846056091e+01
1.930067696626030838e+01
1.812070194817509972e+01
1.675467675321426242e+01
1.676346428631507379e+01
1.745130474646810015e+01
1.851754338720293447e+01
1.884300290107122677e+01
1.890918734226564268e+01
1.906371452811436740e+01
1.924054354729526395e+01
1.892576090267933253e+01
1.760944809507996922e+01
1.720018432183620405e+01
1.801989967314591823e+01
1.848093949271047265e+01
1.753848576555851579e+01
1.729150626298881832e+01
1.885247198214536368e+01
1.963462809846150492e+01
1.956038798482986252e+01
1.914548544883508541e+01
1.842447604162228103e+01
1.856350212067529526e+01
1.811378041004400430e+01
1.656046758905234739e+01
1.736713281646491325e+01
1.886500532561506205e+01
1.842559742310025328e+01
1.700226331669123780e+01
1.688635762629874293e+01
1.762081236761634884e+01
1.857655785043764496e+01
1.951536142703065124e+01
1.990811521525928995e+01
1.966693439912581098e+01
1.934857455766841383e+01
1.972781857128165584e+01
1.958273994560226683e+01
1.957019541375859362e+01
1.947777859235183939e+01
1.943232004666626622e+01
1.944049549874598881e+01
1.971150780658156876e+01
1.971557875061512277e+01
1.987366122002086044e+01
1.957532688236479501e+01
1.667163319260189169e+01
1.379157801940498729e+01
1.444454671594258777e+01
1.191259505004961383e+01
7.654002791154296048e+00
5.857333939223928532e+00
7.796076889836428769e+00
9.605725815042189808e+00
8.460979150449725594e+00
1.117155922820887248e+01
1.330072687993173197e+01
1.485256394736240715e+01
1.572952710173758639e+01
1.554754652852996522e+01
1.643797823178759288e+01
1.347589425477884184e+01
1.006492874627552148e+01
1.509832498652741961e+01
1.556623406144874799e+01
1.196816072972818112e+01
8.961232776543850420e+00
6.416897936313953998e+00
7.997889094113117103e+00
1.060870582457108924e+01
9.963095232797980927e+00
9.771202354485117425e+00
1.198784565543797420e+01
1.139435219981330683e+01
7.660652209452117667e+00
9.671785128939928811e+00
1.424786552819055352e+01
1.633048197778373378e+01
1.715481201397562572e+01
1.751601635026220904e+01
1.696059806387750868e+01
1.631042524769294388e+01
1.748931484218150700e+01
1.746559547996009698e+01
1.792553160785054089e+01
1.880762557185318329e+01
1.716259679329336407e+01
1.386183207585175481e+01
1.269835601797439395e+01
1.374326545767794450e+01
1.499097161762784403e+01
1.515894157658664376e+01
1.502558664916746700e+01
1.518328913665865620e+01
1.477245577093287920e+01
1.574996631479658049e+01
1.655662234158113577e+01
1.510645825557583777e+01
1.480657960323554967e+01
1.671177523652144359e+01
1.701842200641258884e+01
1.585764913304393176e+01
1.600094879369002498e+01
1.633883684587238605e+01
1.750131536855354142e+01
1.710952708848200743e+01
1.393344188708502962e+01
1.141397688816517686e+01
8.493339700343486953e+00
5.147222839690939189e+00
7.168672808426372001e+00
9.186437479031795306e+00
6.759014242470969158e+00
6.352131230471001366e+00
8.590407094781328468e+00
9.057624171006738223e+00
9.469284925624551263e+00
1.255301494980040644e+01
1.541502985949004767e+01
1.476261393595263804e+01
1.141927141485623132e+01
1.185487741938744399e+01
1.406777994797602105e+01
1.519373216299251972e+01
1.435736297550849905e+01
1.448604397352626272e+01
1.418857780239904720e+01
1.163827704940313268e+01
1.193455066663205244e+01
1.295052886161395733e+01
1.394376925523112298e+01
1.587539161133318188e+01
1.637902913552015960e+01
1.518701597572476736e+01
1.394132857610704868e+01
1.371749833185808676e+01
1.464624218623352014e+01
1.609204340863496085e+01
1.686901217625514704e+01
1.678080227462001872e+01
1.518059987428295621e+01
1.544882935646562672e+01
1.529137888802890721e+01
1.374309590210325105e+01
1.335199002275110125e+01
1.407589077559539525e+01
1.632871230778947691e+01
1.723661659502505117e+01
1.582451963544783702e+01
1.477869134988397271e+01
1.438721551189662229e+01
1.523127300233878678e+01
1.620579722719942239e+01
1.535018778341361312e+01
1.643176217386417193e+01
1.640569286860218057e+01
1.583735160482920712e+01
1.489216880590262804e+01
1.377248953079270777e+01
1.566935667251749287e+01
1.800744061637773186e+01
1.821836047078887688e+01
1.774380758728098328e+01
1.700162573815746114e+01
1.734986953064519355e+01
1.760296133746840397e+01
1.842541386105768098e+01
1.888034885190808154e+01
1.939187725544728025e+01
1.828346809716957466e+01
1.823035866771008884e+01
1.931028053365711727e+01
1.824968345683911153e+01
1.595181355846566085e+01
1.469329709499830194e+01
1.359982593800043915e+01
1.179633108017049636e+01
7.506240535569507877e+00
2.995642165989047534e+00
1.643648301597844252e+00
4.829379372044495078e+00
8.346734201067841141e+00
5.122393171833751424e+00
5.157448840122381917e+00
1.011630060048899260e+01
1.278209872426768356e+01
1.457414544100259235e+01
1.491751833933741445e+01
1.442903569727461033e+01
1.479876473448077512e+01
1.633570605091931682e+01
1.434406785863845180e+01
1.083413731252695378e+01
1.184898391657901762e+01
1.091999682488867940e+01
1.119297070046876108e+01
1.432792937899952790e+01
1.600431480676459017e+01
1.677267290500288155e+01
1.774389555854733658e+01
1.861302110167703816e+01
1.840666145348388127e+01
1.728133150119306549e+01
1.608737529319496673e+01
1.609373860378876486e+01
1.656786059190833171e+01
1.521583122225049323e+01
1.418175602228135368e+01
1.306392712389997079e+01
1.303287680458834252e+01
1.178513565969946519e+01
1.092150823454409370e+01
1.070724099760108849e+01
1.164068293245276742e+01
1.456488090172497074e+01
1.556958832859234221e+01
1.664492624781497199e+01
1.701645318131921059e+01
1.741900675441831225e+01
1.877038635599987160e+01
1.904664590541185376e+01
1.806826264988193032e+01
1.808250835906926568e+01
1.812233074016895173e+01
1.611573968477440744e+01
1.470994837348826145e+01
1.556259378849289909e+01
1.577214420986035570e+01
1.575372452646497301e+01
1.495002653163598971e+01
1.144799484384473764e+01
1.393390340494129731e+01
1.657013098516445737e+01
1.734255452975624578e+01
1.778699687945758612e+01
1.613247693146489681e+01
1.605319129876452422e+01
1.516794742132385387e+01
1.507115033305135476e+01
1.468170914759320844e+01
1.507860043758859270e+01
1.523434248677119207e+01
1.253514804650287040e+01
1.045119519118185458e+01
1.107121401094640767e+01
1.312852745498144635e+01
1.403678191353952620e+01
1.575101890452462960e+01
1.542388950767364442e+01
1.521441136869180077e+01
1.629269620135901420e+01
1.750063178322393043e+01
1.764674336730812598e+01
1.617976708055129720e+01
1.669789083442138988e+01
1.807551061736505105e+01
1.842218677710340913e+01
1.868581585833233660e+01
1.918114710095964526e+01
1.857842565573558247e+01
1.703364802947710999e+01
1.829491563228714668e+01
1.861599426180019989e+01
1.756011069641049360e+01
1.734181280146733783e+01
1.770780527278712668e+01
1.836120293594772335e+01
1.839775296828794282e+01
1.492112647171881079e+01
1.472991327147273211e+01
1.679534507424946810e+01
1.576184286796811129e+01
1.387967036088781647e+01
1.473782316327686637e+01
1.562035476249260668e+01
1.436101405076700921e+01
1.434174814353370131e+01
1.319737586808821206e+01
1.304576477847074578e+01
1.390715464366503262e+01
1.167825541021856317e+01
8.841719985398940551e+00
1.222600447130290036e+01
1.555349874845364511e+01
1.385651655676860550e+01
1.273557470443647333e+01
1.816897946871084457e+01
1.939475380516107705e+01
1.883657562937194285e+01
1.912494552678371562e+01
1.869245100545584748e+01
1.876433418976890266e+01
1.900771391171462099e+01
1.912994991964204772e+01
1.902635632206037641e+01
1.795274929531221630e+01
1.602092982170334068e+01
1.344576856509066509e+01
1.315499808459985687e+01
1.545672307079390073e+01
1.647587842324869101e+01
1.666940959487250851e+01
1.553175574485448784e+01
1.297649090776815761e+01
1.392618624413879225e+01
1.615676488716950487e+01
1.483602487068193199e+01
1.430890219854966716e+01
1.499021080635510117e+01
1.530484403973242458e+01
1.395876221667625749e+01
1.214166327029874459e+01
1.535787214851417026e+01
1.752380720389708912e+01
1.726365928303362196e+01
1.650795088263745214e+01
1.607505195255847852e+01
1.663889654452845335e+01
1.705243165912337844e+01
1.660374458304068312e+01
1.602704143039343521e+01
1.651966885566806909e+01
1.773434854925168125e+01
1.747573173496505916e+01
1.662841733691397295e+01
1.645076326449344251e+01
1.498167131218666626e+01
1.233874820694313001e+01
1.322561179266053877e+01
1.538459707085686823e+01
1.594725086413366100e+01
1.601603118259295044e+01
1.474779254885403823e+01
1.583610059853205954e+01
1.534723428453164296e+01
1.506529153221396022e+01
1.622727029698216583e+01
1.663252660955305728e+01
1.763663296529165336e+01
1.790774015762948679e+01
1.663333730912022546e+01
1.759257823868568948e+01
1.818286960726560508e+01
1.774590236654383446e+01
1.643542022047356710e+01
1.525354044853497903e+01
1.532514480579824756e+01
1.526973016596219601e+01
1.559070686138736228e+01
1.498559245885290103e+01
1.424147474327680385e+01
1.382732795912193424e+01
1.497331805134867189e+01
1.751428910278067974e+01
1.811421912203063300e+01
1.754124482609962143e+01
1.636754832900627221e+01
1.462508015549877705e+01
1.409919769178532256e+01
1.307685180489127852e+01
1.284908332738524095e+01
1.384887618196611037e+01
1.232912926652732644e+01
9.895642066718783880e+00
9.437627741888091393e+00
1.148138537084981259e+01
1.536300517649313768e+01
1.666278786837719039e+01
1.745863480694223213e+01
1.821807641176818393e+01
1.772491994704121865e+01
1.633671234266991590e+01
1.689706342869581235e+01
1.691156668707462885e+01
1.609258328899807466e+01
1.618754884141143080e+01
1.661939551433869511e+01
1.697702239605235874e+01
1.716630876236585834e+01
1.613459270758860598e+01
1.722681139357465341e+01
1.763581219180314363e+01
1.714988240852913037e+01
1.667042014987261211e+01
1.616923785338431685e+01
1.712429112199459524e+01
1.652708978870700918e+01
1.556624256652869143e+01
1.345022703847151213e+01
1.375281350091263732e+01
1.488967841103657186e+01
1.357457098852330191e+01
1.056788279165479061e+01
1.033900880375452580e+01
1.094914307040233226e+01
1.216699787630282081e+01
1.389447447779679834e+01
1.396277471895115418e+01
1.422397471801861357e+01
1.499494076439049017e+01
1.431164080182158038e+01
1.414738199944963704e+01
1.330051542851806978e+01
1.099656044948478772e+01
9.988572793109856462e+00
1.100875847245170114e+01
1.300695605807733202e+01
1.473298124351193827e+01
1.526869192527310481e+01
1.503314962225546836e+01
1.436673837508813101e+01
1.378975658660494652e+01
1.322554084877753233e+01
1.255663261326198743e+01
1.128371645562445735e+01
9.889393974651799368e+00
1.142255760190740510e+01
1.225553116241013107e+01
1.200262205872144960e+01
1.226685664144596721e+01
1.153681740395647637e+01
1.109136542031817996e+01
1.105312595173070100e+01
1.171950505592530689e+01
1.328347453756879837e+01
1.304140496818486739e+01
6.470665775920301233e-01
6.470665775920301233e-01
6.470665775920301233e-01
6.470665775920292351e-01
6.470665775920292351e-01
