-4.408125961400835457e+00
-6.759253600779178583e+00
-7.236280421046476619e+00
-7.066673759454027426e+00
-8.704310895225118472e+00
-1.190971617342868960e+01
-1.339473988231370249e+01
-1.444752289482087448e+01
-1.497097319243822078e+01
-1.478031651647732758e+01
-1.417447853484103604e+01
-1.309262490927464206e+01
-1.242641950608959078e+01
-1.284277989075541093e+01
-1.278248369270845686e+01
-1.286275630985773866e+01
-1.350510420856562277e+01
-1.374442476407950409e+01
-1.461396797602761843e+01
-1.490703129379697423e+01
-1.487446857440076187e+01
-1.480815519245527589e+01
-1.568905203063850706e+01
-1.611024649204937731e+01
-1.618213177539611536e+01
-1.619857284282481302e+01
-1.613118489742976180e+01
-1.590585456858972968e+01
-1.604027525004143584e+01
-1.568623969359429182e+01
-1.586901151294236634e+01
-1.584219581677749922e+01
-1.465201195876450235e+01
-1.289967309708348786e+01
-1.318687484024724199e+01
-1.371182786933298203e+01
-1.377783129880166690e+01
-1.368827176605341123e+01
-1.330321147909958057e+01
-1.222780742928611630e+01
-1.161849803939533565e+01
-1.076252660984524034e+01
-8.694262038890599342e+00
-8.308724603360959193e+00
-9.682097258388003169e+00
-8.555476944016081831e+00
-6.976844008540281195e+00
-7.360600817693810249e+00
-7.794353864377388419e+00
-9.506595298904032987e+00
-1.048057385801296171e+01
-1.124709244546345310e+01
-1.142749640809702782e+01
-9.699216568868555655e+00
-1.015170159844232067e+01
-1.177812871963918973e+01
-1.103808893366574395e+01
-9.194784117069509932e+00
-6.011287047850617071e+00
-2.010466241483095828e+00
-1.155992764715736865e+00
-5.170951143012804119e-01
-2.967537312824477969e+00
-4.966657783838805962e+00
-7.643174477056035698e+00
-9.525036657210566915e+00
-9.272507592796271680e+00
-7.788276330206389986e+00
-6.442382345661399334e+00
-6.866147302203659208e+00
-6.940239194725293714e+00
-6.604453059621009814e+00
-4.888175127160065969e+00
-4.029699992586334822e+00
-6.571018211857726499e+00
-8.335733719211194881e+00
-6.401695045441661236e+00
-4.639804195569790402e+00
-6.522170560819789742e+00
-8.110549113273018307e+00
-9.677343283192922030e+00
-9.698749475124300190e+00
-9.862774751882660951e+00
-9.623092816628618706e+00
-9.167778167102229148e+00
-1.068226376911240472e+01
-1.076357884051421543e+01
-8.559400975476155082e+00
-4.682558524285212798e+00
-1.674116183305051297e+00
-2.244172883108046967e+00
-4.290607497423341243e+00
-3.780070265860408174e+00
-4.177478668735828959e-01
6.800360796190065837e-01
-3.059186441737009599e+00
-6.330435836148105899e+00
-6.327538338944306062e+00
-5.665487100858348946e+00
-4.455071620527670362e+00
-2.946526664759287595e+00
-4.699751621470494634e+00
-5.338227939361531504e+00
-3.836925797721758347e+00
-6.326227722989690605e+00
-7.705235726004386443e+00
-8.380579171263113025e+00
-8.988206240628363375e+00
-9.231086221420071070e+00
-1.048507885400027106e+01
-9.620510919557236917e+00
-9.782021767853160910e+00
-1.029654529783585737e+01
-8.215194656562319508e+00
-6.329357482338669350e+00
-5.792868322350321897e+00
-8.078088714413304672e+00
-9.987034381873087341e+00
-8.483693407668599917e+00
-4.833641703134395229e+00
-6.331076524246276094e+00
-7.484915787002994314e+00
-8.281237824293111061e+00
-1.005869742594778593e+01
-1.225215598905901437e+01
-1.358062742062740469e+01
-1.262681626133792534e+01
-1.299839151791705838e+01
-1.471621878308761389e+01
-1.437049177553935486e+01
-1.181480519336114909e+01
-1.121821757398623198e+01
-1.315308681684033587e+01
-1.248380629899144267e+01
-9.266452793693938261e+00
-5.927721472339130493e+00
-4.414043223168461871e+00
-5.409968640222259317e+00
-6.837515198755864887e+00
-6.239237856949473304e+00
-5.526829564229556624e+00
-7.994693756588938882e+00
-6.659670306431565656e+00
-1.235374769492380009e+00
-1.381875559391768205e+00
-1.474709384948161173e+00
-1.985696824806602034e+00
-2.573301439336800556e+00
-1.910716658479163943e+00
-2.146232532138244942e+00
1.761606891911195794e+00
6.155388303130480132e+00
5.074843217451284971e+00
1.993612432268912160e+00
-8.213191233100464173e-01
-2.167524365719263102e+00
-4.935646214633906403e+00
-4.264414477721550689e+00
-1.409904080487401679e+00
-2.760465681678787142e+00
-4.963429891008571460e+00
-7.146958723998653618e+00
-6.496056902185582516e+00
-3.671931692646854373e+00
-5.796537430855764894e-01
3.579961153454437883e-01
-1.537061075292850632e+00
-8.148343241353054323e-01
-2.221140300015759461e+00
-5.755523304283498121e+00
-5.921820404475043098e+00
-5.486064306406453817e+00
-2.740213082167463732e+00
-1.393399911465801999e+00
-3.804824668979232882e+00
-3.887089099625626876e+00
-3.143017890018355409e+00
-7.252295854331433311e+00
-9.373440811002399897e+00
-9.185178628044852189e+00
-7.516113454994551191e+00
-5.163607982618011683e+00
-5.083551623553477228e+00
-4.953949060978598773e+00
-4.011513229538341996e+00
-3.840518308526759128e+00
-4.213798998754979763e+00
-4.746565530418098255e+00
-6.917460420819114830e+00
-8.476899442714659116e+00
-4.151221690267277609e+00
-4.097378954596147871e+00
-4.436896431183027900e+00
-2.042512324060706597e+00
-4.338470584286342913e+00
-6.664866701222565304e+00
-8.115479420232993846e+00
-8.725975020343677002e+00
-1.083393062090747883e+01
-1.048816676695889072e+01
-9.318335956461757164e+00
-1.065724141552409421e+01
-1.186417317047674835e+01
-1.235540819909603982e+01
-9.729507620977830840e+00
-6.978068948949677441e+00
-4.479198386333152371e+00
-4.930385042217174885e+00
-6.450469038781304398e+00
-5.794171404684242077e+00
-8.324786072475401255e+00
-9.895706351710579440e+00
-1.027599165782082835e+01
-1.093892357625881750e+01
-8.972632570678147346e+00
-5.390044623923152756e+00
-1.290347892241788585e+00
-2.132738672233107202e+00
-5.032122096145676515e+00
-5.958313645070650644e+00
-3.190611058134834366e+00
1.418434187678493108e-01
-7.405913768058548508e-01
-4.437219047431719687e+00
-6.035477428139680356e+00
-6.570961348697680116e+00
-6.647050218242614328e+00
-7.851665207847024597e+00
-7.793561179706173014e+00
-4.334705857812249263e+00
-8.803441478202335135e-01
-4.846449755450529473e+00
-1.084239143770449054e+01
-1.190802732785602380e+01
-1.264572528131925999e+01
-1.245749103317384865e+01
-1.013962825149496538e+01
-6.898244483927286730e+00
-7.857592282127130012e+00
-9.444817178112547396e+00
-5.054003688508120540e+00
-6.104232063891925186e+00
-6.456196980641804473e+00
-3.942884706595330524e+00
-3.501383718648107823e+00
-2.702242809280714475e+00
-2.301671680758396121e+00
-2.758670839135433539e+00
-4.605523836093614598e+00
-2.343741837651621474e+00
1.806060234068253445e+00
3.630323495372836273e+00
1.456378500478382021e+00
-4.594208264028775135e-01
4.589197282554933754e-01
-1.109872529883983105e+00
-3.561467366569350257e-01
8.313392875253268199e-01
-1.998815110765471470e+00
-2.225738472532576395e+00
-3.615328311243777737e+00
-5.420750427641535474e+00
-4.404998951133451968e+00
-1.947414193936839455e+00
-2.879157448289940913e+00
-5.025353794033931010e+00
-6.603999995429957970e+00
-8.165653338589432764e+00
-6.608041705498333585e+00
-5.916794952821664566e+00
-5.314547173978427352e+00
-3.610413142658531083e+00
-1.642918589364878335e+00
-1.104805229402638478e+00
-3.811626650411463313e+00
-6.401598833050385018e+00
-8.680207287999850863e+00
-8.609591581408587047e+00
-9.187335478281209333e+00
-1.088748886963860407e+01
-1.116640357075345769e+01
-1.077215913410002024e+01
-7.359041747919084386e+00
-5.364375483873734751e+00
-4.545183564623499706e+00
-5.820109583230649974e+00
-8.341746383430880485e+00
-7.084206209675354415e+00
-2.464439773851700544e+00
-3.836890116863563627e+00
-7.835126941220114105e+00
-8.217856252043821641e+00
-7.078922194778816568e+00
-6.443467864019551961e+00
-8.359901127572868518e+00
-1.103232730042841325e+01
-1.114901204410904434e+01
-1.050502477406717716e+01
-1.044651471818112221e+01
-7.989271303185333295e+00
-8.329591944802590575e+00
-1.112558093588674701e+01
-1.336264145059831066e+01
-1.366389866888822979e+01
-1.283200669273308492e+01
-1.220208491786478433e+01
-1.154118858207816700e+01
-1.175619569323474600e+01
-1.094367950987605198e+01
-9.522455773966713721e+00
-8.874935254208828894e+00
-6.575898263428647361e+00
-6.651131605576909855e+00
-8.377193521089798978e+00
-9.272350514023850465e+00
-1.000628860574382095e+01
-1.098389328689052391e+01
-1.025551336277215242e+01
-7.896222096163826087e+00
-5.577659721705873430e+00
-5.203226187510943568e+00
-4.059022684344122389e+00
-2.198611354691679232e+00
-2.221587722357132311e+00
6.470665775920301233e-01
6.470665775920301233e-01
6.470665775920301233e-01
6.470665775920301233e-01
6.470665775920301233e-01
6.470665775920301233e-01
6.470665775920301233e-01
6.470665775920301233e-01
6.470665775920301233e-01
6.470665775920301233e-01
-1.829237717572426813e+00
-6.648306066084722632e-01
-6.565293634294695480e-01
-1.960135998244682209e+00
-1.975858455599441399e+00
-4.409073893508200226e-01
-2.259266968587851032e+00
-5.042645355355653614e+00
-5.860992595059801857e+00
-7.118450967644607275e+00
-8.271137703741599623e+00
-9.911008901666328086e+00
-9.520498653480336415e+00
-9.245269409644532033e+00
-9.112527588559737879e+00
-7.526716449421810395e+00
-7.603360378262792096e+00
-7.673181182856965599e+00
-8.642183940868793712e+00
-9.519608008818124745e+00
-6.021788355070593290e+00
-3.502266031849195826e+00
-5.681693545362366038e+00
-4.954112954624110721e+00
-3.835441572233325935e+00
-4.073119118928341997e+00
-1.491573544356487702e+00
-3.455312885318997385e-01
8.044700463479423913e-01
1.975743573696130406e+00
9.614981157883933927e-02
2.432409654984908631e-01
7.925376080400343692e-01
-1.911604287552489012e+00
-2.340675541397845283e+00
-1.530493294497717205e+00
-1.527108912117014272e+00
-2.703490016784346306e+00
-2.623984286019910961e+00
4.137961840974332395e-01
-1.738251879638056163e+00
-3.936982542930586693e+00
-3.519982468216737548e+00
-2.392707040614397762e+00
-6.858683302126191705e-01
-4.774578474562378161e-01
-3.246201044370786160e-01
1.922278367880513095e+00
2.865924993950171196e+00
2.501720611763161628e+00
3.174751310406074278e+00
3.276918941659140216e+00
1.781023301959528737e+00
-1.881683796942625747e-02
-1.079528244134855708e+00
-1.738756944700027285e+00
-2.884815532481329381e+00
-4.671874131881371461e+00
-6.363543235622492134e+00
-6.183686805677844234e+00
-2.413067259830820710e+00
8.589585626739051349e-01
-6.366817523439599613e-01
-2.434531263543640023e+00
-2.460417239725735783e+00
-4.771275781620910594e-01
8.025951853149926318e-01
7.241499453165342048e-01
1.225495025489343970e+00
-3.083881111916700335e-01
-4.134201817845506888e+00
-6.521369621647294501e+00
-6.805412343118467433e+00
-4.296771709306851150e+00
-3.804644309117879430e+00
-6.648975430124135499e+00
-9.229893738482207510e+00
-7.022860881286909773e+00
-6.541906963186187696e+00
-9.078229920732180602e+00
-9.254157985819622567e+00
-1.002726506894641645e+01
-1.002311125449267415e+01
-9.439914856419303391e+00
-8.629421613912072075e+00
-8.372011039182796210e+00
-7.750030683679897336e+00
-8.884621841391947328e+00
-1.195962938276835352e+01
-1.286759686309219042e+01
-1.270367047372782920e+01
-1.218935158619675718e+01
-1.157636861430758124e+01
-1.015254749475278295e+01
-8.455892847048389172e+00
-9.684708550324707232e+00
-1.095092038101387999e+01
-1.083620756452314282e+01
-1.018329080151688437e+01
-1.061502018754877241e+01
-1.091085702762098109e+01
-9.563974164265218292e+00
-8.196665373175962443e+00
-7.290067681731139615e+00
-7.236089083201553862e+00
-7.639241890317734374e+00
-8.630962741689867102e+00
-8.416857436489831201e+00
-8.878017919625468934e+00
-1.145570463763017521e+01
-1.183095576420321926e+01
-1.121391697463879744e+01
-9.733314123368677073e+00
-8.792961605380673618e+00
-7.600620859073289104e+00
-6.028106216271821971e+00
-5.983780709378069496e+00
-6.416857621083885022e+00
-6.350136704718802427e+00
-6.643369681178968200e+00
-7.703566100521555882e+00
-7.085419344973196587e+00
-6.805955479698925004e+00
-6.815812543706157633e+00
-4.630703729881497033e+00
-3.088747939847905410e+00
-6.412364643783925011e+00
-9.148246761081631817e+00
-1.038501292720841107e+01
-1.188834715283714516e+01
-1.332156970636909854e+01
-1.407050874029611087e+01
-1.443608210309201745e+01
-1.457294667677422417e+01
-1.361535797574664741e+01
-1.300675644024099320e+01
-1.405882377343062117e+01
-1.411837022836412459e+01
-1.287123661092177151e+01
-1.319351834971646298e+01
-1.255253826026160979e+01
-1.078556476196716041e+01
-9.490751203228636967e+00
-1.181624459034941665e+01
-1.387482393872031849e+01
-1.351802188061819798e+01
-1.342927366131975475e+01
-1.211516977591107036e+01
-9.659002966399075518e+00
-9.751710191666218108e+00
-1.017314457363886682e+01
-9.765974272908804821e+00
-1.019593072364096642e+01
-1.005482130935946117e+01
-8.841021148543790176e+00
-1.045099345194366514e+01
-1.246107348205527643e+01
-1.212298589413567207e+01
-1.198864547626016197e+01
-1.103467839927519378e+01
-6.782040996414187894e+00
-4.416109861743573006e+00
-4.837849096793160442e+00
-6.593169058833296070e+00
-8.704243202771968058e+00
-7.614656379433423439e+00
-6.349684181399949168e+00
-5.813946178411184107e+00
-3.859260592589125238e+00
-3.427381005518288504e+00
-1.239815707080406559e+00
-3.584284066602013152e-01
-1.571429669320845712e-01
6.955843399245459358e-01
1.155106432630691904e+00
2.100023025086771522e+00
4.015480515021600527e-01
-1.581799836993666997e+00
-2.552913896571719299e+00
-3.862117914509091587e+00
-6.071326191774932823e+00
-7.205244102311521459e+00
-6.884074435348075838e+00
-5.618534034329597304e+00
-5.071796279223399928e+00
-4.191169500473798770e+00
-4.958050996190526583e+00
-8.415405040233491007e+00
-9.488988393818475586e+00
-1.023471485618726184e+01
-1.137905772606948851e+01
-1.180250371198999026e+01
-1.188704316825562302e+01
-1.289001488987867106e+01
-1.245779293944131716e+01
-1.058142595689550625e+01
-9.881967785345777244e+00
-1.203195891744252499e+01
-1.278182044422669428e+01
-1.207818084518446788e+01
-1.027190740817252923e+01
-8.277448413829009866e+00
-9.073655599320661125e+00
-9.258908332550161546e+00
-8.132226918995788978e+00
-7.129747949471925139e+00
-7.909499636659809596e+00
-1.057204313150843866e+01
-1.133081452489765972e+01
-1.107749013231390478e+01
-1.141644897782465584e+01
-1.131839333487493704e+01
-1.220315529945051836e+01
-1.269761660823072980e+01
-1.259962625134263803e+01
-1.214818922493406461e+01
-1.006114496289525206e+01
-1.183620512176458561e+01
-1.309217231845048879e+01
-1.255702654018758579e+01
-1.242172992647265595e+01
-1.303291228747859343e+01
-1.369643327032003732e+01
-1.395281337716218495e+01
-1.434602212584161052e+01
-1.451956476696703469e+01
-1.444720194429844895e+01
-1.371370904204443342e+01
-1.229939119502052414e+01
-1.170225078653341022e+01
-1.142727746729320515e+01
-1.047397935084404352e+01
-9.719493988094907166e+00
-1.118444897506224933e+01
-1.130189480551420544e+01
-1.043867837209656280e+01
-1.183123152108968767e+01
-1.160499379246200924e+01
-1.009020802635557779e+01
-1.133021479090743533e+01
-1.275803144222288310e+01
-1.283997861602931856e+01
-1.336439745693211201e+01
-1.387614204539102047e+01
-1.393658759579883188e+01
-1.299849325159302715e+01
-1.371119576195358647e+01
-1.407132199670152950e+01
-1.400316508560806739e+01
-1.446308887475739446e+01
-1.454767902243562006e+01
-1.459819498694974271e+01
-1.448925064755216319e+01
-1.376386612149021538e+01
-1.361118792859270243e+01
-1.371859712693439803e+01
-1.337379092573585027e+01
-1.278405858788852179e+01
-1.247635041970245240e+01
-1.350603621845218782e+01
-1.400419284910806716e+01
-1.161247201659793227e+01
-9.073612318365208651e+00
-9.208070488762718497e+00
-9.186598816631137865e+00
-9.338514407683824459e+00
-1.066880626931158282e+01
-9.255682596654263961e+00
-7.122401309090875543e+00
-9.267410076131163521e+00
-1.286896177882266379e+01
-1.367955610854203030e+01
-1.418716730104333301e+01
-1.454694242847466157e+01
-1.422271075718929900e+01
-1.277863602925178732e+01
-1.329667807871921958e+01
-1.437860601396231530e+01
-1.360571006486182988e+01
-1.272798436076115003e+01
-1.341884334438988446e+01
-1.335650504431141350e+01
-1.255253654440475941e+01
-1.236274404628262857e+01
-1.305450216162874533e+01
-1.389787896038382797e+01
-1.400425650636038633e+01
-1.325528145872630859e+01
-1.368263406233332802e+01
-1.449326852706320068e+01
-1.445047920842144862e+01
-1.455203906516632273e+01
-1.437737406557126540e+01
-1.448206113198692613e+01
-1.454960324917440317e+01
-1.420375106304948432e+01
-1.432553996225830062e+01
-1.439966952076188456e+01
-1.435552943969959117e+01
-1.387991471097898177e+01
-1.198199164509862769e+01
-1.001657101351153933e+01
-9.438095245813160616e+00
-9.247014790861278755e+00
-9.753724416965154020e+00
-1.123154126918353946e+01
-1.028058341997031455e+01
-1.142697957101970729e+01
-1.275542068771005866e+01
-1.261613782226945801e+01
-1.217535265215414420e+01
-1.168493807707100807e+01
-1.208677835011399360e+01
-1.134768484244942144e+01
-1.191568936982105775e+01
-1.319207037976476293e+01
-1.332818368291290234e+01
-1.239492689749002885e+01
-1.114927870454006431e+01
-9.761037336128129738e+00
-9.188853624515134655e+00
-9.941316341756960995e+00
-1.141193363787406412e+01
-1.113581196921047045e+01
-1.146561018935759080e+01
-1.239141826757992426e+01
-1.264197456009548048e+01
-1.180519655850170047e+01
-1.087908218946280137e+01
-1.049738798875471879e+01
-9.087629883755145244e+00
-8.856622859705097994e+00
-9.606070846621978632e+00
-1.077935325836123148e+01
-1.162867604195421301e+01
-8.727041159122387981e+00
-4.997431108063601357e+00
-5.166195776362428660e+00
-6.973055749194905673e+00
-9.102445857404482865e+00
-1.101285071390633341e+01
-1.269232707502062674e+01
-1.359018450380257015e+01
-1.343693226519626194e+01
-1.358691632568214658e+01
-1.366148464630835946e+01
-1.300073660655815111e+01
-1.302493615685297002e+01
-1.275420864796262954e+01
-1.083637879714849994e+01
-9.451958728163154078e+00
-9.317751460605114389e+00
-1.014954428964002098e+01
-1.080261218988599836e+01
-1.165926479061177190e+01
-1.275978013983618453e+01
-1.244551977013046340e+01
-1.041760226426633373e+01
-7.874030185325401554e+00
-6.474895126133407786e+00
-6.394302883211855359e+00
-6.078214522118597252e+00
-7.141497316177932930e+00
-1.025166102211839991e+01
-1.191951878764336037e+01
-1.249717904641221011e+01
-1.149942052181896734e+01
-9.897385582181152941e+00
-1.080584732522211766e+01
-1.150338140762944406e+01
-1.013893194788288099e+01
-8.431171644072049887e+00
-8.138083571271179650e+00
-7.526328645675364193e+00
-9.541877081233225866e+00
-1.027902456302478384e+01
-9.837829873824562199e+00
-1.051742179785578735e+01
-1.166509153534212295e+01
-1.263001397708201878e+01
-1.327916943149364037e+01
-1.299851683914053169e+01
-1.193227161434266748e+01
-1.137358043449854073e+01
-1.090268634358247368e+01
-1.206202667373037940e+01
-1.209131922141983395e+01
-1.105371292134693739e+01
-1.273669327190694212e+01
-1.395047377358311458e+01
-1.333763802346499538e+01
-1.181224134268321180e+01
-1.089603392897021017e+01
-9.445492439060268808e+00
-7.631868546627120331e+00
-6.506749624346787719e+00
-7.420677430365480554e+00
-8.246742749782235649e+00
-7.292758008163057859e+00
-6.702560531839663938e+00
-4.969619462386216213e+00
-2.731559567496436802e+00
-3.209713602325511950e+00
-2.328176936039066280e+00
-4.704510863114206742e+00
-5.888421807391895690e+00
-5.962109919221190601e+00
-7.828045988833160607e+00
-6.829736685192083989e+00
-7.081737029627205970e+00
-8.398786553946216316e+00
-9.715452428653643224e+00
-9.712480669412721923e+00
-8.762419527154342802e+00
-7.527890348373859730e+00
-6.636065064979971062e+00
-8.795928312849916608e+00
-1.159687721766891855e+01
-1.269592923273189378e+01
-1.292645300933316754e+01
-1.253061767418459205e+01
-1.335822894213798406e+01
-1.362293822806095456e+01
-1.277831090484999876e+01
-1.360940082958262920e+01
-1.401107631340879855e+01
-1.437874903646700275e+01
-1.436534685144008883e+01
-1.383648610805542667e+01
-1.412620813557254351e+01
-1.373408782956755658e+01
-1.251317938990625933e+01
-1.105844140203838677e+01
-1.036025945849533692e+01
-9.513806921968843255e+00
-8.131397803783416478e+00
-7.580002285663797856e+00
-6.744641831669734522e+00
-6.438919804295008653e+00
-8.246480651885567781e+00
-1.031143337440718177e+01
-1.147958829683407878e+01
-1.112790430891002380e+01
-1.044722453820063279e+01
-1.195762002999906315e+01
-1.279610581460608643e+01
-1.320062520392653305e+01
-1.406895767974471489e+01
-1.437679607867697307e+01
-1.393500703770614102e+01
-1.206664993896976590e+01
-1.003805534039980962e+01
-1.013248875594002740e+01
-9.737883474690939067e+00
-7.107950743841240815e+00
-7.012088161426274446e+00
-6.681488741021293976e+00
-6.801816248345695648e+00
-9.082068275453579531e+00
-1.116903999865390240e+01
-1.112418679676470390e+01
-1.057920251994242200e+01
-1.130842337475596437e+01
-1.263386647244873551e+01
-1.374796557975092171e+01
-1.374329867298262897e+01
-1.306846926705001977e+01
-1.267274799994566159e+01
-1.290481280170413569e+01
-1.360550926979931496e+01
-1.389506708584041661e+01
-1.303342897315151738e+01
-1.177166066972439395e+01
-1.126978267827630020e+01
-1.229921600187133812e+01
-1.316570794867996597e+01
-1.300836039499507280e+01
-1.264954041285576736e+01
-1.124604710408675601e+01
-1.110637668933693512e+01
-1.072534189387067194e+01
-1.001440179485227944e+01
-9.409408982032015700e+00
-8.059250872663543674e+00
-9.966891871204783371e+00
-1.136020429648815622e+01
-1.097827313515297476e+01
-1.054459187528344266e+01
-1.132144037952938120e+01
-1.291905224472102809e+01
-1.298984387301224075e+01
-1.073170967470440118e+01
-9.356145426703886159e+00
-1.031801515375022937e+01
-8.820602873736929084e+00
-7.369973008690944738e+00
-7.908112622514773982e+00
-8.316674195876883502e+00
-8.496650459217500284e+00
-8.919216573676710169e+00
-9.061887571684247078e+00
-1.046322539533510820e+01
-1.164356948378010337e+01
-1.160399194017396240e+01
-1.237318385961328637e+01
-1.247228694955973971e+01
-1.075466685336456862e+01
-8.388978587649532415e+00
-8.743942087075710745e+00
-9.649129387269402613e+00
-9.156697302648380443e+00
-8.296102066498621141e+00
-8.830475934783006409e+00
-9.185300324844453357e+00
-7.652151411923718172e+00
-5.651736983740542009e+00
-6.622067135097275958e+00
-9.897608251388859912e+00
-1.172683578734434739e+01
-1.131959609795072375e+01
-9.413834487982301269e+00
-8.164222094497398885e+00
-8.714339673914620832e+00
-8.720608555228201553e+00
-8.121342613412265266e+00
-8.226657595156147806e+00
-1.026136825902896277e+01
-1.142285975233738426e+01
-9.430195499455299668e+00
-7.030841618004651572e+00
-4.520749715276275005e+00
-2.682342890231434129e+00
-1.425435258323544563e+00
3.848208415157210460e-01
8.470923033348725095e-01
-7.213617851699327677e-01
-2.736198771761538584e+00
-2.810870078240731207e+00
-1.894679575981343955e+00
1.687392972277882985e-01
-5.087379251370466315e-02
-4.918018701460053488e-01
1.508305920977533354e+00
2.831666890512090973e+00
-3.844016302269226415e-01
-2.819224835307054366e+00
-5.008804373973723578e+00
-5.599110572605888514e+00
-5.912429933220720635e+00
-7.213619684614415384e+00
-6.368159590857723096e+00
-7.589931971118621057e+00
-8.040715898792377914e+00
-7.999531298922068601e+00
-8.256980456718672201e+00
-6.022981718882040703e+00
-4.222623543553872594e+00
-3.568238058625658127e+00
-8.368513956837924095e-01
6.958550153817345540e-01
2.078343663524736540e-01
3.209282424172331394e-02
-2.251161376680737902e+00
-5.543619973378503651e+00
-5.465408401511017367e+00
-4.174867749147400886e+00
-2.184165404178745717e+00
-6.832735956703354097e-01
5.268834734258273089e-01
3.022022715157990369e+00
1.536083144154973823e+00
1.543489677146955286e+00
1.717722030608410000e+00
9.221672624818124664e-01
-3.850678344218334548e-01
-1.225401622592389161e+00
2.401340377886815425e+00
5.535350190614637178e+00
5.155549085267060683e+00
4.020431155486861030e+00
4.375438743811876918e+00
5.303338728866235918e+00
6.011480882465466635e+00
4.540085155567432196e+00
1.524649184706539928e-01
-1.408067946395692882e+00
7.825903981164056278e-01
6.300365620565868685e-01
-1.059939096321320884e+00
-2.733571527824763536e-01
-1.047737850071135846e+00
-3.487046080809996229e-01
4.841430125768418358e-01
1.270379594734283302e-01
5.969476398364657044e-01
-3.546688495050751011e-01
6.862801256105222070e-01
7.146889420800164316e-01
-1.555681908486395759e+00
-3.174236219309659379e+00
-4.005833807638668809e+00
-4.393176097735857155e+00
-6.044587375266212703e+00
-8.481757206385822201e+00
-7.801322526511653699e+00
-7.100403467403063829e+00
-6.135085601859347371e+00
-1.860394941213806774e+00
8.944860922313169205e-01
9.201577875868748035e-02
-2.284290629954562057e-01
3.538031890678904889e-01
2.602695805223655068e+00
4.337607663107390543e+00
2.279292023214751328e+00
2.621901347041377672e-01
2.324915352812647384e+00
4.691787798045849556e+00
5.411234538006407746e+00
3.519738137804824696e+00
-4.250053748107651130e-01
-5.043560107733101816e+00
-6.194423039413014642e+00
-1.016338163003986050e+00
-8.813633125528936851e-01
-2.159998156088795085e+00
-2.754611449506856879e-01
9.994408146629342182e-01
2.846546784973674749e-01
-2.947200588740306881e-01
1.661448703420075557e+00
3.979226317542588376e+00
3.666737448683758505e+00
3.545135127445526280e+00
3.173062688557872768e-01
-2.506599485125725391e+00
6.850106126435717702e-02
2.314066772941767991e-01
-3.668237091312577025e+00
-5.813760741578377633e+00
-5.544371241286980556e+00
-4.506747816266195805e+00
-6.654111930210573789e+00
-9.051822338986729832e+00
-8.134382842707916339e+00
-7.897253924969050765e+00
-8.015032121290747824e+00
-5.603829626549117648e+00
-2.804939189926377807e+00
-2.149705215452623719e+00
-2.924404770885367988e+00
-5.219156716212734359e+00
-4.228578476284860166e+00
-4.217156222218866546e+00
-4.983393310684461674e+00
-4.271591218503770548e+00
-2.549724981169522842e+00
-2.941577708985076978e+00
-6.537310747923801735e+00
-6.267311524661801414e+00
-1.989415490282991250e+00
6.557783021251673006e-01
3.014951958390232001e+00
5.290544870228018226e+00
6.730345500744407516e+00
7.228261368840052548e+00
4.311406142579567558e+00
2.428846214246155544e+00
1.239924847900274019e+00
7.271698223835875163e-01
-1.359129741021823934e-01
-3.126405712521385105e+00
-3.233105639766661987e+00
-1.749388717349874778e+00
-2.038817955229957235e+00
-4.250361816846671026e+00
-3.393852673164039047e+00
-2.073603888360970871e+00
-2.336271907318951069e+00
-1.776671846878697281e+00
-1.109729451733728389e+00
2.445920972649696379e-01
-5.896192130484569915e-01
-1.071841113089939901e+00
5.190683851831418005e-01
2.045048448977226929e+00
2.081428525669975382e+00
1.880391834665402939e+00
-2.683569221348987011e-01
-4.075698603004867415e+00
-4.824110204470183128e+00
-6.118790716268235563e+00
-8.974227640993973409e+00
-9.135465829817565719e+00
-6.727021045798505128e+00
-4.152002323566223119e+00
-5.926624224637177640e+00
-9.442606776098065424e+00
-7.968259430727690606e+00
-5.016802476157161905e+00
-3.535906880753958426e+00
-3.424035608712194811e+00
-4.207021237252215329e+00
-2.472697254700173541e+00
-3.315286923494816573e+00
-5.930825645853729178e+00
-4.616044671533269472e+00
-3.483566880656351561e+00
-4.127492158643750741e+00
-3.784670524791580171e+00
-1.249390256114750297e+00
-9.088237908682772481e-02
5.352719044018743322e-01
4.295122228057544511e+00
3.099035405293876444e+00
1.258679677393592655e-01
9.613743658212916543e-01
1.765222291731162629e+00
3.465042097527474496e+00
5.706536629383423431e+00
5.596293116811655644e+00
7.349754671561163022e+00
6.001411831769511984e+00
3.104365084443238221e+00
3.875443223359404055e+00
5.895178528775644189e+00
6.951514179842043895e+00
6.896323451338240318e+00
5.071372683020542560e+00
2.877096380600793424e+00
2.491639389159626905e+00
2.205961175741176117e+00
1.810409632658213752e+00
-7.731248524884576367e-01
-3.044572997760890409e+00
-1.293584822136493395e+00
3.042114805478543627e+00
4.118264309710207627e+00
3.046283168852735868e-01
-1.198889980567690028e+00
-2.382304458962047011e+00
-2.404115539597250883e+00
2.193529032658329547e-01
2.898752600954913383e+00
1.304838436045025585e+00
-2.534354897489566660e+00
-2.142753827291086210e+00
-3.052773095424309080e+00
-2.679544213363613370e+00
2.626060302516140865e+00
6.853961348539133525e+00
6.352529789531542903e+00
4.850111117454672716e+00
7.196224998903200110e+00
1.007072289975150881e+01
9.723993652801885546e+00
7.114991169369254465e+00
6.376519075285473015e+00
9.257243639298961213e+00
8.974346802617375829e+00
4.353352461651780025e+00
1.069093349828866835e+00
-1.417006994968162514e+00
-1.754996069959340321e-01
6.153813909176349961e-01
1.648096825821990796e+00
1.649027127848161856e+00
-1.862116164901137294e+00
-2.468957200534470431e+00
-7.073262503174847504e-01
-5.597614819507279460e-01
-7.458418687500980582e-01
5.664877651777976419e-01
-1.803317064644764933e-01
-1.828028301653490617e+00
-6.276974375205507384e-01
1.873875036485312506e+00
4.721145718508798161e+00
6.806311074434329811e+00
6.393199035270572317e+00
3.239571436591970333e+00
5.317867528869503202e-01
9.718447396997947907e-01
1.274854010004822458e+00
2.407965027218347487e+00
4.149281326869341591e+00
1.312613717513057887e+00
1.363694536692754318e-02
1.207698915250134286e+00
5.329672335756153734e-01
7.286842410307354800e-01
1.207219454571477169e+00
7.025390264692786824e-01
1.517547004231155183e+00
3.518218791017967972e-01
-4.022912589588349519e+00
-3.988289904433556909e+00
2.478034217156726282e-01
4.321269629088532405e+00
6.381889311832885880e+00
7.759703655212272899e+00
8.605328838611461251e+00
1.045640398361150147e+01
1.221839612985914236e+01
1.011064476051227246e+01
6.409214007226850640e+00
8.606753653279529459e+00
9.329062584230104704e+00
5.022955741359398374e+00
1.753139168086413680e+00
1.648793959260802522e+00
2.958718894508550523e+00
4.911222024944753350e+00
6.092492079743992761e+00
7.012586895873245574e+00
6.245804884102083676e+00
2.804772820544027656e+00
-6.025508205000695838e-01
-7.875088562755883093e-01
1.766681182216528034e+00
5.362586360118015705e+00
8.542554591668674036e+00
8.328764029245872891e+00
8.103147548200272610e+00
8.118651090873727938e+00
4.898917461351418368e+00
1.429526154169012742e+00
-6.145434730023098258e-01
1.700303929046447893e+00
5.301794830968771244e+00
6.674788241446995229e+00
5.480122243362889556e+00
1.896326751956737500e+00
1.251482301795437735e+00
2.620783529207322715e+00
5.950305208538955171e+00
5.790212889841173549e+00
3.064602579853451747e+00
4.753834989092900365e+00
6.870013931773494065e+00
9.309156341770524534e+00
9.807419764998186906e+00
6.393182314890096585e+00
4.868750220958601105e+00
4.277636747882420210e+00
3.982527456403241128e+00
4.741812284731024008e+00
6.347368609803970330e+00
9.497832064813271913e+00
1.025506547846114103e+01
8.210714757345877857e+00
5.973018807578670319e+00
3.802719311473906405e+00
2.179226785203521644e+00
1.917335232601775186e+00
3.311619017815261135e+00
5.309644559603833081e+00
7.156017606139116971e+00
5.430378785131289021e+00
1.455784203208991823e+00
-6.366001828003061691e-01
-2.933376707939458594e+00
-3.603824623245509340e+00
-2.697713841564383763e+00
-4.856251920385848742e+00
-6.783326566333324870e+00
-3.315306929300919858e+00
1.347996733132985403e+00
7.979895475321642229e-01
-3.690113996804412988e+00
-1.035575938761041037e+01
-1.214949095207261287e+01
-1.148723022929710424e+01
-1.381785047383194964e+01
-1.499672702196503060e+01
-1.443780782822771691e+01
-1.248474916720188332e+01
-1.053251591416009880e+01
-1.338660644040279024e+01
-1.417731680894384638e+01
-7.706612932446562425e+00
-1.009266999569446988e+00
-1.568081614074382291e+00
-3.180725225702316195e+00
-1.650460213129262721e+00
6.733927231607220731e-01
6.056121196162612685e-01
-3.295291474788248465e+00
-4.430323377378659444e+00
-5.904584730405712634e+00
-7.729605013603110919e+00
-8.096576655990832094e+00
-8.771452636250378632e+00
-1.057012542080496509e+01
-1.247831042614242669e+01
-1.262646771251225708e+01
-1.193210252345151190e+01
-1.242260685033638623e+01
-1.212334711854124158e+01
-1.042403439778522234e+01
-7.434704584882064538e+00
-4.677957517196224657e+00
-2.015941779297709235e+00
-2.309575812638902548e+00
6.273881404927286187e-01
4.505027534493487806e+00
4.164531692125425621e+00
1.720227497103477221e+00
1.469694344166959876e+00
2.733129415489957914e+00
-1.937232910265996588e-01
-2.316394228871636596e+00
-2.921021795564927581e-01
-1.332665854025375518e-01
-1.603948180669586776e+00
-4.324701696428879805e-01
-9.183930817322604190e-01
-2.967671630300904084e+00
-8.087224256805386480e-01
4.009288104721271395e-01
5.646389872563465362e-01
-2.077703833529442601e-01
-1.629306657453422513e+00
-2.408410861738919717e+00
-4.662529593017081808e+00
-4.964933080859981196e+00
-4.760484795109572786e+00
-5.263782718828105445e+00
-2.879467801006131200e+00
2.335829862628088449e+00
5.531762657981599496e+00
5.705300122581303590e+00
3.252122669828373613e+00
2.245265387996214557e+00
1.801669089159136483e+00
3.642180220153861114e+00
6.302707721823951559e+00
7.190656894696491719e+00
7.253956397110446375e+00
6.383990376149562884e+00
7.552240914739948963e+00
8.063082734481312741e+00
7.432243038384849676e+00
6.353179532005859720e+00
5.164526723207134573e+00
3.892717818186122170e+00
4.911212209392220807e+00
8.328758868091446388e+00
1.069315779615978279e+01
1.073300180735508214e+01
6.470665775920301233e-01
6.470665775920301233e-01
6.470665775920301233e-01
6.470665775920301233e-01
6.470665775920301233e-01
6.470665775920301233e-01
6.470665775920301233e-01
6.470665775920301233e-01
6.470665775920301233e-01
6.470665775920301233e-01
8.877814251288381087e+00
8.613835903307306197e+00
1.066929658637693201e+01
1.071168997534110545e+01
7.311188779692385786e+00
5.303317496653748186e+00
7.158056282924913027e+00
7.021126956718688916e+00
6.441270503561001171e+00
7.060092259882662091e+00
7.425796072112492929e+00
6.621145154552963596e+00
7.773304915776144242e+00
9.286311699753523996e+00
6.036455099970029714e+00
3.452702383296301303e+00
3.173393772017539582e+00
2.848466626462506035e+00
5.240845718359961936e+00
7.478832736577873952e+00
6.470665775920301233e-01
6.470665775920301233e-01
6.470665775920301233e-01
6.470665775920301233e-01
6.470665775920301233e-01
6.470665775920301233e-01
6.470665775920301233e-01
6.470665775920301233e-01
6.470665775920301233e-01
6.470665775920301233e-01
9.927379258277939655e+00
1.118728005955797578e+01
8.431978095963122755e+00
5.690106066418252340e+00
5.770947113701194731e+00
6.399594572859036212e+00
6.466491204578085572e+00
4.220033226565094608e+00
5.439027447344145116e+00
9.904794416160747517e+00
6.349888724812711160e+00
3.687871917913804864e+00
4.103546969383327969e+00
4.848453645091828967e+00
4.296787804270346456e+00
5.741699667799335494e+00
7.783063145206005728e+00
5.247502895021705527e+00
4.469949556063895102e+00
7.338041254694668503e+00
6.819425991534401099e+00
7.195849489791083187e+00
9.104979614396656373e+00
6.670610089291328926e+00
4.596593736356767046e+00
4.316429769235877956e+00
7.524135611712331695e+00
9.600361077508605234e+00
9.568106286201446764e+00
1.012255099493394717e+01
1.178327137703664818e+01
1.266085719140533783e+01
1.316388162647050741e+01
1.301368659845348219e+01
1.362287423498212569e+01
1.363124905389991071e+01
1.295338863363345538e+01
1.284212047862133588e+01
1.099251322341466697e+01
1.010601347812309747e+01
9.543930971638420857e+00
9.252076589475743518e+00
7.531159723832840491e+00
5.643362399618464309e+00
3.842831037019005969e+00
2.753624745450270250e+00
2.394287873944894507e+00
2.999896849293143930e+00
5.523874031014098129e+00
7.409804435305509251e+00
6.018992178243143698e+00
6.353520615231097679e+00
6.110908148825700437e+00
3.894933645954385515e+00
3.206668895974831290e+00
5.675358974142166169e+00
7.698278096033090101e+00
6.260668625778234464e+00
5.832055322145086151e+00
6.139541543148350655e+00
4.885872675320551473e+00
2.953215937843680194e+00
1.378191112659438611e+00
6.824920001368662836e-01
9.361223448139335268e-01
7.525595880424549300e-01
2.866254086445097826e+00
6.144532159532403170e+00
7.468308917989122442e+00
8.349711661998815870e+00
8.831846695637223021e+00
7.802435014900222399e+00
7.532619415261240903e+00
8.304601965830801902e+00
9.847048936063673708e+00
1.172688003740333684e+01
1.273755911060566781e+01
1.296607776516088784e+01
1.276717126153071291e+01
1.042757771927523791e+01
9.030619144365202189e+00
4.404485972812559602e+00
-2.405409037317638721e-01
-4.498257068882052789e-01
1.367983438861676726e+00
2.482417977632629391e+00
2.188781083860997789e+00
3.470146539981842082e+00
4.711056430146402185e+00
3.989159278721644331e+00
5.624732728532177539e+00
7.471512242538084436e+00
7.136691266219511220e+00
5.633161671321387232e+00
2.848818713765554289e+00
2.020692830440001142e+00
1.274977882771795912e+00
3.259586596401529146e-01
3.145324126005814680e+00
6.504385104884142343e+00
9.260637193257329258e+00
1.032791140997478685e+01
8.383181620486087837e+00
9.634200392798158319e+00
1.075798734886117103e+01
6.667176558620329097e+00
8.199274328271181744e+00
1.048970452856737801e+01
1.159024643060947390e+01
1.307430556598136562e+01
1.341431184847621871e+01
1.356044740337918242e+01
1.289522467412007245e+01
1.143281253542116183e+01
9.552467427360939567e+00
7.635886676289102226e+00
6.727392432667643085e+00
6.536882846191067742e+00
8.743555519885138239e+00
1.054871295741407700e+01
1.071138488690559676e+01
9.060254340454507727e+00
6.784765695869813484e+00
7.281794957828588544e+00
1.002565727010802377e+01
1.008189376224791900e+01
1.046649738568965127e+01
1.217975938368594235e+01
1.038018518954995173e+01
1.135232297557258008e+01
1.523695264190601328e+01
1.588845862625308669e+01
1.598887813957871273e+01
1.647310970922959328e+01
1.651524301386237070e+01
1.528156205232742870e+01
1.527203793314979841e+01
1.599136742344969875e+01
1.678287944797636300e+01
1.641078336153426065e+01
1.441311396852288418e+01
1.397832707296718802e+01
1.487546443564086118e+01
1.286999912437036286e+01
1.311993377527802984e+01
1.432787144410740154e+01
1.425162764195510334e+01
1.382359268682597175e+01
1.344986954645653654e+01
1.255285655713081461e+01
9.881661562147209921e+00
7.359278282353463041e+00
8.048736312800253145e+00
8.980369093158833138e+00
9.972072392966095933e+00
8.883495458713738913e+00
5.421278623197882673e+00
7.147844572399801422e+00
1.017481333866791715e+01
1.123837978393273929e+01
1.192300198238763720e+01
1.263898333636959315e+01
1.458501566619499634e+01
1.546289429449579345e+01
1.384719170177995196e+01
1.450933078083028249e+01
1.556066485438519997e+01
1.526226927075871487e+01
1.491738193491545239e+01
1.546389450184268810e+01
1.525397869777755311e+01
1.571105241600416313e+01
1.614467548991047963e+01
1.525853738980076102e+01
1.529316082686377420e+01
1.613872384636336221e+01
1.605624588459602364e+01
1.583198096736978044e+01
1.503343745201865467e+01
1.340729998619044494e+01
1.239400736206133224e+01
1.118585374117328968e+01
9.514341263396737247e+00
9.507622000796823514e+00
8.957199883840756272e+00
6.726437403947249649e+00
8.947916591299488687e+00
1.186642377188358211e+01
1.421416885428060972e+01
1.570748372204473498e+01
1.657073261580193346e+01
1.683179462830649342e+01
1.609024778667480504e+01
1.537509241284682382e+01
1.491566329927199064e+01
1.470008803881549753e+01
1.491023124601686334e+01
1.444517479340607835e+01
1.549710248552261760e+01
1.608101421733697833e+01
1.532135119000904844e+01
1.412509715828996626e+01
1.376150258217401046e+01
1.361538816597615487e+01
1.422131727244504873e+01
1.543751508952858487e+01
1.450516420843781340e+01
1.250307984681046314e+01
1.263061950626754992e+01
1.378336484219645008e+01
1.315040338460234715e+01
1.158046493170746771e+01
1.260847484723693768e+01
1.148410658534805329e+01
1.011701073905626025e+01
1.085113298947450389e+01
9.187190213771799563e+00
9.133923003749604419e+00
1.100026079318626948e+01
1.090628929128956948e+01
1.063132670350848663e+01
1.088059916451729059e+01
1.169005779588856164e+01
1.198219484843695071e+01
1.281841797602624133e+01
1.453353412918047738e+01
1.393325338624945609e+01
1.202634687877242392e+01
1.287868056586200183e+01
1.458474108129227531e+01
1.497572090856054139e+01
1.518396640953824672e+01
1.485338264282080090e+01
1.339273784328539385e+01
1.443966109575175949e+01
1.520156891412706557e+01
1.427868112734938677e+01
1.363240110856122023e+01
1.377633113884092175e+01
1.277770333195127428e+01
1.321960852230995442e+01
1.490572389336310621e+01
1.562828049125081620e+01
1.490060399861587115e+01
1.370390613260393486e+01
1.402712639427710073e+01
1.492170824037419941e+01
1.420529320282083674e+01
1.262195476442254183e+01
1.172767377206640482e+01
1.099649415858313972e+01
1.145135724686068812e+01
1.349571944168173054e+01
1.233379876507885164e+01
1.009515751539137263e+01
1.081036707619898785e+01
1.210983578162142038e+01
1.120570821082004720e+01
9.615756114676285549e+00
1.048777024401330671e+01
1.275107438874063526e+01
1.394406109883044920e+01
1.373479613968328117e+01
1.212504124479728418e+01
1.132157897331301299e+01
1.125323376891651783e+01
1.007098681355361158e+01
1.104462114022848951e+01
1.330425538476854896e+01
1.492667379081814794e+01
1.591542531444651054e+01
1.586263452127088769e+01
1.387031306762619920e+01
1.338478082735898944e+01
1.357222908040296261e+01
1.308398123446504258e+01
1.317859482321544640e+01
1.260050994661644452e+01
1.309325126970629682e+01
1.421444431205093295e+01
1.382563996133461259e+01
1.305029165235685085e+01
1.364683270257304137e+01
1.494968079389473381e+01
1.597627804760635151e+01
1.563214132156469027e+01
1.380831788468315757e+01
1.202052760968128453e+01
1.050634268641400482e+01
1.025085301888986677e+01
9.788374211442029349e+00
9.253889772857410989e+00
9.099989565280452553e+00
7.537245864160701636e+00
6.850249220512388604e+00
1.091989857843640799e+01
1.341666854725016833e+01
1.280353678177302967e+01
1.183696497439638584e+01
1.325687791479673550e+01
6.470665775920301233e-01
6.470665775920301233e-01
6.470665775920301233e-01
6.470665775920301233e-01
6.470665775920301233e-01
6.470665775920301233e-01
6.470665775920301233e-01
6.470665775920301233e-01
6.470665775920301233e-01
6.470665775920301233e-01
1.483300293456091445e+01
1.386269509238340270e+01
1.295477728499488634e+01
1.406571503966432957e+01
1.459755769190318198e+01
1.385265827354223944e+01
1.257921108248592823e+01
1.210126877138634960e+01
1.105165341769146536e+01
1.127170030279173041e+01
1.245789544319505460e+01
1.349919275521342854e+01
1.397388201934437646e+01
1.406301239905800315e+01
1.441345669982457522e+01
1.530027468778929212e+01
1.659967990267410798e+01
1.576199560456089621e+01
1.494739133166210365e+01
1.544723047265340909e+01
1.518805812823040924e+01
1.426585529035540567e+01
1.396091297215999383e+01
1.401941524554248275e+01
1.213260659262546781e+01
1.417819704593912356e+01
1.445208551220053295e+01
1.483073156802121062e+01
1.555052448397383635e+01
1.460632572492962744e+01
1.442001988098304999e+01
1.289477441031644211e+01
1.288834089648615411e+01
1.428362406087957659e+01
1.498818992162305364e+01
1.507026211809228222e+01
1.486889325525714867e+01
1.454026341714006954e+01
1.617224000814000817e+01
1.672626936197960390e+01
1.657217264644681975e+01
1.692988881500744469e+01
1.680756342229983602e+01
1.639068815175465232e+01
1.585584321937623464e+01
1.496433776136262139e+01
1.447042213535280375e+01
1.453868920062756764e+01
1.473321963375026122e+01
1.461395382741198290e+01
1.558556962510260391e+01
1.620433535547318016e+01
1.658910795002188721e+01
1.633867316834662731e+01
1.628667685788715858e+01
1.699370768102001605e+01
1.718590049585016644e+01
1.686779751714916031e+01
1.565190965831425274e+01
1.568551823416696323e+01
1.460464617880590588e+01
1.250556927546856478e+01
1.304405613449361567e+01
1.452928687374829408e+01
1.413480139314969186e+01
1.351905427783913360e+01
1.327321132348102850e+01
1.253323508716710499e+01
1.320109462099889441e+01
1.501979609166458829e+01
1.579759777912356356e+01
1.523092114232009742e+01
1.394578055466848454e+01
1.386938975658063811e+01
1.395136821117928072e+01
1.349827396112543987e+01
1.307715547183630811e+01
1.410372671083905338e+01
1.386254367102818819e+01
1.261965964967198772e+01
1.268765832082230993e+01
1.232843683194109730e+01
1.132334697965069203e+01
1.225582957560156316e+01
1.176105849440481244e+01
9.527475125072799145e+00
1.012283675981046294e+01
1.169647415439110816e+01
1.310262553095588700e+01
1.413709103220231533e+01
1.354565461938358517e+01
1.338852826535614682e+01
1.216279302139355245e+01
1.046387148945071743e+01
1.018114062393532571e+01
1.020812392675124514e+01
9.671504740378026099e+00
1.199357939696760766e+01
1.371837647219680001e+01
1.384723506980612306e+01
1.394885218948711625e+01
1.251829938214530991e+01
1.100614842880377253e+01
1.117294287206220282e+01
1.249570341287331487e+01
1.254486120624330781e+01
1.197701613832641954e+01
1.337896259093860252e+01
1.538421899972725271e+01
1.622298405720417946e+01
1.628107154960886405e+01
1.683032977924862195e+01
1.692198731467529882e+01
1.628539208659115900e+01
1.549586851695944389e+01
1.608449185922862057e+01
1.647224678248948848e+01
1.596530864058601296e+01
1.659236324961331022e+01
1.668445322835247424e+01
1.639957487270669034e+01
1.645259846074049292e+01
1.670010683891455372e+01
1.592365728221324339e+01
1.566020262266634866e+01
1.576976806784688279e+01
1.523878681966169424e+01
1.453080939641634295e+01
1.544151478321302484e+01
1.677794188257183094e+01
1.675596953210861884e+01
1.641746019801701095e+01
1.678349744722161674e+01
1.721996722258117174e+01
1.667285136037000015e+01
1.669758653097275669e+01
1.716295218627185193e+01
1.640364993639337143e+01
1.648751139941537858e+01
1.684802306038822550e+01
1.653470982149564605e+01
1.515179138864948172e+01
1.463903421172431507e+01
1.555070397916149361e+01
1.502621579306656230e+01
1.300379869644689990e+01
1.285148056308794118e+01
1.151167500405930610e+01
8.864702077279675407e+00
1.397368515744491191e+01
1.626749069730306019e+01
1.516590145217982410e+01
1.590383420361434652e+01
1.583374621903909407e+01
1.429651251139328316e+01
1.456741563147472718e+01
1.498768686027977459e+01
1.419880727531755227e+01
1.397350078204555857e+01
1.511228825141535026e+01
1.614448710871895187e+01
1.584702824565631474e+01
1.455531540976408600e+01
1.487851271459391533e+01
1.605778653157328151e+01
1.600930680098893788e+01
1.634223887628306926e+01
1.703145776082719820e+01
1.644947611016931788e+01
1.557287279986275408e+01
1.397395765981242022e+01
1.414581491664443824e+01
1.314407509615682734e+01
1.151066019545406327e+01
1.173893184669725187e+01
1.118546511499081042e+01
1.097256775304061271e+01
9.551981602064698151e+00
1.158412008581092678e+01
1.431299411945223454e+01
1.528927083088056449e+01
1.588713815674829988e+01
1.643683811471883160e+01
1.670274924751562295e+01
1.687842726086992684e+01
1.712942929793662827e+01
1.706822033861618948e+01
1.689205132517758301e+01
1.643088206194812173e+01
1.559871848867520860e+01
1.417443665457723334e+01
1.009005663458679614e+01
1.150438795285382199e+01
1.298577030650119823e+01
1.193419655891313624e+01
1.152000279573612040e+01
9.773549730954062653e+00
8.601261489163650964e+00
9.513059330787525525e+00
9.390933059016292717e+00
9.710298298889901147e+00
1.058774736231556979e+01
8.175803374784381461e+00
8.410142747392882256e+00
9.846912010980432228e+00
7.296140175913742532e+00
8.309021083912304206e+00
1.281094396737788443e+01
1.426423788093046774e+01
1.319788040104688420e+01
1.356382280138918439e+01
1.362253764774802356e+01
1.178940000906350605e+01
1.170163140183178108e+01
1.226378371382174848e+01
1.187344119136261966e+01
1.201299908086618018e+01
9.763525318258059471e+00
7.566468881809170988e+00
8.538200872666442010e+00
1.133717515348619820e+01
1.105797043061776996e+01
1.015039275428164167e+01
9.752137851570031657e+00
8.075097816970055575e+00
8.773461382223203486e+00
1.112136311228532826e+01
1.235254327028443555e+01
1.278766894911604979e+01
1.225644045761172407e+01
1.182192783922436163e+01
1.204931519989881927e+01
1.193034255828015411e+01
1.278844365675103845e+01
1.465809957827168475e+01
1.545362204442792020e+01
1.475629847738089673e+01
1.377611481438545482e+01
1.371029135417730238e+01
1.170524479183396060e+01
1.035096127414232470e+01
9.598610864799516307e+00
1.000206738337082690e+01
8.988529106038424032e+00
9.016935470932791574e+00
1.273005635832931048e+01
1.348921499237974686e+01
1.033725701698503663e+01
8.063072461369214849e+00
1.029660556536465776e+01
1.321111736300279382e+01
1.251968585207395357e+01
1.005426129951687919e+01
1.029747742021661594e+01
1.181467313753845261e+01
1.241816580183069618e+01
1.276333093934594487e+01
1.372540285693161799e+01
1.282158015353991409e+01
1.236380505171636379e+01
1.396260203783084641e+01
1.520294376957187943e+01
1.505530862822908844e+01
1.411595380252990495e+01
1.356509381417846782e+01
1.359186967510320798e+01
1.180412346988972949e+01
9.544723528029765092e+00
8.803704209268758518e+00
1.169462472397044017e+01
1.539054068667370956e+01
1.610929497266987198e+01
1.581276824919066115e+01
1.509670039319072998e+01
1.554360605352916380e+01
1.594858169480133192e+01
1.599418145329392793e+01
1.614941317990964720e+01
1.605662394975464125e+01
1.615001303150797440e+01
1.592871714712961762e+01
1.522211213316152545e+01
1.529826311244452874e+01
1.425367641144561404e+01
1.215275228899055371e+01
1.107466180894564189e+01
1.168187910832623544e+01
1.338724260033398394e+01
1.386326724877144123e+01
1.297718693401308165e+01
9.861122583409125397e+00
6.122560393030376247e+00
7.265662637666137513e+00
6.140947628041755202e+00
6.053149922097161628e+00
7.371314819294425114e+00
7.756945657875379041e+00
8.904610631479204841e+00
7.364412526034640472e+00
6.723678920165108153e+00
9.137390913458288466e+00
1.085709714246780599e+01
1.088735503699263951e+01
9.643671560941580623e+00
1.170723197105522040e+01
