-1.583597932420440735e+01
-1.610582892906080943e+01
-1.632014184456126671e+01
-1.601148410400041655e+01
-1.569785099728268740e+01
-1.572274720289723149e+01
-1.579546604282472266e+01
-1.438827121404265519e+01
-1.189109965631413779e+01
-1.014327036134847049e+01
-1.113018240650791313e+01
-1.169320568577476216e+01
-1.047840424967112405e+01
-1.054466499533393709e+01
-1.138458597258716765e+01
-1.247113101075726149e+01
-1.391362654214611894e+01
-1.375782777585374639e+01
-1.281366565621995157e+01
-1.235519883408642094e+01
-1.233003768760681318e+01
-1.247306503056262805e+01
-1.336329071769472954e+01
-1.321712480245004606e+01
-1.122591048528872371e+01
-9.560715132732978461e+00
-8.609574491563860121e+00
-8.582274267752799446e+00
-9.870293187334761242e+00
-1.113547395162451004e+01
-1.186246209583048916e+01
-1.199957452025019577e+01
-1.092493632628722189e+01
-9.069371006756743014e+00
-7.486138498567945554e+00
-7.355781506419228677e+00
-8.400921138142129152e+00
-9.043824941494031933e+00
-9.546397572401710718e+00
-9.612733311144349813e+00
-9.110560474071979442e+00
-8.807042532588434725e+00
-7.040377185755441580e+00
-3.705358796673102084e+00
-2.071994672597917031e+00
-1.736755337893336693e+00
-2.210168607653735684e+00
-4.089442120198889974e+00
-6.740045045611593899e+00
-9.549100587593390088e+00
-1.131442254016501536e+01
-1.098468592545576961e+01
-9.488093848775362105e+00
-7.912924704727644531e+00
-7.263998904209382879e+00
-6.786945217415950360e+00
-6.846561135961629851e+00
-8.096689093175578833e+00
-8.240199160312105420e+00
-8.679096157847597581e+00
-1.084357550150995486e+01
-1.230814053530941443e+01
-1.106251966449866053e+01
-8.613045489980114766e+00
-8.917573044060935317e+00
-9.382050380938839140e+00
-9.214828059098328694e+00
-9.058377204263981852e+00
-8.641813247226043160e+00
-7.485070205987594427e+00
-7.291112063480570171e+00
-8.884443957539364334e+00
-8.533298302653593126e+00
-4.675095836193404075e+00
-2.457807063476345810e+00
-2.791954540139760521e+00
-4.419054470735836126e+00
-6.089568867650587691e+00
-7.892717534945131952e+00
-1.016225448652516050e+01
-1.121957550544988003e+01
-9.939508314521866339e+00
-6.383748851756361198e+00
-3.348367440828793562e+00
-3.841015904562038674e+00
-6.168122129347826998e+00
-6.557447802724174046e+00
-6.310321687850176886e+00
-6.971001322963807922e+00
-6.185393669252063020e+00
-7.205328601307825487e+00
-8.919115928905705815e+00
-8.942277141907299054e+00
-1.045949091435840295e+01
-1.039263870973979564e+01
-8.701876114541596152e+00
-6.256787257100991262e+00
-5.407186165712363213e+00
-8.056326574986869105e+00
-9.599833380335622834e+00
-1.118924734407438670e+01
-1.302414297814137889e+01
-1.359228308359593207e+01
-1.352571209199726354e+01
-1.339162440912821772e+01
-1.230573963455257136e+01
-1.133509168086849073e+01
-1.110940129338965221e+01
-1.052785151874362768e+01
-8.708075452356721868e+00
-7.414663970413395866e+00
-9.586030520156716861e+00
-9.962770769300295370e+00
-8.252234447420507379e+00
-8.840502276781965207e+00
-9.450578980261544970e+00
-7.452178866259036916e+00
-5.385782206631033908e+00
-5.817003175477814203e+00
-6.801853808072921836e+00
-9.390246471897917502e+00
-1.066715438886829048e+01
-1.081733224118647563e+01
-1.193168297407323131e+01
-1.236569634731880463e+01
-1.357753541784223650e+01
-1.383335888357751564e+01
-1.238772722997988573e+01
-1.041781644970986598e+01
-9.185342640977863127e+00
-1.002184073248376350e+01
-1.008308561641481482e+01
-7.431759282306677150e+00
-6.993210476464109426e+00
-8.277151081015064804e+00
-9.616233810919021963e+00
-1.147993402851210654e+01
-1.389319973084826820e+01
-1.410913080433404510e+01
-1.366169336006878332e+01
-1.466020108673965971e+01
-1.465133993772657739e+01
-1.330685045635504693e+01
-1.167275526236694994e+01
-1.127471203512524411e+01
-1.063669741188405915e+01
-8.410936619438677653e+00
-9.731561594201815879e+00
-1.137192376702125962e+01
-1.260629312661731127e+01
-1.254068628044719169e+01
-9.422542783114609577e+00
-6.652033444262457351e+00
-7.021351655459561414e+00
-1.065404635820362778e+01
-1.255699049950889190e+01
-1.160536943713475466e+01
-1.160876126180271584e+01
-1.102486775812686659e+01
-9.039601080230136532e+00
-1.083093572480907518e+01
-1.314044591035308507e+01
-1.361851642801733853e+01
-1.250818585288572926e+01
-9.633542419508220433e+00
-8.507730567955958279e+00
-8.719028153769434297e+00
-5.451032746126409201e+00
-6.612154728176221852e+00
-9.846986527142366441e+00
-9.747292995107178726e+00
-7.629532046235989462e+00
-7.559967227515504540e+00
6.470665775920301233e-01
-7.557211493502291155e+00
-7.408178860411708477e+00
-7.832311301983174268e+00
-5.121283079403590399e+00
4.484187943729257136e-02
9.395899658428920054e-01
-3.167997941145377361e+00
-7.373996725931330154e+00
-4.225665740081718802e+00
-1.713160872168585591e+00
-3.508488723124084885e+00
-4.887720211909424073e+00
-8.240561748849600576e+00
-9.546805677167371940e+00
-7.331104758846841207e+00
-6.743241891559675238e+00
-8.488658677041224010e+00
-1.080562271683387543e+01
-1.023421574188988892e+01
-7.944480289861333588e+00
-7.471088661895961991e+00
-8.199879140307155367e+00
-9.497866957110753461e+00
-8.097571959792476903e+00
-5.563716504246925432e+00
-6.657318092663717657e+00
-6.816330139262318788e+00
-7.411250308647926666e+00
-8.798517207574436227e+00
-7.701974061021998885e+00
-4.956561127359010221e+00
-4.542866196244299992e+00
-7.249704633218416738e+00
-6.508570986075661757e+00
-5.252860810509887735e+00
-5.073152486532019445e+00
-3.710924737221354519e+00
-3.116885785433328504e+00
-2.665052338388226083e+00
-2.582430109730563750e+00
-1.272249619515514851e+00
-1.312891375037661845e+00
-5.759429236079297354e+00
-5.463218134623354594e+00
-5.045427288369332963e+00
-6.589986303671090617e+00
-4.328878918422506494e+00
-9.238199666438761115e-01
2.153300336935852322e+00
2.540937892439166568e+00
-3.001812176756478157e-01
-3.838543924761200543e+00
-8.429352071692408188e+00
-8.292720847083076663e+00
-6.577085708453773272e+00
-6.157514858053450446e+00
-5.176850323973490653e+00
-1.189754688645185521e+00
-2.123994834630223316e+00
-4.053781883717788581e+00
-3.002199613264032951e+00
-2.572060755422708400e+00
-4.899958964862194399e+00
-7.553284637849287719e+00
-9.199181890817369478e+00
-1.121100649768171031e+01
-1.179639646582266543e+01
-1.056402905298426553e+01
-9.389826743788658447e+00
-8.526168508318168193e+00
-9.199455028778514176e+00
-1.085535967887913245e+01
-1.232693526923845972e+01
-1.261965980990921565e+01
-1.148592549610833302e+01
-1.026139706291290743e+01
-7.361960469520960615e+00
-4.756730220984714208e+00
-4.700772013025654950e+00
-5.028710203045712923e+00
-5.187559569203172849e+00
-3.259411257168074894e+00
-1.949263560895819536e+00
-4.923774000455789057e+00
-7.032426217616534636e+00
-8.382263535481980554e+00
-9.863709436442084311e+00
-8.256599503412683561e+00
-4.476081656603017045e+00
-3.287640707975127974e+00
-4.075931080786504346e+00
-6.493297123968287288e+00
-7.805819588793620589e+00
-8.394823818775465796e+00
-8.081666182961674494e+00
-3.267718091639806310e+00
-1.210099300982312442e+00
-1.551753880647824602e+00
7.708739864666807051e-01
-1.052757275775837442e+00
-8.205172411541870048e+00
-1.250995289508314023e+01
-1.279286886113603394e+01
-1.217410976274034518e+01
-1.252976316927567879e+01
-1.200760061402047185e+01
-1.164278965745186945e+01
-1.304184890920615381e+01
-1.449315333622797830e+01
-1.399100318712915758e+01
-1.342094099012395425e+01
-1.317553227202848909e+01
-1.400665595846380818e+01
-1.523522594009858899e+01
-1.579138859997030586e+01
-1.635477462538809590e+01
-1.639616771506032933e+01
-1.637993970092415097e+01
-1.656093143551679958e+01
-1.589215053174850922e+01
-1.413909261825093999e+01
-1.248862122177705913e+01
-8.477720096686224949e+00
-7.350144528256437049e+00
-7.733948922656191272e+00
-7.154862068983223189e+00
-7.807456654083092751e+00
-7.633930102147478358e+00
-5.372067712380855120e+00
-2.087214743361738289e+00
-1.759215531110685404e+00
-4.561947775751430179e+00
-5.028763739347572148e+00
-2.154289170125807118e+00
-7.779606337757032364e-01
-2.480459873695944228e+00
-2.776625307809583720e+00
-4.042688507382584007e+00
-7.673176789844782242e+00
-8.173033586010268081e+00
-5.697395034454632246e+00
-2.457196541835280357e+00
-3.469603071528071681e+00
-4.963167896123960254e+00
-2.801468485534349906e+00
-2.765071132420627187e+00
-3.229505519107494393e+00
-5.417867817247953965e+00
-7.140500574298302539e+00
-7.200855374299250933e+00
-8.405971029915297876e+00
-8.510876704921029656e+00
-7.217868821021586889e+00
-5.020303140828864308e+00
-4.185426897744734198e+00
-7.897621598836867207e+00
-1.020235724992843096e+01
-8.482150403503558422e+00
-6.953295538974813894e+00
-8.428953166094890648e+00
-7.855307263539232032e+00
-4.971444683611453641e+00
-3.903666452003150766e+00
-4.974695735459638612e+00
-5.960949440347294903e+00
-6.164881502269678570e+00
-6.336390550856875414e+00
-4.635554248507904873e+00
-1.191055444120199702e+00
-1.728915453276904657e+00
-1.913932693029843035e+00
-1.353323017924687455e-01
-2.010135919098537727e+00
-6.483346522455580185e+00
-8.577417608438912211e+00
-8.686279412284255486e+00
-6.921812610860800241e+00
-3.661535268762235340e+00
-1.133463889615167197e+00
-3.605352032099963466e+00
-9.337446284743743163e+00
-1.232723572881241125e+01
-1.213772717583320748e+01
-1.231777209484373792e+01
-1.312088531153366233e+01
-1.224573166186881856e+01
-1.129716194790388961e+01
-9.945389884193224006e+00
-1.072109970616792651e+01
-1.145362464044284501e+01
-7.830642815002136103e+00
-6.982671336155127584e+00
-6.171803045074654825e+00
-4.184807876583087172e+00
-6.065449748770801897e+00
-6.710584195262255136e+00
-4.329386035861939597e+00
-4.642995181364475421e+00
-6.836899263857088016e+00
-8.426456357743953518e+00
-9.131158633238785072e+00
-1.020783854534427348e+01
-9.169487933060461060e+00
-6.776151693954220789e+00
-9.191807277217389327e+00
-1.123400550219546190e+01
-1.021383121579205522e+01
-8.826975625607383691e+00
-6.917132399873220372e+00
-4.641065495045478606e+00
-4.178459205298407753e+00
-2.765238314648669427e+00
-2.758547355703675485e+00
-1.541303189178160782e+00
-5.364205211448804800e-01
-5.287362941178773035e+00
-9.394827564054585523e+00
-9.995323546763179579e+00
-1.031086349264118240e+01
-1.236192660898890416e+01
-1.393473807571752054e+01
-1.301617869732238830e+01
-1.019922181135417638e+01
-9.297885327201411698e+00
-1.021548019538104768e+01
-1.115996227727925039e+01
-1.201194935636863015e+01
-1.272628929861321723e+01
-1.214152202519585977e+01
-1.145927772642061981e+01
-1.198497515189110807e+01
-1.328820279722545017e+01
-1.405360714741910222e+01
-1.228726631536676983e+01
-1.028344143378870790e+01
-1.061435717231837117e+01
-1.003880536781902499e+01
-7.737441749341022579e+00
-7.863275300565049974e+00
-9.689179573695151149e+00
-1.089144940007232165e+01
-1.093416767301053305e+01
-8.565310125836470334e+00
-5.150512855624877595e+00
-4.664623021281435911e+00
-5.458636647182054880e+00
-5.804127556017030010e+00
-5.887427663538566058e+00
-6.728544291284635825e+00
-7.105473214222651102e+00
-6.558852952134806458e+00
-5.031673892219284738e+00
-2.974585898926922489e+00
-4.434324899390760244e+00
-7.874408774115537746e+00
-9.216648365418395272e+00
-8.179263025329960968e+00
-4.775584684011322523e+00
-2.377975526740306655e+00
-2.954316250408562716e+00
-4.397945121596950280e+00
-7.831841916562147787e+00
-1.049618607666261916e+01
-1.044800988492333893e+01
-1.048888327397257747e+01
-9.121658210446209836e+00
-5.831291067610319345e+00
-4.778445014870224661e+00
-6.974216882927447791e+00
-8.534119472987168109e+00
-9.471833692480325695e+00
-1.035193458198334149e+01
-1.212101811298953002e+01
-1.413810618941682051e+01
-1.531898641503633840e+01
-1.540019303019842489e+01
-1.505723801474779044e+01
-1.407011709667763633e+01
-1.315595334165026564e+01
-1.274040405058912739e+01
-1.417889378486022345e+01
-1.499880875790167600e+01
-1.493595554766007538e+01
-1.513697168575401442e+01
-1.468860006631491544e+01
-1.335337687132340001e+01
-1.322030305812500117e+01
-1.230370510124056871e+01
-1.068291141512377784e+01
-1.122723974012078862e+01
-1.068252455949833113e+01
-1.003136810156840575e+01
-1.074709281676368988e+01
-9.287120743336412687e+00
-7.830902772341254092e+00
-6.897294776357418833e+00
-5.943059577785233749e+00
-7.480928525139752594e+00
-8.690033312662974296e+00
-9.376312931879853707e+00
-1.008897348061623589e+01
-9.514847592637595497e+00
-9.259710819409745497e+00
-1.004866915391589721e+01
-1.133411916702739397e+01
-1.244402381417799575e+01
-1.249325960982939954e+01
-1.247815450112617164e+01
-1.332779619547668837e+01
-1.340544793756696684e+01
-1.268474055122834976e+01
-1.122881617031657875e+01
-1.142142599708863315e+01
-1.164651931658663031e+01
-1.171813961994815045e+01
-1.199760658152683668e+01
-1.137661339384047388e+01
-8.842843157435702039e+00
-7.200244194672914766e+00
-7.210969396149786270e+00
-7.579855976276013152e+00
-5.141771284061721126e+00
-4.429728782385462971e+00
-6.572400813723418445e+00
-9.042293641061460718e+00
-8.579956653770052455e+00
-4.701007359356753845e+00
-4.625678100151495720e+00
-5.741432218353658357e+00
-6.123090078780957235e+00
-8.032370037932468065e+00
-1.008882730521943394e+01
-1.145373501859437759e+01
-1.124423676497462488e+01
-1.087857108407669138e+01
-1.060680060442766504e+01
-9.167077178589339681e+00
-8.988929861575119418e+00
-8.258862411770031997e+00
-7.044905741408818756e+00
-8.498811572532876113e+00
-8.841060404283622276e+00
-1.001299276649239722e+01
-1.143354906097108525e+01
-1.207965490045226531e+01
-1.243472881828337329e+01
-1.328550363604378859e+01
-1.390364954642486950e+01
-1.237983385738832531e+01
-1.146257666270606279e+01
-1.319088219082846436e+01
-1.413144275359677771e+01
-1.473076162249464538e+01
-1.523375349038097859e+01
-1.533883623118771133e+01
-1.527662430607401411e+01
-1.520746267377778516e+01
-1.462776799994763799e+01
-1.456303555633690117e+01
-1.493335498063005673e+01
-1.457263986693539515e+01
-1.372946935647839517e+01
-1.313500510658989384e+01
-1.212491106033710686e+01
-1.254903100953709405e+01
-1.238650438649449192e+01
-1.192499915839561275e+01
-1.177897141496480948e+01
-1.076939268124207238e+01
-1.115633444485066761e+01
-1.178127734120670134e+01
-1.224799453889641931e+01
-1.167350281567446579e+01
-1.030396233557453201e+01
-1.113677919687616580e+01
-1.261514363753689238e+01
-1.264402608096409786e+01
-1.233046831041391123e+01
-1.319663143719409781e+01
-1.379087912919551506e+01
-1.330021763002965152e+01
-1.226194952731283472e+01
-1.125029658570851154e+01
-1.037059519831193732e+01
-9.301643632900001180e+00
-8.982606892654716901e+00
-9.602466331579638137e+00
-1.102021545176850204e+01
-1.247520672811618248e+01
-1.265192719725468606e+01
-1.305976230369225455e+01
-1.368334501323651331e+01
-1.346717666229168664e+01
-1.303615394033206343e+01
-1.270461811810800867e+01
-1.374554309364403437e+01
-1.391141385257572871e+01
-1.340344638464535798e+01
-1.291467497449894530e+01
-1.184164366307640570e+01
-1.104375919015865826e+01
-8.758827115631914850e+00
-7.505405700120667767e+00
-6.361109352253004445e+00
-4.057172826565635937e+00
-2.762201438667207132e+00
-3.129345245874957993e+00
-7.088068734883504085e+00
-9.063432979676035117e+00
-9.669693145621065966e+00
-9.560294607479699280e+00
-8.419537388136697942e+00
-7.755924451912056483e+00
-9.776716124709631472e+00
-1.192117036430837906e+01
-1.162343258580165362e+01
-1.068146941510857317e+01
-9.541259931687834595e+00
-9.818389228351781739e+00
-1.118237999270049166e+01
-1.325107616477668593e+01
-1.398117887499710754e+01
-1.458783696856997558e+01
-1.486887741159459431e+01
-1.471219422086511663e+01
-1.451032672174825677e+01
-1.459781880992397340e+01
-1.452358958161352653e+01
-1.403748506092204806e+01
-1.347407232598156668e+01
-1.235356818225008801e+01
-1.155780284226035270e+01
-1.163876097839353996e+01
-1.025785632239681711e+01
-9.418825908880746667e+00
-1.114221174003572834e+01
-1.273692263314342377e+01
-1.189891711731035073e+01
-1.219901849185342613e+01
-1.279408917874126494e+01
-1.221162524479850831e+01
-1.160845309552028937e+01
-1.102819666959534928e+01
-8.039010732605467169e+00
-7.690795763724453060e+00
-7.726570361412876231e+00
-6.121536192955672639e+00
-4.121780990243386178e+00
-3.418211206988984063e+00
-6.881084730148322670e+00
-1.199892582858435652e+01
-1.306494540975190333e+01
-1.360501475739030219e+01
-1.447833186928132143e+01
-1.453858460719103185e+01
-1.441132772032362297e+01
-1.377171271716153989e+01
-1.369162513697580330e+01
-1.450585175802677362e+01
-1.472319308388910564e+01
-1.476038380878325640e+01
-1.419375058954628699e+01
-1.427524744438207094e+01
-1.458052926185006548e+01
-1.391136327754549562e+01
-1.221334034294195092e+01
-1.165783478366279446e+01
-1.093418213325751331e+01
-1.147725000146542662e+01
-1.295515958925325783e+01
-1.329700844577540408e+01
-1.309291528106891001e+01
-1.273870842527327518e+01
-1.219331237749223362e+01
-1.294302603449381728e+01
-1.293564993526659102e+01
-1.264343545093287347e+01
-1.313288028219910508e+01
-1.233089450314444235e+01
-1.303194890755951008e+01
-1.264045927634338007e+01
-1.094079031940199975e+01
-7.782448785638789168e+00
-4.971009153011839210e+00
-3.315243159929605721e+00
-5.468956176074927455e+00
-5.805716946376008103e+00
-4.965298154035261646e+00
-6.093398311524437005e+00
-7.361358315912910122e+00
-5.597264172952516326e+00
-2.771155345808587356e+00
-3.224244286001137549e+00
-5.737350938415847423e+00
-6.590447285822720325e+00
-4.965507348193135329e+00
-6.160012663180348902e+00
-8.363806916295219551e+00
-7.538546867857481182e+00
-7.553273509625312521e+00
-1.087671450079422364e+01
-1.345793421786346400e+01
-1.353517267962658366e+01
-1.338427107742112732e+01
-1.353828287926461194e+01
-1.255455267342241221e+01
-1.043921151218606092e+01
-9.597387438763002265e+00
-7.952178834495987836e+00
-8.860495191606039711e+00
-1.192181035856349958e+01
-1.326470098386150909e+01
-1.378604081387927138e+01
-1.320809492572204036e+01
-1.251278237132740578e+01
-1.264627186282440618e+01
-1.158384612371417255e+01
-9.357663548412704202e+00
-1.244346557205854964e+01
-1.435427479592645561e+01
-1.455288551054275104e+01
-1.352094755427210337e+01
-1.041013270357085396e+01
-1.033815060707784461e+01
-1.171559069657355856e+01
-1.192100599557822171e+01
-1.031715748545536648e+01
-8.488373939619510367e+00
-9.102526880919635133e+00
-1.151528120990549553e+01
-1.265871597212870370e+01
-1.089895738620462673e+01
-8.547472329588940099e+00
-1.066892792972742221e+01
-1.305439443345543715e+01
-1.319156192475325717e+01
-1.166635725028425163e+01
-1.185116198953700106e+01
-1.128841468554547767e+01
-1.091113997200191044e+01
-1.332424902470240013e+01
-1.238587604120466068e+01
-1.057312063485506748e+01
-1.089123080697386214e+01
-1.019316865830071350e+01
-9.215836360820892637e+00
-1.042443540761708398e+01
-1.036739156134910012e+01
-9.688470492525517841e+00
-1.028572375866932553e+01
-1.122112395473876134e+01
-1.262462024925992665e+01
-1.339485593665190422e+01
-1.336177899819266024e+01
-1.236494377513244025e+01
-1.107038566114417399e+01
-9.253498145530461017e+00
-7.252760134563407846e+00
-6.615280334614236146e+00
-7.750096302363979284e+00
-9.035945206489090609e+00
-1.051728320887533208e+01
-1.288731508272170245e+01
-1.347271601565342181e+01
-1.333285049972347380e+01
-1.197778599777295661e+01
-9.214264227192307644e+00
-6.923870823610562830e+00
-6.757210881431984895e+00
-7.881278991185332039e+00
-8.796499693017798549e+00
-8.760216771637452382e+00
-1.060165238855382164e+01
-1.080877892858110023e+01
-1.012213965696837192e+01
-9.457281787303415399e+00
-8.088889445177974480e+00
-8.689860503221778387e+00
-7.286425752755039120e+00
-6.080096848745126792e+00
-7.657958756051411520e+00
-8.861672911504498984e+00
-9.960007092480518409e+00
-1.109921085855092748e+01
-1.169268344591957742e+01
-1.201569883078222567e+01
-1.168054299348757930e+01
-1.249286300183339193e+01
-1.367243101879257772e+01
-1.322231593378495695e+01
-1.237658275512525030e+01
-1.252759853829688375e+01
-1.251360412331307614e+01
-1.318187807966001834e+01
-1.396581605176520746e+01
-1.374104200956985622e+01
-1.334448153544481919e+01
-1.283675687106965491e+01
-1.273311424956250981e+01
-1.237988777052886746e+01
-8.792704524889410678e+00
-5.686661795115746543e+00
-5.972262880008344155e+00
-6.404059448869367621e+00
-4.460706416987266998e+00
-5.385435947071830931e+00
-6.290127003892091118e+00
-6.182499046585589575e+00
-7.089301930843501687e+00
-8.442891818215811028e+00
-8.564505791956149139e+00
-7.263728847124572674e+00
-7.270599667922428289e+00
-8.729228498539919556e+00
-7.140957514670255968e+00
-4.477056035902154285e+00
-9.266417594941701807e+00
-1.227797430207633056e+01
-1.282509839896936477e+01
-1.241270507146941426e+01
-1.092393261178964714e+01
-1.011025203862308963e+01
-8.896131591489345070e+00
-6.212491324238033741e+00
-7.350938953536638287e+00
-8.135634114953019136e+00
-7.077787772390505161e+00
-5.931352985157480440e+00
-7.360150582094453497e+00
-1.029212663331394850e+01
-7.376438285299996345e+00
-4.643160861123068806e+00
-7.267143900735420381e+00
-7.344996711060950645e+00
-4.934123497106902789e+00
-4.233214057752834769e+00
-2.925732624967568807e+00
-1.301480002730842855e+00
-3.622644652924666531e+00
-5.458323182126888717e+00
-5.887429107633693981e+00
-5.999113298377311665e+00
-5.130618595678597238e+00
-6.904788485406600174e+00
-6.939993027400411130e+00
-4.846247573429531386e+00
-2.434478820288591194e+00
-8.866863601557697372e-01
-9.086923410455836070e-01
-2.497971337931608637e+00
6.470665775920301233e-01
6.470665775920301233e-01
6.470665775920301233e-01
6.470665775920292351e-01
6.470665775920292351e-01
6.470665775920301233e-01
6.470665775920301233e-01
6.470665775920301233e-01
6.470665775920301233e-01
6.470665775920301233e-01
-4.064462198196498122e+00
-4.461479108017580408e+00
-6.334981041089048581e+00
-9.336192757888419180e+00
-9.929798540297245069e+00
-1.001743112656165557e+01
-1.014973052921838992e+01
-9.292141466338231126e+00
-7.620913785124892037e+00
-6.743404451781946918e+00
-6.044243681937940593e+00
-4.297238245828200576e+00
-3.394867167150408704e+00
-3.111923159486847723e+00
-1.279001223016448918e+00
1.730047205055344373e+00
2.377122706300997645e+00
2.417097208419689489e-02
-4.287350111770326322e+00
-5.633527971701252746e+00
6.470665775920301233e-01
6.470665775920301233e-01
6.470665775920301233e-01
6.470665775920292351e-01
6.470665775920292351e-01
6.470665775920301233e-01
6.470665775920301233e-01
6.470665775920301233e-01
6.470665775920301233e-01
6.470665775920301233e-01
-2.474863473703493799e+00
5.949356184505351364e-02
8.700174917234937411e-01
2.023413884915764349e+00
4.002470767216945169e-01
-2.951069544566683689e+00
-3.238276631890125490e+00
-4.140389942639008503e+00
-3.825935693524142422e+00
-8.318897758180395785e-01
-4.655851090481386123e+00
-4.428022926431339101e+00
-2.462294181118114267e+00
-4.505233275896703304e+00
-6.916837836501698256e+00
-8.607900821257237212e+00
-7.854030563756151828e+00
-3.945459065848186064e+00
-2.667587116298201444e+00
-5.325053199581204488e+00
-7.377276532937056430e+00
-9.139189300966458873e+00
-7.723847584902578944e+00
-2.405752103483945969e+00
-2.129588328420707111e+00
-5.402158168161529161e+00
-6.311747052328427365e+00
-5.113658197823471419e+00
-2.906890231054707563e+00
-2.468909340630244920e+00
-2.761785718729012906e+00
-3.325605069442025830e+00
-5.606227609169134318e+00
-9.103048414305716207e+00
-9.760860932451310035e+00
-9.684390769672445387e+00
-1.010209531100944069e+01
-8.312949784205367010e+00
-5.714538898896846852e+00
-5.282759129731764425e+00
-8.725872115913565708e+00
-1.017310442604933307e+01
-9.275631953850686173e+00
-7.947124895509144693e+00
-8.174950023107362185e+00
-1.100042238659962557e+01
-1.025257595671255295e+01
-8.557691859243652388e+00
-6.258232438781804241e+00
-3.123954413073906977e+00
-2.680872751855550851e-01
2.062230788529904046e+00
2.705274537089772835e+00
3.563497325125101867e+00
6.366632649006843003e+00
6.453500817238633225e+00
1.203905640100792596e+00
-4.571031527028767694e-01
8.506476144410939355e-01
-1.050566837708266865e+00
-2.950392738708724316e+00
-4.500215829474413454e+00
-6.262167079738190090e+00
-4.039636010408737654e+00
1.317563845399116085e+00
2.861579115558661179e-01
-1.388619595939984741e+00
-1.635262032417424960e+00
-1.872979461445682503e+00
-2.804099671184898224e+00
-4.440582716927411688e+00
-5.417624117014931961e+00
-5.836436932988993576e+00
-5.490931462489389681e+00
-6.066620482729703667e+00
-7.523960349736502629e+00
-5.073343764733257544e+00
-6.097508320819385652e+00
-1.008669299577904432e+01
-9.926311888013081841e+00
-5.767719482114460838e+00
-3.964769405718729378e-01
-9.692060832506419477e-01
-3.610207114315053811e+00
-3.970060405785898805e+00
-3.436178637058665331e+00
-3.887160084264956517e+00
-2.488310514343714530e+00
5.192014795318140585e-01
2.557802864477080051e-01
-9.210125241695840126e-01
-1.043176815556336123e+00
-2.273515663989198465e+00
-3.352981047920584157e+00
-4.886008991144653812e+00
-6.710318132784391487e+00
-7.674693335489243928e+00
-8.092825111006396455e+00
-4.559434086784592388e+00
-2.221395919224529170e+00
-3.999366577838304959e+00
-6.335804668662680328e+00
-9.199869859744152834e+00
-1.043302555216292760e+01
-1.010553759693488729e+01
-8.699292791811055636e+00
-6.824758151998467248e+00
-4.221462837441014138e+00
-3.891359508787211041e+00
-7.275390455112540344e+00
-8.369042379891775241e+00
-6.450696826040494436e+00
-5.100443804773179046e+00
-6.277282183647730385e+00
-4.218847560946159980e+00
-1.095970953854798369e+00
-4.149109462239040091e-01
-9.345134603565750098e-01
-2.819155832519055327e+00
-3.486259867650030486e+00
-5.357120809841325659e+00
-9.173526160664646767e+00
-9.194110148166968699e+00
-7.401965988780939476e+00
-7.911592724395860365e+00
-9.739731226913059814e+00
-8.380642959786600343e+00
-8.136744436271449388e+00
-7.672403467962991996e+00
-4.051852402303904199e+00
-2.459157739963492517e+00
9.035574981146407003e-01
3.690166882323894004e+00
4.777659278531527498e+00
7.584218325143617712e+00
8.831092299698900305e+00
8.872391944250498597e+00
7.911051439182174683e+00
5.455464569094845118e+00
5.047320304441277550e+00
4.268832382002570647e+00
3.586377438708489684e+00
5.201704674018554186e+00
5.455622634952319139e+00
4.110259530759797109e+00
1.017845797902168448e+00
-3.408593515907481830e+00
-4.385731145639277351e+00
-3.898868119828653889e+00
-1.813391369293683164e+00
-4.849232516859084963e-01
-2.032155227408171116e-01
-5.919609663895559759e-01
-2.299795985173902046e+00
-1.635122479577589605e+00
1.632899349400542682e-02
-2.442875028593591846e+00
-5.880538164322401506e+00
-7.216977650401484645e+00
-6.776963167904773933e+00
-5.947326556007886289e+00
-3.694806189309674416e+00
-8.209545013295670157e-02
-1.710832116666196168e+00
-1.638002506983703643e+00
2.156168869279885270e-01
-3.566079908579368185e-01
-2.726450651057808483e-01
-4.792342515499616318e-01
1.503804107914131216e-01
6.943666521750093690e-01
1.995643636629690354e-01
2.856651686032884108e+00
5.558927651695466210e+00
5.860768790916250914e+00
7.161408694212918036e+00
7.040196534389528971e+00
6.421477192756408492e+00
8.024133239041157495e+00
8.932683365103629924e+00
9.309051466929604501e+00
1.034916588629473289e+01
9.154511030530724014e+00
5.513480609873471217e+00
3.341365315127325708e+00
2.107187041304864561e+00
1.981924051502166773e+00
3.013603617464875484e+00
3.342702750657146282e+00
3.808118025777855742e+00
3.904010482841212326e+00
4.523470463842765632e+00
6.734238432460609047e+00
7.718562879187165215e+00
7.451203696860784653e+00
2.724528028892219123e+00
-2.034931841550760012e+00
-3.328184457499281379e+00
-3.899885618614796101e+00
-3.267774201468623296e+00
-3.491042990014572300e-01
3.185704679040353149e+00
3.567276710354967406e+00
1.943530304547638199e+00
7.731060230462986071e-01
-1.333648863160312725e+00
-3.840284356155756029e+00
-2.421537487185624560e+00
7.134057652166043706e-01
2.028746250384133809e+00
1.900694837548469796e+00
4.725729422393199486e-01
3.123985276868508909e-01
4.083208340567767713e+00
6.446119582320750219e+00
6.521840022219079991e+00
3.098841949126174278e+00
-1.478717204826538456e+00
-3.439944074260374407e+00
-3.216398641238300105e+00
-3.154985494002939372e+00
-3.253702224050887271e+00
1.839852072024398932e+00
6.105618993150024210e+00
7.178209022721275367e+00
7.602547845425119633e+00
6.034251408892031598e+00
3.516931139148307128e+00
1.111608145086488086e+00
-1.338722854659835315e+00
-2.679686890280307043e+00
-2.927310039725364188e+00
-4.544429951163862391e+00
-4.914941689119562973e+00
-1.953777792058866591e+00
2.300048530397948987e+00
5.311142879579311860e+00
6.060225195756641092e+00
6.492326830691405704e+00
5.306712204184607984e+00
4.426695979729346142e+00
4.462230920299266934e+00
2.664341914441343384e+00
-7.718285276450459476e-02
2.726978273948444387e-01
3.730738503686002794e+00
1.834354063449965100e+00
-8.922033472046888569e-01
-2.004178054881068149e+00
-3.275399086381424851e+00
-4.509017032198443964e+00
-6.283703490111919088e+00
-7.356834539089692093e+00
-7.807420953124096563e+00
-7.096126734339931907e+00
-3.157214742528934526e+00
1.497716088230811593e+00
2.706246996297163143e+00
1.336775794095426129e+00
-6.809340484792645309e-01
-2.140753273295540993e+00
-1.455641233563257142e+00
5.366709945846205310e-01
-1.769347163998726380e+00
-6.277124643400106230e+00
-6.731639610265589546e+00
-7.804486849606281140e+00
-1.008274334192870647e+01
-9.535201991653730502e+00
-7.955241194867988419e+00
-6.793171891824887787e+00
-2.400853756685943363e+00
2.504533303087086882e+00
-3.897756480589996131e-01
6.519246089621830720e-01
4.703362796493714804e+00
4.234683747509039087e+00
2.886074843593513517e+00
2.527028717611400133e+00
2.848866700430737531e+00
4.051313677794696311e+00
3.573436498080447166e+00
1.156227029646491822e+00
1.412769174858062304e-01
1.970824313559661034e+00
5.028432185062563065e+00
8.859774948696280461e+00
9.192444526054080356e+00
9.376550308998551131e+00
1.064343554090358346e+01
9.285876238598190113e+00
5.474425064819928188e+00
1.882987384289330768e+00
2.235372690083794467e+00
2.733746918719822450e+00
1.775587988206542012e-01
-5.527554903740140579e-01
7.577470838228270722e-01
3.333552636382872691e+00
5.839758036933543117e+00
7.072434869137217639e+00
6.037630079729905397e+00
5.987947098225713916e+00
7.729042404991045778e+00
1.004732993592191903e+01
9.954220575737355858e+00
7.220161661810752030e+00
1.001103298777389305e+01
1.176161337109803817e+01
9.449897535280681993e+00
5.770065458264389768e+00
2.567283166486508783e+00
-4.717014709770492309e-01
2.135556984228474953e-01
1.529607700621163024e+00
-5.129945495200367578e-01
-5.196215553440560520e+00
-5.967203179385585976e+00
-4.952874229923620142e+00
-2.153415349505237497e+00
3.062736817851721138e+00
7.275057177726391267e+00
9.507075986650715294e+00
9.639361572134061973e+00
9.048353067458039689e+00
9.675428770532496614e+00
1.123328486845029239e+01
1.111601388445144600e+01
8.784147000637767988e+00
5.985593914613545508e+00
1.165793485055450107e+00
-2.922617574009748420e+00
-4.754564875307661254e+00
-2.386287099313668225e+00
-2.930106061599186962e+00
-4.361105048272692741e+00
-2.122571593327080564e+00
-2.581365847088150645e+00
-1.771837176405325565e+00
1.588380492457385773e-01
1.619897799912270120e+00
2.003696972555421230e+00
1.062652977572910329e+00
6.515750020566575540e-02
-1.306678165135370051e+00
-2.586292676396750423e+00
-1.682240294714761442e+00
-1.671502038957297431e+00
-3.220900052380066825e+00
-1.087549100854856787e+00
5.666953138834023740e+00
1.062729974743179717e+01
9.672724686444670539e+00
7.359710418805176069e+00
8.064081056309978734e+00
1.095350289976636127e+01
1.191659902728025067e+01
1.165846786319890960e+01
1.100279518500021503e+01
8.350043299329938051e+00
7.121764564039751555e+00
4.914434835196797913e+00
2.350378658886492111e+00
1.887814183249991506e+00
2.061635550328251743e+00
3.791059334113860313e+00
4.860848626131761385e+00
2.684541923250591822e+00
2.171884922617138169e+00
3.454307232968546693e+00
3.020222033211968249e+00
2.988291967881924194e+00
4.044739843135965351e+00
4.418190761393742783e+00
2.420818071128379323e+00
6.182181219353588553e-01
3.251159434384453539e-01
-1.032301968438415818e+00
1.856106795491780259e+00
5.306873929935534306e+00
4.764818486407336628e+00
4.772421015806592948e+00
4.756683098789245001e+00
8.079497583489283485e+00
1.184299317565210075e+01
1.283649001753719254e+01
1.322369067598151027e+01
1.246331090954874732e+01
1.028670906485234404e+01
5.839716092754444254e+00
4.841712693841078163e+00
6.123687055313354222e+00
8.999607966339668863e+00
1.229280518218530815e+01
1.106423608665351743e+01
8.306290528338960755e+00
8.496255328373365501e+00
9.925990294030128780e+00
9.205164834971048649e+00
7.998586556987594243e+00
7.627317364887910678e+00
5.983781130180530816e+00
3.423065603862961659e+00
-1.192873647785809565e-01
9.200327561252658048e-01
3.773027024198340129e+00
1.708153865901358426e+00
3.781854331405462566e-01
-8.821387485611988932e-01
-3.085148420998828911e+00
-1.843474745188146136e+00
-1.577502340116968327e+00
-3.203682084549678066e+00
-1.383522851361844275e+00
-5.874947577266385057e-01
6.698418259961441690e-01
3.302688527120446693e+00
2.647557970781372561e+00
4.056498936089176333e+00
5.069872679922494463e+00
3.623908452704190264e+00
1.046516132778163299e-01
1.339881254190582460e+00
2.872533614662521995e+00
1.532455875835792458e+00
1.451750291287790873e+00
3.738076270467177054e+00
6.329541185878814424e+00
5.378740607157511455e+00
4.062397981768901545e+00
2.329346701687352805e+00
-5.735653114569320143e-01
-2.749767225464280429e+00
-1.809607832431343599e+00
-1.463178231120279893e+00
-4.009013450617458396e+00
-3.043386205794480048e+00
7.818020400328071218e-02
-4.048550430794541355e-01
-6.268596182047042609e-01
4.074721503217106466e+00
5.926908310633682397e+00
6.326791576856998667e+00
5.143319754496853413e+00
5.042581083433973710e+00
6.733952351864627595e+00
5.460673701160398075e+00
3.945766549303378667e+00
1.918010007132127770e+00
2.295941277278018333e+00
4.908798368784043298e+00
7.987020546660247966e+00
1.089900671739565041e+01
9.906424967071648879e+00
1.017686913274175886e+01
9.991941730786559006e+00
8.391715221035569883e+00
1.090131409013214814e+01
1.116087570736084622e+01
8.417761684951910794e+00
5.044519344078776335e+00
3.688110200571567354e+00
2.661923240856778339e+00
1.584069509333801085e+00
1.902077815607031264e+00
-2.574284930468088706e-01
-3.731535437021944457e+00
-4.759027969995514695e+00
-5.724734849395242797e+00
-2.751363392488620274e+00
2.104381932924444421e+00
3.559683667597477008e+00
4.873936876517070083e+00
6.358388681626415462e+00
7.111372255238754825e+00
8.184675714891717746e+00
1.003655665138394681e+01
1.122156103113994163e+01
1.117830831791786572e+01
1.044672544570135209e+01
8.828660034162775005e+00
9.000468033650239619e+00
1.000778579144402691e+01
9.228222168471035047e+00
6.605662101354205618e+00
5.114028538807786184e+00
4.297599499755890839e+00
2.694768526025196564e+00
1.892831054042855676e+00
1.686511345132253759e+00
2.904219586621486382e+00
2.159255312186682207e+00
1.723690026968295319e+00
3.254818182424791040e+00
3.382495980470891617e+00
4.679451505919497656e+00
7.623743163936896217e+00
7.879695679376397699e+00
7.509469668006452103e+00
7.691530132159306810e+00
6.927718707499901818e+00
5.311247222369223309e+00
2.610728195115791905e+00
4.607459617870192647e-01
-1.508537320133092496e+00
-3.082648152267309261e+00
-2.777374724492163161e+00
-1.636131191410175045e+00
3.558553353883191495e-01
2.524113841504039613e+00
2.261330356828888277e+00
4.961822558263287442e-01
-3.915634909109429185e-02
2.707098263434376761e+00
4.506482013163521039e+00
5.075231128114547907e+00
5.516718983720648062e+00
2.835366997493388386e+00
-8.055512292872700486e-02
-2.347050856023072396e-01
2.504630696841696924e+00
5.949541013735787587e+00
8.403575745958628218e+00
9.182634099767328806e+00
9.619609745245631061e+00
9.786341457693575663e+00
9.564119627058756734e+00
7.299782644423441269e+00
3.569411094059968814e+00
2.567717700215328414e+00
2.686872727584094456e+00
4.186909388606404825e+00
6.831033675476869682e+00
9.647032328957513059e+00
1.125927283189441930e+01
9.907568368473791409e+00
7.432986094213109851e+00
7.277892714416635656e+00
7.617634341215840266e+00
7.865918819996017497e+00
8.634185631199967403e+00
9.310290823799954651e+00
9.948430876754700947e+00
1.164585419938785016e+01
1.306605951582691638e+01
1.247185970927628595e+01
9.742789385147577974e+00
6.698922379707552999e+00
8.259117391748903358e+00
1.212630050740954779e+01
1.262816020238069470e+01
1.107116119596390469e+01
1.039360213272669853e+01
1.019338249618537340e+01
8.144179176271411080e+00
5.158403037941742042e+00
3.146441881292986409e+00
2.853183530421333103e+00
3.852560439389401736e+00
7.224580440710963281e+00
8.716536445232742736e+00
8.705495315468956719e+00
9.870226315991379451e+00
1.113958063919248609e+01
1.294404914961757314e+01
1.471517319000495227e+01
1.443589339737951782e+01
1.348996194524712955e+01
1.423980284633483784e+01
1.437291660379342417e+01
1.210897529795270167e+01
1.085852798856755719e+01
7.920266896620083763e+00
5.362958789785206015e+00
5.791497632502180970e+00
7.210328875909859825e+00
7.703947381962825247e+00
6.969572240510901295e+00
6.088832173406596660e+00
7.146986063895881536e+00
9.904436503029382166e+00
1.200857719486488229e+01
1.286140620030947268e+01
1.401989134711139506e+01
1.604113351362991935e+01
1.723539056539327774e+01
1.744997496101873935e+01
1.633909597996230545e+01
1.486724713578444046e+01
1.416943140281917479e+01
1.292327988559381957e+01
9.417826976681862305e+00
7.252243751818737927e+00
8.426126343904391192e+00
1.111679821398910484e+01
1.148987648508496662e+01
8.411740527585104488e+00
8.408966936066406106e+00
9.394134600653350375e+00
1.052292051231945713e+01
1.136706025420727251e+01
1.256457672180907892e+01
1.322591831025755837e+01
1.344377483524793426e+01
1.460036673668419205e+01
1.426072728210052176e+01
1.354698014542914741e+01
1.482426021036035202e+01
1.315734421109729091e+01
1.269821217819323422e+01
1.640928022886029325e+01
1.714323331292331076e+01
1.717295898192246639e+01
1.689283932321476200e+01
1.727226170714354225e+01
1.651845594278485052e+01
1.603224700589624874e+01
1.702620740092023155e+01
1.777795989572106450e+01
1.809040857107419598e+01
1.817240080561954585e+01
1.816165909194910810e+01
1.757112634877562485e+01
1.557648577377520915e+01
1.476087272187853650e+01
1.481187617112992960e+01
1.529996288126933912e+01
1.432911159862726080e+01
1.247640049000126972e+01
1.389012257365738812e+01
1.560408879125836279e+01
1.682905984290080070e+01
1.728251419576876202e+01
1.721082972601112715e+01
1.791631227077259325e+01
1.736876976555820917e+01
1.496122683043754442e+01
1.467100373055059670e+01
1.441807950378514747e+01
1.631443084803785482e+01
1.736292132684002354e+01
1.571342765482693871e+01
1.398899485336135129e+01
1.266888928336690689e+01
1.010119962168795915e+01
1.004811833544900068e+01
1.001556956261307541e+01
8.286839448571724276e+00
1.215305308152382402e+01
1.516127408675366084e+01
1.548843635311309619e+01
1.647382231371650718e+01
1.776524503218059792e+01
1.758977889345597490e+01
1.631700080646541906e+01
1.551000650722546581e+01
1.512677733496828303e+01
1.525348775123782552e+01
1.607187363081969167e+01
1.654152241000467782e+01
1.511725256080240776e+01
1.190157901444161759e+01
1.232586787249238469e+01
1.409962614948554815e+01
1.399377784717046325e+01
1.457222274083962077e+01
1.538071331341800452e+01
1.413958241048022124e+01
1.305964352972095455e+01
1.250800591170799336e+01
1.129985672410027320e+01
1.007421983026632439e+01
1.156843891186929163e+01
1.263791605249809713e+01
1.364911533450318437e+01
1.334284727882754673e+01
1.156507587100935730e+01
1.349023113795833062e+01
1.261525977548282818e+01
1.196327784552026152e+01
1.577169731722656110e+01
1.652335382788187346e+01
1.614198163443934675e+01
1.675063381756012149e+01
1.754392739210099705e+01
1.687160115581010089e+01
1.593233368239624781e+01
1.666379820326950423e+01
1.725658472231517493e+01
1.727278354380792891e+01
1.663657867527561152e+01
1.672901746717770521e+01
1.661417837230213834e+01
1.507498007506418780e+01
1.334071611750194286e+01
1.240454554735502235e+01
1.486205177606407979e+01
1.689345309524088279e+01
1.687519227455527826e+01
1.642287643498526606e+01
1.557003128355962751e+01
1.292188254401777847e+01
8.781474226537584471e+00
1.017094276951497989e+01
9.457963676031750921e+00
6.885605807650135191e+00
7.519596778312255481e+00
8.683240595789067484e+00
1.012162204364195972e+01
1.164035195022094626e+01
1.384207218549023111e+01
1.568514482743675664e+01
1.614349399465993073e+01
1.576039296055517802e+01
1.674643313192528282e+01
1.778408140071785581e+01
1.756912637441428160e+01
1.704242135996372198e+01
1.703965063397777513e+01
1.663294470390795254e+01
1.439036588985512033e+01
1.235889274886002376e+01
1.240566026028639435e+01
1.145314089161433735e+01
1.216052496414795847e+01
1.402374558603829158e+01
1.401721807636697825e+01
1.400207847670297134e+01
1.348965373982354343e+01
1.191252423677683048e+01
1.031624546107051366e+01
8.690094752169445158e+00
6.582282823768164093e+00
6.463855604758647289e+00
6.604433295343782540e+00
4.141532331950986467e+00
2.651421197835326815e+00
3.057527618956976223e+00
4.527522914275254884e+00
6.677894783428500958e+00
8.952422185643298391e+00
1.088142199283888978e+01
1.199466119671481756e+01
1.014929146065304089e+01
1.022679524173880061e+01
1.244110682481784025e+01
1.257488890331849696e+01
1.069605340193970910e+01
8.836579043957657476e+00
8.884466208659153708e+00
1.223720228823710165e+01
1.285850397559312164e+01
1.166586405428232709e+01
1.251543497112229275e+01
1.353147813256939536e+01
1.394055036424890481e+01
1.554839211609998983e+01
1.694272293498485382e+01
1.717169576730214331e+01
1.636486720768001746e+01
1.531996300497096364e+01
1.593972589553907149e+01
1.510458890646297725e+01
1.323127252800230380e+01
1.335144286781265244e+01
1.397588419558296202e+01
1.262750320329224962e+01
1.032042020480456657e+01
8.122698741536646949e+00
9.139870865195826255e+00
1.295446600325559139e+01
1.513279262068272679e+01
1.581340207019396438e+01
1.459803022792032579e+01
1.221979867572959400e+01
1.111779194265926485e+01
1.208136555903348075e+01
1.431326253210480459e+01
1.581970965477371216e+01
1.583807865884819321e+01
1.485160454711676969e+01
1.342736036364948760e+01
1.221970360766793995e+01
1.291410723614261613e+01
1.470389196536847187e+01
1.472848060024145589e+01
1.391988838207091916e+01
1.440062704207661248e+01
1.535977001635000327e+01
1.625885395900052899e+01
1.639517423003083607e+01
1.594865431082572371e+01
1.467318147037947895e+01
1.354809891373094111e+01
1.490667075400348374e+01
1.515280922824789656e+01
1.293951124168088818e+01
1.244641353946612838e+01
1.348928491484059400e+01
1.600357877650711202e+01
1.654532298614611108e+01
1.486115649457591026e+01
1.466892913550508659e+01
1.503778888909180900e+01
1.583954956839357031e+01
1.427728759791048496e+01
1.233851597842774694e+01
1.596676469086357564e+01
1.763556914274982645e+01
1.766901853724407090e+01
1.760212533623199960e+01
1.783731809099296228e+01
1.765567552178177024e+01
1.713399570863280630e+01
1.692294018010940704e+01
1.567300285656992465e+01
1.481242562029117593e+01
1.535083433318611412e+01
1.631137792919095375e+01
1.729540079560122834e+01
1.766289231452063646e+01
1.652395058531370253e+01
1.574153268787633309e+01
1.567303198836395772e+01
1.642728406735132651e+01
1.664929237124812644e+01
1.686722554632507709e+01
1.755380388337958308e+01
1.683502529810403203e+01
1.435530347811463514e+01
1.249178475053445148e+01
1.305889110594421076e+01
1.469300430732920937e+01
1.400683670383590851e+01
1.490746244624588535e+01
1.689330828044888833e+01
1.734207503481873758e+01
1.658565163694904854e+01
1.561231921042150894e+01
1.570847233608722249e+01
1.641911131406168423e+01
1.735471770906569944e+01
1.779506005958519310e+01
1.788954338373237007e+01
1.751630247565369203e+01
1.560799011832573235e+01
1.570665924292001492e+01
1.644975054530187819e+01
1.596216993077793944e+01
1.563786766422755825e+01
1.634225152428893324e+01
1.672718496354182705e+01
1.748230242957582803e+01
1.761094856137963305e+01
1.672488173638890885e+01
1.749664400396987318e+01
1.768611700215430105e+01
1.732409105099953095e+01
1.721856049826427437e+01
1.733205259077950089e+01
1.765349381848455934e+01
1.756553453829399203e+01
1.678745756080125062e+01
1.541544121950759383e+01
1.536084535606806512e+01
1.563630716191496006e+01
1.473252201437837350e+01
1.368236920365737497e+01
1.386426581068796260e+01
1.500163804190633776e+01
1.486008994092916247e+01
1.338306855695189057e+01
1.420434326163148775e+01
1.516700556630008201e+01
1.284843615922844329e+01
1.249048758804330639e+01
1.283932867643325615e+01
1.058664974057139752e+01
1.253340404719169499e+01
1.582427822456541122e+01
1.772797019467046198e+01
1.819296556855561775e+01
1.777289491014174772e+01
1.627091805710534089e+01
1.629130073323065986e+01
1.681984107846883347e+01
1.655172890066610591e+01
1.618026625312371891e+01
1.601621258237419809e+01
1.675278791915022936e+01
1.773264791577804189e+01
1.741428854262067105e+01
1.788606656011741336e+01
1.794672312510958179e+01
1.703776648155043105e+01
1.627536854292779012e+01
1.691022041132328013e+01
1.766863353124786329e+01
1.769620460632548387e+01
1.752674826510851247e+01
1.668405901755820864e+01
1.527857497444069956e+01
1.623871791455738034e+01
1.726540038551990008e+01
1.754690727430248742e+01
1.665044177540934101e+01
1.509116851415466165e+01
1.492869024286782320e+01
1.567001951081683409e+01
1.655007293344392494e+01
1.626892196946826274e+01
1.552841298517054192e+01
1.353978620635927577e+01
1.216187932840985475e+01
1.115389364591970534e+01
9.644628916007375707e+00
9.864895161264540135e+00
1.324978864344899954e+01
1.496642537870420142e+01
1.553339564692833008e+01
1.686077267490817277e+01
1.734344497199276702e+01
1.690844630747577781e+01
1.596485743752664277e+01
1.443686731719555816e+01
1.348321265561883742e+01
1.428411256249200711e+01
1.518709285036819523e+01
1.589237616279739562e+01
1.666772383569404425e+01
1.538024176471367177e+01
1.472341792032825047e+01
1.528118295522074455e+01
1.344740242231124583e+01
1.257662088566476477e+01
1.236474130044234521e+01
1.334182002864441507e+01
1.526983056579314102e+01
1.492237617855880494e+01
1.456063649210753219e+01
1.509704869053057941e+01
1.641507238179789852e+01
1.790057389450170788e+01
1.787712067342353350e+01
1.676306578425964133e+01
1.627779576751350987e+01
1.636176423411432879e+01
1.538567399047842876e+01
1.598382872790036480e+01
1.662086360077376668e+01
1.649108419585609298e+01
1.619174193443314280e+01
1.574451289326258596e+01
1.531164146691476269e+01
1.603487181118525129e+01
1.539303408158498598e+01
1.299010324550002871e+01
1.320145253705996957e+01
1.303436511244416174e+01
1.211410688897723276e+01
1.081043699262002811e+01
1.001061995797654269e+01
1.050732592469191928e+01
1.231680018549905320e+01
1.343544605675756465e+01
1.408011396576310226e+01
1.456377173150055881e+01
1.456350728349842605e+01
1.453225915729113282e+01
1.341425291678281972e+01
1.479751891181017953e+01
1.576365860465377899e+01
1.538989366495253641e+01
1.486852711809047278e+01
1.476624535503772151e+01
1.588234257582483799e+01
1.568651048447657637e+01
1.481773484460042312e+01
1.531129007428021183e+01
1.655389730898685130e+01
1.721924853465631955e+01
1.706298066526945689e+01
1.625953976378878352e+01
1.578056631586225045e+01
1.601233783604683580e+01
1.501130952976796173e+01
1.388708777041412468e+01
1.366424221603610967e+01
1.370085655017362747e+01
1.351378851488774835e+01
1.295660210338843576e+01
1.271573907628807198e+01
1.399932892993736822e+01
1.309657827601407476e+01
1.104334512625239562e+01
1.102644566604098664e+01
1.023958471268638171e+01
9.605277325535519495e+00
1.063020860761456809e+01
1.228590318327734110e+01
1.374020764576505549e+01
1.477233623372665683e+01
1.493998970905389356e+01
1.491229799093570563e+01
1.540436880035317735e+01
1.554284602198765164e+01
1.639451177344161081e+01
1.599593978225467161e+01
1.608553979405868262e+01
1.708081494366545883e+01
1.648426895825938843e+01
1.596813187038157444e+01
1.585885621696875347e+01
1.475575583544803671e+01
1.434042925719320749e+01
1.442970128175331723e+01
1.451710256247971564e+01
1.385338702210792405e+01
1.455690791500245851e+01
1.495887774074686938e+01
1.265041862733493438e+01
1.050604163709689587e+01
1.084172160406901142e+01
1.130330152808577004e+01
1.206327001580344138e+01
1.068579241895360177e+01
1.058542610006014861e+01
1.062547448770804515e+01
1.003063867062981984e+01
1.090772700466511047e+01
1.165739820033908281e+01
1.132204805046715101e+01
1.307221126140382061e+01
1.415316653833122906e+01
1.352290120335621637e+01
1.347164646440173819e+01
1.215086832646407800e+01
1.041675081849485451e+01
8.759899423238184824e+00
7.829836624910297971e+00
9.953071561237523568e+00
1.032246882801076460e+01
1.108344164056042835e+01
1.143539585136884362e+01
1.067402670457019198e+01
1.221265917447265537e+01
1.220558550021691246e+01
1.150544395052158997e+01
1.183301775206111728e+01
1.216650752918516254e+01
1.325039577411989278e+01
1.320446145102251911e+01
1.282712770331412955e+01
1.396871953658292753e+01
1.515439441226206618e+01
1.608812523606425415e+01
1.544427288837774448e+01
1.410381810398117786e+01
1.521182398031187866e+01
1.547216900807812401e+01
1.602472068596054910e+01
1.649379971295775604e+01
1.564564504983168725e+01
1.438627105038871967e+01
1.518489937708716475e+01
1.519899187242345562e+01
1.502244575227726564e+01
1.517321473428424561e+01
1.510216493918297331e+01
1.396411232255123913e+01
6.470665775920301233e-01
6.470665775920301233e-01
6.470665775920301233e-01
6.470665775920292351e-01
6.470665775920292351e-01
