-1.216792474112343392e+01
-1.109318219916482029e+01
-1.073074104079170787e+01
-9.156490319857123694e+00
-8.653586552753315786e+00
-9.195572505181230483e+00
-1.050016297899773043e+01
-1.086344067326280971e+01
-1.006806183082404615e+01
-9.564042944853690997e+00
-9.696543493487009613e+00
-9.494208338375807799e+00
-8.385948414451361188e+00
-6.817853195415087164e+00
-5.022653060788488055e+00
-3.176347756968967317e+00
-2.979479304926035521e+00
-4.159749899407713336e+00
-6.044055278200503700e+00
-8.192077345369925823e+00
-9.238347498728529672e+00
-8.861669835433229281e+00
-8.522643722821641177e+00
-9.357795009308491174e+00
-8.233921564652900926e+00
-7.327134776328935395e+00
-8.691518388465009792e+00
-8.694411282590245094e+00
-7.173451263874365935e+00
-4.723059131174836445e+00
-2.468608371719757777e+00
-1.469061581348444889e+00
-1.280936015873871403e-01
2.359195684693944361e+00
3.542544388288573654e+00
1.739617960543643704e+00
-1.448166430116044900e-01
1.751471303554495984e-01
-2.113945709796195338e+00
-4.604050989737083377e+00
-3.422896521971730444e+00
-1.756287792358966815e+00
-1.640935135892160446e+00
-3.557230595808138496e+00
-5.418720834756206806e+00
-6.919040831026559424e+00
-7.029836686102882481e+00
-5.706584173000583959e+00
-4.950737040255484445e+00
-4.011585852053314305e+00
-3.897623705710969055e+00
-4.767947534236713913e+00
-4.096588318687751418e+00
-2.434624785382977663e+00
-1.430380003358155738e+00
-1.066107018655859440e+00
1.072184037444543048e+00
2.439876814035385699e+00
1.059533905981238311e+00
-1.888096201556726861e+00
-4.635292160825884800e+00
-6.698596154944351788e+00
-7.670569235127533858e+00
-6.858911665959841919e+00
-4.058392367887124763e+00
-2.323718426372403556e+00
-2.878784670161425474e+00
-4.057556779149706472e+00
-5.964692929369010521e+00
-7.944054270226406089e+00
-1.061078707887111072e+01
-1.243117405546671428e+01
-1.210844484413326683e+01
-1.009194364095178820e+01
-8.165274705783952314e+00
-7.774938262314655901e+00
-7.881478846199859056e+00
-7.541906310193102314e+00
-7.855692738334033365e+00
-8.312940762931102512e+00
-9.446305350986483163e+00
-1.091910487939778740e+01
-1.090106713336027333e+01
-1.011377313606636363e+01
-8.392289279904931121e+00
-5.634913222201657135e+00
-3.430994078608725850e+00
-3.371657966917608107e+00
-4.235388653660587366e+00
-5.418354716020458817e+00
-8.802452835329782843e+00
-1.129881055146870317e+01
-1.158606372317327526e+01
-1.124022536712595688e+01
-1.097569241875722490e+01
-1.027648812804542011e+01
-9.327494815738971212e+00
-8.643814825226490584e+00
-9.392439278822262594e+00
-1.051892277863827907e+01
-1.002560743379056341e+01
-8.954228735327374622e+00
-9.531346252144125231e+00
-1.059065191465791678e+01
-1.103950035948357389e+01
-9.949405577837771020e+00
-5.965373153898988257e+00
-3.912051788126895246e+00
-4.778239571665645613e+00
-5.134597683223575793e+00
-3.581244987762590704e+00
-8.796518350784616747e-01
1.258945306222183147e+00
2.035128331451219186e+00
2.664856505645373796e-01
-1.186183873813209555e+00
1.740430991222468027e+00
2.121470427918349166e+00
-2.682414206769729859e+00
-4.168963188186059377e+00
-6.360325326131806456e+00
-1.011181193417511359e+01
-1.155037285716608686e+01
-1.088297421111460572e+01
-9.466696331839909107e+00
-8.166710516024386024e+00
-6.807553555088841080e+00
-4.199879822146178832e+00
-1.491846221770720682e+00
-1.935133317346123594e+00
-2.232050228392804314e+00
-6.058932113557642385e-01
4.862966042475294626e-01
-6.588142054548837834e-01
-2.304538832266438408e+00
-4.274441519456163796e+00
-7.281676308287656774e+00
-9.624708155784228225e+00
-9.829161683930077942e+00
-8.983944330310714932e+00
-8.816438886815836540e+00
-8.887283970910790032e+00
-8.521763991154871931e+00
-7.256527121356454835e+00
-6.537281322763631053e+00
-7.530835047708934304e+00
-8.689424342297455084e+00
-9.998389074430386714e+00
-1.147794398200343657e+01
-1.202199138063559580e+01
-1.080101655676048900e+01
-9.317443577459028958e+00
-7.561823444566841523e+00
-7.077514126135285188e+00
-1.010232805365824760e+01
-9.551320761874931620e+00
-6.383076692595760271e+00
-8.003129403704962286e+00
-1.026014291292828418e+01
-9.273137846356085845e+00
-7.147520972659230587e+00
-6.395424305190362979e+00
-8.687350647240196011e+00
-1.011716074633480922e+01
-8.870132369395093974e+00
-9.400227696603758787e+00
-9.922354572270316808e+00
-7.120644433929025574e+00
-5.431141236803770589e+00
-4.959218745754035318e+00
-2.302382169220710928e+00
-4.491942677403905293e+00
-5.767994720456612434e+00
-4.765619411719318244e+00
-7.100019707471660446e+00
-8.085583916481065003e+00
-6.795397867739318976e+00
-7.469148367821886403e+00
-1.101095957097169808e+01
-1.200413397392093806e+01
-1.100720075013625276e+01
-1.135858836299473218e+01
-1.278156401589438573e+01
-1.232122822057184131e+01
-9.770168455968837762e+00
-7.578757247197694724e+00
-6.280400557239651071e+00
-4.692864579649105750e+00
-2.778379163863827550e+00
-1.451178596201905702e+00
1.145398049603556068e+00
2.512620606662370637e+00
2.023690676224021878e+00
8.419640945412532052e-01
-9.703348341678249556e-01
-2.292083199580956965e+00
-9.332369912045335170e-01
1.159878010638874413e+00
-7.416513589215207869e-01
-4.009095217426042801e+00
-5.213150547224208786e+00
-6.558914088661793151e+00
-9.013030510440872334e+00
-9.337642128562295696e+00
-8.266122639876771316e+00
-9.105256150706265927e+00
-1.018813274191001739e+01
-8.894835646680020247e+00
-1.001313024593340906e+01
-1.113899796389200070e+01
-1.056899441081062818e+01
-1.238438509419612465e+01
-1.241306402234022954e+01
-1.172846444547060152e+01
-1.172736909322741461e+01
-1.256132850014838986e+01
-1.445031468894580939e+01
-1.499652161207112400e+01
-1.451718316844073264e+01
-1.439218389547316157e+01
-1.443719055254588213e+01
-1.237454398847540737e+01
-9.634570365523746460e+00
-9.801631546098414915e+00
-1.197513814613661509e+01
-1.243604390325801035e+01
-1.153023381187946050e+01
-8.794629883989037111e+00
-4.611038141377938437e+00
-1.178573880703988275e+00
-4.488893894440958987e-01
-2.705909086913319328e+00
-4.613051649690751432e+00
-6.255378859212807008e+00
-7.398354176644629909e+00
-6.643875123664941817e+00
-5.735670843998457613e+00
-3.939086499076449144e+00
-3.959865266331965561e+00
-5.725727691046904155e+00
-6.355364814292838282e+00
-4.700899600862820549e+00
7.436146130130644183e-02
2.334483334758483686e+00
4.588203057964921894e-01
-5.801879471706572478e-01
-1.528671059220848782e+00
-2.553709666769240272e+00
-3.892500540216988547e+00
-6.475178775596456049e+00
-9.004763248415910581e+00
-9.258984124317111153e+00
-8.126975583835543304e+00
-8.129424137354607893e+00
-6.685258764620753524e+00
-3.349439711447646406e+00
-5.046677782121627986e-01
1.116221506582746326e+00
-4.316462766806214435e-02
-1.591526580637030452e+00
1.447495835897755878e+00
1.926578970585702377e+00
-9.632578753468685751e-01
-2.341560579222184302e+00
-7.239341004226293452e-02
-1.046213235041027145e+00
-3.758266084384909611e+00
-3.964254534889408710e+00
-2.572417450244899317e+00
1.235501682741693585e+00
4.521269098084248483e+00
4.173413130227594081e+00
3.656821724520065153e+00
3.752896011883104954e+00
1.901236250413606221e+00
-3.153917253354711625e-01
-8.209985867211529176e-02
2.045966755878730226e+00
2.982365469639524314e+00
2.361519901308414271e-01
-2.878743651742275755e+00
-5.443856345280739806e-01
-1.393927282113937238e+00
-6.064517253269860575e+00
-6.807864723977757215e+00
-3.887303896102790368e+00
-2.982940826485265262e+00
-6.278101772480419562e+00
-7.263873251832846378e+00
-6.319065827403099966e+00
-5.356054054080427562e+00
-5.779457302528460794e+00
-7.116036336332429713e+00
-6.138417022418397373e+00
-4.025795556973315037e+00
-2.926763402309390916e+00
-2.326457040156712175e+00
-4.002690216233085962e+00
-2.859892275604693612e+00
-1.637363815403983125e+00
-3.009290993409745152e+00
-3.774348843384096597e-01
2.979498211473544877e+00
1.390118421409464622e+00
-2.319103028054926519e+00
-5.579954217861813781e+00
-8.766537624580092114e+00
-1.043519122153672463e+01
-9.808457584571625532e+00
-8.135396386579428096e+00
-8.470061652093932025e+00
-6.876449563918993313e+00
-3.405573899596526566e+00
-3.762714108310585726e+00
-7.887928189848454785e+00
-1.154006770893766998e+01
-1.371525909262817322e+01
-1.354923649225244198e+01
-1.324507620757150939e+01
-1.312755765958911347e+01
-1.217039537148022355e+01
-1.146772474789935892e+01
-9.727790457368527655e+00
-5.350325645048253698e+00
-2.520841607256359751e+00
5.042841661341387338e-01
2.460635836165437240e+00
9.088620204411645975e-01
-2.471835608886128632e+00
-4.109557562050086155e+00
-3.195653987917522088e+00
-2.471400503271000693e-01
3.378714247826398953e+00
4.259649998553613592e+00
4.821675670527176827e+00
7.059601665038366392e+00
7.951056339936360295e+00
5.795955100851371888e+00
1.396937521146349948e+00
-3.879256523919230593e-01
-7.819385168451435941e-01
-2.700701545612680832e+00
-2.833029042113689666e+00
-1.165001601907961759e-01
2.228163303442796561e+00
5.247265733940481347e+00
3.803553380885958290e+00
1.113582594764037648e+00
-5.802876110349597383e-01
-4.263408425687287284e+00
-4.073084206948155206e+00
-3.424333764392529234e-01
2.642869181606872786e+00
5.449761899285550104e-01
-4.627775626026071620e+00
-9.521372257383296400e+00
-1.158511249350435612e+01
-1.015183298777104959e+01
-8.466379461982535659e+00
-9.429584479026049237e+00
-9.214939035278325363e+00
-6.171115618920130608e+00
-5.734885460437681104e+00
-7.385091647866512510e+00
-7.401684267411341445e+00
-4.145991054855696412e+00
-8.741850009752635264e-01
-8.308925941740346044e-01
-2.004346795686872351e+00
-2.358674155757769952e+00
1.277692501717272999e-01
9.325650386845325546e-01
-2.733930470866202889e+00
-6.422742626088378870e+00
-8.065219627126033686e+00
-8.769407454833848092e+00
-9.487146440035150619e+00
-9.804493979910908763e+00
-7.779792586894741291e+00
-4.480605346070210437e+00
-5.495975922091273169e+00
-6.081922660086473975e+00
-2.517433587159367825e+00
-2.519380282224910950e+00
-2.820727195970220258e+00
9.026324786551271906e-01
5.591136578818285408e+00
4.479833129442577722e+00
4.967809644222185850e-01
-3.904950748580117703e-01
1.532681775990329065e+00
2.202875289489277577e+00
1.730011407898651044e+00
9.832340792385614314e-01
-2.510193814359015008e+00
-7.878804336778016726e+00
-7.585816030068197158e+00
-4.554597462788601447e+00
-6.881438472992349453e+00
-7.112044448666329011e+00
-3.852522176899174866e+00
-2.802615964314832731e+00
-3.776469014208501562e+00
-4.943330981897111620e+00
-6.609592275673134232e+00
-8.106963531694587388e+00
-9.130094092049418464e+00
-9.926507580479437820e+00
-8.082185846298541421e+00
-5.912792609281599887e+00
-8.000451854544721186e+00
-7.117185834312798498e+00
-3.022091792153944301e+00
-2.046378847845153892e+00
-2.949398094952281113e+00
-4.472866162061526651e+00
-5.380028973914814827e+00
-6.163222908992184834e+00
-8.195179426277277912e+00
-1.016965830825969874e+01
-1.107341934858448518e+01
-9.294630804015893588e+00
-6.858988534695324546e+00
-5.127347710201209274e+00
-4.534685029168810111e+00
-4.329838906364340545e+00
-3.029061586735125378e+00
-1.748499335930054688e+00
-4.764735814180998119e+00
-6.315441863363002284e+00
-8.378078254917886269e+00
-1.081591227755788331e+01
-1.155991089620017220e+01
-1.216203368154240394e+01
-1.316109486696145936e+01
-1.189996184664497036e+01
-9.885826072695891753e+00
-9.969302477688303910e+00
-9.142202629815397330e+00
-8.786955320749973097e+00
-8.772431070983826018e+00
-9.330673634262982574e+00
-1.098395278985713652e+01
-1.215384225028060250e+01
-1.202037958331575673e+01
-1.073881680034070207e+01
-9.976192502298241394e+00
-8.537587023717874146e+00
-6.650619761747319281e+00
-7.286520819158113227e+00
-9.915157073999028015e+00
-1.112133238398959101e+01
-9.971460733046265901e+00
-8.503705107141913189e+00
-4.810046106693731005e+00
-1.540454429798473246e+00
3.859424157306797221e-01
1.969346670011807854e+00
7.569845780085682208e-01
-1.727934313904826880e+00
-4.306542016152855368e+00
-5.734596738678217065e+00
-6.465644159869543550e+00
-6.004734959841915298e+00
-6.056288836423527222e+00
-6.034395750621086130e+00
-6.753083679552958962e+00
-8.407862593424079378e+00
-8.606705555440180788e+00
-6.629034205463784524e+00
-5.548040020860240951e+00
-9.589819401786106923e+00
-1.092776127360301253e+01
-9.801254207397809282e+00
-9.836601980762656794e+00
-9.998040486114485148e+00
-9.785874112263917013e+00
-8.428448954419611283e+00
-6.542600119409079262e+00
-6.410100493559628632e+00
-4.957305138000930533e+00
-4.112845103061389729e+00
-3.693694539611811045e+00
-4.620061406738652288e+00
-6.856488481680952596e+00
-8.167927597969503850e+00
-9.977202141166687355e+00
-1.059170885925250438e+01
-1.012541406977536163e+01
-1.176711321142263778e+01
-1.314633496566931647e+01
-1.346365132107517937e+01
-1.341847085467569123e+01
-1.152285907555562083e+01
-7.927864391101370423e+00
-4.727202666233003114e+00
-6.737298949336351095e-01
4.873920181462708112e-01
-1.743745342723881597e+00
-2.385716727869628073e+00
-3.029390255277011335e+00
-3.600477355453655548e+00
-2.317365994238910876e+00
-2.093354416486706171e+00
-3.902640585531631956e+00
-5.357125607885889984e+00
-7.061051575297446092e+00
-8.626209563658289170e+00
-8.677448748970730819e+00
-9.711009058800181393e+00
-1.084152470089333953e+01
-1.072955825588672774e+01
-1.110148825868232514e+01
-1.133507890393054218e+01
-9.697359970349625158e+00
-8.038022457355417316e+00
-5.748020275554216241e+00
-2.458918239477673406e+00
5.128915123743784665e-01
2.001737835818996114e+00
1.561736893485767164e+00
-2.900343360708829699e-01
-1.012339194190586600e+00
-1.767185267887569466e+00
-2.693562774312976416e+00
-3.520174792342705139e+00
-4.372176599363979399e+00
-6.659773133948038826e+00
-8.995924245962513055e+00
-1.025433174852638807e+01
-1.155949568261019955e+01
-1.171323237074421364e+01
-1.055922358030408148e+01
-1.018245582242542291e+01
-1.087098423191833341e+01
-1.234287175407463266e+01
-1.312110890849241152e+01
-1.253254166718095242e+01
-1.284212478736185581e+01
-1.192075082023806409e+01
-9.701673156855308733e+00
-9.452803257424355010e+00
-1.056343573883017584e+01
-1.122991723159594635e+01
-9.717116312006480072e+00
-8.151239735937675590e+00
-8.381189104480053942e+00
-8.257795423881555408e+00
-6.574720474648427349e+00
-3.946750335852023728e+00
-3.870798372049090830e+00
-4.039615788393903451e+00
-4.968109761695507665e+00
-6.510108462846597277e+00
-7.265063244596675851e+00
-9.090988392431112786e+00
-1.023641208487841148e+01
-1.050888377750682245e+01
-1.132911643808018454e+01
-1.135298521804386773e+01
-1.177301827905901987e+01
-1.167235936554212294e+01
-1.159217656974755783e+01
-1.207988606615919203e+01
-1.198417900587227258e+01
-1.189515779600120560e+01
-1.148876843770344891e+01
-1.035234713084885705e+01
-9.160853923263641008e+00
-8.923070141632942764e+00
-7.771524071367026387e+00
-6.172666621783143626e+00
-4.717480001199648498e+00
-4.982233996125384756e+00
-6.105181269109626108e+00
-8.540350801835309369e+00
-1.124625217129757537e+01
-1.260685790207784507e+01
-1.232110712382956130e+01
-1.148080875438521353e+01
-1.163528218701454797e+01
-1.203097322649156453e+01
-1.214382386407968717e+01
-1.253195742652598277e+01
-1.292425818750297850e+01
-1.271468721724646933e+01
-1.264638486682965635e+01
-1.092025673265987784e+01
-9.176977300754060707e+00
-9.008357334984429698e+00
-9.484148458401076454e+00
-9.864018112417673123e+00
-9.170876369126339966e+00
-9.828792440131438823e+00
-1.311180593810383321e+01
-1.406494975733360953e+01
-1.424829234755156726e+01
-1.417344265217045596e+01
-1.429328910380397666e+01
-1.379679245164721735e+01
-1.348775642406393871e+01
-1.332279870174360958e+01
-1.284310777690848049e+01
-1.339326272933544004e+01
-1.360169395357887900e+01
-1.255084041375563864e+01
-1.108956503296992224e+01
-9.791099819066515053e+00
-8.725060049975473575e+00
-9.627736745118877337e+00
-1.114323741433818071e+01
-1.173457779896797781e+01
-1.205941001044879357e+01
-1.248195538713474484e+01
-1.280478217974306787e+01
-1.372286775959681648e+01
-1.379151028742157159e+01
-1.406135295664523177e+01
-1.423448569735494651e+01
-1.379997754497492046e+01
-1.304967848123236074e+01
-1.262481212715095502e+01
-1.189885291563568259e+01
-1.192526952110305238e+01
-1.354430699761664592e+01
-1.384764943688602834e+01
-1.365442771241413134e+01
-1.325793370208628374e+01
-1.192895703305944544e+01
-1.212434320018769185e+01
-1.189984249464885657e+01
-1.019427962967377788e+01
-1.041082860332715221e+01
-1.223374204225524409e+01
-1.345783385527019149e+01
-1.363312086399543865e+01
-1.356484629841379252e+01
-1.306510744644701205e+01
-1.251880634041903839e+01
-1.226866310430105855e+01
-1.221868037378881233e+01
-1.314242453806049582e+01
-1.371869557441676157e+01
-1.360104788218300875e+01
-1.356507086782662164e+01
-1.265058203407648740e+01
-1.183489937865114072e+01
-1.217627330025654153e+01
-1.269805262764913856e+01
-1.159544332332756866e+01
-9.589212025525297278e+00
-9.834388583565997877e+00
-9.948539235916742385e+00
-9.598971012188934893e+00
-9.132101860832614548e+00
-7.673445300027368354e+00
-6.495427511958658862e+00
-7.201804395362793265e+00
-8.011320788860073705e+00
-7.467553678891500901e+00
-8.550083967291536524e+00
-7.959032480916737207e+00
-5.414140719734789720e+00
-6.410541429346918285e+00
-8.381286182791411576e+00
-1.014807976302368786e+01
-1.192533874146612938e+01
-1.334689278589952011e+01
-1.376664994024503663e+01
-1.278957057407245124e+01
-1.157491617013315555e+01
-1.067669708562707420e+01
-9.023013994887671529e+00
-1.066810986336178857e+01
-1.271509323097904165e+01
-1.291736184939577292e+01
-1.310393448382382431e+01
-1.327577818946116217e+01
-1.335252756030842392e+01
-1.376240853349248816e+01
-1.412392188239934931e+01
-1.439057960597038388e+01
-1.427820699307224039e+01
-1.360971829746383754e+01
-1.244839053811057461e+01
-1.068881145367440411e+01
-9.404206264986274988e+00
-9.847561386762182067e+00
-1.151650858722768866e+01
-1.099835928107980898e+01
-9.485709376174444429e+00
-8.005225098797961181e+00
-1.017475847796512589e+01
-1.279125667485952533e+01
-1.358633370801847740e+01
-1.374588228596473449e+01
-1.277946689965074789e+01
-1.184989592433929850e+01
-1.195483283997324087e+01
-1.202388565099830053e+01
-1.051266610832231763e+01
-1.057972189467895952e+01
-1.282437240123703681e+01
-1.369122884050539746e+01
-1.349993015294430343e+01
-1.261562358659335814e+01
-1.130652510078377126e+01
-1.090096329084950710e+01
-1.296811678717997474e+01
-1.381494824096422569e+01
-1.391492393489587975e+01
-1.393155405893504373e+01
-1.326601749048642453e+01
-1.280532717937234644e+01
-1.237999151632018346e+01
-1.039734908863551155e+01
-1.088842473989472559e+01
-1.278469097313906211e+01
-1.227774197838925296e+01
-9.645576814525274045e+00
-9.867486769530453117e+00
-1.013876482493943243e+01
-1.126467366756654975e+01
-1.229183394465265344e+01
-1.201221643181952992e+01
-1.137565476245352869e+01
-9.507161046234601898e+00
-7.271909942477500444e+00
-6.386245120245799711e+00
-6.379262047482542997e+00
-6.898305206785344090e+00
-7.751793558858601330e+00
-8.709955128230705057e+00
-1.026352148760702043e+01
-1.187363168429362226e+01
-1.170792004290756161e+01
-1.271102485297408435e+01
-1.386808278703643005e+01
-1.333648066509628016e+01
-1.198664104498298322e+01
-1.194869870795727884e+01
-1.281326822924968489e+01
-1.346560350378158510e+01
-1.415252806513161765e+01
-1.293223140407132910e+01
-1.093130977051073138e+01
-1.078666295796241847e+01
-9.933958122321291384e+00
-9.887701331169671093e+00
-1.123429604798650061e+01
-1.182378384891063128e+01
-1.123175047996218368e+01
-9.563750006187092367e+00
-9.040485355999916095e+00
-1.017909707737666913e+01
-1.116586198232149307e+01
-9.794171526178457654e+00
-5.739377227601520026e+00
-3.742494942271083591e+00
-4.252758030750341867e+00
-6.401249286493406743e+00
-9.163735589981937935e+00
-8.956087798476849215e+00
-9.032786156200888428e+00
-1.119116710002109194e+01
-1.277936419709958038e+01
-1.303619510688997707e+01
-1.091486690164981432e+01
-9.456562723234357648e+00
-1.094703617003297502e+01
-1.175985162285487995e+01
-1.120083380724502753e+01
-1.250920102331548023e+01
-1.401717065411751406e+01
-1.150935141770562531e+01
-8.915678836710986488e+00
-9.906850670431651906e+00
-1.039934803227110471e+01
-9.852611569339385866e+00
-8.859672178180970192e+00
-8.488963018543165262e+00
-9.500089612292011765e+00
-1.154343586682225187e+01
-1.263586859508563620e+01
-1.197667302788866728e+01
-1.064343193578446112e+01
-9.094638328603664945e+00
-7.732648410759785484e+00
-6.045910597375905304e+00
-5.044506384805532484e+00
-5.247776003325548722e+00
-6.535620543472801636e+00
-8.833596485279432642e+00
-1.039988783016158536e+01
-1.243448553660095079e+01
-1.267215753336157213e+01
-1.315206827705458714e+01
-1.397500665665695685e+01
-1.444601386747616445e+01
-1.463232280927048023e+01
-1.486227440909548569e+01
-1.498824580472280843e+01
-1.478207730800370356e+01
-1.454980404905535352e+01
-1.437537106082843152e+01
-1.450674749296856092e+01
-1.408875063144850692e+01
-1.329260034433028714e+01
-1.314479147939197468e+01
-1.262426592107017953e+01
-1.380355080682872249e+01
-1.438948219017901131e+01
-1.492244653427321133e+01
-1.494407489872182460e+01
-1.446737346821352865e+01
-1.320721941848080405e+01
-1.240944306336935377e+01
-1.177291646238675860e+01
-1.107728726146700282e+01
-9.319595581383421035e+00
-7.040328994830546527e+00
-6.490063974696582250e+00
-6.663908880979218630e+00
-7.911875076083660474e+00
-9.008648461005211772e+00
-8.609708043376636866e+00
-6.965579164509702714e+00
-6.346822123664650483e+00
-9.463530569230757195e+00
-1.209361022098685723e+01
-1.178679970143750033e+01
-1.075209355818075529e+01
-8.977284167476698329e+00
-9.226468556874930727e+00
-1.137838352495105809e+01
-1.386242895377935014e+01
-1.481414603986524448e+01
-1.484749169996764273e+01
-1.489260886132195338e+01
-1.434269770915337716e+01
-1.351428425284463763e+01
-1.262276262799737836e+01
-1.309747510499239453e+01
-1.339405451537735559e+01
-1.251178325196921826e+01
-1.059152945312357907e+01
-7.316007721496138316e+00
-9.328130772819926975e+00
-1.086025359274652757e+01
-9.031978898411777479e+00
-8.316858356928657159e+00
-9.907477271121274853e+00
-1.126413856132970359e+01
-1.138698073511842068e+01
-1.113367297462443695e+01
-8.782329014047304483e+00
-8.451897036287489229e+00
-1.156073065675398404e+01
-1.142040343530236690e+01
-8.884358146703535297e+00
-8.351279590848244894e+00
-9.157943994277294664e+00
-1.045049700928684544e+01
-1.035179703774728033e+01
6.470665775920301233e-01
6.470665775920301233e-01
6.470665775920301233e-01
6.470665775920301233e-01
6.470665775920301233e-01
6.470665775920301233e-01
6.470665775920301233e-01
6.470665775920301233e-01
6.470665775920301233e-01
6.470665775920301233e-01
-8.652877190386631057e+00
-4.353294038547901756e+00
-2.563553457277813474e-01
-2.356917551035526137e-01
-2.136330325056099433e+00
-4.944409739776938650e+00
-6.174533805174120538e+00
-3.067690012407964240e+00
-1.298147456214873596e+00
-4.137953331344746966e-01
6.470665775920301233e-01
6.470665775920301233e-01
6.470665775920301233e-01
6.470665775920292351e-01
6.470665775920292351e-01
6.470665775920301233e-01
6.470665775920301233e-01
6.470665775920301233e-01
6.470665775920301233e-01
6.470665775920301233e-01
-1.629366251083505523e-01
-2.508445071660597492e+00
-5.242550342440808642e+00
-6.781229276556396179e+00
-6.733612112155028306e+00
-4.520992074363269886e+00
-1.475911776099282591e+00
1.662187387655271076e+00
2.901272930921518167e+00
1.466566882861889631e+00
-3.282896182509017713e+00
-6.881450804637309737e+00
-6.163894602754045771e+00
-7.768774077393812760e+00
-1.027518677379402590e+01
-9.281163748073476327e+00
-8.155152617537327231e+00
-9.062059105730481789e+00
-1.145275282729016553e+01
-1.147740749102848667e+01
-9.022700085001316594e+00
-4.885227600612197740e+00
-4.151921010804160872e+00
-4.490897930286780415e+00
-2.347900018242239373e+00
-3.123891794377230191e+00
-1.554510154722325233e+00
-1.472664270526388708e-01
-1.033745546852236075e+00
2.298852729605303513e-01
1.588769288225908571e+00
2.093816979822875624e+00
2.989960040783747885e+00
3.872809463599308222e-01
-7.513914977990974187e-01
-7.269181083070541671e-01
-2.169991835747067999e+00
-1.260635997470491987e-01
1.847523567755436913e-01
-1.069954311780872303e+00
1.880591280363235418e+00
5.459727771938088559e+00
7.909414098476702293e+00
5.930337025912735704e+00
2.959457394709891886e+00
4.939990079959912350e+00
9.932558084838333912e+00
1.148123476157553746e+01
9.167120889690881569e+00
7.647415018688772825e+00
6.194824080894103524e+00
3.792088654910302559e+00
2.475277196965654625e+00
4.271215202980793713e-02
-1.900225428839019015e+00
-1.737228013294939366e+00
-2.684944601914158291e+00
-1.522343506367044519e+00
-2.092418811490958763e+00
-4.141892288287602142e+00
-5.483730154133980683e+00
-7.847272830065440630e+00
-9.765355165245635405e+00
-8.895608577441516118e+00
-7.741034128875931231e+00
-7.776989789674440878e+00
-8.134612297790290825e+00
-8.220001077608987572e+00
-7.777440062921894715e+00
-6.892816380378119057e+00
-3.781334348388481814e+00
-6.031178797509051392e-01
2.262069026865221488e+00
3.358308454205161109e+00
1.828567694657583731e+00
2.744725659800591355e+00
7.247405717364738820e+00
9.022540096260604159e+00
7.500335097666616768e+00
4.647594319390552897e+00
5.317342421820417941e-01
-1.201344862086473508e+00
1.234425145984140881e+00
8.570200521495204005e-02
-1.626105818601313757e+00
-1.887219242617909520e+00
-3.205500836890115224e+00
-4.362307862502546207e+00
-5.382952136756047778e+00
-6.152429541995721785e+00
-4.288429033103478005e+00
-1.413091460946983569e+00
1.369067506787489563e+00
-7.735069191959289547e-01
-5.497359429490621174e+00
-6.222910971812830816e+00
-4.614392353312349648e+00
-2.776486785293444282e+00
-8.715195957254839865e-01
5.025231953772769655e-01
-3.626833406405267080e-01
1.323622457075305237e-01
6.210838549894026617e-01
-2.292783923541894087e+00
-4.415531574438535500e+00
-4.073125820979348610e+00
-3.004677490659016570e+00
-1.190279509138447489e+00
1.761905295190722587e+00
3.154354292115375991e+00
9.870688801023181913e-01
-2.621581961793744142e+00
-5.236459288147784719e+00
-5.011425695306313877e+00
-3.918402050222004274e+00
-4.786839741682071825e+00
-6.487818037217885525e+00
-5.022089307519430612e+00
-2.120479443732104397e+00
-9.957877378617587816e-01
-1.651834841331929926e+00
-6.296507379446178998e-01
1.218667838460741670e+00
1.540111449971105051e+00
-1.799531379565667999e+00
-5.335531443744363500e+00
-4.529423727197510630e+00
-1.517805521231604837e+00
2.151912566879939703e+00
5.097767840305446718e+00
5.700088073694934643e+00
5.254242098682904150e+00
5.240515964440864316e+00
3.651748428995692297e+00
1.070319151236049163e-02
-1.999531489320312883e+00
-2.846659960014649382e+00
-3.508045134411785781e+00
-1.819883117102849113e+00
-5.636608020296112187e-01
-1.060928071372958970e+00
-8.321958966003913938e-01
-2.887482501226400267e+00
-5.066257689431043154e+00
-5.027329252661842496e+00
-3.254426946129687082e+00
-2.836702036705893271e+00
-1.306706326447459876e+00
2.603228246260760770e+00
3.462401213073354356e+00
3.871696281022162456e+00
4.109313674972316477e+00
6.784768086155485989e-01
-7.602042840638222332e-01
-2.700737123476795176e-01
-8.466845851511877186e-01
-4.286158906582859807e+00
-7.167106182436815409e+00
-4.809634659398863477e+00
-2.090283197678822980e+00
-7.404265325132723952e-01
-1.231087457134616869e+00
-2.506915325245957504e+00
-2.383057985461220607e+00
-1.426855118588315596e+00
-5.388013688601105827e-02
2.267062092905391069e+00
3.265886069882864007e+00
-2.514981784185955638e-01
-4.333592779547021934e+00
-5.972296829038586274e+00
-7.142239992533634840e+00
-5.275690186268223059e+00
-3.345981146812487594e+00
-1.101135169458850260e+00
2.245694951454917820e+00
2.815670342153102634e+00
2.761562193253950248e+00
1.875025896515619461e+00
3.191802461065184615e-01
-4.964607560428228039e-01
-2.188953810521859111e+00
-1.904300043230157780e+00
1.997346862211477614e+00
4.382947289563600357e+00
6.552982885360553844e+00
8.046566962481319862e+00
6.698639797218212344e+00
7.191373389047686082e+00
6.576960040874516800e+00
2.579449506290890426e+00
-1.852061572158160141e+00
-3.085508708417995294e+00
-2.449153051157421768e+00
-3.543704997603700502e+00
-4.909813955979605460e+00
-7.041919116377693300e+00
-9.061127723927919320e+00
-9.920234878541085877e+00
-9.189978917872073438e+00
-6.828931549388816968e+00
-3.717608185394065679e+00
-1.420852937733473542e+00
9.225666991734289279e-01
2.208545459901734453e+00
9.290799174213948408e-01
7.220646181661575236e-01
3.942087868987564470e+00
6.120272831110450618e+00
6.271601213983715617e+00
5.668655228763225473e+00
2.822210912035719055e+00
2.986200495534467592e-02
-1.024891164503235919e+00
-1.943941993274932445e-01
3.825811456178545567e-01
-2.097316316512059520e-01
-1.959282476348089608e+00
-5.073222241382468134e+00
-4.459947923952051418e+00
2.293432103506054531e-02
3.425423124170180245e+00
6.605336216137277283e+00
9.204559097986299676e+00
9.860735407920051543e+00
9.265937902321040198e+00
7.706932902645617034e+00
5.323041550427856095e+00
3.056731264166244078e+00
2.445305770776540655e+00
2.640814862827829845e+00
3.465437583031306445e+00
6.266767725290548263e+00
8.821880771658742404e+00
7.908323499994073025e+00
2.873375755290573430e+00
-9.308554959869299594e-01
4.389024428689481394e-01
2.327089763014757562e+00
2.594802622738021203e+00
2.814830306944534843e+00
1.521866932167063924e+00
-1.262870839584626204e+00
-3.324479489873819027e+00
-2.300717135003225167e+00
9.130904064897991113e-01
4.938444120187475583e+00
7.384953516337690260e+00
8.870443615694499684e+00
1.011873315674141338e+01
1.094567508358879415e+01
1.220603754003760066e+01
1.186938384191191354e+01
9.313280096838910893e+00
5.480938404505913297e+00
4.174061980916108361e+00
4.291969354964506600e+00
5.685214693408637388e+00
6.071311681204522692e+00
6.430997713590107523e+00
9.121515405167331281e+00
1.260654722949978890e+01
1.486375505096888006e+01
1.465844131804129979e+01
1.422442192352560397e+01
1.525290363104305236e+01
1.527171530173092329e+01
1.431708048861874794e+01
1.220667504622902300e+01
8.624237628527962940e+00
6.023808413538766615e+00
4.523103649277418370e+00
1.716359943069046379e+00
-4.992075337972265436e-01
-1.280342672418692596e+00
7.458988413536855600e-01
1.604787662202036724e+00
-2.056684055099678332e+00
-4.535325993844267600e+00
-3.399771267567956556e+00
6.106613884731246777e-01
2.101786466416616150e+00
4.775302325397234426e+00
8.587765893394113448e+00
1.002217212104144473e+01
8.486733485877282490e+00
8.014066718639989872e+00
8.737598701066881191e+00
1.033660844250456812e+01
1.128490083920462261e+01
6.601281847133352976e+00
3.802912527849709345e+00
3.451187000289268170e+00
-6.618237650439127151e-01
-4.628277692050517977e+00
-5.326712217344637068e+00
-4.540836087959984724e+00
-2.809244144495362860e+00
-1.378580940470467558e-02
1.424482047483786484e+00
1.760943365314378228e+00
2.240192774397597120e+00
1.587148454862799873e+00
2.686497083003810182e+00
9.437716595405934994e-01
-3.491316423753346943e+00
-6.004952649284527766e+00
-7.474984390799188638e+00
-4.458700320996073607e+00
3.412039614175892965e-01
6.019374861362883244e+00
9.319757956151709877e+00
7.401399067309719193e+00
5.738604606229658067e+00
4.931872700562624168e+00
1.906151894770500732e+00
1.842658885715326544e+00
2.528998183122301846e+00
1.426030680325737876e+00
3.667969900918185644e+00
8.401356421290559595e+00
9.873237267998590028e+00
8.619857518762801263e+00
5.976337673952616392e+00
4.805287042010504273e+00
3.037166216255435813e+00
1.898040895289859198e-01
1.867239189838358349e-01
-4.169924915805643395e-01
7.419173808030146144e-01
2.683195365963160217e+00
3.784053181335737648e+00
3.379651200537015843e+00
2.639950442431775901e+00
2.543640730160601215e+00
3.550293242498363533e+00
4.117129823734466676e+00
5.320403038076412017e+00
7.351086441259242044e+00
7.638096856663143086e+00
6.727820823773157599e+00
3.697973575116800138e+00
4.996363095317273739e+00
6.895645628605993060e+00
4.631076610757561163e+00
4.961656957115997635e+00
9.656201490912796004e+00
1.324739453513123166e+01
1.177576194659447317e+01
8.553514603441545461e+00
9.516955919960576438e+00
1.111958313014671340e+01
9.129147894842907007e+00
5.319729092596073627e+00
4.489189273985222606e+00
6.369106638094286232e+00
6.301689579012858644e+00
6.122261473145999666e+00
7.918640701408364180e+00
8.799476273199099197e+00
1.048283140071648134e+01
1.187398490208671298e+01
1.190338963883932166e+01
9.715643318128440953e+00
5.087537822276398281e+00
2.981324545983788266e+00
3.766873520543936316e+00
5.723452865230538755e+00
7.888689649592525832e+00
9.195847201368271939e+00
9.854467706462905596e+00
9.986054316627321015e+00
8.270454085657958032e+00
4.517115378484099608e+00
3.723302259598503916e+00
5.973523248473410874e+00
7.099118531272508470e+00
8.131985836839971782e+00
9.554103841771985017e+00
9.289989645693845333e+00
8.534887795176896219e+00
7.412899651661772893e+00
5.106118613416297691e+00
2.844291990596047537e+00
1.743418913139598736e+00
5.350475406760270281e-02
-2.771287222066375122e+00
-1.153912179302433838e+00
-7.208199791643036258e-01
-2.682415615645913132e+00
-4.643380249944785376e+00
-3.724880945605632654e+00
-4.870580200543662697e-01
-6.609261177769570894e-01
-2.293149389405093608e+00
-3.174586553512898313e+00
-5.750257712619847306e-01
2.755839869395452446e+00
3.747900533180665850e+00
3.608471388087340248e+00
2.829330580279084906e+00
3.914212820862249753e+00
6.581499959754835594e+00
8.561043302525899179e+00
9.250854050769003578e+00
5.769027516982593085e+00
1.168033388990532995e+00
-6.049322414406842485e-01
-1.882775727932315402e+00
-1.351087716063262611e+00
-1.031531056332200436e+00
-8.303120492387339180e-01
1.694804716668743882e+00
4.630204756488313755e+00
4.517452354750841614e+00
2.771988825353799424e+00
8.716078445914715589e-01
1.889879025793501643e+00
5.576076982347836442e+00
4.619740715792407748e+00
4.293559931026568854e+00
2.135688395148456209e+00
-5.621804813469915008e-01
-1.576304862319346078e+00
-2.213933495184561728e+00
-5.539977965298473750e-01
2.079702309242074110e-01
1.118623272498963928e-01
5.957442287472860531e-01
-6.503571577823225036e-02
-6.826573882993006714e-01
2.369102334562549039e+00
4.735593833030334210e+00
4.665123805793766287e+00
4.796312713985020793e+00
2.292012261048065547e+00
-1.376291298773192118e+00
-1.309316074299254673e+00
1.292235902717678631e+00
3.203206632930559294e+00
3.265699959131894481e+00
1.987762596971315077e+00
1.064251801843061340e+00
2.894588637644261553e+00
6.001728166894856109e+00
6.165885551883899751e+00
3.887118888794608207e+00
5.349401705431442444e+00
8.143518813772351095e+00
7.818258352225608832e+00
7.275241225572241177e+00
8.493233847301024042e+00
1.080840645421874058e+01
1.209191315770546282e+01
1.311567414849868918e+01
1.218077331272043828e+01
1.104135345458555051e+01
1.093217911367143991e+01
7.216314672999909696e+00
4.598326843308572442e+00
4.986204616304096504e+00
5.581775168047207636e+00
5.554533778061773397e+00
6.709875673099511495e+00
8.254908282858435697e+00
1.009497548733845385e+01
1.177806079895667146e+01
1.185519050050269918e+01
1.301278424267670175e+01
1.275880675948275744e+01
9.617369030357050264e+00
7.301117346859506974e+00
5.084544601011676157e+00
1.966784836867252251e+00
-6.338250367170037425e-01
-2.224209590284798477e+00
-1.474255853694754981e+00
-3.300818225079371060e-01
1.394561901576470975e+00
5.090439555661238735e+00
9.455435518374061488e+00
1.172275851312299899e+01
1.314993699439991026e+01
1.305371237058808020e+01
1.346539645473616709e+01
1.503810486815213032e+01
1.539298009336071615e+01
1.603327042270069924e+01
1.537170159281704862e+01
1.377239809128353087e+01
1.314320362262805908e+01
1.125859714043404303e+01
8.730593020068981858e+00
7.487681491211726659e+00
7.256763474405276249e+00
8.537953868817380609e+00
1.193827272801161499e+01
1.362442528168047851e+01
1.304156148910457169e+01
1.205468945436361494e+01
1.025992299091839755e+01
6.872625947933246771e+00
4.442029618769141486e+00
4.644941064272913422e+00
4.655114060784971919e+00
5.913691489654989475e+00
7.001666035787263098e+00
6.627705824517881261e+00
8.399014907100649907e+00
1.004511144350915153e+01
9.118949033951929906e+00
6.770405470678249493e+00
4.802497411956746731e+00
3.597196793819539717e+00
3.596628431169829554e+00
7.859532921711648967e+00
1.276339940517330085e+01
1.265822668580893939e+01
1.068536866511947991e+01
9.247771619710215774e+00
9.758046738025337064e+00
1.166480456165288793e+01
1.123153164982367436e+01
7.658659816456293790e+00
4.414784090246982373e+00
6.060501870459761520e+00
8.622658659006624760e+00
7.903200181254560697e+00
6.060859936967086803e+00
3.623984970899935654e+00
1.657498995839489675e+00
2.389473299786053939e+00
3.880305198041762438e+00
5.218030824204057616e+00
6.764346749301899386e+00
8.739929755050207305e+00
1.096241963485244675e+01
1.292303320454442428e+01
1.410090200580918740e+01
1.428510357385277452e+01
1.379266694038459917e+01
1.230808557501968714e+01
1.132655214592555026e+01
8.882719596882497015e+00
6.887459978151055928e+00
7.102803265759961349e+00
6.368179556001273944e+00
6.003424078149527610e+00
3.460360586255539328e+00
1.796386079381840251e+00
3.104465176556186812e+00
5.660241229249847628e+00
9.704858062982280487e+00
9.467378499888441823e+00
9.438464758626624374e+00
9.036396910963214069e+00
7.220066838644576102e+00
9.075004057293570625e+00
1.044411558599012757e+01
8.594125910844386595e+00
7.261448537980509599e+00
7.993411243396799648e+00
1.027834786380588916e+01
1.134881329884106727e+01
1.252153369263593419e+01
1.232392724436536824e+01
1.043782166511717335e+01
1.172942773822457063e+01
1.291224089007045173e+01
1.178018673860333720e+01
1.099011287949828208e+01
1.106723083838909361e+01
1.244641023329057283e+01
1.383207998235513969e+01
1.366724892679400050e+01
1.293553701811354095e+01
1.338420442995354520e+01
1.345291682731225436e+01
1.479171301089731294e+01
1.582318759706987699e+01
1.556929890100166070e+01
1.476511918818323466e+01
1.393559522245486448e+01
1.463138134264619694e+01
1.629905373991593009e+01
1.675146759875243063e+01
1.636597869193584387e+01
1.617223124112531352e+01
1.630167431982127013e+01
1.673262315769466824e+01
1.664099294239519011e+01
1.593274261062686215e+01
1.461376161999945822e+01
1.284360269084016970e+01
1.197490305907065000e+01
1.274547592032573995e+01
1.423362551078938232e+01
1.266537021345370739e+01
1.039240054383808243e+01
8.976718366570626273e+00
9.333382394688731765e+00
1.083094935122056057e+01
1.147793804246414417e+01
1.204884151205869891e+01
1.325648655475947102e+01
1.431202677810071755e+01
1.592586012008739260e+01
1.689045605954596851e+01
1.694859681660295436e+01
1.679704210694823630e+01
1.648784690954540366e+01
1.544916642525164896e+01
1.452991518831270845e+01
1.552165385964380739e+01
1.558402399163007068e+01
1.625004700992257867e+01
1.700044195512266398e+01
1.596080092349824753e+01
1.483666922215498651e+01
1.522080083349080049e+01
1.408237260646473743e+01
1.290145754332271721e+01
1.416912550415589145e+01
1.588132756043751925e+01
1.526275061162545477e+01
1.258282190476084317e+01
1.184713143026757365e+01
1.322028233305729650e+01
1.418593199478690892e+01
1.464125836762892874e+01
1.531443656008541332e+01
1.504450672438041892e+01
1.499202958209091285e+01
1.604360997988595372e+01
1.721542730998974235e+01
1.700396432454214946e+01
1.616708135516974565e+01
1.667752468150618839e+01
1.705634934456587715e+01
1.664965685616484237e+01
1.680624188424942744e+01
1.679276454638879557e+01
1.568046698013706752e+01
1.361488302695722119e+01
1.324326054029929267e+01
1.339838552712818576e+01
1.399035576140891735e+01
1.520444407553836541e+01
1.476071447196171427e+01
1.336580104477874364e+01
1.300263287180507454e+01
1.454244734266666406e+01
1.610940615494863337e+01
1.456549343325504786e+01
1.438755336713486876e+01
1.613796217747554351e+01
1.675941077401721557e+01
1.635825139169758913e+01
1.518597246157866465e+01
1.555638383283079840e+01
1.640990871015032226e+01
1.551753998886145958e+01
1.543828565158359467e+01
1.468603184445159826e+01
1.418889700645003771e+01
1.532115347242723402e+01
1.616298938070054092e+01
1.637437597358705332e+01
1.601047056310664374e+01
1.546156651115922109e+01
1.594083710024889378e+01
1.574692461133741084e+01
1.579024057284294180e+01
1.457689834937689177e+01
1.586648927014164379e+01
1.582334281427660905e+01
1.502903263270826706e+01
1.607448105830043872e+01
1.663803702591658151e+01
1.645847226122670648e+01
1.407764633699175683e+01
1.085527083569592222e+01
1.165057940881776055e+01
1.158265028476995084e+01
1.241086049217392251e+01
1.370338563697035816e+01
1.301915332955695348e+01
1.150551867644093740e+01
1.010012345596929428e+01
1.139837316993716776e+01
1.334709196087271366e+01
1.389537347649290489e+01
1.473495369351709705e+01
1.468666154832072479e+01
1.559477544240231417e+01
1.682393243956897066e+01
1.704421362874836987e+01
1.684940594906403177e+01
1.662220057337697909e+01
1.676574489243809651e+01
1.649083295061570098e+01
1.572786293554189108e+01
1.465089884443829682e+01
1.525350287712294417e+01
1.578048346970683191e+01
1.479852876609049517e+01
1.515773113019534613e+01
1.561155809891390334e+01
1.609427682265871340e+01
1.676088963077476635e+01
1.684160781031582488e+01
1.654590855086694745e+01
1.608892773896190675e+01
1.562354255734507014e+01
1.637308671567181761e+01
1.563488299388315816e+01
1.527094756286314592e+01
1.660565372539015172e+01
1.591560685304714262e+01
1.584654745300042222e+01
1.269423208604882269e+01
8.679797929778374055e+00
7.419360056386374858e+00
9.100218352706720637e+00
1.043078530924641179e+01
1.096191999912807091e+01
1.292225218079450322e+01
1.444739213484944251e+01
1.313965458235145078e+01
1.235262528379852220e+01
1.318636122915362385e+01
1.495844510881058298e+01
1.594080459531894078e+01
1.658486929575682822e+01
1.679449227341592987e+01
1.619750366390931973e+01
1.560444506619598037e+01
1.551357199454409042e+01
1.586429962178901398e+01
1.519642703329754951e+01
1.168757701329758447e+01
8.048311061133487598e+00
7.696851440251172072e+00
8.101614832581608638e+00
9.751036149800594188e+00
1.207912024228890679e+01
1.233395809082101025e+01
1.147321995971200970e+01
1.169596579257150815e+01
1.199381018831469881e+01
1.296430070572555948e+01
1.466050312316257198e+01
1.563453450993025839e+01
1.505769162564876495e+01
1.469389894458515222e+01
1.443993831633771485e+01
1.521325397469007790e+01
1.593154070473927320e+01
1.645159494442570391e+01
1.633441859483263769e+01
1.339299503501831445e+01
1.209050213605873125e+01
1.221585047707385030e+01
1.155541677899440600e+01
1.203228347307045176e+01
1.207714449011369950e+01
1.161596165822454552e+01
1.159815400842706978e+01
1.107464235988932622e+01
1.120306323369406165e+01
1.295859876858949633e+01
1.350519619937005977e+01
1.471194163338625494e+01
1.606225696548133541e+01
1.624785637315050835e+01
1.673471121314591059e+01
1.672391470157717563e+01
1.581895128492128677e+01
1.362762159320101851e+01
1.363489088173518482e+01
1.513242388330624699e+01
1.585823197069732693e+01
1.378529977739869672e+01
1.294293844454225351e+01
1.370528729507292276e+01
1.193900537004546614e+01
1.085182856743042379e+01
1.080574276975533188e+01
9.250515034125088576e+00
1.050553446074960995e+01
1.418626312021182123e+01
1.323893661590328463e+01
1.253739931512683192e+01
1.488763468084638042e+01
1.632405793901444824e+01
1.651743938203903994e+01
1.598408491080662408e+01
1.350780077064506735e+01
1.075957241672302267e+01
1.194372043694419538e+01
1.322807257694834604e+01
1.395475745237704679e+01
1.426163166571459406e+01
1.369303108515855349e+01
1.451820824232843421e+01
1.609676909379070153e+01
1.560167269367021881e+01
1.430108603579017768e+01
1.451080621213031918e+01
1.519500909766972896e+01
1.563730063295508366e+01
1.632421159795560328e+01
1.658032457997631326e+01
1.566902819886354692e+01
1.444477905477867985e+01
1.305805242951013412e+01
1.278185404650193213e+01
1.223944565741124002e+01
1.146244352511536846e+01
1.146356678036553234e+01
1.227813906759531370e+01
1.332914413895056427e+01
1.321975702197626923e+01
1.240732781752452674e+01
1.337816274963548047e+01
1.328474236990640200e+01
1.218390033967043173e+01
1.155451439097359945e+01
1.109425445296698953e+01
1.204976817596762650e+01
1.250735859370564285e+01
1.220449712666186670e+01
1.188125483676254035e+01
1.164059280260930684e+01
1.057063702494676072e+01
1.196801956768328346e+01
1.495824252591313908e+01
1.614591852633689939e+01
1.634611770672428221e+01
1.604499901934017103e+01
1.539639205631205066e+01
1.518403295988769308e+01
1.498972945750866259e+01
1.434941868401515208e+01
1.311879071614269243e+01
1.082659141644549017e+01
1.015619915440666432e+01
9.644771922044066415e+00
1.028810876755450643e+01
1.179974393859077075e+01
1.425264458090190800e+01
1.587846218537828413e+01
1.652315044908619512e+01
1.646861061055448161e+01
1.595331765689731363e+01
1.600886563972760612e+01
1.513703824130435649e+01
1.393994965203481051e+01
1.345441990364857254e+01
1.276459176063179335e+01
1.103337454045733779e+01
8.800653074199674464e+00
6.448079453214306866e+00
6.395686078718688883e+00
8.426712120511545834e+00
1.149324673287748944e+01
1.190520485447061638e+01
1.041416443458596675e+01
7.894941116436904771e+00
5.804093990815878179e+00
7.984758659413921045e+00
9.633119942233715705e+00
9.671673038665542066e+00
1.042507419883795983e+01
1.157703222113337738e+01
1.291624904891387793e+01
1.462359110954600894e+01
1.525239127218124580e+01
1.448483571355708044e+01
1.339690467327247525e+01
1.336949025361090904e+01
1.380638797695827868e+01
1.429284061282929308e+01
1.307884770869651270e+01
1.149253254312182193e+01
1.190493713024422107e+01
1.197872573117479789e+01
1.014335313337380917e+01
7.422153552100795082e+00
7.308126425359249723e+00
9.110507124303248716e+00
8.848756970185352344e+00
9.085449950311534906e+00
1.022792914722707280e+01
1.102554236994495973e+01
1.185687355118776232e+01
1.348588592141087084e+01
1.541855428220078927e+01
1.642150852619256085e+01
1.628642338175052728e+01
1.595678451742824144e+01
1.634797909560144902e+01
1.696333572649522381e+01
1.681735245922411792e+01
1.669916051781199684e+01
1.637304125207808880e+01
1.589526431900966763e+01
1.578358368812758883e+01
1.498177638696446401e+01
1.512826698206643528e+01
1.635115949027768423e+01
1.665221536340468944e+01
1.549821371337764653e+01
1.509213215390159668e+01
1.505255570953740651e+01
1.372465651674348130e+01
1.398351922269314151e+01
1.371232084175349719e+01
1.148394479571702220e+01
1.211162208247469074e+01
1.374153463644864459e+01
1.429342135896622779e+01
1.491144378904669132e+01
1.455928541828504130e+01
1.517404515070865401e+01
1.621893739117694722e+01
1.577037118986139852e+01
1.534087919400582933e+01
1.472854886351275461e+01
1.400879571687517355e+01
1.492720424007490010e+01
1.543768551737815109e+01
1.393257879500386842e+01
1.187841831070586096e+01
1.327249125983862932e+01
1.430203614702342030e+01
1.341029458888816883e+01
1.168554165607079831e+01
1.127527990895102761e+01
1.174359613082647869e+01
1.204546214528232717e+01
1.074358334557334693e+01
5.693997831976981949e+00
3.526692952376256684e+00
5.074447734667982601e+00
8.571762499435399363e+00
8.200263969267407305e+00
8.495250858343153411e+00
6.612359889952989178e+00
3.169671748995035010e+00
6.459569898779537134e+00
8.901653003159138322e+00
8.625462240898510657e+00
8.240138733248290492e+00
1.065617858717903665e+01
1.145214666098576117e+01
9.640991197320358808e+00
9.727217509498201409e+00
9.414142615077677689e+00
8.155858122806796118e+00
1.007654665185344278e+01
1.279786572251056853e+01
1.227580470054539141e+01
9.251295505306933009e+00
9.454763392949738332e+00
1.022621857858412930e+01
1.135516726252384245e+01
1.287706058241593432e+01
1.343150126153259016e+01
1.257071628580846046e+01
1.029941228917451390e+01
1.089526530543254701e+01
1.175933242840567239e+01
1.093977890945464360e+01
9.576354933008085268e+00
7.557357557927621095e+00
7.260490033102257712e+00
8.384990194562677246e+00
1.023541735425231991e+01
1.018970362616898306e+01
9.329253202134269785e+00
7.790998400685599456e+00
8.053099840790283181e+00
8.850653784901428622e+00
6.816121996475190237e+00
5.369417598677926229e+00
3.520118577773442947e+00
2.135015617308456903e+00
2.123037461401435344e+00
1.426094125536060186e+00
1.756523238792393027e+00
2.432524406996194877e+00
3.584644007039741176e+00
3.620938728749063529e+00
2.973430800536500218e+00
3.957208931354661008e+00
5.828825943071742621e-01
-2.695565800033576487e+00
-3.365133912088245083e+00
-2.356883237227858530e+00
4.464160763971922741e+00
8.025186665774254990e+00
8.240894116874569519e+00
7.163708497252042839e+00
5.619947868635738253e+00
7.912242801541284898e+00
9.900118497474856838e+00
1.124076594327178391e+01
1.133124061249347037e+01
9.701092375339564811e+00
9.519896210799659642e+00
9.317193904644602398e+00
7.888588527464498235e+00
7.333990721783664846e+00
6.282595607436422647e+00
6.884026150076804740e+00
7.482300141361389656e+00
7.210924677575741626e+00
9.394523546064499797e+00
1.076351308743387136e+01
1.185070632571969718e+01
1.287825024667798068e+01
1.216460031327641111e+01
8.382096160218077685e+00
5.412444751866984483e+00
5.813773416879915779e+00
6.710518552166433004e+00
7.263023690680034505e+00
8.370117107482677454e+00
9.740750735700885343e+00
1.118698436108030769e+01
1.237144907307541608e+01
1.255189130833729294e+01
1.201197533599444434e+01
1.114331946844675514e+01
9.702447351742408799e+00
8.992399791227628114e+00
1.050547697446912565e+01
1.296969460732502277e+01
1.446729628647498878e+01
6.470665775920301233e-01
6.470665775920301233e-01
6.470665775920301233e-01
6.470665775920292351e-01
6.470665775920292351e-01
