-9.819815671381988409e+00
-1.061528158871298189e+01
-1.164467736810690113e+01
-1.130252814275030282e+01
-1.085188667000940654e+01
-1.068222096009910516e+01
-9.556130397301689783e+00
-1.041472502075584217e+01
-1.303620482526122082e+01
-1.371660306662687390e+01
-1.331712785066160265e+01
-1.244286616282303370e+01
-1.158068880507065401e+01
-1.062408002201471824e+01
-9.821192062312706028e+00
-1.041583063405471954e+01
-1.098402620772124649e+01
-7.544553402150516064e+00
-5.496917943194946865e+00
-6.476473648947815853e+00
-7.645444917737753698e+00
-9.029837516627262417e+00
-1.020640455333188612e+01
-9.908020121069645469e+00
-8.057478904061138536e+00
-4.821313562305874711e+00
-3.304780242471587748e+00
-4.626728543547319994e+00
-3.918211309366721462e+00
-2.171895551378714817e+00
-2.823353171771851855e+00
-6.250342583884875403e+00
-7.845736286405323945e+00
-8.616628152075675118e+00
-8.485957858897027251e+00
-4.772952056862219905e+00
-3.040495950273752968e+00
-5.457988941914434733e+00
-7.312161211004525541e+00
-7.631611367527941781e+00
-8.187854429887611474e+00
-8.976295286281180452e+00
-9.223964631615274357e+00
-7.223092998372456108e+00
-4.658100321325724380e+00
-3.695834034950291613e+00
-2.718167611070259504e+00
-6.231781197394200333e+00
-1.104918050740456614e+01
-1.199676931009937952e+01
-1.125604847707453438e+01
-9.995198782455322117e+00
-9.689777394345513883e+00
-9.808891046017828685e+00
-8.554363975440340440e+00
-7.098020908005397089e+00
-6.206111402806048005e+00
-6.161482499109109057e+00
-7.876356159777216703e+00
-9.739601050903358370e+00
-1.099027670310758786e+01
-1.208350292110481838e+01
-1.196069013143081960e+01
-1.080247592277583912e+01
-9.300889066028775076e+00
-7.959173204589083284e+00
-7.311907932471879867e+00
-7.353797543461658925e+00
-8.446421029840582406e+00
-8.249331826673273582e+00
-7.913176003599365238e+00
-8.959096614022326932e+00
-8.439188953821922468e+00
-6.757095856991447214e+00
-6.095193036282412713e+00
-4.588615059631907300e+00
-3.851678879715817683e+00
-9.185273643906647578e+00
-1.120943501453331592e+01
-1.068848578511042646e+01
-9.743734875698446984e+00
-9.867600983463578501e+00
-1.071521026493187101e+01
-1.171189538886743620e+01
-1.256321338587079417e+01
-1.212529569517681693e+01
-1.113976918970347718e+01
-6.987198868473766034e+00
-2.818129324678849468e+00
-2.104774341430248441e+00
-4.487072235974050471e+00
-6.844052743759572621e+00
-6.954861087791766927e+00
-6.198304049242238989e+00
-4.134243726103049354e+00
-3.304076075418723502e+00
-4.247787077806573386e+00
-3.461561306392471060e+00
-1.686909627059416161e+00
-2.162244532605254843e+00
-3.747754446635130243e+00
-5.437158600752733939e+00
-6.980122221162364582e+00
-8.320662875646359424e+00
-8.220196771930696755e+00
-7.661008700272528671e+00
-7.282316941903625107e+00
-6.017994906963746615e+00
-4.710734525391355731e+00
-4.479073296698870443e+00
-5.870251406691994411e+00
-7.728597784610287569e+00
-8.773912151609975396e+00
-9.661640667137373129e+00
-1.096025111466022928e+01
-1.153720973024285179e+01
-1.092627061884909345e+01
-1.008836946442471216e+01
-1.075800269414025045e+01
-1.175185291536492826e+01
-1.044308036504151538e+01
-8.755110521256787237e+00
-8.428575138805799227e+00
-8.656667092840775624e+00
-7.427166649131732967e+00
-7.008031938554080575e+00
-6.090284636889491843e+00
-4.962754778980559500e+00
-4.868489096736358768e+00
-6.177999171133118139e+00
-9.704513642119827921e+00
-1.160154740861748834e+01
-1.102164087258091030e+01
-9.162115155955834922e+00
-7.679429977455304979e+00
-7.802606082974045343e+00
-8.480870562715846717e+00
-9.722555257370608217e+00
-1.142974885644516014e+01
-1.271400884213595361e+01
-1.218605411038769581e+01
-1.038594352134090038e+01
-9.662432747054529258e+00
-7.373350685662643400e+00
-2.966211605976322385e+00
-3.440843872211895249e+00
-3.614453936274602874e+00
-4.782729311295604191e+00
-5.111551251162294029e+00
-4.960544639577381787e+00
-3.468555233181585873e+00
-3.502433661341725624e-01
-1.822979072209164997e+00
-4.344812649809075111e+00
-4.532024648901099795e+00
-3.998418862585401801e+00
-4.368460906766605589e+00
-5.948247267411224115e+00
-7.530030886570683535e+00
-9.912865657182667434e+00
-1.109319666863726361e+01
-1.086057098076614658e+01
-1.051604075936615779e+01
-1.062099172625678456e+01
-1.073319769126052137e+01
-9.570373900834059810e+00
-8.168901642410324015e+00
-8.838369590958542688e+00
-1.156817207334056263e+01
-1.407922730981196224e+01
-1.498970444792231227e+01
-1.406510674506052716e+01
-1.213556257084981382e+01
-9.338662000787859796e+00
-5.172497526012931779e+00
-4.007754972967520146e+00
-6.420376094699788538e+00
-9.204573585411321091e+00
-8.616758254496030389e+00
-7.451687397830438542e+00
-5.629683922512239036e+00
-3.650332229262162720e+00
-4.253132524598276731e+00
-4.833412577337160343e+00
-4.238698571816565064e+00
-3.648454537690679178e+00
-3.954225119511750819e+00
-6.554623489466234965e+00
-9.119643629657941730e+00
-1.070769842145026729e+01
-1.070425087395780395e+01
-1.016445431549060530e+01
-1.077081086754719230e+01
-8.227505371441194981e+00
-3.026829919795691826e+00
-1.789135670027257596e+00
-3.374189779325841076e+00
-6.919421772239337187e+00
-6.316889045526649760e+00
-4.776571127793367566e+00
-5.325494347291229502e+00
-4.760352256531837689e+00
-5.070865056493897072e+00
-9.078871630962858319e+00
-1.015328082023526690e+01
-9.494240895163937211e+00
-9.699581409586084391e+00
-1.095059460779953575e+01
-1.204981209815095688e+01
-1.308427321725138270e+01
-1.403244691763401342e+01
-1.343261919446065633e+01
-1.235814143875916926e+01
-1.076908920034168737e+01
-9.344480354472091577e+00
-8.986480507879681667e+00
-8.831494578156924291e+00
-7.042748400678735088e+00
-5.257738785173253326e+00
-4.866785957845110921e+00
-7.261901312981482448e+00
-1.019176291977382753e+01
-1.190649100897038970e+01
-7.536872785193595270e+00
5.761972683421641150e-01
1.614818265021023880e+00
-7.026514616986287987e-01
-1.135233912318480920e+00
-7.011302358236980448e-01
-2.983328137697842219e+00
-4.785608507773751796e+00
-5.392370875854932244e+00
-5.267850492354479996e+00
-4.343663889645043241e+00
-4.456568313177403873e+00
-4.765383702090337792e+00
-4.431994672357498111e+00
-5.895182803911699132e+00
-8.744384142974535479e+00
-8.983829842448999514e+00
-6.194503112550246549e+00
-2.086029193394071335e+00
2.198032325502579987e+00
-2.748523875420392670e+00
-7.922829362314111279e+00
-9.069690073073671144e+00
-9.357494768049221534e+00
-7.929244277548907149e+00
-6.287300644475272371e+00
-5.012825623665576380e+00
-3.386881367724745129e+00
-3.246298565673789938e+00
-3.463977648920679275e+00
-5.231051039441836359e+00
-9.127724417319074135e+00
-1.162184484398479789e+01
-1.212478993645540193e+01
-1.179422541910790834e+01
-1.157587865267455385e+01
-9.475632669837773747e+00
-6.171904787723517138e+00
-4.335190672463964390e+00
-3.985083807346180951e+00
-5.333686783867740644e+00
-3.657256725674588704e+00
-4.433252758109881952e+00
-8.275403128597160318e+00
-9.974058915946278248e+00
-9.894350875440199644e+00
-6.958123558947558074e+00
-1.865977416541996226e+00
-1.261185570248947618e+00
-3.077507406994942407e+00
-4.403352707916329933e+00
-5.179346905606462492e+00
-4.827966736199745590e+00
-3.663307921468567763e+00
-1.569454552376184697e+00
8.545275065868614961e-01
1.045584051055895136e+00
-5.678597141508253676e-01
-2.790819986910995087e+00
-6.371729541577188627e+00
-4.528855558166556605e+00
-1.691162784236671213e+00
-2.162709627043902127e+00
-8.774344824995901071e-01
-6.474701130443123454e-01
-1.712734932958561718e+00
-1.331153578714720842e+00
1.205555873564756908e+00
4.089882631017339065e+00
1.143558348223421506e+00
-1.854190381366563667e+00
-3.925712924224947997e+00
-3.124596165252709223e+00
-1.488821814303654234e+00
-1.297555260861060211e-01
2.122271882426769729e-01
-1.544917148216958136e+00
-3.357818111938527306e+00
-1.875095019463700607e+00
2.816990767964456133e+00
-2.619660953858830243e+00
-6.935935038901535954e+00
-7.557644954772425372e+00
-9.541181880154644190e+00
-1.076552338080206894e+01
-1.038738021470810580e+01
-8.624752256414645046e+00
-5.107963944715079307e+00
-2.550238109053475810e+00
-3.366663433151441343e+00
-4.508165385006948078e+00
-4.359528647109492283e+00
-4.563002897334190067e+00
-5.363855324081917786e+00
-5.534110553384220310e+00
-7.040393270582728569e+00
-9.687219242161727806e+00
-1.027543442624866366e+01
-7.143773738032981768e+00
-7.578784768312570641e+00
-6.312993129768375233e+00
1.928963055113814384e+00
1.158915929232849251e+00
-1.802494266846068394e+00
-2.541734316396513815e+00
-3.405463165778132684e+00
-2.946372524481541966e+00
-1.981727310237265949e-01
-3.287671997203165830e+00
-3.528043553609105043e+00
-1.346745867343363656e+00
-3.645653961288877642e+00
-4.984382989410017117e+00
-5.129350199007708611e+00
-2.597856284302201946e+00
-1.834149793180541277e+00
-3.971629582041080297e+00
-2.195516893396656677e+00
9.311067900676939235e-02
-3.776897322153497938e-01
-4.560434506403134414e+00
-8.549144783918137591e+00
-8.296928924393325744e+00
-6.349390459199035774e+00
-6.922731640034143652e+00
-9.413623576586040542e+00
-1.102788865630870241e+01
-1.119979579532712322e+01
-8.668403438491267821e+00
-5.825552995477343288e+00
-1.013991403996686191e+00
4.283350379534061503e+00
6.026513834879487774e+00
6.159662848875832708e+00
4.568302819242320290e+00
7.741911152984696232e-01
-1.361525587704424334e+00
-1.715846268285474263e+00
-1.846653047718745277e+00
-3.978755870191476030e-01
-2.543088175561960540e+00
-6.733533619141234716e+00
-5.152991940425725836e+00
-2.989450441679049941e+00
-3.365893441018187549e+00
-2.479915155917681080e+00
-1.144102476262984780e+00
-3.283888681927215281e+00
-6.153490960008009658e+00
-7.834445269309563642e+00
-8.884838763133688033e+00
-9.802786742990168278e+00
-9.957126009051171067e+00
-9.714685072656042308e+00
-1.111486713343902188e+01
-1.036951914903056426e+01
-7.228045121068783274e+00
-4.003159461556607290e+00
-2.250309538319875902e+00
-4.289526182070787286e+00
-6.507860450814336062e+00
-8.034592450173917655e+00
-1.166444380456920982e+01
-1.245059504245926441e+01
-1.129563361453529247e+01
-1.102366503315097113e+01
-1.125090842546023140e+01
-1.167005654052718988e+01
-1.257499916555538633e+01
-1.411322991928419590e+01
-1.446033428503033136e+01
-1.382609420987641435e+01
-1.256376636735108576e+01
-1.228315614126876376e+01
-1.196949105556675086e+01
-1.244010975855215761e+01
-1.302314135358171576e+01
-9.358035746724846504e+00
-7.196917957490149398e+00
-6.701076389838580560e+00
-4.229301526976442460e+00
1.377449739805189699e+00
3.569231506644532814e+00
4.972282720222027663e+00
4.138228170419021801e+00
-4.398625470488387590e-01
-3.309289094260985831e+00
-2.605966997226066173e+00
-2.395826212829753832e+00
-4.235639247093028636e+00
-7.850278576668078934e+00
-1.086182345740342292e+01
-1.089480947405238709e+01
-1.041350437232124548e+01
-1.178139626469378953e+01
-1.161267836088986094e+01
-9.742283131792259354e+00
-7.017678204479933513e+00
-6.407960821177214328e+00
-6.933920729849814890e+00
-7.138960467728171722e+00
-8.593613262314166334e+00
-1.070012174455294307e+01
-8.794491459338303230e+00
-1.067940654332387318e+01
-1.192811819693536179e+01
-1.150091501932726246e+01
-1.186355394478447955e+01
-1.201106356881430770e+01
-1.196022325947875053e+01
-1.120804390105426229e+01
-1.168051208388966877e+01
-1.319553397037638831e+01
-1.438866960266836692e+01
-1.439017416439447139e+01
-1.407067727342843000e+01
-1.233338695476279945e+01
-7.813306048381626567e+00
-6.577320539995128001e+00
-7.995414547374363856e+00
-8.134910404321869848e+00
-7.050470647455671980e+00
-5.935991580537575807e+00
-2.363610155836127102e+00
1.025924252744937926e+00
1.387664048045470055e+00
6.282093466318695585e-01
-7.165999453538157704e-01
-1.051039658052246084e+00
-1.099627879518807916e+00
-5.722647107812648848e+00
-1.056532201027332718e+01
-1.231311879161732570e+01
-1.224734594733330972e+01
-9.709698606814050947e+00
-8.598551867813839067e+00
-9.329943867628577081e+00
-7.493642273581961000e+00
-5.095748202478143085e+00
-5.449261501960506848e+00
-6.246952091217880643e+00
-6.964293671174925038e+00
-7.934730862933100148e+00
-8.767430246810945960e+00
-8.564505242984413513e+00
-7.019131967394876881e+00
-4.664552955707213400e+00
-2.926372650203259429e+00
-1.902490234744582676e+00
-3.972114755090400795e+00
-7.496262640012869127e+00
-7.974981364581976706e+00
-8.904364130821512902e+00
-9.074237357971751905e+00
-7.356254197045344334e+00
-5.779072441943806204e+00
-5.319016574928852492e+00
-6.090520575722062624e+00
-9.400927382349488326e+00
-8.869684449717082586e+00
-1.111812969352844327e+01
-1.339402640288411206e+01
-1.193437338230772582e+01
-1.151986248253352763e+01
-1.302944293819443722e+01
-1.362494643512209258e+01
-1.364825442778593434e+01
-1.319164154997948835e+01
-1.272216267603694462e+01
-1.318554792832348888e+01
-1.106594630191577266e+01
-6.762807885279434217e+00
-5.091519949716088789e+00
-5.030173047794753494e+00
-6.803317609601996274e+00
-1.030938804544746112e+01
-1.166695256406824122e+01
-1.009717047942700496e+01
-7.911663899405537492e+00
-8.646542293982211191e+00
-6.466383490747118046e+00
-2.103451232127681259e+00
-4.294090510813612649e-02
-1.664114987337650398e-02
-2.645754318029073460e+00
-5.354396737529651951e+00
-6.407334257011778611e+00
-6.701391568219036365e+00
-5.132136279588209504e+00
-4.338549504094553200e+00
-4.401720032493023460e+00
-3.611156449891346654e+00
-4.447321158008072040e+00
-5.841448300685050832e+00
-8.052810778948376935e+00
-9.572108479653008928e+00
-1.028012167402036603e+01
-1.129501088747298532e+01
-1.064658996517089129e+01
-8.477987278752520339e+00
-6.603907310541428544e+00
-7.321354252370735338e+00
-9.597588655599993857e+00
-1.100911492390610213e+01
-8.828893796972568708e+00
-6.481767136455754752e+00
-5.461944280195083934e+00
-5.565649300835384672e+00
-6.715861744376886655e+00
-8.645424067855534744e+00
-1.068983103179789751e+01
-1.218569884458375974e+01
-1.217554736265499038e+01
-1.095508652073409017e+01
-1.124270347957677352e+01
-1.112991894355053368e+01
-1.071753009054534367e+01
-1.176908967579606191e+01
-1.289407778443361785e+01
-1.392299910219003678e+01
-1.110563369243019949e+01
-3.015708006739915348e+00
-6.726020519385929042e-01
-2.303053205742693343e+00
-3.701178059974001400e+00
-5.144532911221433302e+00
-7.151993678028286894e+00
-6.700041918111435457e+00
-4.772995447302742278e+00
-3.818394299666233671e+00
-3.133568370432404659e+00
-2.552937599086250398e+00
-2.019569576171391656e+00
-2.779342933003209115e+00
-3.308048262077869950e+00
-2.324328061026124548e+00
-3.193995036434389423e+00
-5.717949788189409688e+00
-6.214737689596609549e+00
-6.820496405374102622e+00
-6.801547572200497882e+00
-4.926423518164222415e+00
-4.546079815137437308e+00
-2.942344055719974705e+00
-2.990078298508794585e+00
-5.435993799376277025e+00
-4.150072011148442819e+00
-3.239809161326992815e+00
-2.327227405792281711e+00
-1.187988211755372392e+00
-4.871656799683119488e+00
-1.016308073749720187e+01
-1.059789516690002920e+01
-9.716464198665349272e+00
-9.735335851161202925e+00
-8.648239862784569354e+00
-6.824303702991310061e+00
-5.662383341539327652e+00
-4.744392760567500922e+00
-4.353963524399516949e+00
-2.395798093348080915e+00
-1.405816126447388126e-01
3.382404505749043166e-01
1.646989100026264641e+00
2.414740993352094911e+00
1.482904945056010337e+00
-7.319139627365682799e-01
-2.030786100361892998e+00
-2.275736810515464281e+00
-3.161721691071133655e+00
-3.792745211312632758e+00
-2.408302929179854335e+00
-2.933927909808609513e+00
-2.224876173334805696e+00
1.207855340003675559e+00
4.445444603710836384e-01
1.909664247515992230e-02
-1.750950744960444005e+00
-4.509475122378644230e+00
-4.199561975643394618e+00
-8.799945290152834332e+00
-1.143601480903154943e+01
-1.185967868475324849e+01
-1.195804462341381047e+01
-1.207820983999761388e+01
-1.314562271678989980e+01
-1.292979731403958077e+01
-1.142397301813502075e+01
-9.488895564512336733e+00
-8.098025856457645943e+00
-8.783906972941975866e+00
-9.200071893566816428e+00
-1.006072078170880779e+01
-9.326502713696818603e+00
-8.993283790759910801e+00
-9.530591657428287178e+00
-9.916786169686476526e+00
-1.096232555431571853e+01
-1.250076451400431310e+01
-1.355037574653501409e+01
-1.114357003033310356e+01
-4.960981933762196761e+00
-5.365144388962524324e+00
-7.010430830174344763e+00
-8.194669372378182715e+00
-7.907760417235909500e+00
-3.703868510727831076e+00
-9.926121207746008146e-01
-2.519525086334065023e+00
-1.462604909387700491e+00
-4.858413037411464241e-01
-3.097242125899558385e+00
-5.456008436557343799e+00
-6.484742566874794001e+00
-7.948582757228983553e+00
-8.750665944560681808e+00
-8.887375633566874100e+00
-8.673294099163777915e+00
-5.657087540349867716e+00
-1.144604855823624145e+00
-2.693664645430895455e+00
-4.969677146362363906e+00
-5.684518873905377134e+00
-5.597479597591288325e+00
-4.546555747352585719e+00
-2.646856066623903381e+00
-9.063508834260425306e-01
-3.820265704469673285e+00
-7.068773735570212935e+00
-5.962246229242197160e+00
-4.366794633896997624e+00
-3.976648778516112426e+00
-4.369052448668054645e+00
-5.401364414184980589e+00
-5.838203073529242282e+00
-4.160781022506446547e+00
-4.425589263122536643e+00
-7.532503007996968591e+00
-9.128579146933782695e+00
-9.828254862481944798e+00
-1.035224758462429051e+01
-9.735883295454383912e+00
-8.126588733739181336e+00
-7.299969761382896216e+00
-8.053778243029388051e+00
-9.721741711990569357e+00
-1.232026286979098195e+01
-1.321659319148304590e+01
-1.133755974808155109e+01
-8.894350607043113754e+00
-1.306201936108935335e+01
-1.379680223891929991e+01
-1.325968584714705933e+01
-1.304503372238194103e+01
-1.336183001065524678e+01
-1.425455758316284438e+01
-1.435879954482331655e+01
-1.418539312998205482e+01
-1.438799136616252383e+01
-1.372886177597970558e+01
-1.288982774111793894e+01
-1.119353445611188569e+01
-1.102272209596845443e+01
-1.117567874580739051e+01
-1.269288569204776529e+01
-1.384743284885563241e+01
-1.360924890309282098e+01
-1.348887842753137178e+01
-1.364361585915811403e+01
-1.409056188879351978e+01
-1.453651234740010345e+01
-1.253068269544043289e+01
-1.087352054611009500e+01
-1.014820525434373266e+01
-1.231744814214035699e+01
-1.362460503129292277e+01
-1.384197327589844839e+01
-1.407440352704499631e+01
-1.435485610681427282e+01
-1.273502589059318346e+01
-1.422451956701683251e+01
-1.250923523668050485e+01
-1.198881383085418229e+01
-1.296610552749386258e+01
-1.427127910498152019e+01
-1.448396080009928788e+01
-1.341898932265732647e+01
-1.187859370126828118e+01
-1.164221068112725099e+01
-1.123547304957475390e+01
-1.097926684537920572e+01
-1.205184432557073748e+01
-1.285892773021039481e+01
-1.218884929731343014e+01
-9.855877536075110967e+00
-1.076031217478931445e+01
-1.260491109484951622e+01
-1.376955053091054637e+01
-1.493880806406580497e+01
-1.484406703760366852e+01
-1.431045368073284685e+01
-1.347458008245607353e+01
-1.347643525042058599e+01
-1.371079849015258034e+01
-1.322513522949819986e+01
-1.373873604606858301e+01
-1.463991458454463590e+01
-1.445163454199774122e+01
-1.407704370418921691e+01
-1.392703083319794821e+01
-9.472479622201332106e+00
-3.016925907031943410e+00
-4.636253368818321063e-01
-8.542373454525607757e-02
-1.263315313507730631e+00
-4.293047416480352041e+00
-8.286433836775973560e+00
-9.095895171222137421e+00
-8.506221034376272527e+00
-7.585139031044963787e+00
-6.288925156105729108e+00
-5.422702102504307398e+00
-4.504744472238696673e+00
-4.527389376671267840e+00
-5.042896263364242238e+00
-5.681221590788373632e+00
-5.285577559458953800e+00
-3.446019415240918260e+00
-2.998236993924019433e+00
-4.116353010638254872e+00
-4.994781822096955537e+00
-3.494976395134310465e+00
-1.041705464441798235e+00
1.115982117637331239e+00
7.954516069584089966e-01
1.894615151302709855e+00
1.840884960275925186e+00
2.819054683730227051e+00
3.887115731621479497e+00
6.590202657834888234e-01
-2.340124622313538350e+00
-2.096904531347267842e+00
-3.626250454800686640e+00
-3.366932346850150637e+00
-1.692239658153709803e+00
-2.565156984566375975e+00
-4.811630835150332963e+00
-3.109583928980997225e+00
2.260634553425325266e-02
-1.846884405199866075e+00
-4.224842108253382911e+00
-3.584250577863288267e+00
-2.726625760035039203e+00
-8.200080042077324549e-01
-3.006937064721702857e+00
-4.787911625465721244e+00
-5.819668202874147767e+00
-9.157530915419016537e+00
-8.175431611627262285e+00
-6.183702818911494425e+00
-9.008996293707800973e+00
-1.213167160720491466e+01
-1.202734424629268872e+01
-1.106381429058545507e+01
-1.005942335928657805e+01
-1.026810273739206458e+01
-1.279874423422498175e+01
-1.402873970216978883e+01
-1.316039163495571351e+01
-1.192534611071977579e+01
-1.160461754132422207e+01
-1.182600584452218406e+01
-1.257051806327459786e+01
-1.391104399812338777e+01
-1.458791135359052760e+01
-1.357351033022916553e+01
-1.282352470762704932e+01
-1.358009093598861838e+01
-1.304164300541429178e+01
-1.078284582511872713e+01
-1.013779008405081683e+01
-9.902576758483720099e+00
-9.427979966317293403e+00
-1.053010120399705585e+01
-1.229516375118998717e+01
-1.373305620962957896e+01
-1.311030028640621659e+01
-1.386953943154803426e+01
-1.475624745797074411e+01
-1.421983716460648672e+01
-1.117715146103101276e+01
-3.047617982603510356e+00
-3.243814665843934186e+00
-5.777215336433803472e+00
-6.302246690515397987e+00
-7.206048754989286209e+00
-6.841871252629325717e+00
-5.840699740066798817e+00
-5.017064442159753668e+00
-3.645254395342477860e+00
-4.877225458894339560e+00
-8.274424644549036145e+00
-9.471032606950879895e+00
-7.479169850393937224e+00
-6.528367515411160227e+00
-8.239980876287482658e+00
-9.251097652488303069e+00
-7.885154127267470336e+00
-3.165003634221684958e+00
-1.099597327059459895e+00
-6.519096157949928916e+00
-1.164544433171359650e+01
-1.210216432247065654e+01
-1.139778766812923472e+01
-1.158060090018826216e+01
-1.203312019866957705e+01
-1.226834121240893083e+01
-1.308271970369251491e+01
-1.188423305622690584e+01
-1.251239956496530326e+01
-1.165948433882276092e+01
-6.668288916591527560e+00
-7.520293783890544148e+00
-9.829766372585723389e+00
-9.265484327727502745e+00
-7.720662036422006658e+00
-9.422323086878920506e+00
-8.999222081382393768e+00
-6.908032807061740499e+00
-5.696953491466640429e+00
-1.753095731041702354e+00
2.314941403002729103e+00
1.986273561550012001e+00
1.238050070900222011e+00
2.143656091399350316e+00
4.638178437163038126e+00
4.368401320228126217e+00
4.295848946196113793e+00
3.144646740343121749e+00
9.360497711612004723e-01
-1.280115108871640039e+00
-4.981914767936848065e+00
-5.936999338334878473e+00
-5.007811553684523354e+00
-2.499595263105417686e+00
-1.051847719448942398e+00
-1.967337147456526880e+00
-1.360488760786411344e+00
-2.298143666739065338e+00
-1.500685289894114982e+00
-3.021587537331212325e-01
-3.711227492227858527e+00
-5.476987697080859085e+00
-5.927736082872128165e+00
-7.731240950384436594e+00
-7.229154398319510122e+00
-7.042847726370623285e+00
-6.257579711395778510e+00
-6.322754243589483458e+00
-7.902687244258366661e+00
-7.744718905448493729e+00
-5.235999132019197866e+00
-4.048155716891647771e+00
-4.731093511815045893e+00
-6.724060915162253238e+00
-7.876705904907659317e+00
-5.786159348576667583e+00
-6.220786299864808022e+00
-8.774893067679355951e+00
-1.148784015331731290e+01
-1.006321592089351924e+01
-6.640321251355660870e+00
-4.010385566734208318e+00
-2.127590074702027767e+00
-1.124153153016153484e+00
-2.951911750543767976e+00
-7.369142450632785390e+00
-1.050995881308886304e+01
-1.084127027412381494e+01
-1.013437164207451779e+01
-4.956554236446939932e+00
4.321232031033667376e+00
5.682934465277961422e+00
3.341630003389753689e+00
1.532552778445193553e+00
2.138056228060462249e+00
8.449219240448737622e-01
-2.542444777445519222e+00
-2.937169047077162531e+00
2.213513021623252364e+00
4.815380252995588251e+00
2.554894354453279615e+00
-1.087078543757819676e-02
-1.776309260491480524e+00
-1.840964616700790923e+00
8.382663664049912200e-02
1.529190099685460602e+00
5.229913950496897002e+00
6.976329044677665792e+00
4.719779326108129780e+00
-1.810089277506728545e+00
-6.293558747955649402e+00
-5.068586917434360295e+00
-3.858647115684101792e+00
-3.729378742130585511e+00
-4.978572721058317718e+00
-7.923259235077992457e+00
-1.001024893426026274e+01
-1.036808759968106308e+01
-9.805269122418218686e+00
-4.385291448478942478e+00
5.278106173568928305e-01
2.301201425957324354e+00
1.858270347976413328e+00
1.894921295934600902e+00
3.140454259072590570e+00
1.316915546070830612e+00
-8.354841930605924061e-01
-1.762316950657418557e+00
-2.923773667722516123e+00
-1.806711121737872405e+00
5.194635066739577978e-01
-1.296376064948260298e+00
-3.555466132724126371e+00
-4.732994847839913533e+00
-4.728786840092912058e+00
-5.261378325439665993e+00
-7.712624703721624897e+00
-6.702503633634391278e+00
-3.260686942671148891e+00
-2.390961095101086897e+00
-1.932420998915383992e+00
-1.745092222203412646e+00
-1.817979310314273400e+00
1.351248462939939055e-01
1.830713186436470297e+00
3.350182731668130742e+00
4.947866406185397636e+00
7.365374365135700430e+00
1.030011747999962957e+01
5.715696564131282909e-01
-9.058775625078334670e+00
-8.599547240566050021e+00
-7.826806624030748338e+00
-8.066061686035085998e+00
-1.036894329702051820e+01
-1.240489718502891492e+01
-1.054450528485050320e+01
-8.397168869760673005e+00
-8.657982444959360535e+00
-9.943859848891479558e+00
-9.437528732802697107e+00
-8.149447934310195762e+00
-8.071786539990762677e+00
-1.243715081755811802e+01
-1.374051491655698420e+01
-1.383151569265203484e+01
-1.406379984879239586e+01
-1.261974512443015861e+01
-1.163752183885261715e+01
-1.177600117396936241e+01
-1.064742713443690292e+01
-6.113568613836714682e+00
3.501786456806048053e-01
1.548220938781673217e+00
-6.486884722400001468e-01
-2.639789745047141700e+00
-2.501968856949559505e+00
-2.375069721619967211e+00
-4.597059250189003521e+00
-6.349918019222599241e+00
-7.076030877761984250e+00
-6.860534075232729734e+00
-5.444720279463754586e+00
-2.578483568867699915e+00
-1.510765814021398423e+00
-3.019556847307748315e-01
2.006800793746757794e+00
1.878270744511462587e+00
-7.234983700985894162e-01
1.460775911783033454e+00
7.130310094981394009e+00
9.343792973717668815e+00
8.324319127018702247e+00
2.164519178688292467e+00
-3.369067459493302885e-01
2.823795225664388564e+00
6.120435897170559691e+00
4.553033139219055059e+00
6.110385043521398885e+00
7.319000069763096583e+00
4.655108752950596340e+00
5.601817300331847882e+00
8.395825937140301676e+00
4.886946250142777615e+00
9.363478843012884578e-01
1.407853919268218013e+00
4.619778356311159406e+00
6.070922439504886192e+00
4.476231356603254774e+00
2.642026856458363770e+00
5.846044510418791917e-01
-1.326407160637944393e+00
-3.425072501179626361e+00
-4.519863125437874274e+00
-6.255874221212081032e+00
-8.129517500336657321e+00
-9.098655310791144757e+00
-8.282705818212120263e+00
-5.277516751600276557e+00
-3.809221013743957496e+00
-3.567089099435054589e+00
-2.168458687653903372e+00
-1.592064363882022063e-02
2.810746994610261673e+00
2.531956898788231936e+00
9.940717794267327490e-01
-1.271222320698861985e+00
-3.847984253298240898e+00
-6.332166104362402237e+00
-6.458409615199928844e+00
-3.010006255152037458e+00
-1.138938431134473683e+00
-3.051358632428409656e+00
-5.168848022327477310e+00
-4.674645053504997705e+00
-5.626914888505548440e+00
-7.846198657960691492e+00
-7.955224548100386706e+00
-9.465245246941607959e+00
-9.869356558824517123e+00
-8.513078461476601078e+00
-8.592459082903628698e+00
-8.627921461666922198e+00
-7.727625048466899571e+00
-6.405761495632559921e+00
-3.876138244565984436e+00
-5.562945110829472739e+00
-9.336252960840955240e+00
-8.575592944408946039e+00
-7.850569283894372141e+00
-1.109810747374208262e+01
-9.685841229439933642e+00
-5.750996516315395546e+00
-5.868655007256176503e+00
-7.612130724520885572e+00
-8.045924323460814875e+00
-6.868579078905009183e+00
-8.971232079827830219e+00
-1.064205241883505515e+01
-1.305991980320691859e+01
-1.474042440415333566e+01
-1.533635801901665907e+01
-1.587702537325360552e+01
-1.576789617945972743e+01
-1.516171371853348582e+01
-1.492655232769797280e+01
-1.330959149601415525e+01
-1.080125976085086670e+01
-1.102388190264828438e+01
-8.801741436521554718e+00
-4.479397486920928984e+00
-3.196221938302020060e+00
-5.315108939606042249e+00
-8.286140856103934027e+00
-9.304790833942352180e+00
-9.222820060671010012e+00
-8.730281411890423726e+00
-5.858248093756876607e+00
-1.826554407974502414e+00
-5.495243451329742790e+00
-9.974418042257163108e+00
-9.891431542743498895e+00
-8.963026408788907773e+00
-8.483556651007738481e+00
-7.242570197946953670e+00
-8.294477723268931513e+00
-1.076846896423103850e+01
-1.326556537478632336e+01
-1.494872914648689921e+01
-1.335286739307368542e+01
-9.207964429819563534e+00
-9.360022806156798936e+00
-1.125753287232094202e+01
-1.186869907412920888e+01
-1.343969654615910336e+01
-1.357864911401810382e+01
-1.121342552474211551e+01
-8.771099194246916753e+00
-1.014905757853796864e+01
-1.325403528045809232e+01
-1.434206695696448719e+01
-1.394331041898772661e+01
-1.191483728587971136e+01
-9.888185441093911621e+00
-9.946093283974940746e+00
-1.028243305468068769e+01
-9.090887802760597936e+00
-7.577711838141864220e+00
-7.263414858219692682e+00
-7.486003782456168487e+00
-8.171257680559563141e+00
-8.757497582184077700e+00
-8.145150356774752964e+00
-5.763436054835389122e+00
-2.191780444358142343e+00
1.382531587293952091e+00
3.459403677641274211e+00
3.669410446690414940e+00
2.214911177314684121e+00
3.557789370031592124e-01
-2.182159561161009231e-01
1.323409107052995859e+00
3.892100056234525152e+00
5.899808930594915068e+00
6.755508180581119682e+00
5.055993987826242098e+00
1.424417681480477649e+00
-2.675932361485876321e+00
-3.987354638594936329e+00
7.537199816880690850e-02
6.049732625471667902e+00
7.763963665987894558e+00
7.126864118885960053e+00
6.366187116666033319e+00
3.544406193713844022e+00
1.159790891613139641e+00
7.906626677933887848e-01
-1.569141649415523032e-01
7.623550927577892322e-01
-1.780453441573945250e+00
-5.478490621124343818e+00
-5.208076702761641030e+00
-3.821645247073658158e+00
-1.409695002317755241e+00
4.755930085686764230e-01
3.254280586304355016e-01
-1.520043889873939014e+00
-3.073030781809328094e+00
-4.749814661851053721e+00
-2.098292703199369669e+00
3.443092231793458691e+00
6.057627731684154249e+00
6.681636479866793543e+00
5.842689922627315902e+00
4.689633891863826065e+00
5.038695481741047644e+00
3.909959726439713013e+00
6.984264356869104295e-01
-7.592602324018903337e-01
-3.249712083160010589e+00
-4.938245841638749134e+00
-3.476339913680369875e+00
-7.172545867522077678e-01
1.609905968968465606e+00
2.542642207641178320e+00
2.976744380030507120e+00
2.640299064473272672e+00
3.756356087543376354e+00
1.561437608590882098e+00
-4.792226083858566632e+00
-6.200791404408857233e+00
-6.125619997238631598e+00
-2.866439452612770111e+00
-8.656557926834053118e-01
-4.448130304668398871e+00
-6.164106577712959556e+00
-7.743530291641538277e+00
-8.331463657500716380e+00
-5.780957222978515553e+00
-5.705763792767098330e+00
-4.665945057011195551e+00
-5.565249577946079995e+00
-5.086140264523684174e+00
-1.588701792198280671e+00
1.943482764659675566e-01
-4.074696134357306265e-01
-3.852857171856063800e+00
-6.778053378195999734e+00
-6.101700194741178862e+00
-7.796021616228390183e-01
2.148324493322583351e+00
2.972222396277610201e+00
2.294530060739423671e+00
1.222581661211866955e+00
1.829825950425380210e+00
4.011217933981168215e+00
2.800284323888087457e+00
1.053992414481461776e-02
-1.171778192518713846e+00
-2.555498559658788249e+00
-1.985890163730789748e+00
7.387366337131087146e-01
2.186898944474958029e+00
3.379348464757705450e-01
-3.028998734957220051e+00
-4.148356197332277340e+00
-4.038462262980665685e+00
-2.882082287468585413e+00
-3.630858823526598167e-01
-7.599192991444006506e-02
-1.746535259747617141e+00
-1.581928287484368090e+00
-8.005728859654660523e-01
4.320547125973310254e-01
2.630847922183054410e-01
-1.808932260780181434e+00
-3.906657464000700131e+00
-2.729604808848902664e+00
-9.489724957153637952e-01
2.070760975541805049e+00
9.625366497837948287e+00
1.294266876008707534e+01
1.204514922742709970e+01
8.453391696678343337e+00
7.752051753407542378e+00
8.440506277575124727e+00
7.979690093543002405e+00
5.934950388180702419e+00
3.248355105993772529e+00
3.513428815090064550e+00
4.128400577817537886e+00
4.172161258714078613e+00
9.188898559250946008e+00
1.265281433157414703e+01
1.377212123640114605e+01
1.129245376169638071e+01
9.414849033921466770e+00
8.082735354938176187e+00
5.079903035384772281e+00
6.604967908186061720e+00
6.786385794413236638e+00
5.173066805298758730e+00
9.279977638823751818e+00
1.000941469291573149e+01
7.062983917111645304e+00
5.343757949536366070e+00
5.255475623964430021e+00
4.027787715418346792e+00
4.771407883917440640e-01
3.894655909012045392e+00
9.582752016143853524e+00
1.142036422609769453e+01
1.118010693622898621e+01
9.740489017445570497e+00
8.833494216084568862e+00
7.420485179664257913e+00
6.482014471467452132e+00
3.782425135708747721e+00
2.689233681995255143e+00
6.862142759433376149e+00
1.053589722950525776e+01
1.139190256355293762e+01
1.077523435324221879e+01
1.104774672864527219e+01
1.071075265758032735e+01
7.112346957316126428e+00
3.774629189941036245e+00
3.767601936910435434e+00
5.530740673274730845e+00
7.971761156450608787e+00
9.660947777606553544e+00
9.285754217962940871e+00
7.289128412393547585e+00
7.770635342014088565e+00
1.120476040301647558e+01
1.268205889013379206e+01
1.172505798277309275e+01
9.233319711945663144e+00
6.791069117972761582e+00
4.574171050714856968e+00
2.968646930599631695e+00
3.026689799638343281e+00
4.277015214058588199e+00
3.778314762613284472e+00
1.296360863486341719e+00
4.236408744451068742e+00
6.456454904922523497e+00
5.239867450972620411e+00
7.684009751789279363e+00
5.426511342243245828e+00
2.167004009268150178e+00
3.828640467459376584e+00
6.607015198155330005e+00
7.538953409285733542e+00
6.619176315587365522e+00
5.761293209310735186e+00
3.090950913963610436e+00
-6.004911118057083830e-02
-1.864024962508859184e+00
-2.400780466544475633e+00
-5.981058226944575562e-01
3.924640327996402611e+00
5.956233279123388513e+00
5.967681054782629779e+00
4.362783922960486116e+00
3.484821529995765665e+00
4.131358766983792563e+00
2.075896025035174564e+00
2.771943006571960133e+00
1.001899707343693180e+01
1.336546423922892046e+01
1.534122704955359673e+01
1.669730478971542809e+01
1.649879553076479510e+01
1.637388817837797106e+01
1.503633088811121610e+01
1.311552101463598063e+01
1.168461123687529657e+01
1.070575584336001995e+01
6.863137888881959192e+00
2.579786573927317583e+00
3.793196955758149524e+00
7.343136671932701809e+00
8.344855047879516263e+00
7.482879295614721649e+00
9.339228235569892789e+00
1.132473603926801076e+01
6.878845713964396147e+00
2.628663843059437344e+00
3.038101863282709481e+00
5.758102117849087875e+00
7.928338849988491255e+00
7.540278184587738686e+00
7.548622805102284339e+00
8.450233672376159078e+00
7.777625879356317107e+00
5.065273625724947770e+00
1.245347274977339769e+00
-8.901288428624449800e-01
4.981726613491613165e+00
1.284388119556576413e+01
1.326491725657706411e+01
1.039379022793729135e+01
8.523514275903316673e+00
7.250301732486576611e+00
6.107810232554204966e+00
5.478992539019214014e+00
6.106266633936495047e+00
7.805640933332838038e+00
9.455058805088135898e+00
1.083525433035467245e+01
1.011856946372046906e+01
8.022671891045416004e+00
6.149932683593163141e+00
4.469659098976814349e+00
4.360515479854718102e+00
5.067052407022643479e+00
6.075342423564215721e+00
7.355900261623578018e+00
8.531228523188945090e+00
9.106955319641395263e+00
7.660916070703939873e+00
5.891524509796577824e+00
5.237824034928679318e+00
4.383502158205039301e+00
6.812891327285203857e+00
9.267561173408275010e+00
7.617291601784148547e+00
3.688625205673075502e+00
5.855110320936249835e+00
1.063416498791091591e+01
1.194469059957387991e+01
1.078547133807742497e+01
8.273453465523934014e+00
4.390662886113514851e+00
3.149430166701727263e+00
4.113522692076070797e+00
5.228562362415972053e+00
5.282424221329756087e+00
7.595464144965950126e+00
9.394479938479666004e+00
1.081983731071052013e+01
1.208559788226521192e+01
1.416332393072074147e+01
1.609738514735780512e+01
1.593187355141815686e+01
1.542403888874213891e+01
1.585378205031699927e+01
1.648601502832270072e+01
1.412488545672838924e+01
5.875939984354633161e+00
5.349250337390250465e+00
8.569244388017914105e+00
1.069973510642757653e+01
1.016690179752588463e+01
8.100086870590999411e+00
7.054009207315507624e+00
7.035884705230926350e+00
6.239775189617549955e+00
6.602024829951035123e+00
7.692426159760533899e+00
9.184283230740868831e+00
1.165042562205932519e+01
1.244076632926147319e+01
1.043174308598988098e+01
9.263432104862250327e+00
7.874540575825737854e+00
7.001370486785758906e+00
5.859194155036275831e+00
8.283954457404190563e+00
1.358015326474983731e+01
1.407780253489735145e+01
1.349485298115263809e+01
1.077728032437295980e+01
7.600408192000661423e+00
7.368847466845804384e+00
8.404848510013072982e+00
9.663515667196632464e+00
8.802958324192454498e+00
6.456514739151499427e+00
6.887304469128970652e+00
8.292961214321332264e+00
1.133317548037859801e+01
1.360793082607115956e+01
1.406293757816049528e+01
1.524392071631626600e+01
1.483798287692101603e+01
1.352324385140272511e+01
1.125551689966624203e+01
8.580766702189462691e+00
7.677055361480464413e+00
9.025178268511865554e+00
1.095355611201302715e+01
1.039783508697640713e+01
1.091198561275886014e+01
1.317148164608751415e+01
1.334449975230785945e+01
1.297017215752210717e+01
1.488546836353522274e+01
1.620553250550750235e+01
1.544549991486123197e+01
1.218687088323345868e+01
8.946577925106000251e+00
8.338788392921474113e+00
6.541731314971879208e+00
5.458181163974201944e+00
7.136357448292561578e+00
7.960544974406189134e+00
7.282344050741645702e+00
7.409370148581972515e+00
5.955975475257599072e+00
3.527594986243622888e+00
2.653877763197070028e+00
3.450911374770796680e+00
6.508003305126888627e+00
9.852286593875804854e+00
1.217148712334762450e+01
1.370062357094835903e+01
1.365885021313152947e+01
1.232728889135677264e+01
1.161850182916245267e+01
1.238575972575142892e+01
1.575276964040991068e+01
1.780093401260344876e+01
1.805884570802107092e+01
1.752568124174486641e+01
1.749499712277371444e+01
1.597745066421457949e+01
1.337550250460020074e+01
1.196932624163750347e+01
1.097213131234234318e+01
1.121604649591259140e+01
9.906589419084671277e+00
1.030341267733090937e+01
1.186332664453547281e+01
1.212512306084170177e+01
9.862816345663333095e+00
5.570231074362190782e+00
3.021119883920551974e+00
1.232352999172224806e+01
1.603248554638661005e+01
1.386682726256736409e+01
1.326101295581286799e+01
1.626278894841357214e+01
1.729534452813706480e+01
1.581610668925025465e+01
1.224339314972416304e+01
1.174140517263828798e+01
1.270794961137198342e+01
1.555636239951643240e+01
1.700901134728145081e+01
1.735499410134274001e+01
1.761752705114097139e+01
1.798863180744145751e+01
1.798540159230233115e+01
1.835425431893584047e+01
1.862877787436357124e+01
1.855477138888866406e+01
1.795123921409599177e+01
1.813908679178946670e+01
1.577627558820061182e+01
1.454062396210824915e+01
1.536889023314065383e+01
1.729298146293093197e+01
1.788543707147862349e+01
1.714951895374096580e+01
1.621905214615065560e+01
1.629634255989906677e+01
1.602315172406713373e+01
1.577149616245575814e+01
1.516622356695884122e+01
1.530150340916662621e+01
1.568690405100233143e+01
1.634716273629050676e+01
1.742696861943719355e+01
1.784623987849222004e+01
1.803679835993293779e+01
1.853707707619861367e+01
1.842353293880291787e+01
1.819930252749263744e+01
1.599703573844165838e+01
1.589553185503232946e+01
1.653819740959306017e+01
1.715398762981545389e+01
1.757310958548531588e+01
1.799870383501331261e+01
1.810134167873545863e+01
1.696891769468576783e+01
1.527676742776674601e+01
1.637595308964175445e+01
1.750924455916548084e+01
1.703936630505755190e+01
1.637965716817960526e+01
1.654202665606362643e+01
1.580528875555171808e+01
1.462602863412866938e+01
1.482722733358480838e+01
1.461247655582811689e+01
1.505160616061705170e+01
1.731022831237412873e+01
1.784309495612185614e+01
1.728631754337585491e+01
1.716637335582076318e+01
1.816780942634123974e+01
1.846594444456870932e+01
1.816836797833120087e+01
1.753399022406176400e+01
1.730183329237456036e+01
1.658955309543420142e+01
1.728221057942709749e+01
1.722966224819777636e+01
1.729447727754496356e+01
1.809305199829604049e+01
1.836783742288723431e+01
1.842507806602367637e+01
1.804193370670103036e+01
1.757408361204740288e+01
1.695308916825805312e+01
1.573386487313729099e+01
1.591715867599805101e+01
1.366330396551332882e+01
1.315566835572392357e+01
1.549769281194437909e+01
1.640118567226440049e+01
1.550108480264506561e+01
1.599407945697589817e+01
1.636442414598487005e+01
1.640543871400180720e+01
1.663452494291876249e+01
1.396388355888931976e+01
9.864335112393165517e+00
8.799720480466524108e+00
1.001091181008766995e+01
1.206244833675961026e+01
1.091417177979115216e+01
1.073225205980286923e+01
1.077612621041068586e+01
6.707072951002124306e+00
4.132016585231599315e+00
8.108067094221636850e+00
1.260972838503342253e+01
1.432013326954384347e+01
1.542987453690614252e+01
1.449236302503457274e+01
1.230541920250704102e+01
1.195401233543837094e+01
1.163259340371270412e+01
1.125508368338714682e+01
1.292442996501489638e+01
1.279416125510965685e+01
1.011002682413087506e+01
8.562299139683522853e+00
7.395649268970570844e+00
7.454402299411053257e+00
1.049764081378661018e+01
1.262684057492697320e+01
1.325049589770819658e+01
1.432546064016743692e+01
1.487955738482808066e+01
1.226642162645229739e+01
9.267750401618780387e+00
9.805316197351240604e+00
1.109076770984362881e+01
1.073929244070373734e+01
7.792291347968271609e+00
6.135298763885765005e+00
8.008647257832878452e+00
9.655277079517270877e+00
9.535705917963484879e+00
8.948911137364284230e+00
9.177478926839286899e+00
8.065464035100930573e+00
7.040628700778510662e+00
8.210116581478827058e+00
6.269559865062244164e+00
4.888230434730283847e+00
7.172043870482807115e+00
1.055419689845392206e+01
1.363027423391051940e+01
1.512493782173341295e+01
1.576790023703840760e+01
1.585370242172285060e+01
1.638287216583496431e+01
1.677687772077947770e+01
1.734778214956745401e+01
1.813910682710917044e+01
1.857830223358497435e+01
1.847374750022243362e+01
1.859778147923010394e+01
1.860272134111784581e+01
1.822265971006068241e+01
1.792495358076883960e+01
1.733793525818686732e+01
1.738831071158715602e+01
1.680536305948151821e+01
1.554207041558599833e+01
1.518633227439612732e+01
1.429391220845775834e+01
1.449414069313213282e+01
1.521728276931133195e+01
1.420485004789253480e+01
1.147220055359849233e+01
1.216746204682123533e+01
1.232215761707712787e+01
1.350737393030463629e+01
1.424898628317087201e+01
1.264025694562669599e+01
1.315943926618007787e+01
1.253179550342726145e+01
1.337976106290729561e+01
1.582022996515403612e+01
1.580526119498083482e+01
1.346739969502859147e+01
1.147902215502409184e+01
1.408721946561798966e+01
1.493199595181249606e+01
1.560412498711713525e+01
1.634084278567583226e+01
1.607291720401428492e+01
1.786482575848070553e+01
1.811039363257501833e+01
1.751472966605578918e+01
1.648368845529826032e+01
1.539138435123448190e+01
1.657018189085298232e+01
1.823367410627237817e+01
1.835052814802362420e+01
1.782743998874605040e+01
1.763069596264000793e+01
1.601545128104936211e+01
1.417914541309763976e+01
1.466266506820443283e+01
1.591180081258411327e+01
1.622990116901473812e+01
1.486236540754401680e+01
1.463248244303762391e+01
1.609087181308980519e+01
1.587505026278161324e+01
1.648687588009765292e+01
1.631893759032618263e+01
1.476799001040215309e+01
1.299105121258707563e+01
1.310028878303974587e+01
1.341024853637262559e+01
1.210807679278079085e+01
9.470884359081031434e+00
8.735551017437503063e+00
8.857243601161588487e+00
9.314816164880269866e+00
1.207737169672821409e+01
1.320962935808652183e+01
1.263538959284014318e+01
1.160301184601970448e+01
1.223355750618066651e+01
1.140567386145614392e+01
9.310786566136767917e+00
8.831670406161970632e+00
1.067571974741682261e+01
1.322665285259326495e+01
1.683108298672419068e+01
1.762172137623081625e+01
1.715126643597699641e+01
1.651269017251391347e+01
1.538313352423287306e+01
1.494371927291617475e+01
1.408585975908767374e+01
1.512415768143357475e+01
1.737327525702882980e+01
1.774464108568276544e+01
1.711536656994345407e+01
1.571131249834804144e+01
1.556898833264507331e+01
1.564584268894834196e+01
1.656832384374725109e+01
1.575401222372458854e+01
1.435107320144686227e+01
1.543057497560856817e+01
1.585781407478032179e+01
1.570957417171131887e+01
1.587994008271606461e+01
1.476314400752209188e+01
1.348939615962678396e+01
1.309206469217889612e+01
1.324593842673798427e+01
1.212207713206951887e+01
1.070845262452065327e+01
1.233249513232514083e+01
1.306457862454908714e+01
1.325880648189803424e+01
1.393269666874844148e+01
1.335355800713725216e+01
1.266598027600820942e+01
1.280393861635989872e+01
1.373657862116242079e+01
1.500495222885686353e+01
1.611961234681850286e+01
1.687809170556068139e+01
1.738522867357385238e+01
1.764738060172444989e+01
1.753483706563962130e+01
1.712026553472500012e+01
1.623878975984901629e+01
1.424997429675514837e+01
1.319696652418984861e+01
1.374437396086368857e+01
1.482901851220149148e+01
1.519873787009532151e+01
1.490947275952093420e+01
1.387055112277276336e+01
1.557288754460931557e+01
1.712336549105397765e+01
1.661693470276216900e+01
1.486419100685314199e+01
1.424997543382047915e+01
1.557521406961711818e+01
1.676404846296246731e+01
1.713425516858195152e+01
1.717255150376488970e+01
1.640449587015519484e+01
1.579655697326488806e+01
1.504626921142485152e+01
1.379176773612936024e+01
1.413249511810225556e+01
1.298165995407952877e+01
9.538368742511057263e+00
1.023692574220919838e+01
1.317266451079934342e+01
1.556739552663101378e+01
1.696783372699576375e+01
1.751754155642469968e+01
1.701008366068525035e+01
1.668779610374697242e+01
1.689848366389018253e+01
1.699628396171402045e+01
1.680054214152512060e+01
1.595019950158856226e+01
1.415667464451828117e+01
1.093713051343973675e+01
7.943296722721499670e+00
1.576337832086961654e+01
1.677083930568298342e+01
1.606526002597161096e+01
1.550729541136579215e+01
1.511324810108993688e+01
1.547033416354410207e+01
1.633131443237823177e+01
1.735636769247232891e+01
1.796524613396362113e+01
1.808480881635337667e+01
1.737842394730524376e+01
1.408511624519657879e+01
1.328449958518291929e+01
1.425607172329373640e+01
1.500019607178807846e+01
1.496162008397338106e+01
1.497037097412600914e+01
1.667616755930004047e+01
1.719700997020564515e+01
1.680778255215431471e+01
1.625532381888389821e+01
1.465806899933439489e+01
1.415551130655108381e+01
1.441279874561852914e+01
1.516974003912559255e+01
1.653453600851385374e+01
1.732600742477544742e+01
1.752645583779654359e+01
1.736730420207739911e+01
1.722251435129112807e+01
1.517750649361584969e+01
1.101817473248597068e+01
9.177947130059777692e+00
6.280197418080639693e+00
7.999570249811821299e+00
1.080347460467884524e+01
1.038602033610045616e+01
1.093241512262675919e+01
1.165754172330411897e+01
1.189658381522264996e+01
1.162381585264516382e+01
9.630484348818177054e+00
9.910207619648492283e+00
9.892734682269498592e+00
8.927804557439635857e+00
8.588276077397392072e+00
1.005459101941014488e+01
1.241583179796923275e+01
1.423433263019762052e+01
1.412925885710080998e+01
1.241233329113819472e+01
1.122073959603421933e+01
1.233742705743437895e+01
1.446243746680797848e+01
1.363681932561967614e+01
1.218935246017799479e+01
1.277600313656198594e+01
1.253730690015933469e+01
1.150038950555243744e+01
1.208819024674960474e+01
1.243616099864198965e+01
1.065837373208965921e+01
1.101534144504284107e+01
1.086186199096236038e+01
7.691647153548176519e+00
7.746456939013108389e+00
8.957982883245509953e+00
1.018886521630355979e+01
1.082973593699914971e+01
1.122694823725038482e+01
1.248082022663561830e+01
1.009597231529663297e+01
9.384824590495195906e+00
1.029792093750742410e+01
1.167646773152681661e+01
1.104228496587656672e+01
9.732232078094847694e+00
1.181488404842589368e+01
1.314852468793751683e+01
1.111404404932905621e+01
1.250592974563686433e+01
1.426955370676518164e+01
1.371905488034293619e+01
1.464518156404307092e+01
1.602364559080782414e+01
1.579135357392206984e+01
1.460788199976015633e+01
1.339983972500713350e+01
1.173698447867405825e+01
1.045368188693799993e+01
1.036745735770439403e+01
1.094694718737317629e+01
1.226469477230667948e+01
1.147280379144207529e+01
9.450904544404828300e+00
9.479588985932597467e+00
1.042320983276572655e+01
1.181641134751747302e+01
1.237036631018386856e+01
1.237151845800875094e+01
1.061916399492399243e+01
7.558968547494179901e+00
7.185502310935376613e+00
8.066110264418357545e+00
8.804568758376266402e+00
9.410929030135509521e+00
1.060208661653603279e+01
8.890520231119818817e+00
6.674837461532052707e+00
7.032097778842451241e+00
6.022864458982376767e+00
5.074688528398506371e+00
5.585295298426332877e+00
6.858386170076422594e+00
8.637307426267266663e+00
9.513287137358320322e+00
1.065444751354539576e+01
1.008417673223638289e+01
8.341649741704065590e+00
9.033157829349082846e+00
9.618103528286223280e+00
1.028525940294544583e+01
1.275575065003018693e+01
1.465320497279815015e+01
1.432417736710891099e+01
1.359899016897574597e+01
1.427200865680729436e+01
1.427165677865447257e+01
1.368778633908543263e+01
1.331368254305972343e+01
1.271359736587277034e+01
1.140203482650604982e+01
1.026581114178287457e+01
9.194086409113772618e+00
9.990627899578974791e+00
1.101914398708937348e+01
1.174995176048021150e+01
1.283503954154389426e+01
1.266135604062374753e+01
1.148800858294439742e+01
1.087883069071076569e+01
1.023653402712568550e+01
1.132391749565156225e+01
1.151927490306721147e+01
1.030523563759840755e+01
6.646284996994904937e+00
