-1.357665260515217831e+01
-1.440876119875623296e+01
-1.503457246089536703e+01
-1.602671271007319476e+01
-1.588074200537474390e+01
-1.582111559381800170e+01
-1.577217012439311716e+01
-1.528420761131528849e+01
-1.391063076255797348e+01
-1.220455142818765282e+01
-1.141432345096779244e+01
-1.113914158348949535e+01
-1.119472004540588550e+01
-1.192010396270535821e+01
-1.269633850334232150e+01
-1.354141389453960009e+01
-1.238450260893497479e+01
-1.091058931106154972e+01
-9.937689387358764392e+00
-9.036982171460438806e+00
-8.322354827497406404e+00
-6.792031438022283929e+00
-7.544791339668988961e+00
-8.593196863893734161e+00
-9.871195708238914790e+00
-1.111103708563670978e+01
-9.989073658685109436e+00
-8.453165627282183792e+00
-8.307852077981225491e+00
-8.688584080782398189e+00
-9.267752081741660319e+00
-8.850438101679586111e+00
-7.844772471333551600e+00
-9.916063707847888153e+00
-1.163724602570604105e+01
-9.254647031441795235e+00
-6.188243109215042281e+00
-5.777326729028935404e+00
-5.840966943490898622e+00
-6.915109616729946396e+00
-8.012247039688968897e+00
-8.054016775120798499e+00
-7.179074761932042748e+00
-5.560755949877314031e+00
-2.925529623593583928e+00
-4.691425315395938433e+00
-7.591407970522213944e+00
-8.070125219991920673e+00
-6.418608659612353051e+00
-6.614666671315295510e+00
-7.263346235306584298e+00
-6.869372353319493030e+00
-6.641970263490506454e+00
-5.234637524028896038e+00
-6.218717346663994228e+00
-5.501404290704884126e+00
-2.006456533417473320e+00
-1.690303999699418025e+00
-3.885127792715139528e+00
-6.181157281494929379e+00
-6.498707822256214683e+00
-6.678403676578004600e+00
-8.223699814591107327e+00
-6.621991509606528936e+00
-3.029189470689532815e+00
-2.665790190868952081e+00
-5.425941383218692238e+00
-8.030304301644914489e+00
-7.135092407485387866e+00
-5.076154696713746972e+00
-4.386400474473416189e+00
-6.342379034238157409e+00
-9.605912114324887341e+00
-1.077121325524502637e+01
-9.152097989818011925e+00
-5.499833574582018159e+00
-2.689778507773846972e+00
-3.530174625938946154e+00
-3.418245391401501188e+00
-2.674793596478202584e+00
-3.841652351980191504e+00
-6.750551596973087598e+00
-7.385966266031571692e+00
-6.869893413346883193e+00
-8.591867617475271501e+00
-9.477758484073921963e+00
-8.170093981151559603e+00
-6.980044499511022238e+00
-6.157544891463411219e+00
-5.890181994780363972e+00
-7.792063533463251090e+00
-7.768232906279036953e+00
-8.310006223334969633e+00
-1.049827285270630028e+01
-1.094373918843344029e+01
-1.138557676109550165e+01
-1.110393198607848575e+01
-1.008535029967740648e+01
-1.007970545617058811e+01
-1.181067872702072918e+01
-1.327663445330081160e+01
-1.279289255501749345e+01
-1.188865883891150332e+01
-1.035673853731294791e+01
-8.904960525419046036e+00
-1.056046665063567858e+01
-1.120550848722487558e+01
-8.638726391479647049e+00
-7.598847696942709895e+00
-5.948142351098928415e+00
-6.606894212041397374e+00
-7.019728153172679619e+00
-7.049337132957685270e+00
-6.765172302115457725e+00
-7.291640086181783609e+00
-6.405556906286432373e+00
-6.736472851760987091e+00
-1.026003687644344176e+01
-1.264454594815484789e+01
-1.282621676255820731e+01
-1.041923984049162222e+01
-1.012732563541537800e+01
-9.895953605557270549e+00
-9.213311210770344317e+00
-8.383663583400695174e+00
-8.654889221622847018e+00
-9.434640415965892757e+00
-8.363692645976799511e+00
-8.204322355677039269e+00
-1.038278156523180584e+01
-8.914948700270036497e+00
-8.954306917587230075e+00
-9.160241331132446874e+00
-6.801323974341300982e+00
-7.200017026341071436e+00
-8.201730349999429848e+00
-9.400331851755469259e+00
-9.592392275671915769e+00
-9.393060728736569942e+00
-8.806723767966818883e+00
-1.073421850263547483e+01
-1.313201766428239026e+01
-1.410898512652499370e+01
-1.438437905464792266e+01
-1.347087621286324577e+01
-1.303848115594820456e+01
-1.276055781010910728e+01
-1.117877307705392731e+01
-1.184874999283094432e+01
-1.174620157795593833e+01
-1.038334230915353373e+01
-1.168071521147412284e+01
-1.275612154566394452e+01
-1.395820142118906126e+01
-1.422610254380015427e+01
-1.476833225754895196e+01
-1.530680005489556272e+01
-1.567463255045392856e+01
-1.565371957775633582e+01
-1.316341754099456729e+01
-1.047883849871863404e+01
-1.257978408604367893e+01
-1.431908685331358733e+01
-1.408049665428671382e+01
-1.401585596233736908e+01
-1.252273534631381224e+01
-1.244541699434818582e+01
-1.225431177703507934e+01
-9.935658351635707319e+00
-1.177034652687139982e+01
-1.204796327729282268e+01
-1.103631801483904873e+01
-1.334893451095373251e+01
-1.376125429571721526e+01
-1.230344755072834850e+01
-9.106570888668620967e+00
-9.790755822330229563e+00
-1.350497937800404635e+01
-1.539049620995712608e+01
-1.617864044187985328e+01
-1.600399565415339964e+01
-1.624355457511946454e+01
-1.491514568205133884e+01
-1.208393534538309844e+01
-8.968780724789153780e+00
-6.612483359656343040e+00
-8.537640572260185579e+00
-9.901532006752759685e+00
-8.359852802862723919e+00
-8.576440760157414189e+00
-1.038773947806304143e+01
-1.212149625596926228e+01
-1.138338794090859629e+01
-9.154918109849253582e+00
-8.998290661729663853e+00
-1.030974753856328618e+01
-1.397203627247417046e+01
-1.263100361296467966e+01
-6.589668096100586681e+00
-8.803817481179400772e+00
-1.302376144306832195e+01
-1.342463840095205718e+01
-1.188586809408321265e+01
-9.710226914992535541e+00
-9.839641782616649124e+00
-1.125094655019621825e+01
-1.176751668902164560e+01
-1.206773291024834549e+01
-1.169810637714508950e+01
-8.273975454947185781e+00
-6.328186226744661802e+00
-8.994411939861723937e+00
-1.307370729602774695e+01
-1.360468594882607007e+01
-1.016159098750695478e+01
-6.310611122986695243e+00
-8.430413234966819047e+00
-9.012601440773233108e+00
-7.483949251010299619e+00
-7.591185604768194040e+00
-7.051862135123239561e+00
-8.523259628177282110e+00
-8.437386060112967101e+00
-5.005997761638325549e+00
-7.117779733588842639e+00
-8.918772179388321675e+00
-8.839324181574932382e+00
-7.560391565625756094e+00
-6.058741298361473682e+00
-7.646179703687924878e+00
-8.712745781476774809e+00
-1.077152192505613826e+01
-1.141208032988268961e+01
-7.379894341807181846e+00
-4.144397776710395220e+00
1.613600908544933765e-01
5.897055173061086286e+00
7.683426530473586702e+00
7.052950017881328471e+00
4.545334396312588510e+00
1.448978328507210644e+00
-1.066067521657107164e+00
-2.796588893676693832e+00
-5.033459719768516472e+00
-6.760913078901490181e+00
-9.111266137121285524e+00
-1.165503448021032717e+01
-1.189819884472110800e+01
-1.026624538999482183e+01
-9.616853234902684733e+00
-1.001566974013361744e+01
-9.918387253517639834e+00
-7.908600737831951832e+00
-8.571597032120157778e+00
-1.074011976111136235e+01
-1.214410306025835773e+01
-1.504143588561184686e+01
-1.469832922559803201e+01
-1.519248836180627293e+01
-1.628623367538994771e+01
-1.377051645376334577e+01
-1.282510361196564297e+01
-1.277348864797157901e+01
-1.087193956639339198e+01
-9.485630083449692052e+00
-8.903924452228988429e+00
-6.561967917462993682e+00
-7.424740779825566683e+00
-9.448205518410267345e+00
-7.488512820689014582e+00
-4.878641159788672965e+00
-8.151653559664882032e-01
-4.592472296404935150e+00
-9.661555016948280894e+00
-8.769449114730294426e+00
-1.018842571051167312e+01
-1.260706484992935295e+01
-1.063463754033262454e+01
-9.398383118980817130e+00
-9.115069170307725344e+00
-1.070471215181580327e+01
-1.269342379871725157e+01
-1.401825000767833096e+01
-1.399215451868225557e+01
-1.390119772780388807e+01
-1.555072189469156996e+01
-1.460236099335008930e+01
-1.310127241590025804e+01
-1.536080446447305725e+01
-1.477649040637424704e+01
-1.181222303771395765e+01
-1.147421821267192676e+01
-1.261145651721713890e+01
-1.286661664782378978e+01
-1.325469396616343509e+01
-1.207491796864966282e+01
-1.132179423495323256e+01
-1.000151749694291503e+01
-1.070136370927387937e+01
-1.118839757241334709e+01
-9.325924132541011602e+00
-1.040467712422921132e+01
-1.160881540982677684e+01
-1.045498502925947548e+01
-1.210288491943294176e+01
-1.353420969171180133e+01
-1.184143932536236932e+01
-8.656332125108361808e+00
-6.032157769664214797e+00
-4.218992043882590970e+00
-4.122843739076094138e+00
-6.177967866545544418e+00
-4.625503700462483714e+00
-2.117655750385094571e+00
-5.494646590859546542e+00
-7.806832240873021966e+00
-8.797487258571226931e+00
-9.801373314033487105e+00
-7.410966619191680316e+00
-3.980528949627907487e+00
-2.398307945177097888e+00
-1.877310855207440898e+00
-2.734979628139330821e+00
-4.085962192084431344e+00
-5.248354023839690186e+00
-5.277271743499224677e+00
-4.860224604679110882e+00
-5.844326514311638299e+00
-7.974727975040484473e+00
-8.918345783017823436e+00
-8.679896868836959101e+00
-4.159208537100498759e+00
1.936538155682419715e+00
2.288816227459794739e+00
7.481856144629367433e-02
-2.416618070341341462e-01
2.722445089884811598e+00
4.578255554767808100e+00
5.212830018937665288e-01
-3.641904680713832665e+00
-5.589272690873158922e+00
-6.446035756621278701e+00
-6.509174481633644760e+00
-6.243413225661489818e+00
-2.940726117911538484e+00
5.175507100061073340e-02
3.085446050220437275e-01
-8.836239883176539855e-01
-1.610252030679018453e+00
-1.602449816930287652e+00
-2.480312834141216616e+00
4.300160661041239063e-01
9.900118518414665614e-01
-2.120039167963652549e+00
2.444183441334909279e+00
2.892749911780269301e+00
1.606616776070093788e+00
-6.522520951960396329e-03
-6.406420432619253091e-01
4.326458893783231563e-01
-1.689118157757518723e+00
-3.782457032136313124e+00
-5.029661633720755809e+00
-3.148252677766327778e+00
-3.839338797414954207e+00
-3.456173964416687561e+00
1.290867477457537049e+00
4.931784956737217396e-01
-4.684465310592107912e+00
-5.673251133354180631e+00
-5.126144476393188043e+00
-6.177556618367328944e+00
-7.168739426175373630e+00
-6.642509176113902569e+00
-1.125362305867722768e+01
-1.449992828375035714e+01
-1.449926739986107194e+01
-1.311321243593421748e+01
-1.220737781212425332e+01
-1.486991865593761020e+01
-1.657902298636254912e+01
-1.512201541400730243e+01
-1.234281916142739988e+01
-9.679812298617056499e+00
-8.448164490498760060e+00
-8.255729524233373695e+00
-7.292100369515219782e+00
-7.817195184957703269e+00
-9.957382656695605405e+00
-9.098333554855344119e+00
-9.314633869996416848e+00
-1.185288374178371384e+01
-1.117726963739042922e+01
-6.749421177649784553e+00
-4.129574818909305556e+00
-3.976121556320968864e+00
-4.733194032966005160e+00
-1.568690671965536243e+00
1.824837466564173782e+00
2.448828167110637555e+00
3.990817431064739296e+00
6.452357384918324001e+00
5.760351535475892071e+00
3.217239408998591177e-01
-5.115721214005899853e+00
-2.550038549402722676e+00
2.289430941451536139e+00
2.448335820169958765e+00
2.638408245784492845e+00
1.306999263741631445e+00
-1.212335658235902836e+00
-2.905636488839379084e+00
-2.231260762353559635e+00
3.161226388697487288e-01
-4.623957348032546877e-01
-3.570373488596806588e+00
-5.325700319561441631e+00
-3.653578652566143781e+00
5.081178098310643598e-01
5.415488207203542625e-01
-1.331884467044913922e+00
2.212777904365356013e-03
-1.976449880683656346e+00
-5.583954155344056147e+00
-7.479235648695676808e+00
-7.678783834094575766e+00
-9.570711700606002736e+00
-1.184436658553065946e+01
-1.180274798311729256e+01
-1.100551185706375179e+01
-9.953749432669226849e+00
-9.010852386524820901e+00
-9.538206956062110109e+00
-1.092092353661693238e+01
-1.340267640623681800e+01
-1.492299337786078617e+01
-1.457334784338778810e+01
-1.178624377141005652e+01
-1.003785017360816667e+01
-7.412798538352581623e+00
-3.570992781587103870e+00
-4.043884178795076778e+00
-6.459906512794655775e+00
-6.801990089003883355e+00
-8.855233393672508058e+00
-8.308109248485639142e+00
-4.821811518416699194e+00
-3.060946496114096416e+00
-5.748235850000900093e+00
-9.110341324564286580e+00
-7.708990239864913718e+00
-5.344650654837018955e+00
-2.765935148023736634e+00
-2.754207774499480621e+00
-6.632954832288133318e+00
-7.312434150874956629e+00
-6.314934296160967797e+00
-4.194847672743162725e+00
-1.403960919290278206e-02
6.782941212498833083e-01
-1.131304280352661840e+00
-4.200252639782817710e+00
-8.648270480601473409e+00
-1.189909273750765628e+01
-1.479747607475153970e+01
-1.463631295650115938e+01
-1.411713312732106473e+01
-1.630703454217227133e+01
-1.643654027641412796e+01
-1.600729295017522347e+01
-1.611732633454070296e+01
-1.486460934944214607e+01
-1.363235166104209029e+01
-1.248812565193146185e+01
-1.022232774358684004e+01
-9.461899750523949493e+00
-9.330916579677383638e+00
-5.728658235272668264e+00
-8.156193603221899124e+00
-1.095148286895018686e+01
-9.172898892520397141e+00
-5.991018532772497629e+00
-7.161674715415168535e+00
-9.443409452638526602e+00
-9.874666555801209000e+00
-8.756061622080100193e+00
-7.337373326207900170e+00
-8.023451231095656055e+00
-6.036240474081840723e+00
-5.520192037730520696e+00
-9.131498927244972919e+00
-8.885578066668800901e+00
-4.668495350061235172e+00
-6.287861641625099196e+00
-8.579528353286285380e+00
-9.519829415536928963e+00
-1.110818111749398263e+01
-1.256824869814952450e+01
-1.032620123422741010e+01
-1.011200164741948626e+01
-1.124852446218671354e+01
-9.186768183820895217e+00
-7.427061931742598766e+00
-7.185505193246305211e+00
-7.945658880183324335e+00
-7.558576221237632176e+00
-4.167548324610106825e+00
-1.476098891529564527e+00
-1.046254175941033759e+00
-2.202741214450553375e+00
-5.154996831512549171e+00
-9.816318404828219712e+00
-1.114853291558195814e+01
-9.814166198062997282e+00
-7.390408740894052642e+00
-6.026164334354464636e+00
-6.692611188304979919e+00
-5.811756017110766948e+00
-3.098951413167843949e+00
-2.298990090835522970e+00
-2.403606272446634051e+00
-6.090641140276095378e+00
-9.014897044836256867e+00
-9.892684399958778130e+00
-1.223944724437505194e+01
-1.208874083479143735e+01
-1.228011328920446310e+01
-1.238947789839132518e+01
-1.343390762056222520e+01
-1.436496633731757022e+01
-1.423149196835561270e+01
-1.273874089429994250e+01
-9.838715550560024781e+00
-9.662422455005264865e+00
-8.795118711971957381e+00
-6.671604042463865625e+00
-7.790618565473787172e+00
-1.052995233674236886e+01
-9.369743720324697378e+00
-9.426593847130694925e+00
-9.456208196031584023e+00
-7.668037879201859752e+00
-8.891149953031154851e+00
-9.563106076176207893e+00
-1.011564037714337871e+01
-1.111392668017428775e+01
-1.257475547323955567e+01
-1.377928027748287043e+01
-1.343566743538518971e+01
-1.115100386964497226e+01
-1.164078718052244987e+01
-1.354516685987500857e+01
-1.384887301214023303e+01
-1.483388161147204265e+01
-1.566090343169002885e+01
-1.544596021010724662e+01
-1.468047671312282176e+01
-1.533516945333932568e+01
-1.615631849509956908e+01
-1.604514552347341194e+01
-1.555802970943339680e+01
-1.468915039214765095e+01
-1.573938880825153852e+01
-1.668816431977144887e+01
-1.578798998461291347e+01
-1.418734933025281464e+01
-1.378768232605289690e+01
-1.500060449414945829e+01
-1.417987443245011114e+01
-1.280218467680516881e+01
-1.378996631570053921e+01
-1.428280901963719351e+01
-1.419016419798855999e+01
-1.476965330539101018e+01
-1.555793833827552675e+01
-1.558208963459567364e+01
-1.527804857244577441e+01
-1.353533584615706253e+01
-1.056743322508667049e+01
-1.126329174322982674e+01
-1.262488091625314013e+01
-1.251237607689951936e+01
-1.160446295745502532e+01
-1.104421453521787200e+01
-1.005100362070820452e+01
-9.294091864121151403e+00
-1.021185527798559356e+01
-1.210214155535165581e+01
-1.238736724606142658e+01
-1.095673408644196911e+01
-1.223647337283925651e+01
-1.355524010286974068e+01
-1.445445376295385920e+01
-1.522902416738427256e+01
-1.514130811010101851e+01
-1.526101525660465441e+01
-1.467939097207230859e+01
-1.410694013395268520e+01
-1.421279591393525088e+01
-1.404755807431914505e+01
-1.278649441056920999e+01
-1.428771371489338193e+01
-1.466691806067476556e+01
-1.155515028377148035e+01
-8.172668003359710553e+00
-5.504624821818968172e+00
-5.897143634871508944e+00
-7.503443020383428141e+00
-9.799543591720286884e+00
-9.819067175264610370e+00
-8.067862377920464567e+00
-9.958107396626017405e+00
-1.266463292857751277e+01
-1.346623338288527272e+01
-1.522541196946103703e+01
-1.590239569759831184e+01
-1.566196696954495415e+01
-1.631058658403773975e+01
-1.621243903940317210e+01
-1.583305385646803387e+01
-1.660420360851908583e+01
-1.691918064917154396e+01
-1.629065320802885353e+01
-1.540505048762504181e+01
-1.668103301014836148e+01
-1.721192106108383513e+01
-1.729430715065261737e+01
-1.727701402199441461e+01
-1.703768854508043518e+01
-1.720086546030111663e+01
-1.746379028195190131e+01
-1.742809164697264279e+01
-1.666453122941458886e+01
-1.559938891065484157e+01
-1.510795725847748017e+01
-1.531022515232401382e+01
-1.503874998584085709e+01
-1.571940581178942864e+01
-1.645935673072086303e+01
-1.571543761155064267e+01
-1.424727927027299934e+01
-1.314105068392687059e+01
-1.215921179028548238e+01
-1.135929102978828453e+01
-1.030139641691539509e+01
-8.683368501312944687e+00
-6.282557799713268665e+00
-4.622040760531187509e+00
-6.135811537580162955e+00
-9.922399413958146397e+00
-1.079227730350117831e+01
-8.081375112692915863e+00
-6.462861464012069845e+00
-8.177850193109046373e+00
-1.015044798352173672e+01
-9.098507283909786025e+00
-9.728615220075161218e+00
-1.238229348245262429e+01
-1.225776218417121122e+01
-1.238511843427482795e+01
-1.378003849460568198e+01
-1.476823128221523085e+01
-1.575366742838333778e+01
-1.643260781876402632e+01
-1.726364394068284724e+01
-1.742571722349342167e+01
-1.731810666097362983e+01
-1.648398020919595552e+01
-1.718576004408759417e+01
-1.662160579819756379e+01
-1.585457612396429639e+01
-1.630568625311643416e+01
-1.702577003159134250e+01
-1.732413021096718708e+01
-1.714113891670199763e+01
-1.642127952203354013e+01
-1.555047756052550412e+01
-1.508178042635039162e+01
-1.453007628019440034e+01
-1.544710166010759345e+01
-1.628045014330938045e+01
-1.568295330229766016e+01
-1.381597880908005571e+01
-1.544280329314116074e+01
-1.665585908881644173e+01
-1.576096134347760724e+01
-1.549203987952001249e+01
-1.642648988973212454e+01
-1.684688742275529805e+01
-1.629355867000086278e+01
-1.529936996762752877e+01
-1.525862934773785184e+01
-1.522053668701878060e+01
-1.351021268037569278e+01
-1.313042687476180781e+01
-1.513758364592453098e+01
-1.566446783128895603e+01
-1.376101159620533387e+01
-1.518372467375248469e+01
-1.664333804091761237e+01
-1.646667860371203318e+01
-1.464938750964655512e+01
-1.442564754974997321e+01
-1.551772890375228009e+01
-1.669367337269233786e+01
-1.713725061191732379e+01
-1.687466076172547602e+01
-1.703803975869016796e+01
-1.705308946102790557e+01
-1.712988626597682185e+01
-1.739097803604486003e+01
-1.676414848914092914e+01
-1.512336575992391197e+01
-1.400920910130616726e+01
-1.422679814338830973e+01
-1.450480410810961907e+01
-1.444852131921993710e+01
-1.481038303820017710e+01
-1.648095241455834525e+01
-1.712436694590641295e+01
-1.705077911170517524e+01
-1.600680128328583862e+01
-1.257592374368944199e+01
-1.239317442169992844e+01
-1.444493417976437755e+01
-1.538180946481058342e+01
-1.646889697073126868e+01
-1.693661125591179584e+01
-1.616426734636500484e+01
-1.620244353650993219e+01
-1.712263492620314409e+01
-1.669066904006785634e+01
-1.560751798273363633e+01
-1.500728812929301270e+01
-1.303332031705801874e+01
-1.232396474981138290e+01
-1.073177571202492686e+01
-7.272270037582055480e+00
-6.256379279841389973e+00
-6.809005836756930385e+00
-7.541405050366959628e+00
-7.235166307458436918e+00
-8.551149120251354319e+00
-8.581285642685871906e+00
-9.158551681150605361e+00
-1.069638596812089659e+01
-9.960757442463187061e+00
-7.728173213612953951e+00
-7.542674158189734968e+00
-8.630483170881381838e+00
-9.870165905769356485e+00
-1.128830896409469453e+01
-1.265490728534447307e+01
-1.284821022344746666e+01
-1.255979903745874360e+01
-1.409032128538035167e+01
-1.548510359561837113e+01
-1.532443613972299623e+01
-1.422489577505371194e+01
-1.224957316399796525e+01
-1.065922657503643300e+01
-1.109335923760573550e+01
-1.265361718929541013e+01
-1.345756065013079628e+01
-1.169530707286072690e+01
-1.017135705170605853e+01
-1.150904122242306471e+01
-1.111662583591348330e+01
-1.092189581925145170e+01
-9.571209381616611722e+00
-8.332751622013619297e+00
-8.144827117121156590e+00
-9.129434152510867762e+00
-9.741644113957251605e+00
-1.249708725424413558e+01
-1.524120102008836675e+01
-1.554525955713153884e+01
-1.469168127721493988e+01
-1.370420271475204643e+01
-1.361574002803969208e+01
-1.332243675197111799e+01
-1.324999038743043300e+01
-1.252894141093820046e+01
-1.139620477725509495e+01
-1.144256549969568582e+01
-1.054014716837581034e+01
-8.723932087711006034e+00
-6.730351067153506506e+00
-6.700721561213106803e+00
-9.418207625143679707e+00
-1.163764842838368985e+01
-1.062982209167057768e+01
-9.541202587979487504e+00
-1.178240510403499819e+01
-1.238010897939105170e+01
-1.089740288393463530e+01
-1.171094888013755231e+01
-1.375887883780489140e+01
-1.544513511458462496e+01
-1.619388379306561276e+01
-1.639159318221659944e+01
-1.568669008859310843e+01
-1.605485476408944834e+01
-1.625085379374184669e+01
-1.411918678746359213e+01
-1.153376748424401299e+01
-1.363877888252817705e+01
-1.470041203762897020e+01
-1.399697315105017204e+01
-1.402900865047623569e+01
-1.433385170720906920e+01
-1.445524562552159686e+01
-1.415605273835811140e+01
-1.365703481688036547e+01
-1.517156021000451993e+01
-1.531101243933530043e+01
-1.339100395708830327e+01
-1.428487070609818232e+01
-1.669828415368234431e+01
-1.652018758052599523e+01
-1.537906298469702371e+01
-1.565013107834502470e+01
-1.526371429438164462e+01
-1.331084910342437944e+01
-1.265566638321972448e+01
-1.151791117618904181e+01
-1.230313601486191821e+01
-1.256243871402253554e+01
-1.135151308768467970e+01
-1.189865512122031888e+01
-1.277075618342579055e+01
-1.113760239166101584e+01
-9.606638340441552515e+00
-1.051886992193676029e+01
-1.093552333490939432e+01
-1.149516287766095068e+01
-1.347991516409271284e+01
-1.267778284368811725e+01
-1.108180851825387414e+01
-1.261156204175673956e+01
-1.187074155652841156e+01
-1.104946092547779024e+01
-1.387364823257427027e+01
-1.578571352517215232e+01
-1.647448089056697285e+01
-1.517114411083977288e+01
-1.220662398050146535e+01
-1.153759036384104419e+01
-1.205610423471408055e+01
-1.270395167520499413e+01
-1.333676913065244385e+01
-1.307198585960482795e+01
-1.150134608163969041e+01
-9.134713791808785288e+00
-7.144561367864813661e+00
-5.423492760250957723e+00
-5.110838761153378762e+00
-4.791987091298710588e+00
-6.732950044874661977e+00
-8.200369125924288127e+00
-8.306593486846940877e+00
-9.448252191352263907e+00
-7.626325179717108327e+00
-5.805331080003533373e+00
-9.566761132274731239e+00
-1.193095826031604467e+01
-1.207569111919121063e+01
-1.122760876653111239e+01
-8.893331149736969365e+00
-9.916075652958230791e+00
-1.362958024917134559e+01
-1.456148319602596430e+01
-1.419781502982436194e+01
-1.345137347552705975e+01
-1.224667485377729825e+01
-9.852830989021308383e+00
-7.197060623929990797e+00
-5.969319940919946887e+00
-6.937336343551709916e+00
-8.162693726253909432e+00
-6.686833807299654708e+00
-8.463595139682874802e+00
-1.078745635058932173e+01
-1.040901591017098937e+01
-1.006767003780115743e+01
-1.110102174880293902e+01
-1.111490972303491453e+01
-9.044844899597393351e+00
-1.003050467020573144e+01
-1.248726852002393528e+01
-1.003033447945174927e+01
-7.150798660746279012e+00
-1.093650775263929376e+01
-1.386647396666066712e+01
-1.380693957511177850e+01
-1.428202798424871034e+01
-1.416113462776454845e+01
-1.509171094852577610e+01
-1.642118012993977771e+01
-1.408511373013830692e+01
-1.157250050878771042e+01
-1.095432835158926110e+01
-1.064863128302158302e+01
-1.037968762096181585e+01
-9.556347018869750798e+00
-6.953586347179507854e+00
-6.998494757727326210e+00
-9.370981927956917090e+00
-9.439293985515902818e+00
-7.025444905847905375e+00
-7.567322994182100970e+00
-1.204253474159695614e+01
-1.089839808855886893e+01
-7.031928341947861760e+00
-7.556204939379405516e+00
-9.268403088838804038e+00
-5.053981708694990971e+00
4.850204711860405665e-02
3.391050637411968660e-01
-3.967987415642317384e+00
-6.241285558522602805e+00
-5.292099324693027462e+00
-3.825950138499962350e+00
-4.634669679616290949e+00
-6.703891664550779339e+00
-8.007583060669327679e+00
-9.803656085914088436e+00
-9.646026610006941837e+00
-7.168520249051812065e+00
-8.242947888707321979e+00
-9.394671140774081053e+00
-9.280734430437529880e+00
-1.120001066180478055e+01
-9.704840070755587078e+00
-3.967998472583487590e+00
-7.522165361100497938e-01
-3.173869304330576124e+00
-2.269986604184914825e+00
1.521696882473901447e+00
1.552081274806285327e+00
-5.618496139233222220e-01
4.788112457784132747e-01
2.948011714482772216e+00
-4.014821306995533523e-01
-9.867474521390636966e+00
-1.263761717356061709e+01
-1.389100673764264648e+01
-1.397386385259341957e+01
-1.342127229709926439e+01
-1.400587753188954032e+01
-1.246623744810287882e+01
-1.202792349353263290e+01
-1.546980187085614489e+01
-1.570955559668835022e+01
-1.036457417550680127e+01
-5.723497799159451560e+00
-6.606078530061537002e+00
-7.175400418779285694e+00
-7.677454967556235133e+00
-8.954736606066855842e+00
-7.995621115934302026e+00
-8.317596748856939115e+00
-1.045400976052821385e+01
-1.079353065351990715e+01
-8.634617336055963932e+00
-5.925360996492374355e+00
-6.804031901502151314e+00
-6.927606994843189980e+00
-5.580807627854508013e+00
-7.174200258566992616e+00
-8.417586116879563818e+00
-9.778325944824070248e+00
-6.838078150339506500e+00
-1.039041363503347748e+00
-1.243229191520980770e+00
-1.922615346895968802e+00
1.098163254224906904e+00
3.142562498611459532e+00
4.218876778845747078e-01
-2.814029606054479604e+00
-6.199077246797509710e-01
4.888725063119791159e+00
6.021499218470691694e+00
3.878287241964865295e+00
8.713631842434674812e-01
-3.300897747009612804e+00
-4.821111755938360055e+00
-5.051190509279378738e+00
-4.946254897837675024e+00
-6.675658556058311710e+00
-6.966385215842096912e+00
-5.214004697116974008e+00
-7.643107933414058586e+00
-8.926679728313345663e+00
-6.018702935737975324e+00
-1.039558244533947962e+00
-3.609892500896110690e+00
-7.090617353178586768e+00
-4.214719131961105703e+00
-3.671519724682165808e+00
-5.575440180423239411e+00
-5.104666567720318682e+00
-3.384148593221741663e+00
-2.905700931196898651e+00
-5.796706177776556501e+00
-7.507934215073703399e+00
-6.510446879982443313e+00
-4.647156227448559385e+00
-5.238288318166673285e+00
-8.389578519724757655e+00
-8.942103861618543093e+00
-5.773748723050942111e+00
-5.581427506937819416e+00
-6.885902939341834283e+00
-6.992412406747325448e+00
-8.798118712945605324e+00
-9.218524870538937321e+00
-8.809818762913939949e+00
-8.849933218259339540e+00
-5.788853936585550031e+00
-7.225907461187819791e+00
-7.495663733133089757e+00
-3.510306518892083893e+00
-1.375672675504064246e+00
-1.224738659169729127e+00
1.497107985277520870e+00
2.745506098789453731e+00
5.244996829039231256e-01
2.341624781029055136e+00
5.067295938365004915e+00
4.133275821185898202e+00
3.298176922990876392e+00
1.026683922582864117e+00
-3.134552281575724741e+00
8.078040255055347618e-01
3.706444428389652934e+00
3.414998438406855907e+00
5.733343049570044592e+00
6.387647833081222082e+00
2.308223515465307685e+00
5.284106578861051950e-01
1.502966076574351106e+00
-6.305790896110020638e-01
-3.549140927841007098e+00
-8.799191177286083132e+00
-9.492853002918268501e+00
-7.723072090928987166e+00
-8.155176561124585888e+00
-7.621753065811843086e+00
-7.899866238598677093e+00
-8.606214643211945514e+00
-9.749128021830918200e+00
-1.065428979150845024e+01
-9.917161944761270220e+00
-8.434127227966335738e+00
-5.746500502167727120e+00
-2.349114477858576855e+00
-6.653908123488367909e-01
-4.262930396071406669e+00
-8.136438006499059128e+00
-5.473035008482796115e+00
-2.632419575114111954e+00
-2.749148620874679594e+00
-2.943281930834549254e+00
-7.557381693978032722e+00
-1.167370368773515210e+01
-1.201669036278997638e+01
-1.157441907586359520e+01
-1.054855017722929134e+01
-8.657661037340307786e+00
-8.441704001134587187e+00
-8.643947725089160983e+00
-9.980862775669956832e+00
-1.172472091910489844e+01
-1.061888896994543607e+01
-1.008038662372248595e+01
-8.771625728364602637e+00
-6.612681177575688629e+00
-5.024393740160461697e+00
-3.608170066498071371e+00
-6.006646713007806504e+00
-8.719712543495978352e+00
-9.852502064109557978e+00
-9.214546954873883422e+00
-6.973592595864091415e+00
-6.614225729559642275e+00
-5.378927173513029736e+00
-6.132405121305763096e+00
-8.081983859314576080e+00
-6.670804531271974369e+00
-3.681458056822156433e+00
-8.264107441671684207e-01
1.067386354289480421e-01
-2.222461860286621071e+00
-9.741791723950930404e+00
-1.416206026088939218e+01
-1.500455020207913925e+01
-1.485162749276544147e+01
-1.405621235021355986e+01
-1.163432764695417276e+01
-1.121094153325751108e+01
-1.121694182641486925e+01
-9.920540535147905459e+00
-8.263986379184956377e+00
-5.146516757705740908e+00
-1.091167566328282934e+00
2.990336815717145935e+00
3.726191570997940072e+00
-5.431645234110817899e-01
-2.621564019029094972e+00
1.506895931166700453e-01
3.324925246297034676e+00
8.452613946734925665e-02
-3.432195366850077534e+00
-3.659299019988888180e+00
-5.719524300368970415e+00
-8.875511744319966922e+00
-7.946579349114244906e+00
-6.966476861159243583e+00
-5.398502621201239471e+00
-3.843666942759405458e+00
-7.170834678655600314e+00
-1.039922916762597360e+01
-8.379121110750300971e+00
-2.163312893917140212e+00
2.410721490153129754e+00
5.567392750177994287e+00
7.976042654150037770e+00
4.935554473198072500e+00
2.135729576889880743e+00
5.068338195103050836e+00
3.708873111871316297e+00
2.371711240183250968e+00
1.620486467227739258e+00
-2.464682036855349256e+00
-3.886319763458763177e+00
-3.825669501572836140e+00
-5.631087354624565222e+00
-7.171036170892059580e+00
-5.231140417010896826e+00
-5.127487143527002189e+00
-5.157546501925936333e+00
-3.012613029317466259e-02
2.993262001491241442e+00
4.547229240849370413e+00
4.104872822289499013e+00
9.785811059454445626e-01
2.006887561062808523e+00
2.028929040523979932e+00
4.924172080805949925e+00
9.463503383675966774e+00
6.865289968083311933e+00
4.271049986286155509e+00
3.541453800762221160e+00
3.905454342650914068e+00
3.188538825414882982e+00
2.138221277307215118e+00
1.425692935179903031e+00
-1.041855673478507383e+00
-1.644897463304727747e+00
6.551033449070961523e-02
-1.694080349626677640e-01
1.904615958505772699e+00
4.193998103110003761e+00
3.703189453217780258e+00
3.191724023380077657e+00
3.967338769900656370e+00
2.363868432569147249e+00
-1.089993005055857500e+00
1.028142307981696479e+00
4.695071903435507288e+00
6.900979547260126523e+00
9.956348562158494175e+00
1.007175429937623790e+01
1.165201055131453245e+01
1.443396528375433086e+01
1.524063120833976548e+01
1.387865054774063189e+01
1.412347794808491841e+01
1.578388813961802661e+01
1.429957751633109453e+01
1.233368563619955971e+01
1.084908705542966345e+01
9.596848703820224813e+00
1.378583226142627538e+01
1.641847093486616771e+01
1.618432827343653102e+01
1.478687135053798585e+01
1.221416839375483576e+01
1.058826793033706259e+01
1.140377358131836694e+01
1.075878957180823292e+01
7.582936628321553130e+00
5.462818304630944866e+00
7.251777092369429134e+00
5.432805049020912769e+00
1.456236285450162871e-01
5.325741359576301459e-01
2.213789971087708697e+00
-1.683398341959126077e+00
-3.189842028684155117e+00
2.072114774612615395e+00
6.940075486696639651e+00
1.107749578213861064e+01
1.474639170831447821e+01
1.606146491197024417e+01
1.668684671651624640e+01
1.633105708082520025e+01
1.686628471187472300e+01
1.587505663063980421e+01
1.319115227792554279e+01
1.364686606920457734e+01
1.435980990880674035e+01
1.356129740216855772e+01
1.260297001007637974e+01
1.309799746876152504e+01
1.271757993793132435e+01
8.276350520546866818e+00
6.290975480407814402e+00
7.064663241976345986e+00
5.376764857127558805e+00
1.304532927420990474e+00
6.168696093434214767e+00
1.454951060821359121e+01
1.617546912024551631e+01
1.665971307943014423e+01
1.738403637970457538e+01
1.675130471051589609e+01
1.521681280934340208e+01
1.644560669704996769e+01
1.663363128015690151e+01
1.513038887175655667e+01
1.548726752020103525e+01
1.636775675759817972e+01
1.411010703647484732e+01
1.091719868320288001e+01
1.062736488902906373e+01
1.274995134176994327e+01
1.181854445983132074e+01
7.850656274836603110e+00
8.065417011785743995e+00
1.030578983743195387e+01
8.616193094088108850e+00
5.813638740917993708e+00
6.078263015402501246e+00
5.203246463976197944e+00
4.056764093761421996e+00
4.689547917424941481e+00
5.590440956903936609e+00
4.659313084187718168e+00
3.831435409486017463e+00
6.594212939444511257e+00
7.148218882162131749e+00
7.012820698180111556e+00
1.150046647581987003e+01
1.145753211553573792e+01
1.061026334555829109e+01
1.062498262917716652e+01
1.145893298910874414e+01
1.280036103593021579e+01
1.276909563431563654e+01
1.116135086168311474e+01
1.063304238508750110e+01
1.256071824170120266e+01
1.248335561114548575e+01
1.352013672001518607e+01
1.499985417167654056e+01
1.611766161291808785e+01
1.655148598869938326e+01
1.749428520418231869e+01
1.653259823819101015e+01
1.282069779891668837e+01
1.472871945644976499e+01
1.411428281774021443e+01
4.999987969413418831e+00
3.413540815666056827e-01
-2.675211113839449095e-01
-1.922141550078678707e+00
-1.928622416579734988e+00
1.039882729076820889e+00
1.265079757039483166e+00
4.300935762055148326e-02
-2.490855458901602759e+00
-4.329605426068426688e+00
2.115533446702071996e-01
3.569830158568525480e+00
1.060341373930830056e+00
-1.598125305214948666e+00
7.873282544450054266e-01
1.167434702149048542e+00
-5.035321326281334553e-01
1.965148084616645363e+00
6.126721052227775743e+00
7.747753254565648895e+00
7.929341981856829591e+00
1.007891357737738858e+01
9.673067933072410085e+00
5.910650093900367885e+00
5.917229287060250087e+00
8.282858356932784716e+00
9.608774229028673730e+00
7.128361023022484311e+00
8.517955389614073169e+00
1.049553814486149683e+01
6.941431148731285639e+00
5.848626817065196271e+00
6.252950899663867190e+00
3.478858499971789975e+00
-5.656933749361775510e-01
-1.608822837867813105e+00
-1.129915747343852361e+00
2.345163991106883478e-02
2.622665130626788965e+00
6.277264831185927818e+00
7.769159754458675238e+00
6.766304390003658575e+00
9.890071220595203272e+00
1.417844402334934273e+01
1.528582429784101393e+01
1.473110851546575617e+01
1.231494164845726580e+01
1.084450552114966193e+01
1.032875005215944242e+01
1.053109820797810947e+01
1.130751713406741210e+01
1.345525527199441918e+01
1.559058838746394215e+01
1.515262724985726095e+01
1.371749849680832689e+01
1.362150444345276945e+01
1.491066404858449346e+01
1.693935451004653459e+01
1.643354577783921755e+01
1.123896431735983548e+01
7.253747953796842118e+00
6.120214223142323107e+00
6.202911517406064945e+00
4.664514506421593154e+00
2.386372993000017040e+00
4.403791470889011350e+00
4.577359202734163190e+00
1.623139407317097493e+00
2.666695291442914423e-02
-6.363152865974383010e-01
-8.184049703879214821e-01
-2.518027724823041158e+00
-4.759792170589751237e+00
-4.522575527705451570e+00
-5.097884451830017039e-01
2.012849501183437528e+00
2.658247290076924951e+00
2.618153777734092191e+00
2.220216283113857436e+00
4.356098599982959563e+00
6.224373058028694672e+00
5.891038274894594196e+00
5.903569331061669700e+00
6.515770916948715019e+00
6.844571127938661625e+00
8.167722328992470082e+00
8.618329723178364432e+00
5.469131217938373979e+00
6.234621841680905163e+00
1.002285221846626406e+01
6.959205886424570942e+00
3.187305523259690077e+00
3.403925195658125347e+00
4.476600882853499108e+00
3.423535223472236044e+00
1.271933878903812820e+00
3.000740739104179600e+00
6.072847281625109339e+00
6.408924415337990510e+00
4.381151405094861673e+00
4.018458887458246309e+00
6.021730840198181944e+00
8.956561438187982560e+00
1.093882751472661674e+01
1.166884354963388226e+01
1.160160624452415412e+01
1.097576611687233594e+01
1.072218386040392524e+01
9.343135546474288233e+00
7.452424027574171106e+00
5.269449096495964824e+00
5.729301800169858794e+00
9.036028279623094406e+00
1.009706557135176297e+01
9.791531551800407129e+00
6.489326701786819918e+00
5.928345947861601850e+00
6.572721540755876113e+00
6.754011187905114788e+00
7.213019379341710113e+00
9.338963817483273644e+00
1.136392732813409268e+01
1.175941019465624571e+01
1.167074587464355773e+01
1.121228230434556572e+01
1.111755403394906061e+01
1.201262618282535044e+01
1.187937201060277914e+01
8.414638234218234203e+00
7.456840685909664757e+00
9.753037162358310752e+00
1.161346928235157527e+01
1.416276858386166992e+01
1.542953656891663172e+01
1.531963451623684058e+01
1.642948043056922458e+01
1.690250689727763600e+01
1.531412822749269687e+01
1.231868259808129729e+01
1.069299156766522074e+01
8.985900508177747881e+00
9.148267135322207366e+00
1.103396536922115168e+01
1.095574483748165306e+01
1.181165054027294126e+01
1.080266630755922463e+01
1.068244561412163840e+01
9.334412339249055890e+00
5.114683387320411612e+00
4.759822772955728531e+00
6.992607211783143484e+00
9.119927440427716192e+00
1.043960714567251635e+01
1.014415927152941244e+01
6.776311305857571021e+00
6.884299072220623650e+00
9.373858708315177424e+00
8.908043066587163494e+00
4.566449078008425921e+00
4.306447875853033125e+00
1.008014699585279672e+01
1.276517025292512564e+01
1.245739495744608050e+01
1.139037767537382884e+01
1.037685309802181521e+01
1.083253477412289456e+01
1.335971888961110743e+01
1.552527847203695366e+01
1.419042345138093886e+01
1.268212087921317810e+01
1.325059976735097855e+01
1.463033245815656613e+01
1.450408110754421109e+01
1.040519665244388747e+01
7.015862139693751942e+00
9.706272184038887474e+00
1.303854206027502372e+01
1.010736572943089939e+01
6.278208593188379538e+00
4.231375768914135804e+00
2.762648257963178366e+00
3.007183323726350554e+00
2.445360196043924184e+00
2.345681733553346415e+00
1.285974925357059595e+00
2.391841351991630393e+00
6.755452007480462484e+00
3.755333518188848529e+00
-1.468772383321566899e+00
3.742793399009761712e-01
6.906591888164906656e+00
1.252288311858412584e+01
1.222183103481447297e+01
1.076505825643316072e+01
1.301332543714029555e+01
1.252060117093809311e+01
1.312370408760583551e+01
1.382210395607330788e+01
1.177490303054217691e+01
1.109452574042995643e+01
1.461544010459059528e+01
1.426347781010989735e+01
1.485873700328927782e+01
1.753524167421219815e+01
1.769489642124641904e+01
1.588842501603207147e+01
1.381639988131840013e+01
1.343198936751806727e+01
1.353183452088910244e+01
1.462573429030239502e+01
1.684563094414799167e+01
1.725135207198873744e+01
1.832308344984469173e+01
1.981903782265290559e+01
2.008162138804251740e+01
1.936294490328627660e+01
1.847358583096776741e+01
1.729246900165091461e+01
1.489929186227188751e+01
1.615096320415739584e+01
1.771101283923296776e+01
1.634668357641800540e+01
1.676301654794416862e+01
1.656959853308859465e+01
1.570951747846211610e+01
1.680715378152835271e+01
1.578030298189004554e+01
1.610054779940626801e+01
1.888766485461109568e+01
1.965564900876678678e+01
1.972153105756100899e+01
1.916782353723520771e+01
1.906327826210979026e+01
2.006605529827318435e+01
1.985048706501130411e+01
1.902496476792583024e+01
1.862650085010925594e+01
1.735474280253160018e+01
1.880067297225200562e+01
1.996875445780553093e+01
2.031410360321804376e+01
1.988033439378530076e+01
1.972838480379409631e+01
2.017638171674810721e+01
1.970290983087619097e+01
1.839551980457724767e+01
1.743384681783261669e+01
1.760950616559697579e+01
1.925168864666211732e+01
2.009439673320175501e+01
2.071593512332876230e+01
2.065423994571906618e+01
1.928190638011892588e+01
1.873185687028248481e+01
1.853213244668696902e+01
1.758258114959560103e+01
1.787634994940813016e+01
1.906704491270208379e+01
1.985820698827160058e+01
2.025394461848027916e+01
2.055785063733663165e+01
2.013872398421100129e+01
1.869013591928548124e+01
1.852768389665907378e+01
1.872218033842394647e+01
1.910435135760676317e+01
1.921876343665657672e+01
2.008584029084261502e+01
2.001428204268040645e+01
1.876478215202925526e+01
1.856650117870955441e+01
1.862527058393776613e+01
1.757671085989451143e+01
1.818611991201451517e+01
1.978125214574491153e+01
2.026440713285979101e+01
1.910109622906690063e+01
1.750174360078260349e+01
1.778694670172655634e+01
1.824733589758720598e+01
1.751698502177122663e+01
1.680131563655721649e+01
1.760867797660284850e+01
1.875529875993386142e+01
1.880968336788307482e+01
1.900606073975563959e+01
1.808466656853642718e+01
1.839689723169381708e+01
1.980016636823676279e+01
1.932831146481777296e+01
1.809145161527547074e+01
1.668684690953995187e+01
1.600999632951591778e+01
1.822585327368667052e+01
1.908150523114056440e+01
1.958599381819755791e+01
2.044086482228255619e+01
2.019774119156648240e+01
1.875047060570074109e+01
1.756927463787154764e+01
1.524235723375784879e+01
1.590603675335101386e+01
1.685443503218821348e+01
1.699367460389684226e+01
1.720656099028047592e+01
1.591994664131065917e+01
1.663500257064319854e+01
1.883899657056064214e+01
1.883650976379996322e+01
1.684641520548134253e+01
1.477332430189965962e+01
1.265316396211561312e+01
1.146118728217912341e+01
1.060567266231683270e+01
1.112444025521856261e+01
1.231606622149209684e+01
1.142365405205685569e+01
1.248368440774293298e+01
1.493067231395609085e+01
1.568435917811621572e+01
1.662688893893419362e+01
1.744747760849834606e+01
1.700348836613349945e+01
1.527174576116595262e+01
1.587223668437517077e+01
1.631910806348570375e+01
1.714151948687744564e+01
1.863675970125679981e+01
1.711603991267080715e+01
1.568613904718682583e+01
1.693656112169892225e+01
1.768072953281944848e+01
1.833175105624597023e+01
1.819315708759444661e+01
1.939972594035394593e+01
2.007861016984892544e+01
2.024194697211298077e+01
2.060374781910175201e+01
2.057515626555590771e+01
2.022984288394583885e+01
1.870279338083172505e+01
1.751398608577609650e+01
1.684548734437208495e+01
1.523882157469623699e+01
1.381975867727311247e+01
1.429626960613240705e+01
1.577561242134568076e+01
1.583026178006308982e+01
1.603128575144759083e+01
1.685855521754621122e+01
1.632229725283285049e+01
1.477143303940292007e+01
1.469093198201119144e+01
1.535534953335825037e+01
1.628506876661613134e+01
1.651470351064753572e+01
1.683605301216605454e+01
1.692061528916540780e+01
1.442703930615947172e+01
1.442848973168547921e+01
1.663320947532812966e+01
1.725451425474345868e+01
1.797303303774992145e+01
1.869469238331717165e+01
1.895937182759118755e+01
2.029403362636561070e+01
2.067146117793908289e+01
2.056373121573523832e+01
2.024293968921359976e+01
1.999674338756759084e+01
1.742116322349002999e+01
1.440758575780329132e+01
1.524320627911790105e+01
1.519887459303238231e+01
1.369584702910527341e+01
1.444879578468317760e+01
1.492898360187107620e+01
1.514941853539469996e+01
1.594069346531168385e+01
1.723860307864218910e+01
1.830717261880132440e+01
1.780503411113732426e+01
1.709876164391899067e+01
1.676333868627560975e+01
1.858700249165120510e+01
1.900649319012109828e+01
1.912710415323894964e+01
1.989215451286879244e+01
1.980252060182744245e+01
1.855080516173955019e+01
1.738303910223643101e+01
1.474730135932703057e+01
1.201235411580810464e+01
1.312130404957895813e+01
1.263575871166595554e+01
1.158720861475701014e+01
1.262220868486716974e+01
1.415274440920275900e+01
1.606962042838947369e+01
1.742119433639862791e+01
1.782027372625311301e+01
1.767277041621031941e+01
1.828422543767845454e+01
1.787825203320791445e+01
1.633923429809008709e+01
1.808976602818332324e+01
1.854854963442177507e+01
1.716724841351705066e+01
1.602559987321618351e+01
6.470665775920301233e-01
1.490815613387967709e+01
1.322852709182907027e+01
1.370437385257903706e+01
1.564357525020306205e+01
1.545388812362704911e+01
1.281903809787000448e+01
1.024000257571125694e+01
9.429054083757584692e+00
9.599719990015177729e+00
9.226131429959034236e+00
9.402442481198129087e+00
1.058805552094561087e+01
1.260210635592886419e+01
1.109878392754924015e+01
1.027679156598072652e+01
1.124000663288068225e+01
8.717397358942273300e+00
7.237812788873168479e+00
5.578665762818172169e+00
5.961636569384967999e+00
9.888805218817239506e+00
1.297387629607602655e+01
1.366035100356794096e+01
1.328544264572307831e+01
1.449778824282058665e+01
1.354023480001179891e+01
1.125400461846858491e+01
1.319799211588609644e+01
1.485586256382568493e+01
1.407918095153079641e+01
1.299261286257593895e+01
1.248130394345585081e+01
1.395187409584027982e+01
1.494925236945583258e+01
1.449321026086178676e+01
1.269945530241095000e+01
1.319475545396067417e+01
1.444022463648675902e+01
1.185878716092178209e+01
8.019088940735615623e+00
7.218223089714310703e+00
8.528981774798612747e+00
9.001718406182924070e+00
9.684776924524715724e+00
1.080588463861043991e+01
7.922424547296596842e+00
4.209875056649757141e+00
5.622607134636574244e+00
8.697188870256621129e+00
9.427600397477542415e+00
9.834249630757870619e+00
1.132856709397624329e+01
1.073931927563439359e+01
8.345354127900291630e+00
8.920666582769298358e+00
7.974448833723656982e+00
4.843475558210239562e+00
5.184452369010179140e+00
8.576870901371966838e+00
1.183241495626414341e+01
1.342664715989813828e+01
1.361813709664879468e+01
1.422414267958966150e+01
1.559653753390972319e+01
1.388496379116784851e+01
9.485654116852010986e+00
9.066972083769893942e+00
1.176536315550772471e+01
1.165155136846825812e+01
1.312771547584600462e+01
1.601020283138981881e+01
1.719701007178229091e+01
1.666320952403269828e+01
1.499115853085787364e+01
1.471695102070419914e+01
1.612599418214937330e+01
1.524787475476865595e+01
1.140073225128736745e+01
1.545073404472789136e+01
1.727842960300582220e+01
1.736108943736196863e+01
1.807712146894162686e+01
1.696355603591783989e+01
1.627408240237407355e+01
1.443704528312659541e+01
1.235030717580566062e+01
1.155218512653433649e+01
1.161858623910000432e+01
1.062186345843048407e+01
1.036086013488718649e+01
1.284090094469742560e+01
1.495277985863855008e+01
1.612061342236107819e+01
1.631546251544846271e+01
1.518298091700353680e+01
1.331217155386533335e+01
1.450603419280058404e+01
1.601634477665365708e+01
1.479381937820216564e+01
1.493452750725417566e+01
1.585826385432398844e+01
1.606966192531144344e+01
1.420756335848989416e+01
1.611044003051761564e+01
1.541632426355515761e+01
8.847905153039025805e+00
1.152687805347117944e+01
1.599571998374268489e+01
1.615830804484181371e+01
1.633731417941172737e+01
1.718871164692608033e+01
1.755630311203162464e+01
1.842546427500459316e+01
1.708558197308977356e+01
1.403907808785620759e+01
1.206378910282002614e+01
1.447648134636905581e+01
1.824194465214923611e+01
1.803490556605627049e+01
1.628113167648974979e+01
1.489691003836856709e+01
1.482455071703010141e+01
1.613584049097498507e+01
1.473476138891360954e+01
1.229790911103283868e+01
1.270522873322463120e+01
1.611056729738157145e+01
1.845953667515200891e+01
1.649987777453925375e+01
1.299687102862788457e+01
1.473996984056590698e+01
1.530293437411337543e+01
1.488899082994824674e+01
1.558472742882194062e+01
1.498106974227942345e+01
1.464527397738896575e+01
1.651775878413925014e+01
1.617199845169010075e+01
1.616058026824530103e+01
1.688756975643657299e+01
1.473959376877243166e+01
1.089789686723948314e+01
1.121699551582259780e+01
1.357578019470840580e+01
1.418987699087043985e+01
1.302965240489231746e+01
1.180442983554737424e+01
1.175824813137905522e+01
1.346216201220702757e+01
1.601423392857972061e+01
1.676629388624935046e+01
1.754865221901249939e+01
1.671374264691673517e+01
1.440457392927909730e+01
1.551038410928406996e+01
1.731754719825853073e+01
1.673057915809902241e+01
1.761517540301838380e+01
1.820666576362413380e+01
1.624728127155226787e+01
1.158664894397681344e+01
6.877333763403048472e+00
7.799966032628109502e+00
2.856874498399860851e+00
-1.109701325318470433e+00
2.064362712276061718e+00
2.539963424831105598e+00
2.383280481652885641e+00
2.739433360209805546e+00
5.350491219276351629e+00
1.070654739322278282e+01
1.309778971163971484e+01
1.365734537866434906e+01
1.377000547515841333e+01
1.546349117104297122e+01
1.585270078467688926e+01
1.559947000514399384e+01
1.676706247253842008e+01
1.524690264058932421e+01
1.240935804560604083e+01
1.205164591459257650e+01
1.175144996215064275e+01
1.047496633495161866e+01
7.542171075058386798e+00
4.857301481940918819e+00
6.581160157446167780e+00
9.252536850072901942e+00
1.012873748189361578e+01
1.113022283587784500e+01
1.211950259416127729e+01
1.253016332174231273e+01
1.339948722158193917e+01
1.421626998062017400e+01
1.313424467426004227e+01
1.350097859382635512e+01
1.395459286618897288e+01
1.367078949388222142e+01
1.278512514261405286e+01
1.184595313395221261e+01
1.313907250598915155e+01
1.379609024510730464e+01
1.452165047843114998e+01
1.442363234628532531e+01
1.469357013938289214e+01
1.397710149034092630e+01
1.411084554132920132e+01
1.458710142177996261e+01
1.324679682186055629e+01
1.344435081633308471e+01
1.305131578495753608e+01
1.122567846881751841e+01
1.052718233773973111e+01
1.188647783738147012e+01
1.288656332741113886e+01
1.204576582228089876e+01
1.053125588862988593e+01
8.998151993891324807e+00
8.544396105590607249e+00
9.777911718119870699e+00
1.093278299016090571e+01
1.155296847309839769e+01
1.239749818495525346e+01
1.173259309837921727e+01
1.173642210455332169e+01
1.197096299036283007e+01
1.045132643597566613e+01
8.948148691340573890e+00
1.056993108529628067e+01
1.263382373321589291e+01
1.354870712810777889e+01
1.365528753420484342e+01
1.284809341470393562e+01
1.342151380301035246e+01
1.406374510463682626e+01
1.245989250471917664e+01
1.076672313407980397e+01
1.126558452764584750e+01
1.471224041751676204e+01
1.433545497656715106e+01
1.243269164922249992e+01
1.318149119787177170e+01
1.418249433456553987e+01
1.589067473788741225e+01
1.648949281332521721e+01
1.706780925180260766e+01
1.674810050553534779e+01
1.508763568453286119e+01
1.539445343859880744e+01
1.601132951635520385e+01
1.536077485772094420e+01
1.519969453278844185e+01
1.441770152240033198e+01
1.286363577086032883e+01
1.236136280933321174e+01
8.677571907517991789e+00
