-5.526103242261048543e+00
-9.246892203587540493e+00
-1.137227603095368877e+01
-9.881062302920295082e+00
-8.564389514699747963e+00
-6.760421637334449230e+00
-4.961714012382719474e+00
-7.868812577827813293e+00
-9.986574739658594879e+00
-1.206782139006553400e+01
-1.430501446410760913e+01
-1.467475902245023001e+01
-1.406892492666471028e+01
-1.325448567238196418e+01
-1.335220161304230224e+01
-1.420559179100802716e+01
-1.539244853094385235e+01
-1.586916231086632578e+01
-1.502651112565915881e+01
-1.345463307023787003e+01
-1.181806265347836593e+01
-1.171448820270352797e+01
-1.277005521050418224e+01
-1.398475310931887172e+01
-1.402186241015234280e+01
-1.358460525912400918e+01
-1.252586422752820106e+01
-1.129166634057239094e+01
-1.196756468358884362e+01
-1.337549875736546312e+01
-1.455755894615761115e+01
-1.519103533783066950e+01
-1.427915970124920264e+01
-1.250985209250506003e+01
-1.233466086494656899e+01
-1.166235993854595776e+01
-1.141901454603572041e+01
-1.189540540106901823e+01
-1.190252869525148505e+01
-1.003723397484788826e+01
-7.693290793984321141e+00
-7.813760874688571612e+00
-9.201808089192940798e+00
-1.126365415414053039e+01
-1.318350564763642119e+01
-1.282797419571947195e+01
-1.119203138838791389e+01
-1.142318119292251311e+01
-1.206499140111557189e+01
-1.252154201766010111e+01
-1.233060505920564864e+01
-1.198777013755146648e+01
-1.221680763305710649e+01
-1.205781067535783890e+01
-1.215462892386000604e+01
-1.337637636938807262e+01
-1.213597283122974346e+01
-9.342355958631989310e+00
-1.014382345130355212e+01
-1.134873586034093407e+01
-1.022025936542941515e+01
-9.112227525167586606e+00
-9.656026873042767633e+00
-9.388196100430564073e+00
-8.650506035539633487e+00
-9.358647081664281941e+00
-8.274130107943896917e+00
-6.745098449754221015e+00
-7.943300413815751249e+00
-9.587954502272785007e+00
-9.093800298376125468e+00
-9.073828789799231131e+00
-1.038025172614875835e+01
-9.698492709769640285e+00
-9.940708081384180161e+00
-1.166974990827171865e+01
-1.331456965151342331e+01
-1.297849307534886698e+01
-1.101303109777021660e+01
-7.198524623845629300e+00
-5.589855740953570518e+00
-5.566735787245421285e+00
-4.229805348050415859e+00
-1.821498650475818826e+00
-1.228842329644169062e+00
-3.865227757896623650e+00
-6.604797237538375221e+00
-8.466786973910448211e+00
-7.216222052183905333e+00
-5.752692298296379292e+00
-5.652054293750055969e+00
-6.158513638805865220e+00
-7.101455450071489928e+00
-8.974802600364688132e+00
-1.003510615174362997e+01
-1.027293281827364879e+01
-8.435447591025925007e+00
-7.039646658851248517e+00
-8.343639969652823396e+00
-1.019250795675737109e+01
-1.131889307756775231e+01
-9.638288611446611753e+00
-9.473238885178242086e+00
-1.115832164428392304e+01
-1.169956676707155907e+01
-1.212638218660237754e+01
-1.368490929332391914e+01
-1.420169374588988198e+01
-1.238689851728346447e+01
-1.038061415619814731e+01
-1.031551009411931119e+01
-8.827929224880232795e+00
-7.048880215562091323e+00
-8.332522357368448596e+00
-1.157383078309701396e+01
-1.156584476258009353e+01
-9.005673265073943057e+00
-8.637395845272516581e+00
-8.100170162244475947e+00
-6.294040487230664560e+00
-6.775865526383234361e+00
-8.314708431087860063e+00
-7.320740653832349842e+00
-6.700787272860928567e+00
-7.957196042685508175e+00
-9.957890540740782725e+00
-1.203473294560802564e+01
-1.326635957537619603e+01
-1.427523987060197008e+01
-1.369290930514272020e+01
-1.221025673053600613e+01
-1.077185643106379764e+01
-9.520937596851414497e+00
-9.121694433227089505e+00
-9.470537724680909264e+00
-8.719110822349730228e+00
-7.673536688054501731e+00
-8.423885339990718535e+00
-7.947580296776737718e+00
-5.841707986132600894e+00
-3.469221064779329122e+00
-5.713447264432718775e+00
-1.121792672197797813e+01
-1.131474115315006657e+01
-8.836358588515693668e+00
-7.040932192034407677e+00
-7.307027231598492101e+00
-7.808515409192555268e+00
-6.400995077611218775e+00
-4.767492796612626371e+00
-2.757002647702866849e+00
-3.527748980832828174e+00
-6.620556542998768279e+00
-7.619803140896712179e+00
-6.033673578827119854e+00
-3.934217173224754394e+00
-2.259502524828969627e-01
-1.187051979141054980e+00
-4.259069316344771039e+00
-2.149016657571162892e+00
5.954385025248780661e-01
-1.496906166757727474e+00
-5.409832853574743083e+00
-5.704074605851039870e+00
6.470665775920301233e-01
6.470665775920301233e-01
6.470665775920301233e-01
6.470665775920301233e-01
6.470665775920301233e-01
6.470665775920301233e-01
6.470665775920301233e-01
6.470665775920301233e-01
6.470665775920301233e-01
6.470665775920301233e-01
-6.879445570024491197e+00
-9.030480941462997180e+00
-1.104802839218565325e+01
-8.009963527262085492e+00
-1.634224418224943909e+00
-3.653208263400177791e-01
-3.095620427027293342e+00
-5.023694737196923832e+00
-3.032001766070817173e+00
-3.295332712994162527e+00
6.470665775920292351e-01
6.470665775920302343e-01
6.470665775920301233e-01
6.470665775920301233e-01
6.470665775920301233e-01
6.470665775920301233e-01
6.470665775920301233e-01
6.470665775920301233e-01
6.470665775920301233e-01
6.470665775920301233e-01
-7.364407067699564102e+00
-8.897400777045962883e+00
-6.471975573423075723e+00
-4.321751292778457376e+00
-6.973401836225472827e+00
-9.026711305587621581e+00
-6.831673386205211251e+00
-5.697233333925766807e+00
-3.943536566721528303e+00
-1.880221120403905211e+00
-4.126941504157791485e+00
-8.168273384607040555e+00
-1.065260036869097071e+01
-9.781479885532213814e+00
-8.807849927084458130e+00
-1.039879960063045061e+01
-9.209188033170295995e+00
-6.754380466496313851e+00
-8.034541259853005712e+00
-8.962617575312215479e+00
-6.598796796234132955e+00
-5.803478675664110575e+00
-4.898107744573031219e+00
-2.098618704168168314e+00
-3.159466285631292171e-01
1.523523375936586488e+00
6.507581560502915252e-01
-1.989885188726232768e+00
-4.309772110388225386e+00
-4.899174803107064768e+00
-2.603659773126642207e+00
-2.659050291689708967e+00
-4.316871222760450877e+00
-5.876466180990003174e+00
-9.139531498529136044e+00
-8.836651735841211774e+00
-7.189172096608914764e+00
-3.730036507775550625e+00
2.911964881362459345e-01
-1.705171622873081549e+00
-6.462287795215174491e+00
-8.978564283264315549e+00
-7.997185355412104180e+00
-5.858169691711127669e+00
-6.846513110910012578e+00
-8.317424552831402806e+00
-1.067418159954398860e+01
-1.168368113628529592e+01
-8.558867715726526271e+00
-5.711132703517179721e+00
-7.729731571278541047e+00
-8.666566943535064738e+00
-8.173027958331051224e+00
-1.008110521813476801e+01
-1.185520625511392367e+01
-1.208285127742351861e+01
-9.780269144956521998e+00
-7.049555841762733976e+00
-4.650507989391596375e+00
-5.140859093804863278e+00
-7.997072519005695490e+00
-1.053934853500015656e+01
-1.288531255124537367e+01
-1.460044778482426153e+01
-1.523854917233613726e+01
-1.539718519291654708e+01
-1.498830567970613181e+01
-1.403617712116794181e+01
-1.229773176121079459e+01
-1.083542070979979144e+01
-1.021774590416236350e+01
-1.188958180555133737e+01
-9.930219982354399733e+00
-7.659817940662203561e+00
-9.115669914253727413e+00
-8.975449754592311535e+00
-5.702821207820405469e+00
-1.217291715961592802e+00
-6.515840856920157576e-02
-1.377367697359533835e-02
-3.021032215301675095e+00
-4.154035237570285588e+00
-2.143926658739984781e+00
4.829019192545033756e-01
-3.815057436910840760e+00
-9.170022607087819466e+00
-1.014302959868755494e+01
-8.287866976792342300e+00
-5.045859749078600132e+00
-5.206442460318458920e+00
-7.209120770468231854e+00
-7.286803318246970917e+00
-9.947751125479191714e+00
-1.346168050993307652e+01
-1.449469064114694739e+01
-1.456787375278072183e+01
-1.184703223058163779e+01
-8.325774641307599921e+00
-6.876671030014160024e+00
-5.885835294693074538e+00
-2.483319990948850364e+00
-1.424194807525349438e+00
-4.827339911320311927e+00
-4.068076027277622408e+00
-1.741117993112880180e+00
-3.610186089774273466e+00
-6.718161148485074285e+00
-5.345331436280310378e+00
-2.751804315767417020e+00
-4.974418716670414575e+00
-5.817803287464999862e+00
-4.330788279906778726e+00
-3.670942345331277945e+00
-6.022652209926089739e+00
-8.818804847451831463e+00
-8.996751017404481132e+00
-7.847626108224579511e+00
-6.335911341493402738e+00
-3.366762006777879179e+00
-2.471106772617989833e+00
-3.377006699166255288e+00
-3.389451963197717799e+00
-1.210742081918853019e+00
6.427619744921182487e-01
5.479610970193057873e-02
-2.752072515478489745e+00
-5.793091095123563683e+00
-8.278020033714444281e+00
-1.006476726591180260e+01
-9.629837810611713067e+00
-1.924361306241418434e+00
1.677021522598382830e-01
-1.337217857586618708e+00
1.726932038238693679e+00
1.002618155118540688e+00
-5.844703603903655953e-01
-2.160122270408286305e+00
-1.940171311356248873e+00
-1.987024695396633955e+00
-5.726730199410265953e+00
-8.970730929755596605e+00
-7.808469690019792075e+00
-6.910635969336270001e+00
-7.227879439576144982e+00
-6.044587502901394238e+00
-7.066371822363437971e+00
-9.522585570574085168e+00
-8.763959010002592365e+00
-4.578097397696623716e+00
-3.026794858474235017e+00
-5.289020305478661754e+00
-7.895384760596003915e+00
-9.788984085805964241e+00
-1.167597031134355134e+01
-1.160158388714784117e+01
-1.034171522313050673e+01
-8.127664546581728544e+00
-3.967811141010918252e+00
-3.000779455288542952e+00
-4.772759233099392873e+00
-6.820230997501244730e+00
-7.039251496891363757e+00
-7.210482706280582299e+00
-9.685885506432041936e+00
-1.255464740239499122e+01
-1.388865802094791846e+01
-1.360106704062041061e+01
-1.320480393884616710e+01
-1.371931168151286684e+01
-1.387871881675702035e+01
-1.259589444440447892e+01
-1.044384930151939450e+01
-9.102938605265650907e+00
-9.558671835333671041e+00
-8.127541222411869271e+00
-5.611685978897310356e+00
-5.554655083206721855e+00
-5.297848017711162427e+00
-3.588684006577399721e+00
-3.398654188444264257e+00
-2.286075641368714884e+00
-2.265137026793523134e+00
-3.655308487649194138e+00
-7.956065640652526527e-01
2.908069924369509618e+00
4.050856340069258543e+00
2.730628935785014644e+00
-1.967128200855413345e-01
-3.366477277245767397e+00
-4.810594580482280058e+00
-4.639550961116018613e+00
-6.594130920810920671e+00
-4.664849371128567235e+00
-2.144566006113364676e+00
-2.670946807138186330e+00
-1.042902541811236761e+00
-1.561727037252345962e+00
-4.266076291546617938e+00
-7.235768064720859982e+00
-8.953462412230312140e+00
-7.941837442843270978e+00
-6.719601139034895532e+00
-9.344537969641958597e+00
-8.284040487311555623e+00
-4.618138207840714493e+00
-5.126448558438186254e+00
-8.039665998390988833e+00
-8.366629196131802004e+00
-7.078979428134766216e+00
-7.353727404895542108e+00
-8.905102136551235503e+00
-8.129930257496695845e+00
-6.485372928170713536e+00
-3.863525428511532578e+00
-2.365949739013347930e+00
-5.859830888695571005e+00
-7.659512291800255390e+00
-6.069164372646045358e+00
-5.692582518545285630e+00
-7.345234662184661367e+00
-7.981620711313079930e+00
-9.445237552482973697e+00
-1.139454811816237978e+01
-1.159061812965391880e+01
-9.514413599520125331e+00
-6.304398154154909228e+00
-3.006638798130420120e+00
-6.098620553260036381e+00
-8.894532588340764434e+00
-8.869522552755016775e+00
-1.189152197770438946e+01
-1.321234176092113088e+01
-1.166811703918703635e+01
-1.235534558499511881e+01
-1.475418473183097490e+01
-1.441583081113866704e+01
-1.227370892273240344e+01
-1.250757271743121279e+01
-1.514695513290859097e+01
-1.603110742551029944e+01
-1.583758377544508988e+01
-1.479826140155593528e+01
-1.294980159682413934e+01
-1.227255125188969132e+01
-1.094029812148285075e+01
-9.003044572749187680e+00
-9.067449239731425692e+00
-1.130944232621858880e+01
-1.284433491275895101e+01
-1.455373480081279425e+01
-1.651998863266753759e+01
-1.689440992374680661e+01
-1.704378962363770000e+01
-1.630975359600000374e+01
-1.483141427187870676e+01
-1.522700541351415282e+01
-1.580212787767060156e+01
-1.536707819294204924e+01
-1.498352244014946244e+01
-1.564776553624019684e+01
-1.574754141909080829e+01
-1.467469655855050092e+01
-1.420346693931609749e+01
-1.441394450245827130e+01
-1.371117554241124736e+01
-1.526682280563957406e+01
-1.547915792669876822e+01
-1.435718103185706163e+01
-1.557774154964426749e+01
-1.600193655065391241e+01
-1.579552642615051461e+01
-1.481221756919843457e+01
-1.527694142050559378e+01
-1.615991703388765899e+01
-1.563379522781944964e+01
-1.628084011498211581e+01
-1.552333813208472435e+01
-1.445502571077097365e+01
-1.276887177340457669e+01
-1.054388408861954396e+01
-1.006363162895586605e+01
-9.296143036837648310e+00
-7.430749406416293112e+00
-6.911235349881243550e+00
-7.474804018244459947e+00
-8.820509020553281232e+00
-1.057877301335118325e+01
-9.449010439732973055e+00
-5.066087621290472853e+00
-4.925889663426005427e+00
-8.074024539489291996e+00
-8.903100705493180556e+00
-9.914433940166173187e+00
-9.863077906412938134e+00
-8.758690112295447250e+00
-1.001512774653144788e+01
-1.184608684846629245e+01
-1.185441862978758643e+01
-1.098686645803824824e+01
-1.166494468643599802e+01
-1.083952309958695537e+01
-1.109915104736793090e+01
-1.062748949600469750e+01
-7.579108290553164373e+00
-9.179457115261513422e+00
-1.186326013908074017e+01
-1.098957406857709707e+01
-1.020665176262560436e+01
-9.182669291699077974e+00
-8.090441234944014681e+00
-8.525526473845024711e+00
-7.763017558636071236e+00
-5.155463752080809314e+00
-5.845831890127811903e+00
-1.046860201395441692e+01
-1.124943059425472391e+01
-9.742527101445096704e+00
-8.989616393271040451e+00
-1.124768179967608184e+01
-1.328275569124067701e+01
-1.206620455397546010e+01
-1.006656369240750948e+01
-8.763535118938602153e+00
-8.845669582405751186e+00
-1.098468476852088038e+01
-1.234750981873874309e+01
-1.015219081866416495e+01
-7.076912510440877213e+00
-7.772713471971393062e+00
-8.767608758030931426e+00
-9.608381716675024720e+00
-9.641305034091201875e+00
-8.746632627351148770e+00
-7.225044156192589107e+00
-7.411119574666713561e+00
-7.400853166033009245e+00
-8.682013703562157403e+00
-1.080900638754691734e+01
-1.217212241471858647e+01
-1.331995763873503158e+01
-1.250433609974304616e+01
-1.043015333244278509e+01
-9.223389773929367763e+00
-9.481959370421966682e+00
-8.400780320524729561e+00
-6.703646875814167849e+00
-6.712901942427672353e+00
-8.711603357936390069e+00
-8.866796838745331755e+00
-6.410714175293835915e+00
-6.475978964538182225e+00
-7.743178233505866537e+00
-1.081294793987630243e+01
-1.284226014589067155e+01
-1.302764774078210586e+01
-1.296752387379669180e+01
-1.205925398351099176e+01
-1.165438290184418335e+01
-1.175735777534648463e+01
-1.308760938383937322e+01
-1.541982508695900300e+01
-1.617253646523531785e+01
-1.538773292948292948e+01
-1.351496922211316587e+01
-1.321805580576234540e+01
-1.288757779499881373e+01
-1.218564871906545832e+01
-1.319606112241776152e+01
-1.349256207121634610e+01
-1.313177191843337432e+01
-1.225123374728778813e+01
-1.259061000101172745e+01
-1.162179610464894708e+01
-8.877548446535689308e+00
-8.479720439969318235e+00
-7.796360376592543773e+00
-9.329459529462978296e+00
-1.155278202585575009e+01
-1.128731220826380621e+01
-1.179476137477611353e+01
-1.381188244480313010e+01
-1.472251129706561557e+01
-1.494291294051270391e+01
-1.534732376343457005e+01
-1.591966598902873287e+01
-1.480349381492353977e+01
-1.313783007327197794e+01
-1.243335041800954421e+01
-1.238602678680893909e+01
-1.372175815900811280e+01
-1.362367447362702677e+01
-1.220837923436226546e+01
-9.585701707137056715e+00
-7.297060576281056754e+00
-7.102914778825311082e+00
-6.707164406070686091e+00
-5.849752814097261222e+00
-7.552212339452900380e+00
-1.025223813103651338e+01
-1.167328423418830852e+01
-1.120437722341496567e+01
-1.074975962373361682e+01
-1.161959569691777006e+01
-1.281725972964885685e+01
-1.260326760611607888e+01
-1.053685849191687574e+01
-1.057730349212982546e+01
-1.229574399592761047e+01
-1.147815083351796517e+01
-1.114311921656856974e+01
-1.389695758321246366e+01
-1.480068441376604405e+01
-1.532838292788418499e+01
-1.547046947326612454e+01
-1.517663391550637364e+01
-1.586984696825619956e+01
-1.600729481594222747e+01
-1.547324281509077792e+01
-1.600881631881486200e+01
-1.621715554219485966e+01
-1.592808514065736780e+01
-1.458202754598215556e+01
-1.239157463495560130e+01
-1.321439657625509767e+01
-1.546084762476811036e+01
-1.584182979862111651e+01
-1.505307329769153668e+01
-1.518906239323577623e+01
-1.429367355922493665e+01
-1.525252393577365950e+01
-1.466731150914918480e+01
-1.094750875202497653e+01
-1.141679465358719625e+01
-1.323439440046700177e+01
-1.213821685682057172e+01
-1.074992417930674371e+01
-1.046965335451023549e+01
-8.057782597772398248e+00
-7.261392250960184036e+00
-1.036170590950054482e+01
-1.502714908318468190e+01
-1.607844803028644876e+01
-1.613508315804353188e+01
-1.581799028772621796e+01
-1.600471604950948645e+01
-1.624912506568778525e+01
-1.620729053265612407e+01
-1.605688843600148630e+01
-1.568762821819766629e+01
-1.562786446445005950e+01
-1.565315501386421460e+01
-1.525488300548646414e+01
-1.444938282633863302e+01
-1.432978716715291512e+01
-1.541025905474779556e+01
-1.558556470497535962e+01
-1.554507654691287577e+01
-1.511227621510090913e+01
-1.404813081173516132e+01
-1.456270902937593448e+01
-1.575495899020126167e+01
-1.623759009860464886e+01
-1.643332684057666881e+01
-1.659451052868377374e+01
-1.638600357983890987e+01
-1.592912931640993790e+01
-1.590198090039214307e+01
-1.634507151997203778e+01
-1.634526716177957795e+01
-1.472226052999758750e+01
-1.436089293855701499e+01
-1.501307012399397678e+01
-1.532419927472473375e+01
-1.559327022802302665e+01
-1.548217225052003876e+01
-1.505661762660142244e+01
-1.485652513138004061e+01
-1.517764405783195514e+01
-1.546362499374122024e+01
-1.561274992824021979e+01
-1.561177454542231047e+01
-1.408772746216155980e+01
-1.136868154875811854e+01
-1.209200525563782769e+01
-1.453542559190858441e+01
-1.472871115510789863e+01
-1.280770660119884319e+01
-1.092213200487461933e+01
-1.182765345283600844e+01
-1.215320217408942227e+01
-1.179526549931575374e+01
-1.231954449347547964e+01
-1.260096679816500931e+01
-1.144819197644768316e+01
-1.235842944219644934e+01
-1.456392449618191165e+01
-1.529810837038909277e+01
-1.517391223766921016e+01
-1.336585635810990880e+01
-1.176163508405959846e+01
-1.250014513702193497e+01
-1.258224826680609887e+01
-1.193036152622508972e+01
-1.317449125834348500e+01
-1.425285464817188696e+01
-1.475509941094439803e+01
-1.556041770738940855e+01
-1.607569896756490380e+01
-1.628793331668937938e+01
-1.571287296314442195e+01
-1.440546033746607968e+01
-1.224802593968963293e+01
-1.145446704308261054e+01
-1.026229334792973980e+01
-9.305150544769341892e+00
-1.026122365416193816e+01
-1.045725282039120785e+01
-8.637587312009170404e+00
-9.733208488354744503e+00
-1.300214231850366886e+01
-1.443925960423424115e+01
-1.436082297192843171e+01
-1.500163605374265785e+01
-1.566813504066403162e+01
-1.505588458897748083e+01
-1.349826989981647607e+01
-1.297352357704893322e+01
-1.475716795357724109e+01
-1.511476102470932936e+01
-1.513843533420805443e+01
-1.481788382088110012e+01
-1.310889464308009522e+01
-1.024256260522760265e+01
-7.686698113661013743e+00
-7.839490884560154527e+00
-1.154388379891263305e+01
-1.299375171406313711e+01
-1.143579069740836651e+01
-8.740169546207633644e+00
-7.566320708246477622e+00
-9.594164629915724163e+00
-1.186374083277197400e+01
-1.085598738869929214e+01
-1.134022217497904705e+01
-1.248529240103217042e+01
-1.130948014615927555e+01
-1.007375139765074934e+01
-1.020854095293569763e+01
-1.165460536873174568e+01
-1.278763876588843651e+01
-1.286820999294133649e+01
-1.393260066304647360e+01
-1.518642722758557539e+01
-1.579913994246243902e+01
-1.602390815890989373e+01
-1.639062500103934283e+01
-1.648136883944543030e+01
-1.600559958028328822e+01
-1.501085252512986123e+01
-1.457710069112150464e+01
-1.367576469061039823e+01
-1.138188755991245493e+01
-9.349201871753749060e+00
-9.668774141550866119e+00
-1.103978353326314910e+01
-1.203432237260937931e+01
-1.419854816542490994e+01
-1.315304452808465641e+01
-1.248029610162183545e+01
-1.276328958509506961e+01
-1.116624667449812058e+01
-9.678621385079585693e+00
-7.995527782318966992e+00
-5.586302332781649227e+00
-3.207554732360684113e+00
-2.435800242460481435e+00
-3.307724981882660398e+00
-4.947095973822692727e+00
-5.343017599827982522e+00
-6.763563406909097075e+00
-1.043261396022374399e+01
-1.307694925876977976e+01
-1.493555236890177440e+01
-1.554168861713430694e+01
-1.535988112518780113e+01
-1.522644911493791042e+01
-1.507558538970343243e+01
-1.415622784301923964e+01
-1.345521094246405625e+01
-1.366506208632943675e+01
-1.458383172209152789e+01
-1.562084752082061456e+01
-1.617095561755499844e+01
-1.609964298297152041e+01
-1.584287579439320659e+01
-1.504494581975218637e+01
-1.324355508145694316e+01
-1.321344585636639124e+01
-1.531293063692722001e+01
-1.556656311000322468e+01
-1.096264374696084332e+01
-6.711916136259221233e+00
-6.844555252534165746e+00
-6.625155990774854509e+00
-7.732865820489603692e+00
-6.115444262673833009e+00
-3.523196843020335312e+00
-5.473620153750813344e+00
-6.853821790859712770e+00
-7.484138086940626877e+00
-9.405096010934638429e+00
-1.208292403412404070e+01
-1.348820726665222836e+01
-1.348743953421188202e+01
-1.225899917598180267e+01
-8.935027173281881119e+00
-6.419355945271725261e+00
-7.324930612147868558e+00
-9.031290182266488387e+00
-1.172307202458364372e+01
-1.270333009255132417e+01
-1.239466864527982359e+01
-1.143930743169233288e+01
-8.472946013704499180e+00
-5.438091500795265709e+00
-4.879818885349552104e+00
-6.709621663179262896e+00
-9.588798270810778845e+00
-1.069444164518190732e+01
-1.026895803524188722e+01
-1.042722764010161818e+01
-9.330212717637692776e+00
-7.979385677303326041e+00
-6.159139954516891891e+00
-8.761665399676177302e+00
-1.259509094369692761e+01
-1.383392918535401073e+01
-1.353117837336368190e+01
-9.616084355292821684e+00
-7.246329784775619842e+00
-7.707528659980440899e+00
-6.052235519745644332e+00
-4.556837125888248963e+00
-6.810253475086923025e+00
-8.291670386624078404e+00
-8.331581886272129367e+00
-9.967506028023112918e+00
-1.185817060474245999e+01
-1.101287870969269456e+01
-5.481338362398608943e+00
-4.154489547320204146e+00
-5.823927530958852294e+00
-7.678763877168603535e+00
-8.081267247377811103e+00
-5.165255417530492998e+00
-6.932749774314051372e+00
-9.821204716196888285e+00
-1.012277944018665288e+01
-7.394320294260475102e+00
-5.190000444659450984e+00
-4.943307863562220739e+00
-5.239008895940306054e+00
-6.743014356030154310e+00
-6.843956219612189251e+00
-7.525035825338565409e+00
-1.006209473606554461e+01
-8.947814538367234505e+00
-1.004656468426773408e+01
-1.027436496899967366e+01
-8.351200599609036601e+00
-8.569688588607439428e+00
-8.658378495452886625e+00
-1.074539995283468663e+01
-1.119221479657280405e+01
-7.493532082589973164e+00
-6.084396072583570181e+00
-6.202931960633064179e+00
-7.740776569744649116e+00
-1.238106007106140183e+01
-1.202680292404342310e+01
-8.114224701496970837e+00
-2.582732790017660207e+00
4.315718111484088682e-01
-1.558210202529309862e+00
-3.289644224646566251e+00
-1.632171784821262461e+00
-7.613905375124878638e-01
6.799938408783141597e-01
3.443059845985860234e-01
-2.854379305185346105e+00
-3.052392661052365952e+00
-5.244838243424960744e-01
2.165873296848452867e+00
2.584087300939153842e+00
1.112692291616189877e+00
-2.052024979951888817e+00
-4.665002556967630554e+00
-5.361675444497540965e+00
-5.103595512862664663e+00
-4.979443521870152267e+00
-3.716591738314023452e+00
-1.544641816701719739e+00
-3.575121489926396556e+00
-6.279840634874197747e+00
-6.903158392396663956e+00
-6.322311660179154913e+00
-4.498768265692879353e+00
-4.047259452646462918e+00
-5.693045855459268445e+00
-7.138263603178129024e+00
-6.468473895179246647e+00
-5.032961789279917220e+00
-5.165774890389748464e+00
-6.942532116865741898e+00
-5.518761616859987562e+00
-2.143833119362021922e+00
1.405535862241951373e+00
1.558183217671408105e+00
-2.869846630035937540e+00
-5.038932475840897318e+00
-3.796328217277937345e+00
-2.681554723757730407e+00
-2.927540999742385353e+00
-4.505582703808205913e+00
-5.494936125238197633e+00
-3.510592024169073344e+00
8.672330227126472391e-01
1.904708502547400206e+00
3.040923818523876943e+00
6.061352793913503678e-01
-4.275253273744517912e+00
-4.119918945985054926e+00
-5.093001483724113321e+00
-6.271362984722626877e+00
-6.275242601955820732e+00
-9.362491194652667659e+00
-1.083184876018493092e+01
-1.050634444426990655e+01
-7.914606564043042525e+00
-3.267075605419617723e+00
-1.730243328021019655e+00
-9.520567903417387345e-01
-2.532819383146610370e+00
-5.584146673017024831e+00
-6.803584497173311263e+00
-7.004453209656623436e+00
-7.434593089483712447e+00
-6.007942619281467778e+00
-3.549027443677468696e+00
-3.482510407837643207e+00
-5.079113584245197544e+00
-7.407855897844852322e+00
-6.977868990738731014e+00
-5.390468920324661184e+00
-7.808077707263827882e+00
-9.484037520555437695e+00
-9.351065339893366968e+00
-7.445360544490515764e+00
-6.338600723349510524e+00
-5.773693045762249731e+00
-5.513945540378747623e+00
-4.286677154673720125e+00
-4.750997428093286068e+00
-7.726378762254625165e+00
-9.505394583017919174e+00
-8.012273383432424012e+00
-4.215469293624298786e+00
-3.272583510210319790e+00
-2.322450056359750548e+00
-2.507471587836662241e+00
-6.457525819640706821e+00
-6.424558302383234221e+00
-4.194169278164649128e+00
-4.497904379998991509e+00
-6.869284910640165442e+00
-8.915120195724631103e+00
-9.524583851000832269e+00
-1.050556844531688050e+01
-1.182829961154346776e+01
-1.238690626005414686e+01
-1.011143616894476338e+01
-9.324915544619756247e+00
-8.356551644537073997e+00
-4.403754855480419117e+00
-4.565161527872426128e-01
2.159413414151940991e+00
6.912888305931821353e-01
-2.692800093250921734e+00
-3.131551764822225081e+00
-3.522669972986253395e+00
-6.263674012726986540e+00
-9.117613154763507310e+00
-1.099800889548234117e+01
-1.094480871103775499e+01
-1.210751232951553291e+01
-1.486186142247290398e+01
-1.533992263375967191e+01
-1.465376080943058135e+01
-1.352151191889155690e+01
-9.522140215626773596e+00
-6.464443014778688656e+00
-5.778614886537772222e+00
-5.199847737164742689e+00
-3.364165822792697824e+00
-1.900681040894260931e-01
2.372924454850196263e-01
-1.889665989948380753e+00
-4.468960605576514311e+00
-2.416205842190545905e+00
4.776701047393816513e-01
-5.463993918711582826e-02
2.103826553779839792e-01
1.399168072342021230e+00
-2.516665037223263290e+00
-1.663970113467378997e+00
3.130820188300320606e+00
-5.414866953544678063e-01
-3.995292687519316654e+00
-2.579026443544249592e+00
-2.674872382279851912e+00
-4.373707380001749634e+00
-6.730023990014262658e+00
-8.921955829614784506e+00
-8.706285685347786796e+00
-6.146036500427973337e+00
-5.532307385720970139e+00
-8.702596569157240225e+00
-1.088765441144411206e+01
-1.061892391839824157e+01
-9.698501688316992997e+00
-7.074096063580983085e+00
-6.266429239044609467e+00
-6.158325713835931303e+00
-3.069190036129236354e+00
-2.894000713311540629e+00
-4.667252405751755262e+00
-5.370267209182840062e+00
-6.027368799782331976e+00
-5.103342754145733906e+00
-3.193882545801908446e+00
-5.221022322970966911e+00
-8.016061377950288502e+00
-8.317056109909994888e+00
-7.629181671846056112e+00
-6.417425642020835319e+00
-3.934145896092617445e+00
-9.174380202603508172e-01
1.516011990238083307e+00
-2.645560750640818526e-01
-2.225065096919114804e+00
-3.561412984499038537e+00
-2.198148753009912415e+00
1.494088790550463175e+00
3.071373231169343132e+00
1.229992725618740623e+00
-2.374578961449664405e+00
-4.333348037942282183e+00
-2.468736932375898974e+00
-2.737270510778432531e+00
-4.917286728848086597e+00
-3.625593074958035178e+00
-2.028347685204440864e+00
6.889592205595171381e-02
1.833719262271362727e+00
-8.682458844516458552e-01
-3.945196968325748177e+00
-6.462125929781603162e+00
-4.687830673435068540e+00
-1.526783666323650257e+00
-3.588262092329363440e-01
-1.593901658741353256e+00
-4.535566561361080495e+00
-5.043691185602937388e+00
-5.276873454597651225e+00
-5.119001550856366656e+00
-4.227482513095264238e+00
-4.721769982208351202e+00
-2.011877189129146704e+00
7.067416647188847767e-01
1.718941598156867867e+00
3.424682924861098599e+00
5.135048320824214585e+00
2.819923424861636274e+00
3.738896486127948893e-01
-3.697762175379385452e-01
-2.139174839845221943e+00
1.070188029267392649e-01
5.905074896215127822e+00
7.517651230292044851e+00
5.836162366215687847e+00
4.880365996850579258e+00
4.134406218440538794e+00
4.103160508270175200e+00
3.992608532177954750e+00
1.440018940181233276e-01
1.774137815716298805e+00
7.684157495159693596e+00
1.095206208842559548e+01
1.291858185507004286e+01
1.116529606910935790e+01
7.427052493383060394e+00
3.160977939843303552e+00
1.017159424388732747e+00
3.054119568391759465e+00
3.130792099431915165e+00
4.815034364902602171e+00
4.111332950369744665e+00
-5.746609553296655459e-01
3.334831966696191419e+00
4.849228352212306525e+00
4.042223994216163629e-01
-2.381564780407658066e+00
-3.709860021845790889e+00
-5.324725819012938288e+00
-7.912864503567424990e+00
-9.972500443167085393e+00
-5.867810915926214399e+00
-2.233172009336184427e+00
-4.433044234073533651e+00
-6.169435689228232711e+00
-6.798163121455558233e+00
-3.692393217800820082e+00
1.454646598603983598e+00
3.667940911973944118e+00
3.435002450732200785e+00
-4.339981939638834496e-02
-3.764321862010216790e+00
-4.895327862424703191e+00
-3.571352809576537002e+00
-1.218571313524238198e+00
1.706484304012577002e+00
3.934506066515516931e+00
5.704877994249955897e+00
6.493888585011453607e+00
8.465111326810099257e+00
8.484774329253603753e+00
7.078712345444438725e+00
3.514311877309217902e+00
-1.289172703843699530e+00
-1.562379794193107019e+00
3.755800469532073471e-01
4.968402885118218038e+00
7.834943843814767384e+00
7.297851847392847979e+00
4.028360530684208740e+00
3.563226371971570106e-01
-1.381646709105563531e+00
9.879181020313799744e-01
3.399247256036878273e+00
3.110265635272964513e+00
2.380709122331048810e+00
1.639399830752610088e+00
1.179663679821442823e+00
-2.757869070872415174e-03
-1.455937367503739255e+00
-2.094426011286204758e+00
9.998516213530699026e-02
3.960543969560206712e+00
1.294615834957077105e+00
-2.580909080581284432e+00
-1.297915285135260222e+00
4.832622457772750568e-01
2.492769131810752103e+00
4.456632714493616199e+00
6.632162227148011624e+00
5.514058997836216669e+00
5.569725912745521201e-01
2.190572807794428201e+00
5.559377618678304600e+00
5.005850620229091774e+00
5.249874394055336069e+00
5.409710689324061406e+00
8.197097752538930138e+00
1.211790475933655387e+01
1.258029767092094175e+01
1.029594839461777767e+01
9.072614998239291850e+00
7.702347019434194308e+00
4.533206979339299281e+00
3.916297439590256779e+00
3.453895245658841429e+00
4.074285079109329466e+00
4.607586029585266196e+00
3.993300636795651837e+00
4.976475818740220269e+00
4.971030029020988117e+00
6.466611894135625427e+00
7.026473041836782230e+00
3.282594598316211698e+00
1.462090370216425184e+00
2.668581816752096714e+00
3.904624336627549930e+00
5.751218909723708528e+00
8.204825224477076517e+00
9.409095345133899002e+00
6.507219757373247759e+00
3.044999302774832106e+00
2.729561939802941595e+00
4.916310205491043916e+00
6.901887302437141436e+00
1.564897833139630157e+00
-2.633042521447422235e+00
-1.459686049954618925e+00
-1.733837256402182003e+00
4.029165554867052829e-03
-3.667370967122643988e-01
-4.283806484301885931e+00
-1.699094720937668779e+00
2.677640130459791878e-01
-5.372808896555698155e+00
-9.413460763573702650e+00
-9.411408876934256540e+00
-1.013705321901936784e+01
-1.008578482013316524e+01
-9.030966107243971308e+00
-9.716891064232685338e+00
-1.127665810585645723e+01
-1.278657973664093817e+01
-1.376781260086093717e+01
-1.207746775198091704e+01
-5.590323329816737186e+00
-1.444033171099585733e-01
5.903407256070655862e+00
7.006107723220915240e+00
4.636258310349969491e+00
3.174772178419338786e+00
4.977240615341223418e+00
6.674115808409044170e+00
6.169916892149925225e+00
7.920099576819795706e-01
-8.342563308770913011e+00
-1.167178583643231171e+01
-1.304101640041112198e+01
-1.377335736784950626e+01
-1.178704418979740076e+01
-1.080701189864488576e+01
-1.087301552019331474e+01
-1.060014140649319181e+01
-1.235109242618437619e+01
-1.262880839906715735e+01
-9.382203579349459588e+00
-5.464365853555446684e+00
4.288162192113424698e-02
3.915770641912832417e+00
4.705835837500571550e+00
1.705214394378057108e+00
-1.429881063143179087e+00
-5.733669449081252312e-01
-2.811122123986227184e-01
-3.802505740123938160e-01
-1.427072334582072666e-01
5.534403169148343071e-01
3.029821264848187035e+00
3.712072496139918965e+00
-5.078627399539635823e-01
-9.315941227410028391e-01
-7.812714022343791864e-01
1.478508360310624159e-01
1.303544787565028118e+00
2.340117995364317860e+00
6.591046654271934813e+00
8.092211246041973283e+00
9.895114536612164002e+00
9.239884023108704270e+00
8.889504436769422924e+00
9.340402842432553143e+00
8.963855083571091953e+00
1.123442639994208037e+01
9.909408227291148563e+00
6.677617866372759892e+00
6.474733809845568899e+00
7.553027598203882143e+00
9.560017443016322503e+00
9.371573818338534423e+00
1.064947847814151949e+01
1.261372504009569262e+01
9.578468316173459840e+00
1.040440325750300765e+01
1.129919682329212627e+01
9.428996207793620243e+00
7.625657513809358967e+00
6.430332248244842397e+00
6.496085216873511925e+00
8.232558919028690525e+00
9.461673353186698776e+00
7.135698367962007183e+00
3.762171894044243903e+00
2.362344250279595936e+00
1.112965079114141886e+00
-6.950806622655388844e-01
-5.925905298653630915e-01
1.500948189080712813e+00
3.835879994653329295e+00
7.115389943223056513e+00
1.079166403990138612e+01
1.046478967005869443e+01
1.038797214352822174e+01
9.610846303502702526e+00
6.558434836426722647e+00
4.116934584000293995e+00
3.225850256520819581e+00
2.839662468203867363e+00
4.262210007042080306e+00
6.398993391097066663e+00
5.313118215296790403e+00
1.333368939140369136e+00
-2.705150493134459655e+00
-3.164821897968720155e+00
-8.465843561689184726e-01
1.820926607627667559e+00
5.672406469274858587e+00
1.011259265618784298e+01
1.335862744804443203e+01
1.516100278206421237e+01
1.514149909823337481e+01
1.281483141070785337e+01
1.002730344468667489e+01
8.320637160574783309e+00
8.584721421495547844e+00
9.863880370184810786e+00
1.121077233528833617e+01
1.246966205859861709e+01
1.199173727409889878e+01
1.054987802817791120e+01
8.723899611925004294e+00
6.261088767304324065e+00
4.396558942456558761e+00
3.012771408827177311e+00
2.758492338962895030e+00
3.857890235924703148e+00
5.603698491428576567e+00
9.156931350662427249e+00
1.138055806160826933e+01
1.230601493605237451e+01
1.312425853800457176e+01
1.316614841771490418e+01
1.054433296542283927e+01
6.843640541073914285e+00
5.953840844339834071e+00
5.717677613683326499e+00
3.673058127511634741e+00
4.578580398124563189e+00
6.489716585593238385e+00
5.157956546974183709e+00
6.715558527924743615e+00
8.024431387351473433e+00
6.946929341039025374e+00
4.760671020622570637e+00
5.804612865031604230e-01
-2.551390419845935842e+00
-1.051713667785989514e+00
4.702272609686744431e+00
7.362581170163482014e+00
4.055984922371795420e+00
3.944176619958416286e+00
3.710105771394421215e+00
4.140164355578963118e+00
5.555952614057773076e+00
5.096258569531383564e+00
4.631870759076810451e+00
6.775609122603807322e+00
9.775774597019839973e+00
1.117656241766557201e+01
1.056631338799396147e+01
8.070472795834664481e+00
9.450542247771151594e+00
1.233942927152850721e+01
1.331576350522959373e+01
1.266039832692550959e+01
1.064989068043055376e+01
8.920272577531594749e+00
8.857555282480971570e+00
1.060848563827667057e+01
1.179955388806603089e+01
1.043347422464893803e+01
6.038430814857762563e+00
3.309552984791668262e+00
3.207569214040382199e+00
3.777438809275259324e+00
5.047243411002356517e+00
7.934242023033672098e+00
8.471467165646593855e+00
7.880607146438014965e+00
9.844856056136034539e+00
1.248880375861169334e+01
1.372513544044222833e+01
1.402420381750054723e+01
1.414017461852142610e+01
1.264600307627136999e+01
1.037102165557513622e+01
8.527693760881630780e+00
5.995210090782881807e+00
6.899956228101505218e+00
7.683770106613609485e+00
5.205738281194253858e+00
6.191617239654385152e+00
8.668206702514167361e+00
5.695236473933286803e+00
4.144651738304375499e+00
6.101925111127745716e+00
8.024912189163954324e+00
7.967667551282310967e+00
8.854182360792563600e+00
1.064096520405520963e+01
1.181663721016679247e+01
1.280291668646579772e+01
1.402392774718401114e+01
1.519344796386696217e+01
1.543551854101915310e+01
1.505906465237554492e+01
1.157883298178545672e+01
1.104564406494613316e+01
1.194221878708714435e+01
1.198780279216762779e+01
1.220363234908608696e+01
1.178706284865188181e+01
1.130530471348889954e+01
1.219595956581753526e+01
1.466966630427631735e+01
1.563613727115432894e+01
1.460541794658556825e+01
1.165988915527390724e+01
1.182352447742543156e+01
1.468942990980473340e+01
1.322028820933821969e+01
1.143795872818465398e+01
1.007600352139401423e+01
9.085799556677351063e+00
1.022836786029830058e+01
1.152555024393895167e+01
1.386272421862229010e+01
1.451887042130378802e+01
1.389078027266836735e+01
1.335827716238758001e+01
1.074751020253491340e+01
8.034636424921862030e+00
9.074059405144447865e+00
1.044066160041912461e+01
1.266869926331102469e+01
1.433049440915144324e+01
1.446466381769601384e+01
1.332512092273197979e+01
9.608667908680590841e+00
7.225382617788396189e+00
8.524608084562560251e+00
9.719219702465720090e+00
9.713145869794761467e+00
6.119951887349162511e+00
3.825415591930509063e+00
3.870355916443949607e+00
2.933941678555572974e+00
4.144568614848661348e+00
8.005058884593887925e+00
1.004834029661208916e+01
1.061314001517592587e+01
1.227457662732134835e+01
1.302646745578426035e+01
1.082686775391775846e+01
8.669171631111085574e+00
7.827713340834508315e+00
6.163346422072257802e+00
7.117333597373934673e+00
9.567384378134347500e+00
1.006427694615013912e+01
1.106467940836095920e+01
1.237575913289157370e+01
1.403455551959911851e+01
1.515087368322477879e+01
1.464216256578390052e+01
1.295875330921952084e+01
1.335567278362513122e+01
1.449605506432636481e+01
1.559986881445812479e+01
1.704107327996710453e+01
1.744889044734657801e+01
1.499561699689067495e+01
1.149545500504382112e+01
9.639847173968396632e+00
8.889127885031335552e+00
1.103561081248364850e+01
1.422830475889001178e+01
1.731182320691500109e+01
1.918487383120922374e+01
1.946845816491487824e+01
1.877694656061041201e+01
1.896642365652225948e+01
1.815777208905566553e+01
1.701822511662382453e+01
1.788269588264180854e+01
1.878020755141975684e+01
1.907553981697605394e+01
1.587012710047397235e+01
1.456943708471543708e+01
1.532562728145388320e+01
1.707887643991344717e+01
1.742646415936113513e+01
1.705048130384118821e+01
1.756033052932183125e+01
1.820324012015918314e+01
1.796874479500793242e+01
1.754597195810670840e+01
1.548134406444822986e+01
1.301988489756348066e+01
1.328938266658144762e+01
1.487168849988837671e+01
1.411590425047535291e+01
9.486892616796790634e+00
6.553300926201584886e+00
5.974274275133894641e+00
1.090582861927159186e+01
1.656846843127163993e+01
1.881197661867141235e+01
1.928583492592058590e+01
1.864626735404952029e+01
1.765210345080801702e+01
1.770875979030487102e+01
1.885295913652407407e+01
1.944574812282936804e+01
1.851309154334579432e+01
1.769428704126007190e+01
1.790684017465716593e+01
1.691043278964262697e+01
1.803287699087904628e+01
1.876026678313035845e+01
1.740321955810961541e+01
1.457399659789204627e+01
1.354327689591256423e+01
1.458835216837893078e+01
1.733641582208760212e+01
1.819471466754765032e+01
1.401620317530741389e+01
1.080518028178151546e+01
1.048745211780321540e+01
1.328555268990522897e+01
1.429462972518773611e+01
1.317488548544244686e+01
1.287552833780867623e+01
1.331866535721370859e+01
1.411161908070366700e+01
1.330580358915769601e+01
1.164781289660974828e+01
1.289628801576079020e+01
1.428630433374756592e+01
1.391179070200824874e+01
1.351801014074084861e+01
1.480169187487096671e+01
1.700880956885886519e+01
1.777845086256083817e+01
1.756999500834199424e+01
1.740383015456824012e+01
1.692503860749602396e+01
1.541598928489368348e+01
1.385062669178274142e+01
1.351957975161419334e+01
1.351387436616050408e+01
1.364931366240362287e+01
1.541369611069376866e+01
1.569553601677313637e+01
1.246357860479393409e+01
1.067310637843360865e+01
1.204113244119539594e+01
1.438324954403103817e+01
1.623966895763814122e+01
1.727883418812852412e+01
1.534982928275800695e+01
1.205306455404451427e+01
1.282803693350749086e+01
1.396792578929799156e+01
1.365424635997647762e+01
1.314105799089585069e+01
1.256197838812679279e+01
1.056195568569049215e+01
1.232470785824240522e+01
1.557126044741600701e+01
1.672191932815157500e+01
1.629039799176567982e+01
1.473164003868095051e+01
1.454411111069038220e+01
1.464117194569993252e+01
1.440832466186061112e+01
1.608615709721281917e+01
1.781169573365935577e+01
1.732200988305567435e+01
1.560705148152184840e+01
1.682646725914286634e+01
1.828271612716929795e+01
1.694546646038436677e+01
1.630099657554900006e+01
1.639977178698748972e+01
1.566626829286882661e+01
1.553269359535529404e+01
1.592605005707313381e+01
1.624339230681930601e+01
1.534206348091387184e+01
1.395584294887288124e+01
1.243438896408838090e+01
1.247071074393155143e+01
1.522037636680688344e+01
1.683103829032149079e+01
1.695063803115168710e+01
1.620909740779684682e+01
1.497416770287725996e+01
1.596799123259216557e+01
1.621146615052817097e+01
1.443459566014528939e+01
1.342664545499346929e+01
1.462096996324311426e+01
1.643883285442290187e+01
1.699978940102012714e+01
1.578325882340793562e+01
1.517189891424060022e+01
1.543620626348022284e+01
1.642190051930806760e+01
1.689026329291231576e+01
1.654126656352606162e+01
1.633379362502461873e+01
1.468435527186738909e+01
1.140760801182976003e+01
1.034970283586041795e+01
1.119181197673783856e+01
1.215676042733908524e+01
1.186866367295657376e+01
1.050661797399597219e+01
9.892712892752797416e+00
8.771990394395739798e+00
7.795124844152828025e+00
9.334675428562897892e+00
9.796774156796988819e+00
1.103339361135245156e+01
1.398010389538725207e+01
1.315721663605705594e+01
1.161464883365206724e+01
1.075399828797023005e+01
1.234605807021269541e+01
1.508520193269240472e+01
1.467988822499190604e+01
1.420528127049051470e+01
1.364485012866523839e+01
1.273611650515756111e+01
1.251409141761875610e+01
1.210687638802709998e+01
1.256368843207312658e+01
1.332696467236188731e+01
1.175627729232694563e+01
9.852217014461221112e+00
9.003650326060292031e+00
9.146396503499904185e+00
1.163517267607396377e+01
1.303349675114213113e+01
1.365252248422920189e+01
1.584687613738469203e+01
1.708104746465611967e+01
1.671680337613246081e+01
1.752054280831429978e+01
1.766053079296562700e+01
1.748362146695986752e+01
1.829637943648435083e+01
1.926415786301862099e+01
1.920236745306249659e+01
1.888692373460241214e+01
1.912659560885656518e+01
1.867071547881065641e+01
1.762775643858698515e+01
1.723746341904492851e+01
1.698519544051395513e+01
1.702514017470930341e+01
1.709321500881392808e+01
1.799611685968855568e+01
1.883570667109979979e+01
1.902747316816792988e+01
1.878107964629211679e+01
1.731660013229086204e+01
1.669925407221115776e+01
1.649574845520655586e+01
1.630921650772205211e+01
1.685091216048811447e+01
1.582857575537314609e+01
1.501723776396934973e+01
1.381288115885170598e+01
1.434520801010956603e+01
1.785869129083980411e+01
1.849539820802755941e+01
1.771622362738519740e+01
1.855297652387432095e+01
1.916274762488943040e+01
1.846312823848029794e+01
1.576394661502257399e+01
1.616265908808315643e+01
1.738200083919786820e+01
1.670452717592588243e+01
1.690370323775385586e+01
1.785481959351050207e+01
1.809656744175227061e+01
1.809001558991591097e+01
1.838957738913324391e+01
1.923683586108493060e+01
1.964810139080605111e+01
1.922050334753322431e+01
1.881737686270969689e+01
1.853879088339836656e+01
1.879643379912725010e+01
1.837483828602543667e+01
1.777808946985037863e+01
1.749242942797076950e+01
1.822027285887899595e+01
1.912477719938807041e+01
1.964155960302010229e+01
1.959666126288977850e+01
1.961357986225284833e+01
1.922515940376335308e+01
1.850633734088544102e+01
1.727350164446505687e+01
1.680844462795945304e+01
1.669296398230070722e+01
1.718515260763258112e+01
1.809939674482591343e+01
1.885103662563858862e+01
1.932296688428498399e+01
1.920430162979140221e+01
1.872107105760879620e+01
1.758956077296659970e+01
1.489593895243487154e+01
1.226968324747351780e+01
1.304558251609472030e+01
1.266442348366105541e+01
1.133604678168128821e+01
1.020773338388435647e+01
1.041100650813797479e+01
1.015556537889495559e+01
1.119915012942776222e+01
1.420560811963129666e+01
1.527516890040219621e+01
1.444891633595517000e+01
1.489740483607450905e+01
1.573187594550008761e+01
1.618493121896732490e+01
1.533028254026677750e+01
1.515346381115352692e+01
1.644629165834374973e+01
1.671138256399987654e+01
1.735815642172192952e+01
1.777188079437251034e+01
1.842716466776791506e+01
1.904992439627376299e+01
1.947751414773492940e+01
1.917546474227776088e+01
1.813107596388568510e+01
1.817882785918360611e+01
1.847288566415973676e+01
1.847328880966894360e+01
1.931569665523887380e+01
1.903522983115550460e+01
1.780003559167320049e+01
1.857213578970297263e+01
1.858074024392892909e+01
1.826307884840638351e+01
1.816451537311134956e+01
1.885053144841861084e+01
1.883963169672736626e+01
1.865191713002156249e+01
1.754168787144653052e+01
1.521995145682564221e+01
1.720927900113138520e+01
1.814320218859495171e+01
1.781032606380442829e+01
1.706673535209800008e+01
1.614830403447456320e+01
1.483719392394221792e+01
1.428629186143361984e+01
1.502823624835604832e+01
1.635618521212776244e+01
1.564122584066796051e+01
1.597003338576866582e+01
1.753837245758898788e+01
1.845887742112066476e+01
1.783113631238744290e+01
1.566232544287239392e+01
1.453299949850348760e+01
1.025167375412958215e+01
1.330732283868543320e+01
1.728732053466274721e+01
1.791028256204888081e+01
1.879946640513121991e+01
1.895295639817187805e+01
1.906155080751180009e+01
1.938945513246306263e+01
1.927538210273432995e+01
1.896358013538236875e+01
1.851769324469086797e+01
1.834685856596946962e+01
1.811926297792904705e+01
1.808132284311824733e+01
1.833776237792933728e+01
1.834653118347034706e+01
1.734506259228329839e+01
1.738404895156154240e+01
1.861449759926161462e+01
1.792581276325610062e+01
1.557186420553014905e+01
1.591412720590924401e+01
1.720387871864924634e+01
1.780344634668622206e+01
1.755845412793781080e+01
1.788042064596887926e+01
1.839342068259162133e+01
1.746640282584477077e+01
1.595631358932423893e+01
1.661330262138966063e+01
1.736213931365879759e+01
1.741510883002166921e+01
1.765397961194722498e+01
1.713495024754475082e+01
1.676065103032111381e+01
1.698539150495575001e+01
1.636211702689417891e+01
1.779255278348990998e+01
1.874626806029366222e+01
1.855799781453529818e+01
1.863262298223217428e+01
1.891805180770663597e+01
1.794351829519021280e+01
1.492766084211030986e+01
1.402268926975857788e+01
1.403142832936537232e+01
1.498640538870593630e+01
1.629264035453808646e+01
1.657421216975750866e+01
1.716128344649755988e+01
1.749162096296410240e+01
1.619157907633484683e+01
1.444089043008121287e+01
1.207939386810446791e+01
9.641570989587581408e+00
1.091828053945215515e+01
1.297792776064497922e+01
1.441967085685654304e+01
1.564602422515760693e+01
1.580809635438011895e+01
1.476090904589639585e+01
1.456551728397232459e+01
1.448131823350851555e+01
1.354976084732108710e+01
1.128643403038732629e+01
8.700962716962328258e+00
8.828393575747510269e+00
8.675590253189854550e+00
1.012008566498669992e+01
1.430098209581832158e+01
1.517536641947060794e+01
1.368610404491317212e+01
1.058880983346011462e+01
9.750764253558749317e+00
1.096766747747427395e+01
9.378611138835692529e+00
7.294114663041631808e+00
6.246857674163321938e+00
2.697326889183460974e+00
7.911042143487045930e-01
5.972433655753809134e+00
1.310942566164974465e+01
1.513941689111866395e+01
1.526326467556333810e+01
1.492766965347845343e+01
1.452891019196979805e+01
1.364468776798353922e+01
1.241325825308544850e+01
1.138189791440302479e+01
1.361329978180721234e+01
1.531013412189530953e+01
1.523679202076941053e+01
1.554891573207025957e+01
1.663387766138584212e+01
1.711467430639681098e+01
1.646865124058114915e+01
1.677877960693939841e+01
1.642121821797905312e+01
1.418525203550880143e+01
1.445751337673521952e+01
1.710706662226853325e+01
1.802482027742747306e+01
1.805036077341578604e+01
1.823039407647672050e+01
1.800111124377928817e+01
1.723472516064561333e+01
1.667047013515312059e+01
1.638004369845894814e+01
1.556570495750636951e+01
1.499303614227372883e+01
1.465054016415309235e+01
1.522200639080131701e+01
1.661556206371445654e+01
1.612017381888107792e+01
1.575235089536309729e+01
1.677947118906575952e+01
1.745033397117112983e+01
1.734335667138545745e+01
1.773219359439384490e+01
1.778355218207870792e+01
1.800642597341366269e+01
1.776249053071261486e+01
1.675111461927899725e+01
1.558931580781142578e+01
1.503831027003660026e+01
1.505910106410770055e+01
1.406861553264751485e+01
1.318973346589454287e+01
1.311465698382336598e+01
1.300706728634286513e+01
1.333778892322951215e+01
1.420660842096705601e+01
1.388348775579832051e+01
1.364471611674767182e+01
1.410586272163708976e+01
1.406199521512776229e+01
1.360761761684020676e+01
1.122402422231897035e+01
9.145043119564213896e+00
1.030479973124081994e+01
1.088934644375191674e+01
1.193372459878409231e+01
1.280234653056471750e+01
1.331758703706854341e+01
1.550079395394387127e+01
1.400773407317257302e+01
1.151888924370140188e+01
1.426562648367718111e+01
1.500407898578651711e+01
1.552038368708061000e+01
1.580675047001876088e+01
1.469937104277409290e+01
1.426042887659016678e+01
1.430265800493068795e+01
1.422031967972342237e+01
1.321079672556644979e+01
1.241770828386121295e+01
1.290535658874798131e+01
1.314896826597066415e+01
1.434453616708254309e+01
1.615401723217816965e+01
1.654407313546431268e+01
1.637259663958156963e+01
1.498889375848915506e+01
1.291995623559758322e+01
1.136394636633464117e+01
1.351932247021103173e+01
