-6.959407515386188514e+00
-7.463384854295230575e+00
-7.795725749886873501e+00
-6.814379954588511978e+00
-6.115748067546736166e+00
-5.504582027090103580e+00
-4.277777085237196353e+00
-2.130913210504388644e+00
-1.268261544908627858e+00
-1.219346243648481209e+00
-1.497814317997032019e+00
-2.247701270763085901e+00
-4.294469195711719256e-01
2.436174437527561132e+00
2.680046606710026147e+00
1.437644437704513223e+00
-3.896087611673697548e-01
-1.555646484364155979e+00
-3.581173724180503726e+00
-4.542057871728049534e+00
-4.008807616857619216e+00
-2.794742189936422427e+00
-2.327647577010928615e+00
-3.721019602404212812e+00
-5.636482347775820578e+00
-5.400878640444862100e+00
-4.912323440244423800e+00
-5.820007843075577725e+00
-7.053505248030254471e+00
-8.585429300368222272e+00
-6.833482948014387937e+00
-2.769838521269033293e+00
-3.507576304211753815e+00
-3.712996678527069605e+00
-3.144735640159396439e+00
-3.030431034466395612e+00
-3.721381615063703574e+00
-4.341260352572636982e+00
-3.040840289168835309e+00
-2.218732596620200503e+00
-1.959692675167288733e+00
3.513211632852795696e-01
2.611969288547973722e+00
2.697920797143677163e+00
3.505654306907339368e+00
3.801776630461597861e+00
2.094341451581160474e+00
9.602921217476800830e-01
1.350426413566765405e+00
1.916731852234984768e+00
2.079270057509531533e+00
4.102386242919008885e-01
-3.097790052105266589e+00
-4.650094491231202554e+00
-5.656029876025627345e+00
-3.082668243602309399e+00
7.682757167135633170e-01
7.025320221440303214e-01
6.470665775920301233e-01
6.470665775920292351e-01
6.470665775920292351e-01
6.470665775920302343e-01
6.470665775920301233e-01
6.470665775920301233e-01
6.470665775920301233e-01
6.470665775920301233e-01
6.470665775920301233e-01
6.470665775920301233e-01
4.850231812153368294e-01
2.718660544072552532e-01
2.198555133688450347e+00
4.758182859735612169e+00
6.272647002375547842e+00
6.920548494798070216e+00
6.227273911723046673e+00
5.601618053536710384e+00
3.695725325905877767e+00
1.129467970081552419e+00
6.713390913462428111e-01
1.382643228127513391e+00
-4.277759233955465146e-02
-1.298686581279511199e+00
-4.861006229606701368e-01
-1.096131952594805448e+00
-3.079285311504451172e+00
-3.304019390741665951e+00
-1.600051494605205349e+00
-8.812117471007397951e-01
-8.989274224511227818e-01
-1.338867939648455518e+00
-3.234647549523296028e+00
-5.134496064580861940e+00
-6.474732242404071414e+00
-7.436753554689002677e+00
-7.373940317726058957e+00
-6.998181271637899492e+00
-7.031840238894383255e+00
-5.953751978655125399e+00
-3.782411502313173024e+00
-1.048401243263997751e+00
-1.630031083750937415e-01
-9.883473931912568622e-01
-2.099996086637356374e+00
-3.297485263823921819e+00
-3.522100550975299171e+00
-3.400780129252723327e+00
-4.437746275940834373e+00
-4.548431819255577935e+00
-2.008854644767048114e+00
-5.366768190794712901e-02
1.407381099309281541e-02
-4.559417945136452488e-01
-1.231813432974472322e+00
1.215863595035371614e-01
3.221953681185187435e+00
3.797162179568196905e+00
3.727122325891158994e+00
3.536585668734323562e+00
9.893179797443610868e-01
-1.581195378383659644e+00
-1.775134474915915028e+00
-4.886777616896266774e-01
-1.892199364238937032e-01
-4.928788292421122930e-01
6.470665775920301233e-01
6.470665775920301233e-01
6.470665775920301233e-01
6.470665775920301233e-01
6.470665775920301233e-01
6.470665775920301233e-01
6.470665775920301233e-01
6.470665775920301233e-01
6.470665775920301233e-01
6.470665775920301233e-01
6.127783489019422714e-01
1.224742675830082117e+00
2.806469225135009626e+00
4.649293887439880812e+00
5.129851719334094895e+00
4.063928736938159147e+00
3.466184856296294026e+00
3.733607730281661041e+00
4.594961826517659276e+00
4.644177233993176834e+00
2.062335402478996826e+00
-2.554245163520795781e-01
-9.197498138634685461e-01
-6.763200123594921287e-01
-1.254794129654440038e+00
-2.440045876017420401e+00
-3.644074803727425760e+00
-5.082239757737885277e+00
-5.574344968835444725e+00
-4.643074271950550447e+00
-3.134455228592570197e+00
-3.504655173315784911e+00
-4.963184485823167513e+00
-5.784262637083029013e+00
-6.833263748399705406e+00
-6.644134356948703690e+00
-6.292078820507792436e+00
-6.548938237397942785e+00
-5.423454473988816638e+00
-4.164501569395132385e+00
-4.762697670572997311e+00
-6.183640828775563314e+00
-6.655977562633940359e+00
-4.787242139025486232e+00
-3.687217449877049802e+00
-5.124071250550467305e+00
-5.915251986858020672e+00
-5.286011308188452773e+00
-4.215717340403934976e+00
-3.241523253002956739e+00
-4.063352382545777353e+00
-3.000929853322995111e+00
-9.769618728786819695e-01
-1.069122987353038123e+00
-4.510514014537867489e-01
-2.169245266973335584e-01
-1.191390729881135924e+00
-9.462137272109290009e-01
7.867419618431428230e-01
1.387904934236506627e+00
1.159054196576352558e+00
7.632517143627199907e-01
-1.969590125352235488e-01
-1.193620314378255554e+00
-1.598269194527623727e+00
-1.354754091394790638e+00
-4.564204832866819439e-01
-1.921592201210396977e-01
-1.568340132497862971e+00
-3.004027966225823576e+00
-3.209676982477651208e+00
-2.870199855565557900e+00
-2.667025416381546776e+00
-2.257618009985486118e+00
-3.056278077185541342e+00
-3.759011938462214708e+00
-3.081332630477296775e+00
-4.294180065018614378e+00
-5.374323505161634706e+00
-5.358199417294270184e+00
-4.993442113264894289e+00
-3.269838004441608881e+00
-3.415304621737540902e+00
-4.314022309873259076e+00
-4.203318825074740417e+00
-4.411585534834450151e+00
-5.475424028363627293e+00
-6.902317343644900127e+00
-5.344491137766106625e+00
-3.035645077424951932e+00
-2.670820789321670219e+00
-2.351215952072487347e+00
-2.189484921499913028e+00
-2.429899683892863038e+00
-3.636271584808120849e+00
-4.964904428034258466e+00
-5.722059624474690409e+00
-6.481918625767353781e+00
-7.168562589768932902e+00
-8.513756705915128009e+00
6.470665775920301233e-01
6.470665775920301233e-01
6.470665775920301233e-01
6.470665775920301233e-01
6.470665775920301233e-01
6.470665775920301233e-01
6.470665775920301233e-01
6.470665775920301233e-01
6.470665775920301233e-01
6.470665775920301233e-01
-9.012357464918700600e+00
-7.749087231489194316e+00
-7.081776027282862707e+00
-7.015585907450494041e+00
-7.065181992772259001e+00
-8.148430568423217224e+00
-8.952270913152327481e+00
-8.980317063564312363e+00
-9.214156657570292452e+00
-8.716936676631997116e+00
-7.279949995886418002e+00
-6.357300555674220810e+00
-5.681810125833003156e+00
-5.375322840411242531e+00
-4.437505621781359544e+00
-3.135557293400562440e+00
-2.573364627336580668e+00
-1.689934748379248397e+00
-1.638698918441954033e+00
-3.135563219316895189e+00
6.470665775920301233e-01
6.470665775920301233e-01
6.470665775920301233e-01
6.470665775920301233e-01
6.470665775920301233e-01
6.470665775920301233e-01
6.470665775920301233e-01
6.470665775920301233e-01
6.470665775920301233e-01
6.470665775920301233e-01
-4.638140608847250768e+00
-5.281689165589056323e+00
-5.053252011177652214e+00
-3.497289390040665857e+00
-1.574499085904299989e+00
-5.602752815005942466e-01
-2.055298643512167622e+00
-5.089491498074748321e+00
-5.141932801112687912e+00
-4.156623922722356035e+00
-5.505873711545016924e+00
-7.193410216034823002e+00
-7.185978327180737146e+00
-6.172628810076404626e+00
-4.777087590497434810e+00
-3.924072524770727100e+00
-2.721723192581057660e+00
-2.377481198316437450e+00
-3.228894718334101022e+00
-4.168964772669966123e+00
-4.702407950104087853e+00
-4.104936330363283759e+00
-2.934207088204751290e+00
-3.154828733015956566e+00
-4.708831102291092030e+00
-6.914332133418465531e+00
-8.749292347805283754e+00
-9.023371346269110305e+00
-8.659423245584273232e+00
-8.323123112221773923e+00
-7.988009763204649616e+00
-7.175498656163306954e+00
-5.516032052809573649e+00
-3.979198612069071217e+00
-2.733898097269665151e+00
-2.713986041930510851e+00
-2.588178736456184126e+00
-1.385621961496479537e+00
-1.940323625101779026e+00
-3.778479148981270352e+00
-5.660357954525014890e+00
-5.333241955400473522e+00
-5.663147817476163581e+00
-6.110220723085643790e+00
-4.915819748279807833e+00
-4.260705408354268364e+00
-4.864873978897320761e+00
-6.032852296694472649e+00
-6.241539473118391967e+00
-6.081935072313279456e+00
-6.151601880302641767e+00
-6.767456588058848865e+00
-7.846416450022570821e+00
-8.469933265449903104e+00
-8.624117018247057231e+00
-8.171038775580099056e+00
-8.533042237549159026e+00
-9.070852404708114491e+00
-8.119697681680628776e+00
-5.891466348790797447e+00
-5.563731243111862845e+00
-6.383110964900995832e+00
-6.966398734751397370e+00
-8.563275076254367235e+00
-8.325393151116569967e+00
-7.125602357588969760e+00
-7.624568265463349981e+00
-8.038495825578428011e+00
-6.909869420731826750e+00
-5.163063347127661906e+00
-5.082902571623463928e+00
-4.775130632853877621e+00
-2.700961463160584053e+00
-2.120223937375140366e+00
-2.837192766902903784e+00
-2.391892260955908789e+00
-2.598118784772777357e+00
-5.550760357131472311e+00
-6.404521037955591467e+00
-5.356428889790525893e+00
-4.193849207326213246e+00
-4.605940634195760275e+00
-5.567818774208373789e+00
-6.479641226790490371e+00
-7.216298213118793825e+00
-6.904571459927215216e+00
-7.634344613274040903e+00
-8.036353695680135800e+00
-7.134556107296902816e+00
-7.084747231259232336e+00
-6.933716403017716523e+00
-5.804297071653998330e+00
-6.141148630788736185e+00
-7.323401201822705708e+00
-8.062259565514482418e+00
-8.126947774720033379e+00
-7.962040416316471081e+00
-7.621481547446745886e+00
-6.463480025108711224e+00
-5.830653070172989949e+00
-5.940059429182597661e+00
-6.156282723455421824e+00
-5.275454736391805177e+00
-4.271207572070170322e+00
-3.991327742193907735e+00
-3.455140006489242133e+00
-2.522796872771753129e+00
-2.355752593469572442e+00
-4.702040903070289879e+00
-7.329319462037614308e+00
-7.717866805764180604e+00
-7.067649256177191752e+00
-8.261190376818719372e+00
-8.349706795679843196e+00
-7.384318441470950845e+00
-7.615905998679314060e+00
-7.251838693129577074e+00
-6.303508625530990450e+00
-7.617129771662964899e+00
-8.330625164661919158e+00
-6.248961341967310013e+00
-3.738641983378374167e+00
-1.888462677764562336e+00
-8.803945613879615717e-01
-1.216388623484696563e+00
-2.159524351750860660e+00
-3.543451929508519171e+00
-5.163118258990118115e+00
-5.727696044502819994e+00
-6.003889097724682600e+00
-8.164139203231092878e+00
-8.832927276764108271e+00
-8.347891177098317073e+00
-7.336710834494907907e+00
-8.189967348731405750e+00
-9.530907580315345129e+00
-9.169508422806389447e+00
-8.572053998772107164e+00
-8.590411489220354468e+00
-8.980980949224056431e+00
-9.417810507985663548e+00
-8.211691669245208658e+00
-8.501853567911757281e+00
-7.826034963360303465e+00
-8.329428772012866133e+00
-9.392070243871929236e+00
-9.101160468702680362e+00
-8.787286627618707158e+00
-8.581271239347445956e+00
-8.556375097388308149e+00
-8.834953520157354134e+00
-7.336921245813541326e+00
-6.884410542851701287e+00
-7.494974994380113387e+00
-7.567267835630097750e+00
-6.942376441873363113e+00
-5.539381211664352378e+00
-4.271879940230063788e+00
-3.899826984336445257e+00
-3.988159713008656126e+00
-5.111291300197505549e+00
-6.267123310671640191e+00
-5.737196888357074975e+00
-4.276873411702850625e+00
-4.140675877927985304e+00
-5.975162351968040575e+00
-7.468686349629185983e+00
-4.885840131018684751e+00
-3.376697220523205090e+00
-4.979645490988674261e+00
-5.387111792421069190e+00
-5.929370387879399296e+00
-5.961015727087127125e+00
-5.630153493124502972e+00
-6.633948717282478036e+00
-7.624969848595607225e+00
-8.344035059344385274e+00
-9.000394331383420266e+00
-9.124083648471554397e+00
-8.792336738344681990e+00
-8.257415357597498229e+00
-8.055643497856523894e+00
-7.750111241255878802e+00
-6.919882320940752507e+00
-6.214311734260699716e+00
-6.753311442729338587e+00
-6.986224342481493821e+00
-7.911414145016089527e+00
-8.695273773947329587e+00
-8.033382670407467785e+00
-7.509877819790896858e+00
-7.435269200534759371e+00
-6.544819031811622168e+00
-5.200838734764716698e+00
-3.911795365770105892e+00
-2.087830108857882561e+00
-2.025914261843066999e+00
-1.913164726321315179e+00
-2.407451405358281171e+00
-4.202390132793895283e+00
-6.902431103281490898e+00
-7.003019763054059155e+00
-4.477392555196195723e+00
-3.808404510799981324e+00
-5.126337185522522155e+00
-6.239249411323636529e+00
-5.666829666373033980e+00
-4.969470706346484690e+00
-4.470765902947016812e+00
-4.383099982869148370e+00
-6.279037060002734094e+00
-7.167215521174967741e+00
-7.622028788898001395e+00
-7.615422386667000332e+00
-7.965329903085297758e+00
-8.566126492537808446e+00
-9.332434643826355014e+00
-9.781624631725343022e+00
-9.567611717982119401e+00
-8.983389111850186737e+00
-9.150233216412694048e+00
-8.991110099712599890e+00
-7.399107263179330651e+00
-5.847860726897956773e+00
-6.022557935960848319e+00
-7.283487772925129278e+00
-8.108519875954762313e+00
-8.137956455781575116e+00
-7.587259909342432884e+00
-7.630974754724105580e+00
-7.873361332748335606e+00
-7.127551552291099490e+00
-6.787447339701497384e+00
-7.968564739576279088e+00
-9.161432679965111348e+00
-9.066894177488400430e+00
-8.002854893731393915e+00
-7.204581483859947788e+00
-7.821167954359636632e+00
-9.100421418211761093e+00
-9.443945614815959289e+00
-8.757997647796099017e+00
-7.264958179654621873e+00
-7.009038091339940379e+00
-6.711441307319780947e+00
-7.506215845557149713e+00
-8.332384931711150244e+00
-8.377068565483167362e+00
-7.840200907427198551e+00
-7.298475991773575977e+00
-6.850503661303265268e+00
-6.799629268236113688e+00
-6.679373311939069247e+00
-5.755164983723362937e+00
-4.374495173341641951e+00
-3.528562180417294414e+00
-3.702810172484541695e+00
-3.024954566886452589e+00
-1.010335617931242824e+00
-5.999234373271782328e-01
-2.170674915605311561e+00
-4.246868930355883087e+00
-5.881013524247022950e+00
-6.495589930210353913e+00
-7.078744192849844907e+00
-8.124343909467931724e+00
-8.424093076391690360e+00
-7.444462488632063391e+00
-4.745739623767350146e+00
-4.260411083360893691e+00
-4.712524904908418577e+00
-4.729292055430182273e+00
-6.042090900225438155e+00
-6.607776458577522938e+00
-6.924048535671955662e+00
-7.935476514375344514e+00
-8.795193280079036668e+00
-9.054886708314642263e+00
-8.872551736657394272e+00
-8.605686334246602343e+00
-7.761597708269883711e+00
-7.082408205160761305e+00
-6.456752032377946371e+00
-6.819522706443937210e+00
-6.758437904426432219e+00
-5.716894771414182230e+00
-4.466120878568712982e+00
-3.546092578016073027e+00
-3.701150784104425995e+00
-5.788844779974689381e+00
-7.222076671443211637e+00
-7.921304822543094204e+00
-8.902418775437238807e+00
-9.266004527230149890e+00
-8.723548327915061407e+00
-8.571833603693383097e+00
-9.100437626641761923e+00
-9.457162179535831825e+00
-9.132149629199368235e+00
-8.949589285657902238e+00
-8.236198316640743755e+00
-6.832457134573696855e+00
-6.114423199998644698e+00
-5.004653085577435156e+00
-4.941064047540346671e+00
-5.461941598308470702e+00
-6.097012885723004594e+00
-7.634533655545916453e+00
-7.879281780124006929e+00
-6.994867698342879692e+00
-7.019899697153177520e+00
-5.962859196687632313e+00
-5.831483995732674508e+00
-6.793275866341464742e+00
-6.233487827819312876e+00
-6.371821128304634207e+00
-6.566168712412278730e+00
-4.984638845136280416e+00
-4.315466214475236484e+00
-5.009409565881347781e+00
-5.871102377566764119e+00
-5.918936241147025434e+00
-5.186775626287537300e+00
-5.825569549077704856e+00
-7.641540317564369467e+00
-7.660493894650555191e+00
-6.861335578674277791e+00
-5.696185393395599483e+00
-3.686700464632458374e+00
-4.322231392715933929e+00
-7.839455477095506275e+00
-8.998475175019107652e+00
-9.102751494987177949e+00
-9.302159026687400356e+00
-9.379656210056571908e+00
-9.002767495089745609e+00
-8.538636730937762209e+00
-7.912407234313994842e+00
-7.323524654034730297e+00
-7.572238380045218875e+00
-7.948104654352163401e+00
-8.513732467299151452e+00
-8.193351626527626053e+00
-6.667674480645288781e+00
-6.528210582638371839e+00
-6.722049613513672917e+00
-5.779747580484705161e+00
-5.889228561626580039e+00
-6.515866213672393492e+00
-7.078743139033762510e+00
-6.986728387489560710e+00
-6.150493233726847642e+00
-4.851790666792004991e+00
-4.739316999484244342e+00
-5.389864655378576508e+00
-6.289362470362605428e+00
-7.829825584532255078e+00
-7.248748969376411999e+00
-6.365747575486108367e+00
-6.176531988172931698e+00
-5.872596316720307463e+00
-5.462925486828974719e+00
-3.502965202332106731e+00
-2.760356161982527645e+00
-3.465876347981343475e+00
-3.105964631737144988e+00
-3.371376755576759088e+00
-2.867551099237101386e+00
-1.756318282214914817e+00
-2.799317497201900817e+00
-4.456860679923279278e+00
-6.056314068601301948e+00
-8.170562897966087590e+00
-9.267143639300341462e+00
-9.163363967709932112e+00
-9.417459517820521597e+00
-9.152307124523980875e+00
-8.133182331751891425e+00
-8.010707823056783639e+00
-8.444728650337017584e+00
-9.058347574054954165e+00
-9.071508965154480464e+00
-9.173859860496454743e+00
-9.490089176789703984e+00
-9.160276181508058002e+00
-9.218322546276551677e+00
-9.624124367407899783e+00
-9.744620976805043355e+00
-9.701270542682232545e+00
-8.830911546449131677e+00
-8.382008456586088840e+00
-8.572212522162553583e+00
-8.953694498792536649e+00
-8.364410103901263938e+00
-8.513800733891519812e+00
-8.631523595397082360e+00
-7.305423676738955763e+00
-5.803732032678998287e+00
-5.265883175375781988e+00
-5.443672046321732516e+00
-4.293363707844448207e+00
-3.346475643215097495e+00
-3.137704001005733545e+00
-3.876448107804124632e+00
-4.461693075524114427e+00
-5.972062378451767906e+00
-7.629695100033772270e+00
-7.744638186308542949e+00
-7.371483341828665381e+00
-6.965687953869927007e+00
-7.055386998351042216e+00
-6.658759591018281299e+00
-4.980639380247219528e+00
-4.481569541430563852e+00
-5.320344834949022328e+00
-7.052369379986973108e+00
-6.444654194630903277e+00
-3.779633713541269202e+00
-3.702033986044294789e+00
-5.420933156847548062e+00
-7.028966333636614827e+00
-8.841525816124127246e+00
-9.082549737337414442e+00
-8.085904911048682919e+00
-7.774729101308850865e+00
-8.149197073132395275e+00
-8.374765616672503299e+00
-7.925200862972485716e+00
-7.130707359989595595e+00
-7.041948428542167626e+00
-7.609369863217889218e+00
-8.257416770394829797e+00
-8.886331230902131395e+00
-8.713112232712015626e+00
-8.488437990986964721e+00
-9.412762228549853560e+00
-9.802019573303153877e+00
-9.526454036783201573e+00
-8.772938485420603172e+00
-8.342427766604783912e+00
-7.590895971841246315e+00
-5.698768241659100120e+00
-5.020437240405544621e+00
-6.477033479021375051e+00
-8.016134989904347918e+00
-8.298504054767288807e+00
-7.421270564155257432e+00
-7.248190156392345429e+00
-6.961348612142422176e+00
-7.508183527722810169e+00
-9.244237162934750174e+00
-9.843454479805432200e+00
-9.809142167858594163e+00
-9.401841455961170269e+00
-8.824283150498814621e+00
-8.118086295164468780e+00
-7.624059366869851750e+00
-7.640422675165681632e+00
-8.891558773845135377e+00
-9.361804576954202872e+00
-9.128791846372989127e+00
-8.767342193600550004e+00
-8.034339070604422872e+00
-7.210936699753748513e+00
-6.294527416866357861e+00
-4.915696165969754894e+00
-3.616877855438394462e+00
-3.375447090599668520e+00
-3.302718390050763730e+00
-5.361135014812934863e+00
-8.429482573788931177e+00
-8.771763870112115669e+00
-8.329362442521004439e+00
-7.399555404845584050e+00
-8.512017195166997396e+00
-9.273558651748439630e+00
-8.946463960013860017e+00
-9.436317731801310060e+00
-9.844193166044702181e+00
-9.817546601028483977e+00
-9.671011045257218441e+00
-9.781990206965934576e+00
-1.005008810496722482e+01
-9.803963954377328704e+00
-9.411519152073577033e+00
-9.114974914940916051e+00
-8.964154365112662504e+00
-7.860337535661057196e+00
-7.725096657154545632e+00
-8.195434533080357298e+00
-7.841859834742439084e+00
-8.102792176325994689e+00
-9.533263850375215398e+00
-9.609699114008835252e+00
-9.459513807321860313e+00
-8.972359323880278126e+00
-8.574360010698621082e+00
-8.708391609567110336e+00
-7.820434281280234323e+00
-6.881992583077521708e+00
-7.094276832974865776e+00
-7.132633648628799783e+00
-7.308569196279425917e+00
-8.411980333051607417e+00
-9.395792545943352891e+00
-8.369686423671318209e+00
-6.980828127711727227e+00
-7.072998130749700074e+00
-6.161662176374805178e+00
-6.839974005484145358e+00
-7.622677744202167816e+00
-6.347359998016494309e+00
-5.556888201134690952e+00
-5.757237889367334382e+00
-6.269860881795952245e+00
-6.057178640814727011e+00
-4.981009850676908712e+00
-4.016584873045301762e+00
-2.950224837940900180e+00
-3.979217989206302430e+00
-6.105439084358338597e+00
-6.924838000229795121e+00
-7.787533043685684220e+00
-7.306086568225254041e+00
-6.973940093447819066e+00
-8.710716761769722538e+00
-8.969423039452601998e+00
-8.124069513613893179e+00
-6.937974384029508279e+00
-6.838459689694539101e+00
-7.732861635289942193e+00
-8.317492823411591019e+00
-7.744717561983607723e+00
-6.423543757124734022e+00
-5.321072979944749370e+00
-4.088760603827916285e+00
-3.193127457082621135e+00
-2.919056736925086160e+00
-4.361525320391241856e+00
-5.611912001837507269e+00
-6.284189490477948503e+00
-6.462400121450382784e+00
-5.545926376911812561e+00
-4.399201307027420960e+00
-4.113464809456670146e+00
-3.441216781661582846e+00
-4.820602272281628409e+00
-6.271230290364936621e+00
-5.462217675651619864e+00
-5.312334142553462257e+00
-6.178588915233770074e+00
-7.796863838016793835e+00
-8.220781385898815685e+00
-7.789448949894521412e+00
-7.273072013475361253e+00
-6.144433883113232575e+00
-5.189614757986135807e+00
-4.668293486392720126e+00
-3.484238162286850127e+00
-3.153655078773943909e+00
-3.376898609348914171e+00
-2.701127459792666663e+00
-1.558025573014504506e+00
-1.712986820067594396e+00
-1.832749047973216250e+00
-1.702896043800605080e-02
-6.061461684612223788e-01
-2.271727313648127300e+00
-7.923746595139071758e-01
-3.947323017332166062e-02
-7.050105027230932353e-02
-6.017064395940530108e-01
-2.544112159800214101e+00
-4.768324450397245506e+00
-4.517385189595805706e+00
-2.917500973683214927e+00
-3.650820059154606945e+00
-4.014513035908835015e+00
-2.958851008332667121e+00
-1.786601172451738107e+00
-1.054763614554918405e+00
-1.137173268829874961e-01
-7.181086138781440642e-01
-2.218109322086083246e+00
-3.290188287036738934e+00
-2.001020959597790139e+00
-5.383658685498959873e-01
-2.381593318612891252e+00
-3.741898049393561632e+00
-3.744242947222413687e+00
-3.356196302345903604e+00
-4.240179921656159756e+00
-4.083999719583752075e+00
-1.874281153199384153e+00
-2.077229314919568637e+00
-2.125667541669488791e+00
-7.848411175725369948e-02
-8.664272837599824584e-01
-3.947007621066307870e+00
-3.340840151817649595e+00
-1.857783204196672644e+00
-1.750962030511922229e+00
-1.337256829720866680e+00
-4.203931887852349614e-01
1.124547217371546282e+00
2.300779986617718986e+00
3.332838579491204989e+00
4.822564031973999299e+00
5.413846219427909112e+00
3.569196365513402469e+00
-1.195425430830603819e+00
-3.670540823140851394e+00
-3.888454668574544915e+00
-3.222907523567148047e+00
-5.089574722845770616e+00
-4.925514442538690751e+00
-1.910440109387648855e+00
-8.764495969693474331e-01
-2.682463902369492281e+00
-4.695530336841301278e+00
-6.027577045406773415e+00
-7.851648859413185910e+00
-8.960227210121665564e+00
-8.472250825842294830e+00
-8.675795764585847891e+00
-8.679890504854400390e+00
-8.180519828689448047e+00
-9.280282190258384745e+00
-9.818146766823048210e+00
-9.517733784497256266e+00
-8.151145709834779041e+00
-5.731827979041593579e+00
-3.694649845765442642e+00
-3.546695373059283618e+00
-2.986973775704965028e+00
-9.408257322634328013e-01
-6.814860017468280518e-01
-2.475969558679164351e+00
-4.285122432711230722e+00
-3.778226845088138219e+00
6.470665775920301233e-01
6.470665775920301233e-01
6.470665775920301233e-01
6.470665775920301233e-01
6.470665775920301233e-01
6.470665775920301233e-01
6.470665775920301233e-01
6.470665775920301233e-01
6.470665775920301233e-01
6.470665775920301233e-01
-3.089736822334873345e+00
-2.168970091343191076e+00
-2.137791120820687896e-01
1.015913029389086342e+00
1.409719239240541988e+00
1.996597217676030489e+00
2.366017987464955397e+00
1.757038103452821520e+00
2.698120929767263032e+00
3.541560944713102899e+00
3.502841707899015500e+00
3.388943688876808302e+00
3.036735327109424176e+00
1.322501971664366671e+00
-5.992931293820323857e-01
-1.465835302337171075e+00
-2.605126324489749123e+00
-3.455518398213218045e+00
-2.186124456614390255e+00
-1.167385788268691771e+00
-1.085763933704654516e+00
-2.107329142926541443e-01
-3.001126932870476494e-01
-9.677409492996793539e-01
-2.791621056581828242e+00
-5.882592774568136562e+00
-7.238953512047868522e+00
-6.731975921380121797e+00
-6.263891033121629981e+00
-6.140246641454303322e+00
-5.869513804563573522e+00
-6.043499663004713973e+00
-4.758616094148417019e+00
-2.772824129566415774e+00
-2.712893128019744360e+00
-2.185796902918843543e+00
-4.389099233184114435e-01
-3.372847688903115593e-01
-1.334685972056171899e+00
-2.452588579805329516e+00
-1.720573892638094904e+00
-2.727317212620504194e-01
-1.433659835075364875e+00
-4.467581386200383697e+00
-5.457449564614829107e+00
-5.830781874476053339e+00
-6.829841274725600542e+00
-6.567623467799046821e+00
-4.838039654037065596e+00
-2.668639273445398086e+00
-1.258398565694392124e+00
8.582932985089293254e-01
2.849597286538993579e+00
2.008133500452283116e+00
-5.644396178366664074e-01
-3.161944577843722293e+00
-4.747302943074224402e+00
-4.546451648177220584e+00
-4.205755181523143094e+00
-4.396787832077722058e+00
-4.836029096166691410e+00
-5.401753068236070376e+00
-3.797821185723285531e+00
-3.001909943246277468e+00
-3.125300114236432059e+00
-2.396615661138931763e+00
-1.326800615802791850e+00
2.905849529045282931e-01
-8.027530074823703288e-01
-3.413930197036040504e+00
-3.927018141003661089e+00
-4.361069799005202974e+00
-5.791953550721708588e+00
-5.784440941410919912e+00
-3.646634945983249665e+00
-1.604070430420654780e+00
4.731683577720370848e-01
3.567046655952982315e-01
-1.234474290489699033e+00
-1.330758055106311621e+00
-1.049318911991939940e+00
-1.188396784491160707e+00
-6.693720520303716448e-01
-1.050535104604135128e+00
-3.835866246868628315e-01
1.885425687871024270e+00
2.043345255366549651e+00
2.562105358794167120e+00
2.774144702318743327e+00
2.158641210362761964e-01
-7.179372989406831995e-02
7.523478197731193751e-01
-9.084238570550400294e-01
-3.269015839327995110e+00
-3.288205699067461296e+00
-4.434880880167894723e+00
-4.956581059983099280e+00
-3.314848004997079656e+00
-3.027912390955478372e+00
-4.398100939726568903e+00
-5.579419094826701730e+00
-5.153205354308760811e+00
-4.101116253236568809e+00
-3.797269416454272850e+00
-3.740363030856000748e+00
-3.618702050152329708e+00
-4.648356325680974344e+00
-5.966922249137531331e+00
-5.275892853077368549e+00
-2.379028425912812938e+00
-1.317051752613433768e+00
-2.546166391936413476e+00
-4.700907564510903747e+00
-4.603286655651321446e+00
-3.035615756701839807e+00
-2.900670505000559007e+00
-3.748562391057924437e+00
-5.309185815391839647e+00
-6.968949060096790049e+00
-7.450101535160936983e+00
-6.069285787648731834e+00
-4.290858404442384533e+00
-3.012360651769037112e+00
-1.700203616613271684e+00
-2.125293946247619470e-01
1.852098630297983828e+00
1.302990338669436809e+00
7.033449386042159857e-01
1.104299253167357886e+00
9.033940456635196625e-01
7.407541426848922583e-01
2.180046077590930054e+00
3.853124179787905224e+00
3.883045209979643531e+00
2.370697815476844106e+00
7.275655673441006055e-01
-1.205722775791941981e+00
-3.510084133837090725e+00
-3.304214963162913854e+00
-2.025284634688205632e+00
-1.446384353549466706e+00
-1.016808070842026401e+00
-1.673531749791900225e+00
-2.201867909189920702e+00
7.931591456772411064e-01
2.791897962542761569e+00
4.219183081679204861e+00
4.648394956479619644e+00
2.982809551912169788e+00
1.629792725263433883e+00
1.379545186860493100e+00
-5.423393811908885365e-01
-2.083190583129330253e+00
-3.723349771484910420e+00
-5.588357698486526637e+00
-5.258208220508354458e+00
-3.793175607661441795e+00
-1.895298850417415970e+00
-5.539016814206465522e-01
-1.113139082463037166e+00
-3.190635038189093997e+00
-3.330861227768703525e+00
-1.573021361595669187e+00
-9.059302618871040158e-01
-1.759445722290787328e+00
-3.803758204301705526e+00
-4.228851349054012054e+00
-1.164946027690573427e+00
1.333740530215204723e-01
-8.837226279516271488e-01
-2.164746987960771030e+00
-3.765477004026599239e+00
-3.928334706030399914e+00
-1.830752981375030064e+00
-1.105813597660353143e+00
-1.513471058279820536e+00
-1.905220027372313218e+00
-1.044942276085627064e+00
2.130183051082415790e+00
2.106944276996416399e+00
4.826674674125643882e-01
-8.405207800756240299e-01
-2.708055976879385263e+00
-4.959788368330816155e+00
-6.741642400682319014e+00
-5.847979414333603465e+00
-3.500790977601911713e+00
-2.926868382986369976e+00
-3.932707684994509734e+00
-4.055585254193310618e+00
-2.855828634008971800e+00
-2.562324200676014740e+00
-1.560634731583687707e+00
3.747853813415012447e-01
2.383049995173241786e+00
3.586156051009275370e+00
3.055331999053930048e+00
3.107698004411045822e+00
4.653493682988876223e+00
5.735984391014659067e+00
5.983313347263545801e+00
6.015188884892521237e+00
5.048481031577170874e+00
3.880002765751870530e+00
2.451058752775382654e+00
9.399067194368100342e-01
1.270167442089870313e+00
6.553844376798467763e-01
-3.142408693066023884e-01
6.302183151861635579e-01
6.470665775920301233e-01
6.470665775920301233e-01
6.470665775920301233e-01
6.470665775920292351e-01
6.470665775920292351e-01
6.470665775920301233e-01
6.470665775920301233e-01
6.470665775920301233e-01
6.470665775920301233e-01
6.470665775920301233e-01
8.507540691815859146e-01
-4.019024845570334792e-01
-1.725424994116642408e+00
-2.829040687023760992e+00
-3.791536325969296684e+00
-5.015504471498148042e+00
-4.511973979239000343e+00
-2.156026955248368182e+00
-2.039564182801195891e+00
-2.469520511378349603e+00
-2.848961887438763885e+00
-3.321588681537811283e+00
-2.563027294639246279e+00
-8.789264635603131204e-01
4.143261568906437819e-01
9.249845519413733008e-01
1.753768736395721284e+00
1.930508421940972719e+00
-1.192921851419090871e-02
-1.212115160651774382e+00
-5.059345709074848374e-01
-2.804230080165335814e-01
3.010132539103255844e+00
5.383219494259324556e+00
5.009402896607940470e+00
3.512567666298158198e+00
3.209212210943726440e+00
3.707326344190194689e+00
2.124502218721983304e+00
5.524995096288721763e-01
1.470220746954191915e+00
1.979149639902799462e+00
1.687662914870856845e+00
1.267390220958143576e+00
3.829829695864876427e-01
-1.112192017479049166e+00
-3.156370716210012972e+00
-3.836996137548756902e+00
-2.000823649187362996e+00
6.382318417387154996e-01
1.020015378737511247e+00
6.982656333639382096e-01
2.151208995706079374e+00
2.718457663340401176e+00
2.367120003882803747e+00
3.189598841063637558e+00
5.164021386150782433e+00
5.872563383142658466e+00
4.068011901367831307e+00
2.200417323650612378e+00
1.943530327182326989e+00
1.689975536295962311e+00
-1.640880014507720974e-01
-2.042822650080283520e+00
-2.620504732144215421e+00
-1.433143812232019254e+00
-1.735632791161462407e+00
-2.364645400681621101e+00
1.678153970711027676e-01
1.554772507655858949e+00
2.485829469483973764e+00
2.912309476774369799e+00
3.381844505695343450e+00
2.913557924152240908e+00
9.418705108988327801e-01
-9.321316542250923654e-02
6.774718450196735853e-02
2.496681386312837425e+00
3.122175698217281692e+00
1.284766280517939840e+00
-1.895453723000368518e+00
-1.983459308733152460e+00
-2.376537942547478188e+00
-3.439747312035171145e+00
-3.661355088838546212e+00
-3.796069934370736476e+00
-2.777953486371975700e+00
-2.471465599695540583e+00
-2.383884094447178636e+00
-1.295929020087597028e+00
1.388239043022830854e+00
3.268503956312662329e+00
2.101479470635982505e+00
1.243715147483315020e+00
8.172536760980044779e-01
-5.249734112440841427e-01
5.038183474991262401e-01
3.843353818023182544e+00
4.605272089227693932e+00
2.312878206216796073e+00
-1.729275912546048399e+00
-3.743139095079218492e+00
-4.155304232921802843e+00
-3.809183272462146164e+00
-3.677819018594487233e+00
-4.749161285975948665e+00
-6.214337847100207313e+00
-6.706777211535210448e+00
-6.704232379711952738e+00
-5.658930591627257201e+00
-2.969623487865185041e+00
-1.329562183954556165e+00
-5.387458290725412845e-03
1.677272322012399730e+00
2.579428854942880989e+00
3.093541924028116341e+00
4.256992429553989155e+00
4.198675308895819747e+00
3.732041581507066663e+00
4.147541961875458760e+00
5.641246204216250781e+00
5.701593834518980941e+00
3.833088058083988336e+00
1.361252421359496978e+00
3.653147684238928217e-01
9.686962772082571282e-01
3.083383511164712765e+00
4.658711516493862170e+00
5.175313724762403034e+00
6.065152676201988946e+00
6.143142917516235535e+00
5.018948943129918128e+00
3.708612029910494989e+00
4.273439551660748847e+00
5.295168394994360206e+00
3.657236872123772908e+00
5.260799135073073174e-01
-1.117401362322729685e+00
-1.614921111234834949e+00
1.456723818607741361e+00
4.360336778634246180e+00
5.194007123132474923e+00
5.593395331841492180e+00
6.318293383387703521e+00
6.547539325938369181e+00
7.452926009444238886e+00
8.840020745326061302e+00
9.840490950977015316e+00
9.982057302813725386e+00
9.878727669324026905e+00
9.767419190341028568e+00
9.236831397753364925e+00
8.131182757227920277e+00
6.824356704838316467e+00
6.249113498580668669e+00
7.032045748464091695e+00
7.227681838484673271e+00
7.240250626151383706e+00
8.281276307204914033e+00
9.307430602141961273e+00
9.880510327460847009e+00
1.020957073184721686e+01
1.019568623159318044e+01
9.834084292426080509e+00
9.093225672387919900e+00
8.974377922094173954e+00
8.797389339902604632e+00
8.603518515547589729e+00
8.678293400208152875e+00
8.983837580854075355e+00
7.777559762848538227e+00
5.671565875558091108e+00
5.757082460243158728e+00
5.602252865340241250e+00
4.625061874705543197e+00
5.937823145697478822e+00
7.831018312555248606e+00
8.128600642867183979e+00
7.514911185047887798e+00
6.799030334682065302e+00
6.488724037788728971e+00
5.131485494100543221e+00
4.395325555136678553e+00
4.958489484180419460e+00
6.194416188427116055e+00
6.803881071531796110e+00
7.639432847107870295e+00
8.978748814765037167e+00
9.765810932659585220e+00
1.007957282640506946e+01
1.008618828501774622e+01
9.668227929747756022e+00
9.083187926638414567e+00
8.714088589774215521e+00
8.082586214733280983e+00
7.897610527760791754e+00
8.262962872049248730e+00
7.612578528927982369e+00
6.272059371793690552e+00
6.325753863811860889e+00
7.795318617307827935e+00
9.260725871242316387e+00
1.010516773133585566e+01
9.932177014570852336e+00
9.357189320290975942e+00
9.418836728527310242e+00
9.344967094951377007e+00
8.614247892291512443e+00
8.013911528091888670e+00
8.512675022733292352e+00
9.811000755179511756e+00
1.015431258809971560e+01
1.002205028511101759e+01
9.729801634862010218e+00
9.435530327684125140e+00
9.731191091396718562e+00
9.933496698295543936e+00
9.298564076754438190e+00
9.347565795620278450e+00
9.900706563585094599e+00
1.003006445879867314e+01
9.425145558173642968e+00
9.182177415377594798e+00
9.117477789366185803e+00
8.979294883563595064e+00
8.469726658346607095e+00
7.711179050617315234e+00
7.368438572369652384e+00
6.901829246407991114e+00
6.815703182863509291e+00
8.268546825210938422e+00
9.217474986146536153e+00
9.733332854717177796e+00
9.583798490424813465e+00
8.849905030927070371e+00
8.256640377978337497e+00
7.071415984285240874e+00
6.304277403901815902e+00
7.477617525057118186e+00
8.997437086556788088e+00
9.450250197268092123e+00
9.044385025673255640e+00
8.398083100421045444e+00
7.527437312812433667e+00
7.400194807110714201e+00
7.214501828418151241e+00
7.174419563475956885e+00
7.097541730586558906e+00
7.713290215226058066e+00
8.122955551943778829e+00
8.456646394589094839e+00
8.986525861877625587e+00
9.469849198217971775e+00
8.811697798385983660e+00
6.644256046776862767e+00
4.897952184058993907e+00
4.772380208545206948e+00
4.535610980194058506e+00
4.848347450335421804e+00
6.456353784663096285e+00
7.867629664936104383e+00
8.097725835424940399e+00
8.314372885913661193e+00
8.936492843486592008e+00
8.893571181222245770e+00
9.368025573860917277e+00
9.784747751129659221e+00
9.820503253428801926e+00
9.962553480443867571e+00
9.927261293249335594e+00
9.857457121551517432e+00
9.733623719478011083e+00
9.747084403146997644e+00
9.472315871950526045e+00
9.221569299210644388e+00
9.443164560214547976e+00
9.796348957659827050e+00
8.893022843915002085e+00
8.753887973756791396e+00
8.964401696087348270e+00
9.079512712555196430e+00
9.260170613223033698e+00
8.710785459917241624e+00
7.332313349095143096e+00
6.125714389855550834e+00
6.946636654457063464e+00
8.196721975496805257e+00
7.451873488691149738e+00
5.532624570847141321e+00
6.167417869241227812e+00
7.551584033355411840e+00
8.401427486372492481e+00
8.755914071511377017e+00
8.135946997669448066e+00
8.149674224473178796e+00
9.188080735267469379e+00
9.024812587597404345e+00
7.984222244173855287e+00
8.527498405716626095e+00
9.390990181697516093e+00
9.463125094410191451e+00
8.747129259640402665e+00
8.107018796818818984e+00
7.497252043990205728e+00
7.037128286792876608e+00
7.403416521889430335e+00
7.866003502046853946e+00
7.628658981305027176e+00
7.237049580499591350e+00
7.938346401892760085e+00
8.730741821946184089e+00
8.998587086000245705e+00
9.011547573927325416e+00
9.197846882514303601e+00
9.516117129091766103e+00
9.610084081196335504e+00
9.592122526525896475e+00
9.518579922429513118e+00
9.265512595610472246e+00
9.470295627115802972e+00
6.470665775920301233e-01
6.470665775920301233e-01
6.470665775920301233e-01
6.470665775920301233e-01
6.470665775920301233e-01
6.470665775920301233e-01
6.470665775920301233e-01
6.470665775920301233e-01
6.470665775920301233e-01
6.470665775920301233e-01
6.470665775920301233e-01
6.470665775920301233e-01
6.470665775920301233e-01
6.470665775920292351e-01
6.470665775920292351e-01
6.470665775920301233e-01
6.470665775920301233e-01
6.470665775920301233e-01
6.470665775920301233e-01
6.470665775920301233e-01
9.953307332082127701e+00
9.534078981401487241e+00
8.177735474048480668e+00
7.387640259235914719e+00
7.699586763669518774e+00
7.625090889908946679e+00
6.431124481060394693e+00
5.476052810221154310e+00
5.103230717460767174e+00
5.767301226519246704e+00
6.470665775920301233e-01
6.470665775920301233e-01
6.470665775920301233e-01
6.470665775920301233e-01
6.470665775920301233e-01
6.470665775920301233e-01
6.470665775920301233e-01
6.470665775920301233e-01
6.470665775920301233e-01
6.470665775920301233e-01
6.244115535643599557e+00
5.400339200084876445e+00
4.337111820420526342e+00
5.444802313762530765e+00
7.548397496428663977e+00
8.704465433837317079e+00
9.203770265738487666e+00
8.789799041338969943e+00
8.054824996540970616e+00
8.028042613684245765e+00
6.470665775920301233e-01
6.470665775920301233e-01
6.470665775920301233e-01
6.470665775920301233e-01
6.470665775920301233e-01
6.470665775920301233e-01
6.470665775920301233e-01
6.470665775920301233e-01
6.470665775920301233e-01
6.470665775920301233e-01
7.205926399845541397e+00
6.226573125789340857e+00
7.255327773554227200e+00
7.625915502938275914e+00
7.128547386497236182e+00
7.432039178393313072e+00
8.019813202967243981e+00
6.959420041081419761e+00
5.264912807750174117e+00
5.817298150735381590e+00
7.010268468926224017e+00
8.337430733998228760e+00
9.353440321113788869e+00
8.893862681923801361e+00
7.581183959370306091e+00
6.158973194672912932e+00
5.815715833420239456e+00
4.760779503735453666e+00
4.521013620555055290e+00
5.525605560192221155e+00
4.309036985116388330e+00
2.546822127945671532e+00
1.925008418628618934e+00
1.158308719506680795e+00
1.783622600507570599e+00
3.756077012761406930e+00
4.878706125376537805e+00
6.024755985193114505e+00
4.564515767583638528e+00
3.590308815741248161e+00
5.401651330298645526e+00
7.169905968147141095e+00
7.274768895056626938e+00
6.149527073240384389e+00
6.736282432723789348e+00
7.649592062980789642e+00
7.657557875694250171e+00
8.027751782655418111e+00
7.939047268418499392e+00
6.926328833886238989e+00
4.976415276398273413e+00
3.645992995637514333e+00
3.185436626869155852e+00
1.619257424429110026e+00
1.589868787988774901e-01
1.510126758938587166e+00
3.134709685494514009e+00
1.223091577351974824e+00
1.676774803265467906e+00
3.784163816796572544e+00
6.034925626485009964e+00
7.480396438115435309e+00
8.185423323000151186e+00
8.196668469020684356e+00
7.028077664960110660e+00
7.310163541683002641e+00
8.280300795342904863e+00
8.013251691362812679e+00
7.314450574377050707e+00
5.994201109825764817e+00
2.915732337484755021e+00
6.308620877729925747e-01
1.378653484174352517e+00
1.581861831207248770e+00
1.417936420352913229e+00
5.233506546022281825e-01
-1.184802252633730291e+00
6.414706976144208816e-01
2.138808034986930284e+00
2.076027558271436035e+00
2.931261072501385012e+00
2.949891252363317840e+00
1.293391702198487092e+00
4.836799272544086703e-01
2.004024107242569297e+00
4.166528059828096708e+00
4.236596682311343010e+00
2.222517594376102412e+00
3.894835461796800624e-01
9.452072916786249945e-02
2.955822717264150246e+00
5.978504603177132282e+00
7.454100213247459195e+00
6.337272671969778060e+00
5.889995117135121028e+00
5.381660005765046328e+00
6.047090153779381083e+00
5.635016470082955031e+00
5.172494427239255010e+00
6.896984125162723522e+00
8.458436106937410770e+00
8.647806424147905346e+00
9.208027965498295941e+00
9.761983009260429611e+00
9.783317576319500830e+00
9.700320585606272417e+00
8.771501393373119626e+00
8.286242864732558999e+00
8.814097472752202123e+00
8.897311876083081827e+00
9.249718732751114558e+00
9.631594847948582228e+00
9.371866177764379913e+00
8.955591449259570069e+00
9.078618361923036062e+00
9.546012692048380543e+00
9.728430319052636221e+00
9.790095263102843504e+00
8.730424238584866714e+00
7.617723301040868478e+00
6.411371486972950784e+00
5.442797117271465090e+00
5.577432295093275094e+00
6.804119688009575562e+00
6.454752388756405779e+00
3.377451242752212757e+00
2.485572838343165891e+00
4.503455501937096095e+00
5.698822362280266951e+00
5.086067853152417051e+00
3.345434754425349766e+00
1.312324723193822873e+00
1.548119088485765182e+00
1.965018041687724093e+00
1.747314196400179487e+00
4.036530544803046960e-01
-2.422203543073423934e-02
1.674180352608265698e+00
3.833442309109916568e+00
5.239599438345230453e+00
6.078841519373881397e+00
6.174677642619199602e+00
6.111669968097116268e+00
2.549500964281707915e+00
3.822942890497987634e+00
5.133637143748426723e+00
3.906007807555449851e+00
2.915950091128330701e+00
3.668273855614601509e+00
5.558142882903347903e+00
6.023203472308531481e+00
4.834580249236488214e+00
2.580547289257389743e+00
1.647075191483490242e+00
3.494317104298579224e+00
4.705912908412219764e+00
5.234308594776016399e+00
6.486937395150952135e+00
5.546093779043324012e+00
5.114181154641310734e+00
6.251797042973701757e+00
7.167668631193677697e+00
6.755624800565874999e+00
4.927416430662263203e+00
4.258532651108461131e+00
5.590102729122983227e+00
7.499727715781728143e+00
8.428890699962598987e+00
8.521761789526948405e+00
8.269692978749821677e+00
7.741417918935340481e+00
5.372158959154005764e+00
4.573178622892391409e+00
5.272064926284697250e+00
4.603523962533955682e+00
1.843940039954176324e+00
1.609572716443603557e+00
2.141478599137317751e+00
9.994756644553572933e-01
2.171707324449022369e+00
5.871403244453950343e+00
7.792448238339695799e+00
8.467783052376892883e+00
8.148377402715324180e+00
8.351005180476333223e+00
8.285824694413369329e+00
8.882718837657721522e+00
9.711895454969402763e+00
9.911949983879695836e+00
9.580958477449213362e+00
6.538699718757443158e+00
5.202681105157413555e+00
3.987643138010096067e+00
1.759514187722448941e+00
1.894882986887939103e+00
3.418543655856413732e+00
4.398883371943468568e+00
3.703849569510886397e+00
3.881717429815842557e+00
4.223672176459271732e+00
3.575268666818057550e+00
3.671280185628166493e+00
4.349992145574787195e+00
5.672191454548920930e+00
7.168386413639932009e+00
8.247637103869815078e+00
7.924292718216666032e+00
7.846921889708710296e+00
8.680813867613922596e+00
8.793345562156586581e+00
6.335483689291601550e+00
3.841095109212348646e+00
3.738338097206725497e+00
3.113449475110295239e+00
1.587235627077256073e+00
2.238418290097116348e+00
2.926255592384379156e+00
4.028485131649913953e+00
4.940674098804811898e+00
5.283794384313797998e+00
7.455582711808117047e+00
8.725522465473471101e+00
8.488058578321599157e+00
7.953935060167386162e+00
8.289161422944474111e+00
8.406127336600599520e+00
6.433340740431996885e+00
4.343703235520089301e+00
3.974578210205844009e+00
4.522799152949279922e+00
4.176685066922115830e+00
4.969682870860803625e+00
7.011409899641628307e+00
6.800259129511467826e+00
5.326196430878904486e+00
5.340580538053729676e+00
6.068470615146313030e+00
5.422651352905702105e+00
4.290093905357367454e+00
5.476153337646070263e+00
8.187923137542318486e+00
9.180971392887100180e+00
9.761504765788297178e+00
9.694985989779107527e+00
9.957928152778087849e+00
9.798628403581364665e+00
9.492511516496177748e+00
9.919796965463181238e+00
1.000100482374224065e+01
9.079147821180436395e+00
8.731028503133932972e+00
8.763859186486287811e+00
9.234959040183918333e+00
9.581134460962772437e+00
9.331153823602017283e+00
9.568644035309629814e+00
9.334588063250778944e+00
8.486133976204259355e+00
7.927314726973847314e+00
7.587139928281300350e+00
8.114516412509429344e+00
8.184174877712944607e+00
7.924223982390155463e+00
8.712088888201327208e+00
9.409981604090157603e+00
9.411495514253212846e+00
9.712827608596660056e+00
9.752337897672068934e+00
9.674298236475822321e+00
9.416473544247759619e+00
6.470665775920301233e-01
6.470665775920301233e-01
6.470665775920301233e-01
6.470665775920301233e-01
6.470665775920301233e-01
6.470665775920301233e-01
6.470665775920301233e-01
6.470665775920301233e-01
6.470665775920301233e-01
6.470665775920301233e-01
7.519884259735808207e+00
5.271485365312185145e+00
6.000704235521553187e+00
6.259704889581000131e+00
5.991114695228581866e+00
5.923115821560064553e+00
4.813826769448843912e+00
3.607501737242563955e+00
1.941205224245733829e+00
1.786330836064281113e+00
6.470665775920301233e-01
6.470665775920301233e-01
6.470665775920301233e-01
6.470665775920292351e-01
6.470665775920292351e-01
6.470665775920301233e-01
6.470665775920301233e-01
6.470665775920301233e-01
6.470665775920301233e-01
6.470665775920301233e-01
3.343051143531070579e+00
4.892936570097616844e+00
6.734302443235321789e+00
7.922328625734951224e+00
7.656653155104371500e+00
6.765532851221352395e+00
6.926562352628120145e+00
7.771382565143192700e+00
8.331685224624663988e+00
8.276377793289727336e+00
7.900713876548194570e+00
6.846115102917571527e+00
5.050472660362587796e+00
4.238322962084618339e+00
5.303812557999557420e+00
6.197206052957571210e+00
5.111820920669278401e+00
3.650789895973966193e+00
3.380005994982497430e+00
3.208578607114101366e+00
3.527518699219157838e+00
2.366582534467405630e+00
5.942430836179672937e-01
2.217229009836050313e-01
1.986482501041503035e+00
3.692699785792305178e+00
2.708414059489326675e+00
2.291751829635065629e+00
3.203969245594380677e+00
3.769504722672002650e+00
3.214864738453877990e+00
2.250020067887036568e+00
1.235842178703993488e+00
2.421861816706937010e+00
3.821975455404588828e+00
2.017905853654734738e+00
3.574257208240428363e-01
1.536888516185835191e-02
1.173769154735663900e+00
2.831908854520133634e+00
3.195341770922960123e+00
3.071947011578375797e+00
2.945177074833329467e+00
4.107744158538710444e+00
5.476956369656637236e+00
5.862030058982299785e+00
6.396508413632240320e+00
6.683297458945726355e+00
7.424858680214788009e+00
6.552679456840045269e+00
3.602506729274884467e+00
1.435511063578216895e+00
1.068086712580618824e+00
7.679110093089495104e-01
1.329724104054420319e+00
2.144066291980166294e+00
3.460098213039557002e+00
4.632475337282857986e+00
4.577620486817118639e+00
3.550543388543216494e+00
2.747113324078279906e+00
4.113428206866188930e+00
5.402125807923128242e+00
5.848609820989806529e+00
6.794198921222622367e+00
7.486357792719819493e+00
7.061454161595997370e+00
6.321101968387516479e+00
5.341470262596119234e+00
5.463617277218014046e+00
6.549834710073779043e+00
7.178844853276948434e+00
8.427303724300985621e+00
9.011591427771529439e+00
8.523691765536650422e+00
7.519686170985051099e+00
6.437545757597314733e+00
7.501642169367928936e+00
8.357368724698986284e+00
7.508882929816946827e+00
5.231444021928365551e+00
3.121111214670511558e+00
3.559900524081153428e+00
4.400355448388116208e+00
5.610947024176470954e+00
5.957261797095246614e+00
4.903090350693212862e+00
5.376919063487222594e+00
4.036705355855432664e+00
1.891511862548705292e+00
3.312071853899389851e+00
5.493852391322278983e+00
5.619812428714198838e+00
5.275837656776468876e+00
3.838041417223468699e+00
2.575337420891064877e+00
3.081312153720496827e+00
4.447200503531280269e+00
4.156561770225240871e+00
3.259209154780199569e+00
3.434047066787807800e+00
3.602024151952609277e+00
2.421715798628214955e+00
1.159067960399681629e+00
5.878533302618319523e-01
1.630242859324373406e-01
5.650178650544366299e-01
2.473249128331908242e+00
3.163393393893849215e+00
1.643801665364040598e+00
1.148731869927716698e+00
3.018193915234140157e+00
4.846268667005857900e+00
5.374221962579649237e+00
5.167565799986140185e+00
5.175339387882995190e+00
6.581129730912082643e+00
7.577330980271450578e+00
6.407125792228838712e+00
4.519242178805175314e+00
3.882160254708475033e+00
3.686690945844336653e+00
3.474648631368089102e+00
4.370257059116977594e+00
4.903606440145524381e+00
4.019503913807295881e+00
2.108139890397418448e+00
1.898255579878262433e-01
-3.469072784194437431e-01
-1.486514353984192294e+00
-1.399950715568158977e+00
2.358581002572816832e-01
1.813457004439610110e+00
1.218410159565300965e+00
7.134083009562455779e-02
-2.343756127582282967e-01
-1.007574944540079009e+00
-9.375310288696987460e-01
8.325646487582354371e-01
-2.000383961530657562e+00
6.470665775920301233e-01
6.470665775920301233e-01
6.470665775920301233e-01
6.470665775920292351e-01
6.470665775920292351e-01
