-1.025406046805690252e+01
-1.214768764530211165e+01
-1.249912193837078789e+01
-8.108250760160432336e+00
-6.436470093572814299e+00
-1.174157829340481030e+01
-1.308287035505049900e+01
-1.175387461074661566e+01
-1.184167064915957823e+01
-1.128066373448100812e+01
-1.001218774088889774e+01
-9.836281054679250957e+00
-1.200319120503902681e+01
-1.426286629025935859e+01
-1.495395039562202122e+01
-1.519875495173907076e+01
-1.550026892556017621e+01
-1.470018926149917959e+01
-1.295042642152628432e+01
-1.223912256684061362e+01
-1.360412342951639175e+01
-1.296130901690771964e+01
-1.130600854707448200e+01
-1.286440893135814001e+01
-1.429223331493480842e+01
-1.236662372801531085e+01
-1.027526836284025435e+01
-1.041842676121293465e+01
-9.359258866298379331e+00
-9.172473445562994598e+00
-9.629638134555627005e+00
-1.165549920078224133e+01
-1.361882351121373347e+01
-1.225605626825137229e+01
-1.106078943045113050e+01
-1.195540728611547010e+01
-1.195062421133283515e+01
-1.058048882848973626e+01
-9.682882870805626041e+00
-8.421356195863989313e+00
-7.000450481046213369e+00
-9.187581378534813936e+00
-1.003889922766505194e+01
-8.429279682236545668e+00
-7.641083993500797256e+00
-8.767370908740627300e+00
-9.725800856738828770e+00
-9.124237484741049897e+00
-1.091958819260616842e+01
-1.177934631994008363e+01
-1.025901023556964908e+01
-1.047559438006559240e+01
-1.179740117898830043e+01
-1.262856790539381358e+01
-1.349035368744467434e+01
-1.256970586798506240e+01
-1.079957516298330233e+01
-1.055821351889624893e+01
-1.248805030152471041e+01
-1.443293218873365014e+01
-1.422377990329078301e+01
-1.442696040422685755e+01
-1.494681174414681379e+01
-1.328009752053525894e+01
-1.085457601089628987e+01
-1.050654609196120681e+01
-1.121302274350243344e+01
-1.245089879580607750e+01
-1.032593000261321770e+01
-8.150840282383896351e+00
-8.588049023052787945e+00
-7.645258394791667023e+00
-8.016952286673442174e+00
-8.372905768181528430e+00
-6.442673303883162284e+00
-8.788191070763577528e+00
-1.132153078605702845e+01
-1.204501675649842873e+01
-1.263197568962462825e+01
-1.343719809129686737e+01
-1.355529236641314128e+01
-1.226394004980814323e+01
-1.064593223921710141e+01
-9.973866280191444389e+00
-1.084790591065055487e+01
-1.303627804804016499e+01
-1.225683100345231935e+01
-9.115891780617721096e+00
-1.060569742931034121e+01
-1.257473474953437176e+01
-1.232661076869694128e+01
-1.084132421631758803e+01
-1.095275011014584443e+01
-1.065144967679625410e+01
-9.301478332591573306e+00
-9.756877009644197685e+00
-1.131201330642204539e+01
-1.169891946528144544e+01
-1.133856405091752251e+01
-1.128887153041477021e+01
-8.960247616531955117e+00
-5.513930580829637940e+00
-3.806060538312487473e+00
-5.529060745391497278e+00
-7.154949935429711694e+00
-6.858763617472950713e+00
-6.781650591092506453e+00
-8.204320372258324667e+00
-9.227495233496256333e+00
-9.396570686118149496e+00
-9.209161936781567803e+00
-8.030822596502487087e+00
-9.154122689920658473e+00
-1.028804205434631136e+01
-9.787997852768672402e+00
-1.041713713172062938e+01
-1.056775422008063536e+01
-1.012063817188054315e+01
-7.802281010658743021e+00
-6.218534798383847040e+00
-4.324560645200823394e+00
-5.421424551050294305e+00
-9.835944581516477214e+00
-1.063663928446793783e+01
-9.926182933403991271e+00
-9.894745672152490457e+00
-6.108913677983655255e+00
-1.305880826269624650e+00
-4.843744789977513676e+00
-8.888015237582067130e+00
-8.732677280223159144e+00
-6.190079165684795548e+00
-4.320803417281328329e+00
-6.240172748211754161e+00
-8.624981178937089155e+00
-1.046081892195601348e+01
-1.157323402016459646e+01
-1.245933172059852545e+01
-1.220090521606303469e+01
-9.701012815287361590e+00
-1.089809774217696869e+01
-1.308016535051636176e+01
-1.045224733540031714e+01
-7.243368710712303482e+00
-9.026603241132669098e+00
-8.018774850075441663e+00
-3.998926019305049095e+00
-5.229679444459880422e+00
-5.475975179041092211e+00
-4.947632595597015737e+00
-8.629843399634555823e+00
-9.759203083973194026e+00
-1.032559509415752963e+01
-1.302082602615602624e+01
-1.284274905310265957e+01
-1.023439527501964008e+01
-1.019754177973733533e+01
-1.300311675413446721e+01
-1.464387308149070677e+01
-1.178913228705991934e+01
-9.228873765245664273e+00
-1.159222778359202266e+01
-1.268990543090046330e+01
-1.151063255235320781e+01
-1.178288041640457884e+01
-1.184529981932069198e+01
-1.245266543469512577e+01
-1.235800670504336729e+01
-9.713692034779924711e+00
-5.802520026297253608e+00
-7.851887671799645751e+00
-1.220338421661991646e+01
-1.101833023559969149e+01
-8.988142983496045346e+00
-1.310891824254294136e+01
-1.639674915842501335e+01
-1.650075397766401153e+01
-1.612118903377075796e+01
-1.436013786541206905e+01
-1.349255187802566702e+01
-1.215020737243861682e+01
-1.198279258921456680e+01
-1.309978426235447380e+01
-1.296386227850760875e+01
-1.138790973124387840e+01
-7.699666132783420380e+00
-1.034282882947634086e+01
-1.186011976530542356e+01
-8.510515809513892194e+00
-9.826169872888586454e+00
-1.293110774353864834e+01
-1.324203036337914341e+01
-1.322670837955076806e+01
-1.505403988866933673e+01
-1.771005712625449036e+01
-1.862816541827723071e+01
-1.773724682090662697e+01
-1.787169907216363285e+01
-1.846437504142966191e+01
-1.768326707036797529e+01
-1.516900222480684590e+01
-1.517420291173373492e+01
-1.723080639906161693e+01
-1.789502531526834517e+01
-1.687439878134992455e+01
-1.340519622284939771e+01
-1.000591893625207440e+01
-1.046966141902241176e+01
-9.407754388112357091e+00
-1.022044541620286928e+01
-1.304652723620053223e+01
-1.444264533272068540e+01
-1.592781130495535535e+01
-1.679046939263611549e+01
-1.725051616712727665e+01
-1.726452812966806150e+01
-1.528943622658855794e+01
-1.340331943838061868e+01
-1.370958686757672851e+01
-1.453288491286068584e+01
-1.530908357270401865e+01
-1.688338723435425237e+01
-1.796639274656866903e+01
-1.711504272035817209e+01
-1.589038971959814539e+01
-1.637796459653647929e+01
-1.547879595503817818e+01
-1.261278278346501480e+01
-1.451352092029194907e+01
-1.628888636184574068e+01
-1.417089938123245929e+01
-1.356947623250786172e+01
-1.562195934218592974e+01
-1.585008042530897754e+01
-1.442804637375727950e+01
-1.291200696812951421e+01
-1.165056146948053772e+01
-1.194669764694154068e+01
-1.054406601500434171e+01
-8.256902479452856269e+00
-1.048179193690093491e+01
-1.029491599221992537e+01
-8.127528116275142267e+00
-6.801964993784565650e+00
-7.348012413852082148e+00
-1.134466068870634814e+01
-1.380548979068614379e+01
-1.366673627700702731e+01
-1.287721995536902142e+01
-1.165815688770621605e+01
-1.133415163369908107e+01
-1.041682082689900035e+01
-9.852314605726617103e+00
6.470665775920301233e-01
-1.019769301462357980e+01
-9.611141041567744736e+00
-8.470219539454271640e+00
-9.538412965163090007e+00
-1.287152323797747933e+01
-1.020116469016166683e+01
-8.756314314390968079e+00
-1.163308407509850184e+01
-1.260907151610796539e+01
-1.352879096693945371e+01
-1.328351885243979602e+01
-1.148015566446293256e+01
-1.079608293959898724e+01
-9.637449440529048061e+00
-1.011999839496608189e+01
-1.041211374396737632e+01
-9.918129487977582315e+00
-1.204036937865447499e+01
-9.170472099554396905e+00
-6.302748536788879363e+00
-3.308951136642280577e+00
-2.442270389448485624e+00
-6.905748646149670655e+00
-9.392938084117915309e+00
-4.582568103182466324e+00
-2.298294853154383421e+00
-7.331937085821436995e+00
-9.829132151332892420e+00
-1.017118688036733332e+01
-1.124084229697975701e+01
-1.031378937431117748e+01
-8.721273931929379941e+00
-8.486070552388257582e+00
-1.110273778723864169e+01
-1.346471622290116343e+01
-1.415323378987160652e+01
-1.198511632114617420e+01
-1.135018031388314164e+01
-1.464649504926678247e+01
-1.493032388751527684e+01
-1.264570912573351791e+01
-1.049348965141263257e+01
-1.085476462531390496e+01
-9.848022930933170827e+00
-8.810874985127879810e+00
-9.423192091836723350e+00
-8.914888765684949590e+00
-1.039921345048247936e+01
-1.377072312663997522e+01
-1.306592759170151474e+01
-9.104153205375235203e+00
-5.824875676014278802e+00
-6.534348837514015074e+00
-5.461102782147306378e+00
-4.651134459120524478e-01
3.054375220735398244e+00
2.541039886711800033e+00
4.502064172093963812e+00
3.604291573561283712e+00
-1.644859953903483829e+00
-6.678763850826508808e+00
-8.640811763093205755e+00
-1.035981229564025519e+01
-1.336080326873853608e+01
-1.444664789356960988e+01
-1.407319126276215648e+01
-1.351304606591158297e+01
-1.170174619377673686e+01
-9.660443730727326539e+00
-8.236252812161060533e+00
-6.329015611671542807e+00
-5.036989835524345871e+00
-1.935942941597277756e+00
5.168507188642362804e-01
2.327104523906283529e+00
4.270714913997256668e-01
-2.670071216549464665e+00
-4.820531334623772146e+00
-3.220953029119312028e+00
-2.166877346027484830e+00
-9.194730215440909404e+00
-1.316478632954667205e+01
-1.337818883238461964e+01
-1.259246532769246230e+01
-1.271204957671400670e+01
-1.243591158118367268e+01
-1.121354234672400629e+01
-9.616002333374629174e+00
-7.487737687530653830e+00
-7.162889851829003618e+00
-8.215096602820020522e+00
-8.013337206116244005e+00
-7.113191861442551556e+00
-6.069328617121180436e+00
-7.948575191388953520e+00
-1.151468784356112174e+01
-1.272261252279190735e+01
-1.068031505493122424e+01
-9.751525766434063769e+00
-1.087874971026438331e+01
-9.328816800272170084e+00
-9.462963578761321770e+00
-1.097080681335003760e+01
-1.212887507740551563e+01
-1.086005260932335403e+01
-7.682946455526634466e+00
-9.025133911877615489e+00
-9.769263626031202463e+00
-9.881152569645990980e+00
-1.081934386984761076e+01
-1.004874592711596470e+01
-8.514036938342719907e+00
-6.140220175268321867e+00
-4.194339678895117274e+00
-6.585095030590355947e+00
-8.587569218675920268e+00
-7.074623270200409486e+00
-3.075435476817404812e+00
-5.030022045409942244e+00
-8.163475025957001918e+00
-5.160257792691008483e+00
-2.547849666378604883e-01
-2.180960499040189404e+00
-3.466660848280135099e+00
-1.585227111753465257e-01
2.286425868275337336e+00
5.764293460199258590e+00
5.650773812875473645e+00
1.303417017588847759e+00
-3.181630106019949888e+00
-8.896707442432676416e+00
-1.178863579262613470e+01
-1.149149645084018623e+01
-1.050709904854484655e+01
-1.184312884260827303e+01
-1.165459428601569591e+01
-1.206285475245253025e+01
-1.253852726476351798e+01
-9.093683228418493414e+00
-8.471238735320691049e+00
-1.038165804435477568e+01
-8.375900136567704379e+00
-6.973407378146601943e+00
-9.181892050317943088e+00
-9.165261413386513567e+00
-6.626966480534369097e+00
-5.404972901257845130e+00
-7.900415409220115315e+00
-7.362599607537654300e+00
-7.517722817658293089e+00
-1.213639958269538610e+01
-1.495962254494670596e+01
-1.610304892295929591e+01
-1.615361156032172474e+01
-1.479032271376514274e+01
-1.432762128619121178e+01
-1.319754599727813726e+01
-1.188458787620698764e+01
-1.148169747008458152e+01
-1.041290084742123412e+01
-8.116994716189292802e+00
-6.468147732333320299e+00
-6.412913351859164557e+00
-3.959153843009850071e+00
-5.860134812156811535e+00
-5.901980623697373751e+00
-3.390902245826700467e-02
-1.232201469290987950e+00
-2.038328576345859844e+00
-5.064962259599824712e+00
-1.137579994926391258e+01
-1.294016774564407690e+01
-1.212828475222249125e+01
-1.326633901943964489e+01
-1.379741678169745001e+01
-1.394050701920536461e+01
-1.252339690944272732e+01
-1.192733450160916675e+01
-1.569735285432183858e+01
-1.483920912774317813e+01
-1.095516982766131520e+01
-9.234984836204075620e+00
-6.799148886693355820e+00
-5.838934165628208106e+00
-4.250475932164796689e+00
-3.568904962153501614e+00
-2.111138834149525856e+00
1.269434732159874013e+00
4.087541669524193955e-01
-3.197750041776414420e+00
-9.922567357929404253e+00
-1.318648072778247915e+01
-1.369616270986543505e+01
-1.440086690244860002e+01
-1.391762477977686352e+01
-1.271647303503141302e+01
-1.102438636431728369e+01
-1.185473520372098655e+01
-1.130919742974204745e+01
-1.050369491735649419e+01
-1.240223441037784546e+01
-1.310400147829571793e+01
-1.317947002582976346e+01
-1.027875836787762331e+01
-1.148260078787062710e+01
-1.278986628463271025e+01
-1.400626649706321913e+01
-1.296074264267307186e+01
-9.260762101896508725e+00
-9.309672424235653665e+00
-9.166015796153919482e+00
-9.679777996471520041e+00
-9.755795879595392961e+00
-7.992916237551435543e+00
-5.358571574539404914e+00
-7.361744763557028115e+00
-1.080972222076369782e+01
-1.203241244702709167e+01
-9.286288522447017968e+00
-9.663185454932353480e+00
-1.401275447364173843e+01
-1.635814570124495759e+01
-1.665128942143005375e+01
-1.660905997758401043e+01
-1.557656570926559070e+01
-1.394515878649754548e+01
-1.363619308062405722e+01
-1.371409764662026376e+01
-1.420760631083540027e+01
-1.429046224880791982e+01
-1.401085968174582952e+01
-1.365630904911890475e+01
-1.330858674721127954e+01
-1.180288895933519377e+01
-1.092690405321999059e+01
-9.161473522561202287e+00
-8.199775574280351975e+00
-1.101165771071978661e+01
-1.065530252876738437e+01
-9.011474433058870304e+00
-9.793130439286480637e+00
-9.082671898478198003e+00
-9.499407788940610331e+00
-1.029357209557241148e+01
-1.004765701887119000e+01
-1.106674257137446737e+01
-1.252757090794389683e+01
-1.107613731073182173e+01
-7.091286425354145884e+00
-7.420525827967282773e+00
-1.204424071768661086e+01
-1.558574297459596991e+01
-1.688663269499853570e+01
-1.620023206481506506e+01
-1.734778021286718896e+01
-1.720634589552811278e+01
-1.714278221592361007e+01
-1.699292139278551517e+01
-1.746648302410209652e+01
-1.761340130197430298e+01
-1.685128564413665586e+01
-1.500420798392723398e+01
-1.178174387126576761e+01
-9.819173029915766904e+00
-9.089364345560895231e+00
-9.198621713675860789e+00
-1.228065555425615685e+01
-1.338703414540004211e+01
-1.236878090972267685e+01
-1.329005297764506999e+01
-1.260968884461099471e+01
-1.047273108226819183e+01
-9.773303714477322046e+00
-7.953710677215322988e+00
-7.683398793697298501e+00
-6.961122345927177157e+00
-9.841689003516572498e+00
-1.193197265747793701e+01
-1.107273117863433498e+01
-1.111803319882971941e+01
-1.306081793585949313e+01
-1.435013081567320015e+01
-1.235446749457806170e+01
-1.338707461666974297e+01
-1.446921967027706302e+01
-1.171043346093927617e+01
-1.302302366130796862e+01
-1.439539077748755780e+01
-1.406198967895128504e+01
-1.412032505255357329e+01
-1.467184321338941544e+01
-1.363823202093846731e+01
-1.240266938140961628e+01
-1.172907804030307766e+01
-1.014689071789645425e+01
-1.183388342502491852e+01
-1.400803086054108881e+01
-1.315469554139849073e+01
-1.339003862429878033e+01
-1.453340322862924516e+01
-1.423295621977054104e+01
-1.425556102461345986e+01
-1.377306991578979734e+01
-1.317590571932212029e+01
-1.460529357848034593e+01
-1.431612615087059837e+01
-1.406435786044599645e+01
-1.491139195781501137e+01
-1.344404982455086817e+01
-1.186219020867806861e+01
-1.141985507146522671e+01
-1.225692152921207700e+01
-1.280760284994038578e+01
-1.333386442275813799e+01
-1.477330622689644990e+01
-1.346328762507157961e+01
-1.058333395215519168e+01
-1.057454038409916031e+01
-1.219943713353288928e+01
-1.263788727686524460e+01
-1.206557177886302767e+01
-9.751107580516215734e+00
-9.164387196830702464e+00
-1.114727145578007139e+01
-1.191480259957502241e+01
-9.619903580180091396e+00
-9.715382885604395113e+00
-1.349137819327776633e+01
-1.280012586261502960e+01
-1.047182690008684247e+01
-9.995955089947784700e+00
-1.205189395642960370e+01
-1.393232041376982266e+01
-1.324225423793256873e+01
-1.245767480673723604e+01
-1.123704037566827374e+01
-9.676807121650428556e+00
-1.113808258830325393e+01
-1.413251647347946971e+01
-1.515504529343892415e+01
-1.358421519350803486e+01
-1.144150404883221839e+01
-1.147585610079852358e+01
-1.246027304441741634e+01
-1.364378935277813198e+01
-1.368077322118097072e+01
-1.324961287307366220e+01
-1.385443635114740957e+01
-1.187280144833779261e+01
-1.193196328339038281e+01
-1.620028531268224725e+01
-1.737318620936966340e+01
-1.719861401696385528e+01
-1.663879457824136310e+01
-1.637791775913300896e+01
-1.709391228684361508e+01
-1.707974911833113651e+01
-1.727710038698857531e+01
-1.740046333967895364e+01
-1.649809045528539997e+01
-1.408336211549637795e+01
-8.341762462679296775e+00
-6.630651640229060284e+00
-5.553746155053866929e+00
-3.035772094369587393e+00
-5.509229685301950674e+00
-8.220865053816215351e+00
-8.887271787616253249e+00
-7.522102772933852322e+00
-5.736760241968946517e+00
-5.315354526748936159e+00
-7.050090056676788564e+00
-5.230082714241826025e+00
-3.066122805307078814e+00
-8.728527481738948879e+00
-1.152702662876495232e+01
-1.124706283369255111e+01
-8.751376369757112528e+00
-5.972270687401577405e+00
-7.755434134412753089e+00
-1.203614454160846670e+01
-1.457697985149756015e+01
-1.619590168772701588e+01
-1.655299993080912202e+01
-1.625998707731595516e+01
-1.485376477550789076e+01
-1.464819703285656161e+01
-1.417393799366930374e+01
-1.201414022433240625e+01
-1.216670855586397515e+01
-1.528950127288733363e+01
-1.726055474419763414e+01
-1.775715964195196506e+01
-1.742850983358661665e+01
-1.683324384169035781e+01
-1.645757502980470122e+01
-1.639164741129908620e+01
-1.710233218009519973e+01
-1.737783807567578975e+01
-1.746196837628313858e+01
-1.732254234965663642e+01
-1.513771167438695997e+01
-1.610436205574897173e+01
-1.703070349784097814e+01
-1.658257823859614177e+01
-1.608185370062165376e+01
-1.518435263589092798e+01
-1.489098615065421249e+01
-1.550310363547543702e+01
-1.694385286792091705e+01
-1.713347431982846203e+01
-1.609511343530716587e+01
-1.452481819314218647e+01
-1.268763404152419838e+01
-1.297638175444322961e+01
-1.213730358945792354e+01
-1.278360100218992201e+01
-1.219464882684417617e+01
-1.154182914809108418e+01
-1.321467365079127809e+01
-1.379163594155870420e+01
-1.267361826451330664e+01
-1.090589679967024850e+01
-1.105180432695541448e+01
-1.165519909224279438e+01
-1.268299561105390971e+01
-1.487805362278257704e+01
-1.347659102178357138e+01
-1.114307360901524113e+01
-1.260538549655770879e+01
-1.398596409258806972e+01
-1.612014328937716456e+01
-1.740291253592930332e+01
-1.733011222483269620e+01
-1.732240819982327551e+01
-1.682943639989712992e+01
-1.668526604813024150e+01
-1.657576249087136944e+01
-1.590876742949783562e+01
-1.560214012101426917e+01
-1.683182874537786589e+01
-1.700827985009645005e+01
-1.689886294655649479e+01
-1.762292845014808407e+01
-1.752748347606469181e+01
-1.604510707409384551e+01
-1.641774152793142605e+01
-1.607724350895329835e+01
-1.675926951294937695e+01
-1.680550442634371322e+01
-1.363635258196674727e+01
-1.186445478094962169e+01
-1.383838983882234785e+01
-1.408321687592161808e+01
-1.311131727426276328e+01
-1.163197944586452515e+01
-1.060170435333824379e+01
-1.159280977726456996e+01
-1.210530982511283327e+01
-1.270683509649353304e+01
-1.450470257946089880e+01
-1.598829663412631419e+01
-1.715649117183257033e+01
-1.677944884886984767e+01
-1.543513821812019593e+01
-1.636413253722672678e+01
-1.733510228223255467e+01
-1.694024504258112529e+01
-1.505779817904869766e+01
-1.434381373737026344e+01
-1.289782056309032754e+01
-1.156237593098413718e+01
-9.443731408450741327e+00
-1.061743223999012820e+01
-1.139989766519916436e+01
-1.360980616055230286e+01
-1.334858016818472670e+01
-1.270698062339917200e+01
-1.307594430154833631e+01
-1.225698946999314565e+01
-1.354804711203519396e+01
-1.259982683789264790e+01
-1.068594033506904140e+01
-1.031682370453573583e+01
-1.343081310919519922e+01
-1.171257654822759875e+01
-8.646170206541546222e+00
-1.125956421457545886e+01
-1.181360561706763157e+01
-1.102376926033925919e+01
-1.256774424183901218e+01
-1.197512935250744981e+01
-9.664602416955558439e+00
-1.105999432285764783e+01
-1.246898568263675422e+01
-1.344405795770799550e+01
-1.478912629272143420e+01
-1.345439199251150519e+01
-1.199754881444103383e+01
-1.174433526641998071e+01
-1.129185235781134899e+01
-1.021403888374296898e+01
-1.071745932424614622e+01
-1.171115002955674811e+01
-1.234963710458795028e+01
-1.180249225274873837e+01
-9.194446854188850438e+00
-1.046871720872535860e+01
-1.457890183308163046e+01
-1.491444602045295831e+01
-1.444675541102193606e+01
-1.381198524195580113e+01
-1.266184912281881658e+01
-1.328177594483971902e+01
-1.495117760243460125e+01
-1.601760336543024366e+01
-1.512379738301993015e+01
-1.498623470304683991e+01
-1.464581750788252990e+01
-1.375494832601302164e+01
-1.294328653213680802e+01
-1.297211609174019031e+01
-1.419812047510093933e+01
-1.159766910383588545e+01
-1.058236249430574283e+01
-1.173403316389365969e+01
-1.368357030442339095e+01
-1.421699677010511209e+01
-1.408238980521452000e+01
-1.462590208195800123e+01
-1.227586277405765536e+01
-1.058877711371784081e+01
-9.465350383623242436e+00
-1.028661455640005506e+01
-1.188950761628487562e+01
-1.339821112714534479e+01
-1.542782032759945210e+01
-1.354905529291626287e+01
-1.038707758953833071e+01
-1.011281946412817057e+01
-1.098943848848368177e+01
-1.046353810972341591e+01
-9.499630948947778819e+00
-9.810819459716011437e+00
-8.108730254646440372e+00
-4.913919083884256800e+00
-8.100915506661461762e+00
-1.320870687436486790e+01
-1.400731901238250998e+01
-1.332635592758878751e+01
-1.194768079520460446e+01
-1.208299022244336740e+01
-1.107225804984151729e+01
-8.734429248644163479e+00
-6.164551720038676130e+00
-6.061549697954735194e+00
-6.584501133870008793e+00
-6.329560312493355489e+00
-8.639269587044255516e+00
-1.026752395617877056e+01
-1.035275582784341353e+01
-9.127863670693962206e+00
-8.880354397749069761e+00
-1.224009034822616293e+01
-1.131000089630155614e+01
-8.315214962379247510e+00
-6.316907771350435574e+00
-3.350182526028011587e+00
-4.426105464375939214e+00
-8.604444920057227719e+00
-1.058818038734700728e+01
-9.042279151316039432e+00
-7.255912475076176094e+00
-7.367401639595886564e+00
-6.550208706728762209e+00
-5.781472885522197735e+00
-6.769991774193282907e+00
-1.080923302429560806e+01
-1.243996847802015004e+01
-1.077488127305825216e+01
-1.102717613576015232e+01
-1.034449567162928041e+01
-1.056075084743192072e+01
-1.237187494627362661e+01
-1.133699100892950717e+01
-1.016367344544337747e+01
-1.040394306166194482e+01
-7.888166406002616426e+00
-5.394704848263988772e+00
-5.776543126549004370e+00
-9.959865239987358621e+00
-1.405400337788510967e+01
-1.473159990001168218e+01
-1.327008499004327469e+01
-1.462950023507869801e+01
-1.569520806478133146e+01
-1.251660574632044565e+01
-1.137076856035998595e+01
-1.288970671557500047e+01
-1.259469163793720448e+01
-1.069352046955722990e+01
-1.097678773711584377e+01
-1.010426269047941794e+01
-6.797033507669437924e+00
-5.293642438735705724e+00
-5.063811417195472231e+00
-6.793942231865584880e+00
-7.119777104909871923e+00
-7.960663063679814577e+00
-8.990136597122166506e+00
-4.439019403162858701e+00
-1.559539287228774551e+00
-1.500550238563484129e+00
6.345294055570254166e-01
3.618951443764184983e+00
4.171267850498288077e-01
-2.526000410985310918e+00
-1.284308977979526256e+00
-2.465178675672667907e-01
-7.786569821463299457e-01
-4.944930485213339111e+00
-7.967388407791391458e+00
-8.257506092208279469e+00
-9.043661430803478396e+00
-1.242708058153402817e+01
-1.252296750352793531e+01
-1.261198134703202811e+01
-1.323927079569917531e+01
-1.127622090387823839e+01
-8.373946887927123939e+00
-6.835329538332024057e+00
-8.801426515182649624e+00
-1.200831682154426083e+01
-1.145845040156661199e+01
-6.723958072230456828e+00
-6.375210377401620221e+00
-1.076663587393266397e+01
-1.024884882131614994e+01
-1.066950382723386248e+01
-1.148665975827512575e+01
-1.074794761238698193e+01
-8.487836301186201027e+00
-1.463354903209930002e+00
1.150717494881159375e+00
-1.141455394994557837e+00
-2.604244013015551751e+00
-2.410604124007129201e+00
-2.616197752725950565e+00
-1.619039574584714813e+00
-2.939623577429072210e+00
-5.490759964667747184e+00
-9.384703708379383613e+00
-1.356806170846157045e+01
-1.292126777295729312e+01
-1.315731084058672806e+01
-1.416771949405247355e+01
-1.324283826179080670e+01
-1.329615509230834647e+01
-1.334790457656309215e+01
-9.659628951517236217e+00
-5.510864487428627889e+00
-3.873157455882869193e+00
-3.712740803148935065e+00
-4.353400400012882976e+00
-2.563592990390168413e+00
1.307943880193507713e+00
2.514023545226233392e+00
4.388647181827206367e+00
5.231457765448547015e+00
1.220289786247488600e-01
-7.070268074674086023e+00
-1.079105365611183132e+01
-9.158650803449285505e+00
-8.356238657271289227e+00
-1.103459967953631704e+01
-1.264463156894881024e+01
-1.159464587006187841e+01
-7.430880484824653465e+00
-5.920613796646742699e+00
-5.960448342507849162e+00
-4.290211898760891707e+00
-3.155327496454969793e+00
-5.195191282404864275e+00
-7.229780967423151239e+00
-1.591391583209998517e+00
1.868213211751065028e+00
-1.065945990281522482e+00
-3.436008216069990961e+00
-1.963996075651245121e+00
-2.045453047458755114e-01
-3.411637489693413627e+00
-5.449877444485727196e+00
-3.093201534088611204e+00
-6.966637968853927276e+00
-1.090355907819497716e+01
-1.045798566647599515e+01
-9.068557621657156176e+00
-7.058413396176168142e+00
-7.256620268435069576e+00
-9.090779291248832550e+00
-7.392909967856144071e+00
-3.587987963143303372e+00
-2.287073730688077067e+00
-2.185391732141967580e+00
-3.376690771735454399e-01
-8.741557960237681391e-01
-4.536232707908532724e+00
-7.586440131195448799e+00
-9.387040361237838582e+00
-1.019569248860305244e+01
-7.897327737008253301e+00
-7.326640923771646996e+00
-9.999239872869736701e+00
-1.164221030992203687e+01
-1.093657435234547037e+01
-8.375799547222117170e+00
-9.539688173751036615e+00
-1.008436996543963993e+01
-7.232730443974935142e+00
-6.754681659009704298e+00
-7.007491798933828342e+00
-5.136697366183699209e+00
-5.270447088362125498e+00
-8.124979824165066589e+00
-7.417619172057173138e+00
-8.607325145712941605e+00
-1.193336201983197853e+01
-1.288259001657374370e+01
-1.314778118805887530e+01
-1.136279667951166772e+01
-6.539669932541560371e+00
-3.201565432489210106e-01
-3.061885982883048474e+00
-5.361299664959807920e+00
-4.589643232823854113e+00
-3.577855075998101597e+00
-4.037152028724081632e+00
-6.114508775708494603e+00
-4.487881501555039954e+00
-3.755398850877627925e+00
-3.655888493992491384e+00
-4.943509779960779227e+00
-5.773793573796354828e+00
-4.013809253199383420e+00
-1.941716654460132196e-01
1.149812664624968672e+00
-2.191994368882501210e+00
-6.023596970654949700e-01
-2.384997869234030787e+00
-8.542578674344918355e+00
-9.986747005707330871e+00
-1.023355937401245441e+01
-5.514382479007298166e+00
-2.493616299633116373e+00
-4.389081938516213199e+00
-5.419083992368428859e+00
-5.575526479337666430e+00
-2.986150672224968439e+00
-1.835889920126759500e-01
-1.830708630898093769e+00
-5.029663198197212637e+00
-6.490630721448788165e+00
-6.065120152301095580e+00
-8.625548489715743727e+00
-1.175852171077564101e+01
-1.327853232465748334e+01
-1.425843159601699917e+01
-1.487760739756777895e+01
-1.525118462521998097e+01
-1.250113253526675372e+01
-4.615411031648284812e+00
-2.426803681206976648e+00
-3.310178762649203854e+00
4.920227219195637547e-01
2.453416493895963946e+00
9.620166674212982105e-01
-1.024449129060963859e+00
-5.876731718661734050e-01
-9.507889024775314502e-01
-4.115558919694339401e+00
-1.565109165636680899e+00
-4.932106552089051688e-01
-2.360959072895466804e+00
-5.340233450793994585e+00
-7.219983464529381223e+00
-5.221878344792344251e+00
-5.360000951415407222e+00
-7.223681076744686180e+00
-5.991482560684260328e+00
-2.676547798679240753e+00
2.185747318857177712e-01
2.021363462572596248e+00
2.048035851963983411e+00
1.021769634892769396e+00
-2.751913545969691399e-01
-1.531520205473685614e+00
7.653541334327018664e-01
3.690448233389997057e+00
1.722184105135290133e-01
-1.766374774793527447e+00
-1.562254143442397103e+00
-5.241630996064911008e-01
2.344914766870986433e+00
1.891900827791058171e-01
1.820895102164912793e-01
3.005954547272333244e+00
1.943301469408645898e+00
-1.140427733887169559e+00
-4.832221412002867034e+00
-4.786836561496331299e+00
-3.642514690340377115e+00
-7.997166872334207088e-01
-3.104736102089040273e+00
-6.559272638250019050e+00
-8.157581802759338530e+00
-1.073620152877008849e+01
-1.038912081434215828e+01
-8.753720137081812069e+00
-7.463872593203668693e+00
-5.116823295508066138e+00
-4.848546461077674508e+00
-4.565537193599924493e+00
-1.570229370660453316e+00
1.042778875243515646e+00
1.133703559281869389e+00
-2.718652827322866283e+00
-5.175746729960510883e+00
-4.028357791419019840e+00
-4.165919462512154503e+00
-4.540079691800054995e+00
-3.971335603098903100e+00
-5.014402589634118002e+00
-5.306789251149020892e+00
-2.866871664273447973e+00
-4.784572915792172587e+00
-7.158521895486735787e+00
-8.096927497410495889e+00
-6.035035887363651597e+00
-3.309338640324319680e+00
-5.982379433423730575e+00
-1.010734441186215626e+01
-1.216143347439353306e+01
-1.152748461408898706e+01
-1.268024060699123545e+01
-1.295110988049393974e+01
-8.806391784273190027e+00
-5.198455534657560939e+00
-6.486191191613220219e+00
-9.914987433370594516e+00
-1.002778230925202685e+01
-7.899748175783524395e+00
-4.469221846295111433e+00
-5.745653013901466100e-01
2.742388214479391628e+00
4.770460438417686078e+00
2.451439781960438324e+00
-3.153095525962523737e+00
-4.074552481696197326e+00
-2.841620206622937683e+00
-1.111096468557500883e+00
5.500510222027116924e+00
7.602235717003885007e+00
5.346940491589094790e+00
2.260636565638016293e+00
5.243048148317834389e+00
9.711062096812730360e+00
8.915173698088169729e+00
7.083946809380271326e+00
5.500073720751129436e+00
4.900526679592648982e+00
6.870486795135077429e+00
7.734054492187691920e+00
6.751341803915101636e+00
6.384525515564287268e+00
2.060677382812916569e+00
-3.657798993109816266e+00
-4.649902324909077400e+00
-4.800797700673077095e+00
-3.860560382263849455e+00
6.148691462919544382e-01
4.121738294231394484e+00
5.340681176726124413e+00
4.001467623623963910e+00
1.878420135855265238e+00
5.120556092674626747e+00
9.440641428958425507e+00
5.965167948951858534e+00
-2.122906116410593902e-01
-2.070209471232332898e+00
-2.898353537043403705e+00
-2.826866251260159668e+00
-2.265261216773589936e+00
-1.801317204021859242e+00
-3.611822666743201182e+00
-2.452427768211119741e+00
2.574801806439502627e+00
2.603824108186955311e+00
-1.639929886752405697e+00
-2.749827544102451338e+00
1.654854458539227302e+00
6.267008653276800345e+00
1.024475633464288293e+01
1.360280153767065947e+01
1.372568555642444821e+01
1.194070971948059245e+01
1.319255529674680183e+01
1.537313514994557906e+01
1.324353310925240557e+01
1.117224086246124415e+01
1.289782679466486037e+01
1.234245103261739729e+01
1.222787896060102497e+01
1.368123245218615125e+01
1.322865265474254493e+01
9.667752628253863278e+00
6.011860452857506587e+00
8.767207433592032473e+00
1.111645887614451311e+01
8.769979177748940202e+00
8.073495049096385046e+00
7.188854592867830462e+00
2.537555924226130077e+00
-2.571690308822316862e+00
-1.138082435504245982e-01
4.391043533000305032e+00
7.033479183100606491e+00
6.386069371268867201e+00
3.732257050951843347e+00
2.777683349338856189e+00
2.431964579972128337e+00
5.093814773824619779e-01
-1.217541157341620162e+00
-9.723230214225044854e-01
-9.750912063113885697e-01
-2.434441623358403639e+00
4.396256982787530299e-01
1.382084993360805703e+00
-4.382763146458275472e+00
-6.258421687161582980e+00
-5.465394754205062711e+00
-7.345306295848774703e-02
2.158155138923543159e+00
5.160202685074793960e-01
2.368062417580889978e+00
4.730711028787707662e+00
2.992362750625335188e+00
2.401670523607262187e+00
2.627506318815284292e+00
2.223451170307876978e+00
7.030849704977472747e+00
1.280947297001705465e+01
1.437249677309379514e+01
1.344553386675035789e+01
1.203181926875543795e+01
1.244458825232182342e+01
1.295925646092989147e+01
1.339801533338373218e+01
1.375056204567454721e+01
1.181137558054849812e+01
9.780389763548766879e+00
9.761904413403485137e+00
7.504564645152583147e+00
6.126689575095416451e+00
5.950775272945156402e+00
2.515967380771748196e+00
1.691032007212955879e+00
4.740080652383769966e+00
9.637023396479323267e+00
9.214741363810013297e+00
9.158563877693522315e+00
1.270040840407448357e+01
1.355005860737052004e+01
1.262182604842488765e+01
1.360765317763288174e+01
1.591113884816940427e+01
1.388870347174943909e+01
1.277456649356959772e+01
1.518598131190759304e+01
1.564806268641569531e+01
1.393261182956489463e+01
1.183612503949515471e+01
1.176751511014725615e+01
8.684682375466287851e+00
4.332167113479867382e+00
3.411753117325282858e+00
5.667483891175384869e+00
8.451989476038072269e+00
1.207052121563405933e+01
9.309984850464768869e+00
1.300982401171555614e+00
1.734363283190172966e+00
5.471999999350006583e+00
8.661910913140317803e+00
1.090101841293296658e+01
8.925139719790044168e+00
5.545725661819601804e+00
5.974282615985820222e+00
6.313798235217920052e+00
2.380538875051601000e+00
4.301053061551474710e-01
2.103215938216896230e+00
4.924369347667951757e+00
5.633970682857331269e+00
3.741714708988217897e+00
7.552711270458382309e+00
1.159419671169342081e+01
1.131017899922849423e+01
7.643980851623756401e+00
9.133391003130649111e+00
1.298831879595021377e+01
8.660929686154776874e+00
4.996520010380440802e+00
5.125727630003119373e+00
8.170434055046960964e+00
1.115410249034426471e+01
9.797982209401224551e+00
6.673080367757718179e+00
6.959017905017800487e+00
7.554963955465672676e+00
7.089759409553264113e+00
8.505044207129902389e+00
3.945184504327841069e+00
-3.664927240111848672e+00
-2.633434932399151052e+00
2.090659310936274107e+00
4.421540721368372395e+00
3.025563556532024023e+00
6.733375829365008114e-01
-9.945151435228835601e-02
4.260210053697109922e-01
5.612199526274707750e+00
1.014872539042763222e+01
9.548238892801379052e+00
7.446190423460785190e+00
7.155231475806049346e+00
6.019586671279362200e+00
7.816868290458345747e+00
1.242841013555566931e+01
1.091853151928228094e+01
8.587734861924699814e+00
1.299337200312224283e+01
1.522373698911332518e+01
1.557079413376899168e+01
1.277562832861643116e+01
1.036592847542865670e+01
1.098710608157870183e+01
1.046509213830813323e+01
9.239882199301783672e+00
1.111122553182720196e+01
1.281025834097654403e+01
9.310433203444848260e+00
6.855325903746535943e+00
9.031309257136452828e+00
1.208474765760610126e+01
1.354133714250263765e+01
1.056897389648942642e+01
7.616331275354577102e+00
7.108432398596328028e+00
7.778132613168734721e+00
1.049899859164295179e+01
1.281085945468119291e+01
1.324217135773481324e+01
1.128107334447880561e+01
1.274174663472594204e+01
1.156896385989208476e+01
6.844045482957754167e+00
9.546810490114779668e+00
1.281108212590208417e+01
1.219154070838209769e+01
1.029858149209749030e+01
5.802802563150977200e+00
2.865551779969565782e+00
4.064670744612699060e+00
1.327089256376506654e+00
-8.673817854528533822e-01
-2.146322277367578302e+00
-2.688584655130605405e+00
-3.640831412044265747e+00
-4.795292097366393946e+00
1.586837810037787344e+00
7.703947108427332324e+00
8.599051829699680738e+00
1.175000380251456100e+01
1.445788748513409772e+01
1.384358461206198676e+01
1.126694921174201447e+01
1.100790246387728999e+01
1.137479338426854625e+01
1.324281617788100363e+01
1.572826780052258400e+01
1.333480780829258094e+01
9.634261603116540229e+00
9.197582780681655024e+00
1.031544152404360482e+01
1.025656370037204113e+01
7.116034571862247304e+00
8.905320783351903913e+00
1.131410221906414293e+01
1.078584600971787211e+01
1.156950213826425156e+01
9.640545365755789575e+00
7.138750465334610773e+00
6.208988456221107732e+00
6.599766215713889217e+00
1.059322005059891048e+01
1.134376245204600409e+01
1.104120130853318038e+01
9.822311216772030562e+00
9.991760985430076403e+00
1.285644010823559746e+01
9.064749465099611214e+00
5.128914682657332413e+00
5.209449766342499899e+00
8.324721927964802148e+00
9.967540922204324971e+00
9.472716163713476689e+00
7.153657830623150637e+00
5.776975348382046072e+00
5.314855058396925180e+00
6.149022723933271983e+00
8.710951130140109910e+00
1.132439471704129375e+01
1.336716896717981484e+01
1.221936826864000381e+01
1.194467219201874464e+01
1.324079700451308739e+01
1.359384821154695189e+01
1.276799119424389062e+01
8.978274952626849270e+00
6.413745550698418008e+00
6.042701000965294611e+00
2.440243230451523360e+00
3.829272104206778327e+00
8.558955802127373502e+00
7.590422330162247100e+00
3.844734993454335115e+00
2.606118479068721516e+00
3.094241256776364857e+00
8.863214107413135423e-01
2.258350436874354994e+00
9.624311903626589171e+00
1.376319087331762603e+01
1.578802975481657178e+01
1.475140938522227252e+01
1.328662713236661475e+01
1.536463664220612557e+01
1.638577398949579589e+01
1.445680899979317502e+01
1.465989493997604320e+01
1.455696366134277575e+01
1.249176393619665149e+01
8.835555226905794868e+00
4.065034889601622403e+00
5.476797285801621840e+00
8.610868689801076670e+00
8.045676001058065907e+00
8.438534602842167942e+00
8.712442899881185809e+00
7.562883358393492017e+00
7.669733528771133457e+00
9.890096362471190616e+00
8.575844470949673948e+00
5.368108853041596795e+00
4.065655566790382203e+00
5.955745174036826128e+00
8.001830104698855806e+00
8.122754241715512080e+00
1.199577954613169517e+01
1.396334638980303744e+01
1.289598812350504708e+01
1.237075490154121127e+01
1.210682002812763258e+01
1.369676758153655349e+01
1.414236844082841671e+01
1.365505427028214847e+01
1.206226446511948858e+01
7.946877491892051282e+00
6.252697657031656142e+00
7.231419405606020590e+00
1.005611594079583426e+01
1.359104136664547369e+01
1.485664578771695155e+01
1.244873722362780200e+01
1.435241156360374504e+01
1.773174831366392468e+01
1.739846609692990498e+01
1.606773692059480041e+01
1.516853844962491316e+01
1.386688080516468702e+01
1.337394036223710891e+01
1.381647284331699410e+01
1.520241431773056462e+01
1.741060333343375532e+01
1.613191069050490256e+01
1.213202235269778839e+01
9.193134802675242412e+00
1.032217065168365799e+01
1.029137780535043944e+01
7.299921534766528275e+00
9.488656637540893612e+00
1.374207058968992001e+01
1.326696218853662756e+01
1.317687474290756988e+01
1.657182412236323543e+01
1.805731978437534480e+01
1.808619058973232541e+01
1.563819409352798928e+01
1.252018974806650853e+01
1.121913905153635049e+01
1.264784154070517808e+01
1.753104451161090083e+01
1.981610538794295451e+01
2.030892226344462870e+01
2.042748194466849299e+01
2.058403456379757657e+01
2.001349305168870885e+01
2.053931127147781055e+01
2.049791766012691241e+01
1.865194297566012693e+01
2.031210095826042661e+01
2.110080979460082062e+01
2.058501567365243545e+01
2.004226001220766307e+01
1.972613299268997267e+01
2.031511101179829382e+01
2.043721532466567936e+01
2.076782146959044795e+01
2.063812869655556170e+01
1.972611826845398397e+01
1.952360824235108794e+01
1.946665959510598398e+01
1.906910881429905302e+01
2.008095627400487260e+01
1.987484458675956134e+01
1.890880890044491380e+01
2.024936851067988641e+01
1.971263986756069642e+01
1.936084693342957408e+01
1.948104373429296743e+01
1.908066188423062925e+01
2.040735359719545983e+01
1.989821954972599016e+01
1.831807395165022001e+01
1.937758495984457241e+01
2.067856248290781807e+01
2.028007644438825707e+01
1.997820746352486410e+01
1.953601520561335292e+01
2.015775478791077191e+01
2.087693509209335474e+01
2.104971048180146909e+01
2.032918779466161752e+01
2.019662177480739729e+01
2.027036834668038523e+01
1.942846177506931582e+01
1.936413082118258799e+01
1.949547115492186578e+01
1.862263661993505437e+01
1.838929019760729133e+01
1.921701086699579264e+01
1.865811862114719943e+01
1.746530726760806829e+01
1.831445668267289051e+01
1.970858156386707805e+01
1.822499363631581204e+01
1.627093427144378879e+01
1.413798851622587982e+01
1.371758032625738544e+01
1.191324518437981617e+01
1.362049596396754403e+01
1.614956847230619630e+01
1.590363994180503404e+01
1.703728470553750185e+01
1.750414451703106522e+01
1.548643686020890442e+01
1.378658367987211619e+01
1.546483865229938104e+01
1.772402450004282315e+01
1.720221481538503738e+01
1.701921783002159572e+01
1.774236501615771289e+01
1.918816017427272769e+01
2.059013706024396129e+01
1.997134321264766754e+01
1.769654342758349230e+01
1.811080373716930225e+01
1.816759539744573004e+01
1.831548629677789108e+01
2.015019395398551794e+01
1.954372403838807060e+01
1.834543308043463483e+01
1.678350529987917739e+01
1.345871076259077270e+01
1.216459567887186566e+01
1.273017877519146701e+01
1.131056940863348714e+01
1.150565871025514220e+01
1.343200143020510318e+01
1.367735834491295321e+01
1.533462963209976238e+01
1.827424519236742029e+01
1.928768164645858363e+01
1.933049732458322723e+01
1.920613484456866260e+01
2.032515547935350497e+01
2.130480466007859874e+01
2.099859292023031898e+01
2.080678623843544273e+01
2.038195624268238149e+01
1.926038714031155052e+01
1.625265189568168012e+01
1.159383842221516581e+01
1.025084380844829468e+01
1.291045479317890887e+01
1.490585448468651997e+01
1.426494506386748462e+01
1.149096511383308439e+01
9.556692031852302094e+00
1.212046295333616186e+01
1.404596334451938766e+01
1.315441512250315803e+01
1.239118732036332737e+01
1.138991214869343160e+01
1.275912054960626207e+01
1.637810286131213999e+01
1.523204353009698053e+01
1.459164643729555699e+01
1.549807651142863385e+01
1.387118798112650708e+01
1.330201881200234482e+01
1.408496743678427343e+01
1.695730235183413015e+01
1.795444697910067688e+01
1.715791210680169243e+01
1.863753653327202997e+01
2.013379997369282748e+01
2.086974063694615467e+01
2.048214206461054587e+01
1.994145389228366483e+01
1.744133945756409432e+01
1.586888175473593776e+01
1.501006998405984305e+01
1.281085473861387847e+01
1.150394355441170546e+01
1.333501897395758284e+01
1.229149973071629454e+01
1.179621057184461641e+01
1.288103630028951230e+01
1.245045804522188959e+01
1.417686432946540798e+01
1.408021579920183797e+01
1.333759836124202991e+01
1.284044757418314475e+01
1.199167619242403404e+01
1.417450089361309118e+01
1.613983748156749698e+01
1.742257316470168860e+01
1.588165223959477856e+01
1.516618221222620022e+01
1.650059842209480010e+01
1.505410792511251117e+01
1.281707928664329366e+01
1.320637781490691687e+01
1.568684389459284922e+01
1.719326191894295519e+01
1.440396567861117738e+01
1.134222589905980705e+01
9.608619761268998971e+00
8.096803133830899668e+00
1.267615650668286698e+01
1.867739321869640889e+01
1.974583268431084448e+01
1.932806929705506960e+01
1.882820651257294742e+01
1.710504967810573618e+01
1.685249254027225874e+01
1.829755667210166692e+01
1.823985377288268950e+01
1.567524164837839074e+01
1.456786800607028987e+01
1.531353705332647941e+01
1.563745487474458606e+01
1.640145545749323119e+01
1.865824754866956781e+01
1.945278847403404399e+01
1.837663112625558171e+01
1.851686258131823593e+01
1.986561116720920239e+01
1.878109070026354743e+01
1.758658787601131124e+01
1.586096518095897778e+01
1.514846089031554222e+01
1.572959436855717996e+01
1.423111815611581044e+01
1.437149645879965831e+01
1.551844173121481951e+01
1.504545255471509435e+01
1.275676415465946434e+01
1.231288754743370184e+01
1.474158342152306922e+01
1.741996246090949896e+01
1.752052647301243837e+01
1.793822183947230897e+01
1.908560053461288319e+01
1.931049076122729602e+01
1.614339197634502554e+01
1.578638290807373856e+01
1.631934781063536732e+01
1.483988141563323460e+01
1.538760047708647427e+01
1.669846030746168353e+01
1.743185487785048338e+01
1.862384099279561056e+01
1.971725712748668613e+01
2.029768522703939126e+01
2.057648427174860473e+01
2.024168380127182232e+01
2.004769793052136251e+01
2.067249882972470942e+01
2.110918365026713772e+01
1.896278337571427031e+01
1.648508056935558486e+01
1.451096809408374888e+01
1.253515719254011707e+01
1.367786894965533762e+01
1.496904264728047806e+01
1.305409733545820217e+01
1.363320822150029521e+01
1.448779773680162464e+01
1.393068572573177732e+01
1.649868461783601248e+01
1.564370546739092127e+01
1.300015248382845634e+01
1.434926703503072609e+01
1.597558806449119295e+01
1.672056316262766629e+01
1.857059071024230335e+01
1.960000748896737477e+01
1.763090827929218918e+01
1.549079371640160829e+01
1.690993524036599993e+01
1.687205256431488820e+01
1.545122630391136731e+01
1.541103977468425867e+01
1.298528260300521531e+01
1.203669639292075999e+01
1.590318107955312144e+01
1.825566824693694912e+01
1.869156694167931931e+01
1.813626505938213995e+01
1.642181498347002488e+01
1.684088773249969151e+01
1.849987491331927814e+01
1.912429858736975419e+01
1.825613922612797424e+01
1.752960227065331011e+01
1.934743335856728308e+01
1.933581307017455586e+01
1.783694554603655291e+01
1.739134429436802876e+01
1.765214387451882772e+01
1.590109372891828521e+01
1.283701283696497697e+01
1.280883297298093737e+01
1.424035444311614995e+01
1.407560870921073359e+01
1.437399422282932804e+01
1.296899646667168149e+01
1.326211619147432685e+01
1.543567916910281035e+01
1.397951464640720154e+01
1.131763434592623874e+01
1.012051721218892197e+01
9.950207101268569332e+00
1.255781221228932587e+01
1.529785232338839052e+01
1.695487313112744232e+01
1.532899004366345430e+01
1.051541580979973567e+01
1.453416311224374446e+01
1.965136927451904469e+01
2.040001443465974873e+01
2.053936889836168334e+01
2.121361165383526171e+01
2.112138945758692898e+01
2.049534392042537334e+01
2.019178448912267854e+01
1.977693155296670113e+01
1.894530956202243388e+01
1.847429199407143940e+01
1.970787000048242632e+01
2.042355307480057647e+01
2.053559015275568100e+01
2.026430996323921008e+01
2.008806163107376719e+01
1.900130719383162159e+01
2.001510844527607347e+01
2.093933561545569333e+01
2.079635245509198782e+01
2.069117842452478939e+01
2.007778640565725325e+01
1.857292811149433476e+01
1.920392865559756501e+01
1.875839666878214373e+01
1.724452312287685984e+01
1.722006195444891574e+01
1.916212723824254738e+01
2.011327541324294899e+01
2.031442388144511213e+01
2.071340726213689720e+01
2.066313153588606610e+01
1.977914232124257410e+01
1.973482625248689004e+01
1.967711994413436116e+01
2.005650726022122399e+01
2.059731200994873745e+01
2.090347863508990756e+01
2.030974840802155867e+01
1.944793737194736494e+01
2.012243773605545272e+01
2.080150018024360747e+01
2.032235460553745554e+01
1.940906562529888646e+01
1.925531221272635918e+01
1.929352491069761300e+01
1.961456032263464522e+01
1.965492953532711340e+01
1.859032314046823586e+01
1.926080295791253505e+01
2.033954292604363800e+01
2.030791881629345141e+01
1.923746265850373760e+01
1.804629500196747927e+01
1.803801631839678521e+01
1.763344453705174075e+01
1.875752226604480555e+01
1.998013825140298394e+01
1.893903909904765470e+01
1.685181037755011957e+01
1.513673682048087876e+01
1.534363900788567214e+01
1.665940887987043695e+01
1.790089032346852704e+01
1.672958742039460489e+01
1.470562917878192977e+01
1.394304369672757637e+01
1.341909080375270946e+01
1.711354542266622047e+01
1.638747750611531018e+01
1.597778084703492674e+01
1.965673471671599870e+01
2.052714109593514280e+01
2.029099890888087288e+01
1.958725408727177353e+01
1.996781937983406507e+01
2.002008670170228655e+01
2.022405175816530232e+01
2.042011165328531774e+01
2.043453397590776888e+01
2.059135172533481750e+01
2.047214148006938572e+01
1.993039219993173461e+01
1.951582725261602036e+01
2.013349746949658936e+01
2.054280641310903732e+01
2.034009720313830627e+01
1.943248824089281968e+01
1.871533314508065260e+01
1.862192135143512672e+01
1.807609724758218306e+01
1.587407431123230062e+01
1.465692763628825190e+01
1.433751558290211392e+01
1.415146797585830463e+01
1.492245754586477702e+01
1.368800905917814603e+01
1.134594919233608579e+01
1.294745629610539872e+01
1.426359628779096234e+01
1.321346808982551302e+01
1.500300160536064276e+01
1.473823808750553255e+01
1.352817927686542276e+01
1.555312193856610570e+01
1.684761691762108526e+01
1.675920152288999887e+01
1.601001139715242871e+01
1.545100960311351557e+01
1.505755048390123285e+01
1.524146573884924294e+01
1.697184596202566098e+01
1.771289180140002628e+01
1.766281604565527275e+01
1.683181143868841190e+01
1.698303068603461341e+01
1.798000118462309160e+01
1.850513098086754482e+01
1.830423719975160424e+01
1.633712339676105785e+01
1.561284679290324462e+01
1.648012305726717841e+01
1.615753645116164705e+01
1.392178404296597982e+01
1.362231174119956023e+01
1.448947454835435700e+01
1.580328051450817206e+01
1.553049882317622021e+01
1.300558943510225518e+01
9.519841526080799810e+00
9.273408560993702920e+00
1.205601746273688413e+01
1.201042859569365184e+01
1.161286224087253238e+01
1.369158467234966103e+01
1.396775568370619780e+01
1.301116392684113166e+01
1.434281425650503827e+01
1.528875468344088162e+01
1.620688304742941455e+01
1.691247960764165015e+01
1.654180932219169975e+01
1.514731558158020519e+01
1.540722104102072798e+01
1.456690408760831978e+01
1.273399341207751156e+01
1.350621511109267026e+01
1.234742214143737016e+01
1.069122164547962051e+01
1.238504745695020759e+01
1.314551105757580629e+01
1.061336130385461729e+01
8.660675146376229705e+00
1.021831548333552142e+01
9.325575884295387752e+00
6.597579531645999751e+00
6.808293959952471219e+00
7.773426968867831910e+00
8.412083896156564933e+00
8.337959806237790872e+00
8.347588087021128089e+00
1.124660057840675975e+01
1.330488346214855433e+01
1.330326496280417636e+01
1.240607950959640426e+01
1.023291255053457505e+01
1.134517714735564198e+01
1.355243786484380131e+01
1.258746811792228293e+01
1.272609823205130297e+01
1.399752041626906696e+01
1.400550018790683460e+01
1.527813228206891338e+01
1.654135584380101065e+01
1.608204315041314914e+01
1.650900464142295476e+01
1.607249653182228144e+01
1.451502749871418274e+01
1.332344770151433622e+01
1.468671634081512956e+01
1.671342628704134370e+01
1.719143649315025613e+01
1.691681661556541982e+01
1.541800004753212328e+01
1.381076471191644472e+01
1.269100439718657469e+01
1.038548573485954307e+01
8.847548114504453665e+00
7.335231420907047273e+00
9.666305021056384561e+00
1.275004010646626718e+01
1.337947314914827857e+01
1.276367048095240975e+01
1.396783427183997439e+01
1.550934074746920821e+01
1.486437700948020613e+01
1.395111543721204939e+01
1.292510497336573749e+01
1.409491541358696587e+01
1.624163768117865203e+01
1.605175308967550052e+01
1.306596893487466637e+01
1.197163459999141111e+01
1.241504923402011329e+01
1.101218002264484852e+01
6.810380216519157592e+00
