-1.094082191394068637e+01
-7.367419217159651090e+00
-8.020751226629005970e+00
-9.406174290181571251e+00
-8.422575711474024729e+00
-7.696574375204948026e+00
-8.097057266660248942e+00
-7.984951899602561021e+00
-7.775355625873492826e+00
-6.623254886815185927e+00
-7.389526693795610335e+00
-8.622861783627378429e+00
-8.508284407136065042e+00
-9.003369551797007375e+00
-8.745179645483162290e+00
-6.950032546145559209e+00
-4.340798942346681066e+00
-4.153039514023407541e+00
-5.410805292006370948e+00
-6.314782851897622784e+00
-6.393225702933242438e+00
-6.103688865244057737e+00
-7.025910082951249080e+00
-8.044696712600542199e+00
-8.706858101450681175e+00
-7.190946111048517331e+00
-5.700889615935604837e+00
-4.936410775102783255e+00
-3.791738056383642252e+00
-2.467938975010908198e+00
5.731746660095367041e-01
6.453632000056288565e-01
1.468061507588054315e-01
2.716082367644741424e+00
3.529879421151098207e+00
1.658041892644649629e+00
6.253984376362501374e-01
1.119756287026565600e+00
1.561881383254294375e+00
1.657838230111504663e+00
8.175153876418603804e-01
1.818643641942643496e+00
2.624139101866775015e+00
-7.586312351636020912e-02
7.507781377112890953e-01
3.907712654078924430e+00
3.222076172186241205e+00
-1.263127323537463764e-01
-3.063753450690326119e+00
-5.510036457779206032e+00
-6.842919851501977568e+00
-7.085305431067308923e+00
-7.470348049006276803e+00
-5.858374995363084814e+00
-4.725455616266996728e+00
-5.941894235777895439e+00
-6.130975781132022462e+00
-5.391092390425859193e+00
-4.245413757145815481e+00
-3.852566924732838682e+00
-1.837809601729134990e+00
-6.805923304103720373e-01
-8.301962761240971878e-01
4.087239760867944494e-01
-3.489605789726742957e-01
-1.531798046824638604e+00
-4.632548355630242143e-01
-9.554671478591463263e-01
-4.251124930076090713e+00
-7.376735532282804542e+00
-7.189537478046695185e+00
-7.280261869845251255e+00
-7.509039340424743969e+00
-7.891978161891644916e+00
-8.315746224370668571e+00
-6.800535315768931000e+00
-7.035492565096732598e+00
-7.874550187230990872e+00
-8.237235813690336528e+00
-7.338628890642126201e+00
-6.038887976796643464e+00
-6.692483991194173143e+00
-6.917792925486794253e+00
-6.638490625048124372e+00
-5.748318339816531619e+00
-4.400255623050258968e+00
-6.947442244714446602e+00
-7.294588365826966125e+00
-5.123047313693534832e+00
-3.981326993736218789e+00
-3.835104639584435926e+00
-4.487833446445100627e+00
-3.241886218886853133e+00
-9.838211064779439630e-01
-1.888388350546795769e+00
-2.811999497691699990e+00
-1.162576288511086187e+00
-8.227331613089130524e-01
-3.701507337840399536e-01
-1.345484755169243041e+00
-3.334148110972923185e+00
-3.869084243848919247e+00
-1.774918475249870786e+00
9.197949231628005373e-01
2.356432360130054637e-01
-2.584843899464992489e+00
-4.503541037147636317e+00
-5.040228713540113148e+00
-6.429339833242775804e+00
-6.666840498340462773e+00
-6.060804840123496184e+00
-4.874500004675623721e+00
-3.254965346226292411e+00
-3.389271287364385987e+00
-4.864882903299356798e+00
-7.191376900776854875e+00
-8.669860570428653546e+00
-8.991617581216818422e+00
6.470665775920301233e-01
6.470665775920301233e-01
6.470665775920301233e-01
6.470665775920292351e-01
6.470665775920292351e-01
6.470665775920302343e-01
-1.044195335289608906e+01
-1.184514876764405145e+01
-1.199849366368397874e+01
-1.206222260335029439e+01
-1.256330085270460728e+01
-1.159145725001664573e+01
-9.507083406141578763e+00
-8.286744124395704958e+00
-8.343646876967028447e+00
-8.774783085744324751e+00
-8.875469108696208309e+00
-9.321311656864335049e+00
-8.710194025711160748e+00
-6.264466384244037123e+00
-8.184511630497921075e+00
-9.605046598501989052e+00
-9.218500048234107069e+00
-9.546750849412877216e+00
-9.605505537146759920e+00
-9.779241721005687893e+00
-9.123129945071060121e+00
-8.733166239163617561e+00
-8.208200995602723538e+00
-7.915344681381719205e+00
-8.688947526030336377e+00
-8.733080011623979289e+00
-6.996276556803024960e+00
-6.181746494782784040e+00
-8.872872245491823406e+00
-1.120891216445876637e+01
-1.024050033290405004e+01
-7.886281201287988374e+00
-9.232954774745541826e+00
-1.130822011570993446e+01
-1.114096323537583721e+01
-1.073943483394637788e+01
-9.312048862749943368e+00
-8.916856887995336933e+00
-9.440661789482303945e+00
-7.556599181138574650e+00
-4.212641149392016615e+00
-1.653690599684574769e+00
-2.618014310599950711e+00
-5.682369499031587168e+00
-5.104566512666344202e+00
-4.628275347636871651e+00
-5.078565096031006476e+00
-3.421342860492059490e+00
-1.475176778875289862e+00
-2.067456205379416989e+00
-5.906133267763971517e+00
-8.105185945006688542e+00
-7.856845874111423100e+00
-9.903060101192755482e+00
-1.115849558155308685e+01
-1.151582786146966164e+01
-1.175532012085919220e+01
-1.117082445386543554e+01
-1.156471934973684235e+01
-1.151143448650043766e+01
-1.023042215648455056e+01
-7.497475944815266580e+00
-6.290907979146504125e+00
-7.362880828288592916e+00
-6.967673150398205451e+00
-5.792622931792193341e+00
-5.388767630565120648e+00
-4.303204711084522849e+00
-2.625015230657541832e+00
-2.278877279613753082e+00
-2.990409058686551269e+00
-3.186778230766478703e+00
-2.792811612466377102e+00
-2.744778189400250312e+00
-4.045076987505249022e+00
-5.724233581814601735e+00
-7.477335192069976877e+00
-6.576576827641108736e+00
-1.083510100131090503e+00
8.674879310870601268e-01
1.802955610923426266e-01
7.570800072624575550e-03
5.682438178124722683e-02
-1.336946530643341902e+00
-4.161316023463120573e+00
-6.110646033445007674e+00
-6.222159639010580001e+00
-6.193739394869306913e+00
-5.911231831744506060e+00
-5.503198336217385744e+00
6.470665775920292351e-01
6.470665775920292351e-01
6.470665775920302343e-01
6.470665775920301233e-01
6.470665775920301233e-01
6.470665775920301233e-01
6.470665775920301233e-01
6.470665775920301233e-01
6.470665775920301233e-01
6.470665775920301233e-01
-6.249019190863108975e+00
-4.887752566463199777e+00
-4.355961851360527604e+00
-6.806165054219182053e+00
-8.086235893755279847e+00
-8.637361565065736713e+00
-9.354351798856688660e+00
-8.075851438925855774e+00
-6.612788098388982405e+00
-7.249176530296378651e+00
-7.451968302984762538e+00
-6.471076033795662319e+00
-7.130224609909242339e+00
-9.288743826730330611e+00
-1.004124092849831484e+01
-8.730394790630342072e+00
-9.109289372856345324e+00
-8.524484640319746731e+00
-6.449783107481667166e+00
-7.108245440197563880e+00
-8.135006488865940355e+00
-9.940458737383186971e+00
-1.059939430951023098e+01
-9.357135203760950759e+00
-6.939615634153924795e+00
-5.908582637999174381e+00
-6.836383205760850679e+00
-6.032410401391171462e+00
-6.153165589164351523e+00
-8.217310397573362124e+00
-9.804831706822440651e+00
-9.618310736989025500e+00
-1.008619596377871908e+01
-1.194115244976777035e+01
-1.176712015702495329e+01
-1.098021904579693597e+01
-1.045851543225355940e+01
-9.905971762542129966e+00
-8.730543452870749732e+00
-7.960218678359320066e+00
-7.109517258873560230e+00
-6.915206266218466347e+00
-5.640085243223140310e+00
-2.402524666367013229e+00
-2.288976359798930549e+00
-2.131538617036596861e+00
-2.848022640242021897e+00
-3.208694620133071052e+00
-4.289325522624151787e+00
-5.561349532772373649e+00
-2.892017344449740790e+00
-9.053902514142311286e-01
-9.120146463225314859e-01
-1.842398446892079100e+00
-2.447923882367930126e+00
6.713613344032028918e-01
4.355760289750624459e+00
5.448469783966145563e+00
5.267511014441306649e+00
3.215750803950938153e+00
-3.162760604888429916e-01
-1.957557750310829459e+00
-3.303169732146622461e+00
-6.343738858407301784e+00
-8.492251457970541040e+00
-8.683304157946080792e+00
-7.553796053230229290e+00
-6.935050478056432155e+00
-6.403017653890850092e+00
-5.598424988847177097e+00
-4.708555006243665630e+00
-2.982215812202434257e+00
-3.716984735232249371e+00
-3.655919976634422142e+00
-2.638551287362816300e+00
-4.682032426020682259e+00
-6.857220329269183345e+00
-6.462439523442796485e+00
-6.898054459997145393e+00
-7.162477148184184017e+00
-5.870797800770502839e+00
-4.641043412998501871e+00
-2.243854008930169286e+00
4.979866711494563281e-01
-3.050131788085461149e-01
-1.815144086705657189e+00
1.655330327964547876e-03
3.323781759810394698e-01
1.725265127234534290e+00
3.588284931082649454e+00
3.334903079095587586e+00
2.356111769918789900e+00
-3.491390038887388636e-01
-1.375468059124807851e+00
-2.659453763640439838e+00
-4.872929751263326281e+00
-2.738543199810669737e+00
-1.202215929420115570e+00
-2.637976295718059028e+00
-3.214010630192156270e+00
-5.181668442190049184e+00
-8.149320266094674636e+00
-9.761929311118757724e+00
-7.782894248488166689e+00
-5.474064147540409486e+00
-6.658959834032712521e+00
-6.573088077490724324e+00
-6.031438222922560932e+00
-5.171102117253928654e+00
-4.910372483946896516e+00
-3.992382074833761951e+00
-1.058472564845941433e+00
1.580949301062851919e+00
9.484955974213920005e-01
-1.208593452755114761e+00
-1.429653032456005279e+00
-1.436376515901855333e+00
-3.611371983861121904e-01
1.559230327599062438e+00
3.278617426323409134e-01
-3.867621732503200960e+00
-5.449299642028583079e+00
-3.760375919563572644e+00
-4.625067964382051144e+00
-6.089185851630930735e+00
-5.932934036884213391e+00
-7.006818027575923757e+00
-7.912660516049674797e+00
-6.529070219807485032e+00
-3.911978163130580111e+00
-4.220396745058411447e+00
-5.664300679273837069e+00
-6.727013024471649949e+00
-6.258748048128964570e+00
-6.404734066375407764e+00
-6.931652863841965662e+00
-5.279857269025846733e+00
-2.738773582802328743e+00
-1.992033237540358215e+00
-3.808018492101322483e+00
-7.300542422888525174e+00
-8.732086687678968673e+00
-1.098752755401709003e+01
-1.198014020069564189e+01
-1.147203473144828045e+01
-1.119101069020033457e+01
-1.042476813279260561e+01
-8.993117358297540775e+00
-9.816673411361044543e+00
-1.128038651180917817e+01
-8.487440768779080713e+00
-4.999593268445537753e+00
-6.734041847405778825e+00
-8.193830397599406012e+00
-8.447235239208735535e+00
-7.809049826709199671e+00
-5.537665364355103925e+00
-5.447576436656570209e+00
-8.086267505304640224e+00
-1.049162185186100871e+01
-1.073549881062024625e+01
-9.078808241389813460e+00
-8.342024026385963964e+00
-7.812505914635220705e+00
-7.283276288261786746e+00
-8.117541931039284009e+00
-9.820516645836329772e+00
-1.136945053107938364e+01
-1.216704726810390724e+01
-1.204295076718135071e+01
-7.814931844986287679e+00
-3.160833242537864241e+00
-1.762062836567539259e+00
-2.283057727576386142e+00
-4.556788269149337545e+00
-6.490494383644706211e+00
-8.223987351368259979e+00
-7.139461097395192191e+00
-5.530970155812520161e+00
-5.636486172485997592e+00
-6.300751541518069487e+00
-6.308046740768685545e+00
-4.095907805739273044e+00
-2.994601274409937730e+00
-3.808488074507967891e+00
-3.883314278709720568e+00
-2.130031861781381153e+00
-3.103688266612857127e+00
-5.187897202686023945e+00
-6.075431746628705554e+00
-4.050687517413992467e+00
-1.288293558864022081e+00
-9.898084077959715676e-01
3.957592356217695673e-01
9.520138205415881183e-01
-7.072539783995793194e-02
1.974099478166795985e+00
1.311242113413873422e+00
-1.113246672770277002e+00
-7.555973917282359231e-01
1.835057575605504976e+00
2.752028165071157328e+00
1.326021363938272302e+00
6.949266742770532357e-01
6.814095655650673211e-02
1.670801990011614446e+00
3.242567533718035300e+00
3.468918282072373849e+00
5.743295840218369364e+00
4.879602303251507678e+00
2.074303963928991301e+00
8.005091562000464164e-03
-4.068706321698523531e+00
-4.998727734794968569e+00
-5.473930216631588408e+00
-7.739629618226685714e+00
-7.943914741269004764e+00
-4.875912400402794056e+00
-3.145055211259858652e+00
-3.907282790772228953e+00
-3.387289705584576982e+00
-5.895405489038809677e+00
-8.003429900633776128e+00
-4.560046374587710005e+00
-1.459617042478227544e+00
-2.757150523168191203e+00
-2.436523226405608700e+00
-2.589924171967491251e+00
-3.100018235102368180e+00
-1.973614447235966241e+00
-1.406545699906045943e+00
-2.558922292338895232e+00
-1.612149416772787225e+00
-8.324797187093877504e-01
-3.116727469098925507e+00
-5.063310147546575379e+00
-6.768252040463363706e+00
-5.168283186417191644e+00
-3.265749253979753686e+00
-3.474674262742458275e+00
-6.167843126077370286e+00
-7.672554860550190980e+00
-5.753726127832555548e+00
-7.066814374608022753e+00
-8.654804348821523163e+00
-5.795784569646308171e+00
-6.385595911164971383e+00
-8.111727576850199739e+00
-7.764499330325661752e+00
-7.412325054723697626e+00
-6.229082927111806001e+00
-4.822115823796484513e+00
-3.357685097339353497e+00
-2.468019196841192642e+00
-1.102475156297204162e+00
-2.882086850795203548e-01
-1.481232872318618998e+00
-2.706419462682987831e+00
-1.858834044762702087e+00
-3.769964330262618457e+00
-8.351777276157234198e+00
-1.064251699892353642e+01
-1.198056458923762690e+01
-1.133801803126917385e+01
-1.009885922710520845e+01
-1.069997346885037715e+01
-1.105146233728651595e+01
-9.104472458502115728e+00
-8.486607954956728150e+00
-9.008728131644122783e+00
-6.850384602488499119e+00
-3.888459266114725477e+00
-2.040191357249491855e+00
-2.558125173463894342e+00
-3.985301665274425087e+00
-4.003040862569616110e+00
-4.967469684378113648e+00
-6.897098193194024951e+00
-6.772183117754464909e+00
-5.342517319184452163e+00
-4.643917583791951742e+00
-5.808416647793535503e+00
-6.381224988337315551e+00
-4.034481798124711638e+00
-2.770405708656466626e+00
-5.163780794344702052e+00
-4.389811976978889696e+00
-1.152587546576471000e+00
-1.208205473620401621e-02
-1.129565348344745646e+00
-1.876005919833967139e+00
-3.627255201203077650e+00
-5.677801236892303649e+00
-5.312744435654978226e+00
-5.483116009889610787e+00
-5.975743823640179642e+00
-5.996281835117752479e+00
-4.496193706691347991e+00
-1.039543590037407927e+00
-2.117286021228437232e-01
-2.053931319893634311e-01
-6.462321026373455402e-01
-3.477049122966263006e+00
-5.814844453969425508e+00
-2.797764794587902504e+00
1.143517753234936096e+00
2.210392815421549084e+00
9.108163058730942008e-02
-2.967626365820286605e+00
-5.256376415889995712e+00
-7.449971077918264406e+00
-9.612624396153000461e+00
-1.198037245857573829e+01
-1.209512821275832906e+01
-1.129980084997034062e+01
-1.098650700784628853e+01
-1.022810339425588211e+01
-1.084571617105281405e+01
-1.154770582651227784e+01
-1.087491586980274683e+01
-9.140467745974724778e+00
-7.861760671296335268e+00
-8.664259138251537706e+00
-8.866242878517859083e+00
-9.134944989910882995e+00
-8.209510570753463909e+00
-5.493150395656774876e+00
-5.927378664135851238e+00
-6.263068049538288662e+00
-6.030059321745463663e+00
-5.078314621831539810e+00
-3.625396394669849087e+00
-4.817879809495077659e+00
-6.887760618093227372e+00
-6.724855095029388607e+00
-6.233037200250702625e+00
-8.306776472415180024e+00
-9.723979255647208220e+00
-8.637686861446907116e+00
-7.584876048145592797e+00
-8.247110073710288702e+00
-7.169013809112072089e+00
-7.207706040636496780e+00
-7.481369311397711996e+00
-6.327101841808315363e+00
-6.409616098057503208e+00
-8.357676708423873890e+00
-9.814825207507251292e+00
-9.374770253325531044e+00
-7.925540347991265833e+00
-5.726076343784173517e+00
-4.592020053784833244e+00
-5.403983110546366930e+00
-3.925513602062160157e+00
-2.051793390327971256e+00
-5.529317500148728248e-01
8.027328197851061331e-01
8.380388084378370683e-01
4.964835114560189333e-01
-1.272618027061868551e+00
-3.292622654217021605e+00
-6.399709475557954441e+00
-8.379263777490537635e+00
-8.320473298155363295e+00
-7.738989007846022616e+00
-6.719553273280736150e+00
-6.068225109348753143e+00
-4.263618447666823741e+00
-1.751472809977538736e+00
-2.701050613253447974e+00
-8.685282419315694113e+00
-1.133640210935983461e+01
-1.171797254409592703e+01
-1.174305796777008482e+01
-1.206961637963143374e+01
-1.200808125940779370e+01
-1.094693140257247244e+01
-9.287990061315602119e+00
-9.996101892481213724e+00
-1.098593937610601934e+01
-9.283756950024978138e+00
-7.819668879699911201e+00
-7.981569212094031585e+00
-7.271722611759774857e+00
-5.670336551475873677e+00
-3.867344773483732290e+00
-3.715284383211744146e+00
-5.268397239971347901e+00
-6.483449456186495041e+00
-5.865965601334012902e+00
-6.096085945993588773e+00
-7.320876368819773994e+00
-5.717180225276528027e+00
-4.724386986533780863e+00
-3.868695802851793708e+00
-1.674307173159728102e+00
-2.714840843076475885e+00
-4.004321083715512763e+00
-3.515676776317508523e+00
-2.728355794454696337e+00
-2.629653523696531270e+00
-4.417320434191717382e+00
-7.350036476935017049e+00
-8.261919617098936186e+00
-6.662965194492783461e+00
-4.700401882046128854e+00
-5.893609170440363698e+00
-6.426428902870582327e+00
-6.433630129156468591e+00
-5.893464644678458875e+00
-4.952281955730292395e+00
-4.795111113322054308e+00
-3.555309174899653257e+00
-4.566939516261306342e-01
1.924781097612867198e+00
1.889538301304983348e+00
2.306604852327239774e-01
-7.528587714508512274e-01
1.295766704676836745e-01
-5.478921886242938966e-01
-2.015248666922066612e+00
-2.509529501080528746e+00
-3.029107885200176042e+00
-3.745033998468745740e+00
-5.248726499574695836e+00
-6.912740431351790171e+00
-7.071150686218796722e+00
-5.033712042925158947e+00
-5.630050266510519208e+00
-8.036582870330089889e+00
-7.762647637600569972e+00
-5.701695524556009254e+00
-4.572688084490018845e+00
-6.253734319558450494e+00
-6.350578498136508543e+00
-5.251184630755695970e+00
-5.050442937506103291e+00
-6.744832109019879951e+00
-6.737266939186715042e+00
-4.011720493640167362e+00
-5.185960905156739464e+00
-4.942210673987413649e+00
-5.394230268547588913e+00
-7.094391586266604932e+00
-7.298199731932583312e+00
-5.575262023442044246e+00
-2.318546159914252058e+00
-2.334503177518563177e+00
-4.466326856782396604e+00
-7.617483907984896163e+00
-1.026950116340889352e+01
-1.070792331968386080e+01
-1.088116173103256124e+01
-1.184980525299843634e+01
-1.165979891939433521e+01
-9.394495968112495987e+00
-8.456918330635291525e+00
-9.874998567809123884e+00
-1.029368793228806567e+01
-1.099890897848367111e+01
-1.205321414094389354e+01
-1.213922587803658182e+01
-1.123493931565788628e+01
-1.037045875883936752e+01
-1.194923511938708671e+01
-1.298407056475500276e+01
-1.287883625017888178e+01
-1.272130078426706312e+01
-1.253521624463528816e+01
-1.242526016048503834e+01
-1.306667748031207132e+01
-1.289385015312919869e+01
-1.210827287506401184e+01
-1.198852430296021154e+01
-1.210117012319902052e+01
-1.128199400481853054e+01
-1.074667666376695152e+01
-1.005725896500827332e+01
-9.208706040488142008e+00
-8.999814363382297344e+00
-9.948217510422896481e+00
-1.016191881173629952e+01
-1.031029567579300377e+01
-1.131102015300013086e+01
-1.216073078543806041e+01
-1.214900886874299069e+01
-1.246739426340844759e+01
-1.309417516461741826e+01
-1.233179112505408703e+01
-1.121617754731010130e+01
-1.228676943134687960e+01
-1.286665582562983445e+01
-1.292974542920476644e+01
-1.265718207549384466e+01
-1.258691478743371128e+01
-1.291706399442097464e+01
-1.296251445066812913e+01
-1.206685425697526703e+01
-1.254546642207289686e+01
-1.331186452536676512e+01
-1.339448290531579389e+01
-1.329575868195408361e+01
-1.231855968749150421e+01
-1.078169006637655336e+01
-1.068394811250233545e+01
-1.189972396659299925e+01
-1.213490443276411312e+01
-1.233980459426824616e+01
-1.236065774864789013e+01
-1.270564845896230644e+01
-1.333107543315965415e+01
-1.278721719452182626e+01
-1.118988495462740040e+01
-1.139658235912427919e+01
-1.228980206002330533e+01
-1.280888312616367841e+01
-1.236044973690142079e+01
-1.205037962815965713e+01
-1.150072299188275693e+01
-1.214172135049554591e+01
-1.322813974978934226e+01
-1.256498933490695080e+01
-1.163895511487177181e+01
-1.180899164837761894e+01
-1.150047329003379559e+01
-1.051127114299247545e+01
-1.201104045896361683e+01
-1.208173965702716934e+01
-1.052304113980935618e+01
-9.782189380803689716e+00
-8.774069141808514161e+00
-7.339279807613031892e+00
-6.220744348118232736e+00
-4.937693363291230320e+00
-3.642379165699334731e+00
-5.711947851330634762e+00
-7.535833904149289886e+00
-6.956442754372528903e+00
-5.800403390024421846e+00
-6.295996518914020790e+00
-8.858750796711056807e+00
-9.540836687122677517e+00
-1.038274831022581068e+01
-1.126013005844324155e+01
-1.097736562817580008e+01
-1.052555842259813446e+01
-1.163368730377826488e+01
-1.242652345575613104e+01
-1.264817784298796610e+01
-1.245359258393923874e+01
-1.253402185524889134e+01
-1.293481911407924834e+01
-1.281604699297975003e+01
-1.188854458283573834e+01
-1.172218465396518994e+01
-1.211148954718941795e+01
-1.205856157554167751e+01
-1.266521094483230137e+01
-1.239155209969839611e+01
-1.150756209028014432e+01
-1.192873322102151512e+01
-1.027351928102750023e+01
-1.109849935853773495e+01
-1.213893063612745138e+01
-1.064701110481700042e+01
-1.084600211687432747e+01
-1.231377202564889295e+01
-1.282069361942159880e+01
-1.207353105603195331e+01
-1.179739208766832981e+01
-1.295422654957784303e+01
-1.311795535183248518e+01
-1.295958853556311219e+01
-1.338811665315537702e+01
-1.334771253337432206e+01
-1.256982470280135011e+01
-1.135869363201672400e+01
-1.138616262807832058e+01
-1.185570827374411529e+01
-1.233128507227222315e+01
-1.278662699824588955e+01
-1.338164262526821169e+01
-1.360395094396764293e+01
-1.345430814969182443e+01
-1.360693351058660916e+01
-1.358157080959162322e+01
-1.335285539944597133e+01
-1.258201598671952759e+01
-1.318859236819091585e+01
-1.350801507317637729e+01
-1.181438708749057831e+01
-9.135510353454893817e+00
-8.409765371390125921e+00
-8.341405544313046150e+00
-8.855119964159385404e+00
-9.954424616715554563e+00
-1.085087710507485426e+01
-1.079601673414056684e+01
-1.120275453819920308e+01
-1.155390718118298921e+01
-1.041341497883172984e+01
-8.308770121271427556e+00
-8.574371928075466442e+00
-9.277339637646756287e+00
-8.276971038668165193e+00
-8.752288167309391298e+00
-8.625768039106512575e+00
-6.231818967750283100e+00
-7.142094948037041036e+00
-9.705695289063028142e+00
-1.049239409003330437e+01
-9.317226418186111303e+00
-1.017582189762191369e+01
-1.135557753605402809e+01
-1.078830294802719436e+01
-9.697858578626405546e+00
-1.110421542307476805e+01
-1.303409373416007355e+01
-1.300823002575362963e+01
-1.253548092435302941e+01
-1.326794555095863792e+01
-1.357110549449479286e+01
-1.259437892831299877e+01
-1.191841610114745720e+01
-1.279187058104565722e+01
-1.300068078873737143e+01
-1.211883586556994885e+01
-1.249424468817981371e+01
-1.315208882768332721e+01
-1.349235031115262196e+01
-1.341675910048375897e+01
-1.337365917307728402e+01
-1.230608321984260733e+01
-1.117604921434511311e+01
-1.154185521731074182e+01
-1.098018569017397184e+01
-9.415424471133865936e+00
-7.901298501590177992e+00
-1.039154763957653316e+01
-1.137713262134825243e+01
-9.449812002733329663e+00
-6.289010547445992749e+00
-5.737684359373083964e+00
-6.422079989554852375e+00
-6.451119922636094017e+00
-4.466235883515666139e+00
-2.776596211967014671e+00
-4.719816297026337537e+00
-7.880736261502461204e+00
-8.706582704563151864e+00
-5.728657335739259615e+00
-1.854879585784211526e+00
-1.926384866405910667e+00
-3.474797492912431007e+00
-2.643478168579799004e+00
-2.324789526003333329e+00
-5.127227677970591202e+00
-6.612071629513971871e+00
-4.496503584436847056e+00
-3.862796513363418782e+00
-7.236982902074221791e+00
-8.718168715490676846e+00
-8.582187178863081911e+00
-9.130169031399162805e+00
-1.025576575886010033e+01
-1.175583727023782821e+01
-1.275135584590210946e+01
-1.262283876400313254e+01
-1.307688796028761047e+01
-1.217710317329657954e+01
-7.097004159602761320e+00
-2.900064161869980950e+00
-4.318644127894673446e+00
-5.803577738178868906e+00
-4.621474041773311114e+00
-2.187812483661556229e+00
-1.416071175556910644e+00
-2.468463270348638439e+00
-2.323333286741221748e+00
-4.427128461744893606e+00
-8.092484711398698849e+00
-8.894270430815002015e+00
-9.447376912235741386e+00
-9.843219736062300385e+00
-7.925654928828048007e+00
-8.142388978298107816e+00
-1.041762667067990478e+01
-1.168960761096133183e+01
-1.108065551066900056e+01
-9.898716235111496786e+00
-9.889233554202760956e+00
-1.026773578805082110e+01
-1.120980951162559336e+01
-1.139158858029436416e+01
-1.061748046531028145e+01
-1.065639592212440867e+01
-1.196910424089692526e+01
-1.281857522851357167e+01
-1.117538286598313135e+01
-9.673788976034845888e+00
-1.220923073677357351e+01
-1.306293809122622385e+01
-1.154578404981534767e+01
-9.879253080173807433e+00
-1.121596812099483742e+01
-1.216648932289973928e+01
-1.103369124109742749e+01
-1.208902401033878249e+01
-1.318855903844958100e+01
-1.233465438297741912e+01
-1.030165053673631270e+01
-8.671371477210689349e+00
-7.159403962834792523e+00
-5.601055446090390966e+00
-6.707111310342074972e+00
-7.835252987664507174e+00
-8.860289352545212438e+00
-9.518351871837321454e+00
-9.690097383101347717e+00
-9.585542146172535638e+00
-7.883901435559706350e+00
-6.044796328219456782e+00
-3.990665798720763213e+00
-2.810400260032779762e+00
-6.312594811201412970e-01
-3.203567313629108737e-01
-2.071614826758196026e-01
-1.764934385387820548e+00
-3.904999055072138514e+00
-4.573225227571387386e+00
-8.635743443372073003e+00
-8.544805634841342368e+00
-5.444250965126658848e+00
-5.007193725509163862e+00
-6.228541458586778212e+00
-8.897385551286475902e+00
-9.041107260040753602e+00
-8.310658381356265778e+00
-8.210232128773036209e+00
-7.640267325081324223e+00
-6.579003688977190123e+00
-7.349114192950578328e+00
-8.709378436227643405e+00
-6.947467648651301175e+00
-7.024785427858560638e+00
-7.385766292698080271e+00
-8.532165886062855975e+00
-9.167418394958422923e+00
-8.830252110467467830e+00
-9.105901540580772391e+00
-8.256554660911120891e+00
-6.442375605744167011e+00
-6.131209049234285224e+00
-7.154512865261243526e+00
-8.110937106484357173e+00
-6.594847672128421934e+00
-3.387088729342400573e+00
-5.526011637662303855e+00
-8.569646743299419001e+00
-9.920768243994263713e+00
-8.662339606814381199e+00
-8.691143079257166448e+00
-7.866674319738923060e+00
-6.149665894749776207e+00
-6.600227023380980995e+00
-4.733472479618252571e+00
-3.390347578026712494e+00
-3.758095386144641115e+00
-5.729475511698132628e+00
-6.784091503940629764e+00
-7.316864025642782821e+00
-8.827705355709005275e+00
-9.785051728714845964e+00
-8.716595659806150920e+00
-6.271583114707540929e+00
-4.046632260364995126e+00
-6.087218816368439533e+00
-7.810875467548250128e+00
-6.310104007157916861e+00
-5.494069681360680413e+00
-3.168401618669589137e+00
-1.804015463971305078e+00
5.304908643275472492e-03
1.394166378543760354e+00
-1.129509521856770782e+00
-2.857532251267867807e+00
-2.762189658756072141e+00
-1.004348830918167179e+00
1.599478549347616685e+00
4.704317039278328449e-01
1.549528315713619930e+00
3.220299574289504640e+00
9.075183386170122546e-01
-3.170533329156354219e-01
-8.284761933378549381e-01
-2.827344552119721133e+00
-4.024277741560482902e+00
-4.997340694331267485e+00
-3.003173579431144713e+00
-1.336705050163880193e+00
-3.718460185656975892e+00
-5.563080522852551724e+00
-4.589209815873515730e+00
-2.917171622077389781e+00
-3.497382321887441581e+00
-2.811844971121050474e+00
-4.033998494139234836e+00
-6.403784855364079931e+00
-5.890118941946555609e+00
-5.056857347763229704e+00
-2.560639959695961920e+00
-1.139640610393768405e+00
-2.366668640934753043e+00
-3.004653628450222769e+00
-3.788144943452059987e+00
-3.758613286543285081e+00
-3.067812604970971524e+00
-2.897399184077766865e+00
-4.208182782494448659e+00
-7.309894455213679088e+00
-7.158585604043027573e+00
-6.147533128889254961e+00
-3.648490056826828809e+00
-3.681207272927089047e+00
-2.859399327467528895e+00
-6.913081829327096806e-01
-5.659148505957781738e-01
-1.339176577483259800e+00
-2.668736093250324792e+00
-3.725542717191490105e+00
-3.917181901655463427e+00
-3.815181519735086901e+00
-3.374161450539162832e+00
-2.525568165983434366e+00
-4.536008267975050856e+00
-3.565486631980130827e+00
1.872203337172561322e-01
5.875397541703377691e-01
-2.208809182947947036e+00
-3.725851125362099392e+00
-1.996827206698913226e+00
-7.878613693276875773e-01
-5.333105241059992174e-01
2.735763038461850982e+00
6.194803386476150919e+00
4.135685527975286213e+00
3.947205570601893809e-01
7.223246636436730927e-01
2.397520203474782008e+00
1.723369887951977208e+00
1.841252166929459255e+00
1.876366009379835553e+00
-1.958030651182289250e-01
-2.682122979202939295e+00
-3.478053728200795724e+00
-1.753328097099100980e+00
5.381628296751240770e-01
2.254081790927442430e+00
1.999353385637760550e+00
4.727165615600994464e-01
2.875493165409453322e+00
2.581002760823701614e+00
1.807401952997151451e+00
2.829285092226816012e+00
2.260114560652085824e+00
3.248101970087553081e+00
5.244260233599317367e+00
2.117520715704619860e+00
9.997353690135478699e-01
4.320882019545485342e+00
4.301889100881850503e+00
1.184279336187057385e+00
1.363306125926923684e+00
4.027674063188664277e+00
3.903654064558062853e+00
3.925865064264978610e+00
6.114114037312774919e+00
5.123447753912210523e+00
2.665737560810557127e+00
1.792304512869617117e+00
3.181452320531989120e+00
5.389314419992361493e+00
5.442747292067643627e+00
2.360151446666742814e+00
-1.962324616651171805e-01
-2.973454796322217986e-01
7.786171534732920785e-01
1.546975141170774115e-01
-2.936437404682110230e+00
-2.761259523047303599e+00
5.440079918028166706e-01
2.059436493410038427e+00
3.489504240798305901e+00
4.478857081403188722e+00
5.638126463526953458e+00
7.412373572944692235e+00
5.167006713258913919e+00
1.831985421054991958e+00
2.535634282549319996e-01
-9.632325282006110045e-01
1.939668675204206383e-01
1.245209011110417263e+00
3.291547511195690445e-01
-9.275570097578177409e-01
-1.933854031309125698e+00
-1.609573289837610277e+00
-9.892783480299225385e-01
-3.819615499890343102e+00
-5.377259165588525569e+00
-3.548144972380481654e+00
-2.648787541217904717e+00
-3.716975379562343029e+00
-2.574888961907721097e+00
-1.304478611357746898e+00
-3.811728887600885685e+00
-4.215612054755270677e+00
-1.664689935982132996e+00
4.128460160399186618e-01
1.034381839820946114e+00
9.206289812709508302e-01
6.965332603995458172e+00
1.047419512283953935e+01
1.010037115712353284e+01
9.631157472860683910e+00
8.114937676072255357e+00
7.397400610080321570e+00
6.970480655834211170e+00
5.267369847940958749e+00
5.159320524550297549e+00
6.597804955033931051e+00
6.257420575028276311e+00
4.273774009463239487e+00
4.560699107351652515e+00
5.340785065149771249e+00
6.319908727688410721e+00
7.488655338770918490e+00
8.432123774663958571e+00
6.714975556282697156e+00
6.940204054639376174e+00
6.843593720276369474e+00
1.992029933744700942e+00
-3.944941566189887339e-01
-1.451247395407563312e+00
-1.330023695738945522e+00
-1.720943012111684656e+00
-4.209380680637761607e+00
-5.019447317092386562e+00
-5.122069002526180803e+00
-6.209003394565901779e+00
-3.840859966026680450e+00
1.568472051253153032e-01
2.590870555015280186e+00
4.639345216289896712e+00
3.577794674464687130e+00
5.523561177980208514e-01
1.144583469018156663e+00
3.824765327956897831e+00
4.937404047119946959e+00
3.023721851194985266e+00
1.190187917125745232e+00
2.277983323263954585e+00
3.325576480025865145e+00
5.613737288863821284e+00
5.362512156106303607e+00
7.013811016905507900e-01
-1.558636620965520470e+00
4.386794800250112814e-01
1.176111982831226976e+00
2.552304164475464265e+00
4.602306957748858451e+00
2.641040128395880093e-01
-3.260368049871367635e+00
-1.424515127560648686e+00
-7.650758898106082562e-01
1.695778249842405383e-01
-2.435907792656368809e-01
-4.029199964235473885e+00
-6.145228370257607153e+00
-6.099424368638637795e+00
-4.048004919245708599e+00
2.396556839276378970e+00
4.057222449962545774e+00
3.041852234300935542e+00
3.607679954719795745e+00
3.953929288890581706e+00
4.898122161156067911e+00
6.279651591935913046e+00
5.776794546308162026e+00
2.882147145756966289e+00
2.292520994572237569e+00
2.511380569215253988e+00
3.358800158007493764e+00
6.247775087434116692e+00
5.547296303419865460e+00
4.094940164883937861e+00
5.996087400583732574e+00
9.014294027524195840e+00
7.315451556164247471e+00
6.014357160009096148e+00
3.638828065819877722e+00
-3.069226418101688836e+00
-5.987765202823642774e+00
-7.875089476543292832e+00
-9.964702645183292518e+00
-1.053189832598184417e+01
-1.056199675228886470e+01
-1.059365440884273823e+01
-9.140601342246450045e+00
-7.343547439408195210e+00
-5.328054619722948360e+00
-1.654497438581215230e+00
2.014125155606043105e+00
3.746020960776091702e+00
2.694980773088600401e+00
-1.687266098722176727e-02
-1.518854351563853289e+00
3.422666255463671647e-01
3.817159668454269905e+00
5.337365180234800555e+00
4.970616664786598804e+00
6.208753851167499782e+00
5.727436960793989229e+00
2.655384342285370458e+00
4.589019784834601268e+00
6.183791271332113482e+00
6.111606381426816448e+00
7.273635549426456848e+00
7.928039980933101916e+00
8.656326759152433326e+00
7.709064973377532048e+00
5.719033744335621172e+00
5.638430755133915895e+00
3.447671272652302221e+00
3.075072431559586206e-01
1.040592778067533697e+00
2.136860895911035563e+00
-1.314416284526308543e+00
-4.925078949763072589e-01
6.190342756678528069e+00
7.946050693426542466e+00
7.526689839367239010e+00
8.517125747384671541e+00
1.072273222787231006e+01
1.142211490843350674e+01
1.137914035214565800e+01
1.081876481862955508e+01
1.184595417733494926e+01
1.351216525175660266e+01
1.266508172416389044e+01
1.150583059474710268e+01
9.797613977261026008e+00
1.002461016331235477e+01
9.066125092838444033e+00
6.678282742252919846e+00
5.191042333413432353e+00
5.968642652344262167e+00
7.709348983921827880e+00
9.569104853459847959e+00
9.930579586916858048e+00
8.871366376016206701e+00
9.077811972456926171e+00
7.896323329717340300e+00
7.736920270658975696e+00
6.894120697405532461e+00
7.618179926862013396e+00
9.781561930441357688e+00
8.623291901995552067e+00
9.174002967910979578e+00
1.124776821748908695e+01
1.022786612706279286e+01
7.662378322787438023e+00
5.559151412907609391e+00
3.248841929281417684e+00
1.950390896700812560e+00
4.779397074398702649e+00
5.235898522802761690e+00
4.896080667333541747e+00
7.584525975588289448e+00
6.920714948430847002e+00
6.427182505507484045e+00
6.938088799478937752e+00
6.395733790472295510e+00
4.232921370013475126e+00
2.349814491292976371e+00
1.079544654895793210e+00
9.640710930456981576e-01
2.564283201899207665e+00
3.844618394384839544e+00
6.763852866977676292e+00
9.019048030138673511e+00
1.039816905053331908e+01
1.136977190589193398e+01
1.084075113535240575e+01
1.150631390781804342e+01
1.231580716669470199e+01
1.133964675172812520e+01
9.613165447083392934e+00
1.056825510936044132e+01
1.041229842232573333e+01
8.507575953880857966e+00
1.124481507705080041e+01
1.322830256936174287e+01
1.230361033288541428e+01
1.066525611401679718e+01
1.031579031684384340e+01
1.129284422002395694e+01
1.069713679086232005e+01
9.610060227190384552e+00
1.101169570149251875e+01
1.237121521709435790e+01
1.233087634359572071e+01
1.149855102446472088e+01
1.096760213032664666e+01
1.071488395303007479e+01
1.162310854911681801e+01
1.369594283008194679e+01
1.288524801470144254e+01
1.176391684837610363e+01
1.214651156916269592e+01
1.138634620504385708e+01
1.021285448544188412e+01
9.390019510455328344e+00
1.026938262115027278e+01
1.000144978972106280e+01
1.047596173255715257e+01
1.223091069019538857e+01
1.113205199169355097e+01
9.083825673178234084e+00
6.535780720386730636e+00
7.643298544174854214e+00
1.079660114977800056e+01
1.210938319283444642e+01
1.189481419884209146e+01
1.061973292837955896e+01
1.058063141258322837e+01
1.105701667950494915e+01
1.096963391044830871e+01
1.089041636880926411e+01
1.235360278408633405e+01
1.205068059310907103e+01
1.064154072534235951e+01
9.798644834270724857e+00
9.619722372862995030e+00
9.552320159851452885e+00
8.970935106445388385e+00
9.024990526260250334e+00
1.083611238208178484e+01
1.172349189771461120e+01
1.069138007895821474e+01
8.015741568711570508e+00
9.129963625893859458e+00
9.893804741874161479e+00
9.846006782957763548e+00
8.433256372610875573e+00
4.968380890212567458e+00
5.260131353753777717e+00
6.886559908427041243e+00
6.011185599155924209e+00
5.559515805586270787e+00
7.614087135980557086e+00
8.946167127405812991e+00
1.009047933818275489e+01
1.082618122932854199e+01
9.572521143918464759e+00
8.174188067414107195e+00
8.337488837600821157e+00
7.011202310419297312e+00
7.228169231875050116e+00
6.979192450974317730e+00
5.482069667167956517e+00
6.745800319728840755e+00
8.400448579541123451e+00
7.735999779467594095e+00
7.689926624103615715e+00
9.614262859281142326e+00
9.463797647753683151e+00
9.744986827674319230e+00
1.033176505422850511e+01
6.864843056979837321e+00
4.197507363761291188e+00
4.643176931160876819e+00
4.123122338376510321e+00
4.490038450070191089e+00
7.942006690965997429e+00
9.994090566378838858e+00
8.725106277034477387e+00
4.475850535705212963e+00
2.425186307028959654e+00
3.393585052097452870e+00
5.036318897540487782e+00
6.583427031860566103e+00
5.435567759095325968e+00
3.012227659101565536e+00
2.023515755561271501e+00
4.495333039968354427e+00
6.398188108309867950e+00
6.370630964654647954e+00
5.584877981851206208e+00
3.608932980896336407e+00
4.853465804553037444e+00
7.887039423682776551e+00
9.636966816046907525e+00
1.016052334432669468e+01
1.061031325395273761e+01
1.172077833673571412e+01
1.095792828146809228e+01
7.672157353362053733e+00
8.876067878182464455e+00
1.099792216978472048e+01
9.736883194873927394e+00
4.844331878550152126e+00
1.283025833341249200e-01
1.218741281318252101e+00
1.599758678807395418e+00
9.900376835929177721e-01
1.944026433062323367e+00
2.804138800608999116e+00
1.910683925649724335e+00
2.014225243350369787e+00
2.540569254244437580e+00
4.397132202533481582e+00
7.931952907116902374e+00
9.782203368272154975e+00
8.887031273431082568e+00
7.320018389933090397e+00
5.892455890059347112e+00
5.954946739626611141e+00
6.692615876216638782e+00
5.643093491436145470e+00
5.791152353792660357e+00
7.272478153593487704e+00
7.658894892001792520e+00
7.887519657883497182e+00
7.812360073059513077e+00
1.008262409446530761e+01
1.259015115558599085e+01
1.170458370056085684e+01
8.876592345478229618e+00
8.129643409540676657e+00
8.757687863654277649e+00
1.023607432700702446e+01
9.651107963362839826e+00
7.746147424608462728e+00
7.864821115212007108e+00
9.602258372538209130e+00
1.163383199703661930e+01
1.226429673882354265e+01
1.194225462475531430e+01
1.079414716661604601e+01
1.167639816835055200e+01
1.401530646977002448e+01
1.483535232611279930e+01
1.448351886135007049e+01
1.432399405942483384e+01
1.438889718879300261e+01
1.473467389023729979e+01
1.436614576967520662e+01
1.410864299220501650e+01
1.452981742670355025e+01
1.441575764675152094e+01
1.263806771202195733e+01
1.164640079561162622e+01
1.283957529973689304e+01
1.229288771873776831e+01
1.082203086538680026e+01
7.765895892153023894e+00
6.762626337629600748e+00
7.792290858689303157e+00
8.136631608033928487e+00
8.339287221976842801e+00
7.903696079996376689e+00
6.357577889677183514e+00
5.457118156592577485e+00
6.282039681974081802e+00
8.616621734886438233e+00
1.016816997711844905e+01
8.614103874555457452e+00
8.449103864964140342e+00
1.054191616135208776e+01
9.455761341021378996e+00
9.937247941313893662e+00
9.246421378025074134e+00
7.078657825473600340e+00
4.731058136910913703e+00
4.944721828464298419e+00
6.535481277764516150e+00
8.866849467537328167e+00
9.956351849357549355e+00
9.553878601761484290e+00
1.115572250754064498e+01
1.289431143954989345e+01
1.228636815486886924e+01
1.028861394064354329e+01
1.082158103079667022e+01
1.211521300245133581e+01
1.236936569372706352e+01
1.193451706351674169e+01
1.067508056986605602e+01
9.697088124295135003e+00
8.560291996567169548e+00
8.840841129890049999e+00
1.038663442342229537e+01
1.044411372649954473e+01
1.042157486504624231e+01
9.560489712970236198e+00
9.775126048850559357e+00
1.025717171910851278e+01
8.337218576662600356e+00
9.055003181666517520e+00
1.063157843383465462e+01
1.017514503472604481e+01
1.007601603548223856e+01
9.641607690621668780e+00
7.821506528591040563e+00
8.201758757538090805e+00
9.963872212822629137e+00
8.850862527852459749e+00
9.241412758195723498e+00
1.143177835024886235e+01
1.162092132095003194e+01
1.108657266540827990e+01
1.142802596409809901e+01
1.246865651391862961e+01
1.245492139554942490e+01
1.103455686213830766e+01
9.209492471671879343e+00
7.939231661683479047e+00
7.203145838209991325e+00
5.831525370959432131e+00
8.119390585414681283e+00
1.241679907767536761e+01
1.336833706856127257e+01
1.269697968342559768e+01
1.174526110604220008e+01
1.241024444713323938e+01
1.255793135790587023e+01
1.226276332323430651e+01
1.338432232707868330e+01
1.300912841690413480e+01
1.232898850418246717e+01
1.407766811257400619e+01
1.480945048757226523e+01
1.465145802528960850e+01
1.461803340291188746e+01
1.433391732727038992e+01
1.420603257534469677e+01
1.391491068341466431e+01
1.354718398818505598e+01
1.396063732180762251e+01
1.442521323979221926e+01
1.434102736133685063e+01
1.397382084118760659e+01
1.454700625962471960e+01
1.472245858291566023e+01
1.411555206373930815e+01
1.351304629902478105e+01
1.338317146621519882e+01
1.357930421640804575e+01
1.380364479298113700e+01
1.390103075443244762e+01
1.438243962629109696e+01
1.348268354042457418e+01
1.152329744351252927e+01
1.068970750461850727e+01
1.162496893219234018e+01
1.266116447991382721e+01
1.352419693242294940e+01
1.397997891913456492e+01
1.340596064948667632e+01
1.315739281877154276e+01
1.396995490136635887e+01
1.409249187933501979e+01
1.340248344072166375e+01
1.249462241112238026e+01
1.309985606497008881e+01
1.325861054339198830e+01
1.215709879953993067e+01
1.306090695846661731e+01
1.407854374024544875e+01
1.417712011149107099e+01
1.381687172328363644e+01
1.291858597968214895e+01
1.119205487788466513e+01
1.019082490434176691e+01
1.055339208286458863e+01
1.074284296783157444e+01
1.025021286820851962e+01
1.034728358937762849e+01
1.201500694331122610e+01
1.357929674907025763e+01
1.428218658648693129e+01
1.459764235620421502e+01
1.401813971857618135e+01
1.281730832604130121e+01
1.266176435069760231e+01
1.368638334856034966e+01
1.369100944927990859e+01
1.312323022289240804e+01
1.295705454739331763e+01
1.320892749144665324e+01
1.342276193177623433e+01
1.287750368277418822e+01
1.117148892545194094e+01
1.039593530114292896e+01
1.020215906871912637e+01
9.863759396781814459e+00
9.610061280651253313e+00
8.325974241716105340e+00
8.659303492373327416e+00
1.055734368365574660e+01
1.077885506655024450e+01
9.761591667923390503e+00
8.055691895888303478e+00
8.126353919013277860e+00
8.964888735308926826e+00
6.904889327786215780e+00
4.330513845530439276e+00
3.995149901714550644e+00
5.231211257675393966e+00
7.025852114615792843e+00
8.238115085303753915e+00
8.028735694820278823e+00
1.023272934469593132e+01
1.224621620621394058e+01
1.181667985722185144e+01
1.091489462303282210e+01
1.180883476725349190e+01
1.220928326995312396e+01
1.067300346490060647e+01
8.794432593925357367e+00
8.162265622498891204e+00
6.231879096879330504e+00
3.014422399397130636e+00
1.781470480291771352e+00
2.403389240577364916e+00
5.752661209154096511e+00
8.145248050321772126e+00
7.432620844325438014e+00
5.186881637525438293e+00
2.760747892414429305e+00
5.317997931314211613e+00
7.499042359509209277e+00
5.874383988325313055e+00
5.850726483411699874e+00
7.409261225682189256e+00
9.667876482624972567e+00
1.138426665109493641e+01
1.133338851114309342e+01
1.073512364273952535e+01
1.085850675145112731e+01
1.046259704015278658e+01
9.030237297784026396e+00
8.216387497780219817e+00
8.748119016684421823e+00
1.073097463426980980e+01
1.101760478915347541e+01
1.054044047344496349e+01
1.119072888395496790e+01
1.081288687666976678e+01
1.014744897952199842e+01
1.181039467618648509e+01
1.192727473590698928e+01
1.050535784850250032e+01
1.008394651407406961e+01
9.386461968201853523e+00
1.104130354423364224e+01
1.279494072817290728e+01
1.225281617547688384e+01
1.278557278487253335e+01
1.268468670519296815e+01
1.046515456817846612e+01
7.886654762878222868e+00
5.397470269879578453e+00
3.914839611769034278e+00
3.747752374539793596e+00
5.950323853055963674e+00
6.031444606397175612e+00
6.233658624261776637e+00
8.070535976117010790e+00
7.688941066563570459e+00
7.754394786345379487e+00
7.357866082830031296e+00
5.643200226723067203e+00
6.734265449421249272e+00
7.895524054273851178e+00
7.838848602874748828e+00
8.141190699631493999e+00
9.361989884884504676e+00
8.508859940298769686e+00
6.676438945164895777e+00
6.081189135094304810e+00
5.395456611608790531e+00
6.338681258405958197e+00
6.298502898242045234e+00
4.296181117331682842e+00
5.182341703198432015e+00
8.155391552218791418e+00
7.339841311357695908e+00
6.172212874794605675e+00
7.183721944003571558e+00
5.322443773534427436e+00
7.136348180746516334e+00
9.959424055777242657e+00
8.254263358078711477e+00
7.678221711419108253e+00
6.607401848064808902e+00
5.324622484500638464e+00
6.372847560333048555e+00
6.220880227364646409e+00
6.349232843201306764e+00
8.477133403065522543e+00
8.967265282934368642e+00
9.009491924169173771e+00
1.120887513714986383e+01
1.064986643135726752e+01
7.653453494162733683e+00
7.080320607261247901e+00
8.219038133116683298e+00
7.601750579293440779e+00
6.844875848464386792e+00
6.470665775920301233e-01
6.470665775920301233e-01
6.470665775920301233e-01
6.470665775920301233e-01
6.470665775920301233e-01
6.470665775920301233e-01
6.470665775920301233e-01
6.470665775920301233e-01
6.470665775920301233e-01
6.470665775920301233e-01
7.400785531373341719e+00
8.195747931089922389e+00
9.081966199161586317e+00
1.005506362526353215e+01
9.047386888845725395e+00
8.479810846638816457e+00
1.002635641002661693e+01
8.451121890928414260e+00
7.610308284655022959e+00
7.970114167642565306e+00
6.470665775920301233e-01
6.470665775920301233e-01
6.470665775920301233e-01
6.470665775920301233e-01
6.470665775920301233e-01
6.470665775920301233e-01
6.470665775920301233e-01
6.470665775920301233e-01
6.470665775920301233e-01
6.470665775920301233e-01
8.296405474278062186e+00
8.014519674904665436e+00
8.037941083778033402e+00
9.548667734518287986e+00
1.099802882791362713e+01
9.355857468507142727e+00
7.096560163410699396e+00
8.174707862437688988e+00
7.418045334683724512e+00
6.634616398329574949e+00
6.394996837576911730e+00
7.554165730736157158e+00
9.696857705383447268e+00
9.576313919780574224e+00
9.717284127650644976e+00
1.162446642573715749e+01
1.042881268474718937e+01
7.667487429209689509e+00
6.091617417925833777e+00
7.174161953268644254e+00
6.470665775920301233e-01
6.470665775920301233e-01
6.470665775920301233e-01
6.470665775920301233e-01
6.470665775920301233e-01
6.470665775920301233e-01
6.470665775920301233e-01
6.470665775920301233e-01
6.470665775920301233e-01
6.470665775920301233e-01
1.058979341932663232e+01
1.145540872306568403e+01
1.192385024865094323e+01
1.267146862024902632e+01
1.194293289784529932e+01
1.244204540450103913e+01
1.336028368694949542e+01
1.280946734123764763e+01
1.256815269329200468e+01
1.184451232416021860e+01
1.013113198246783675e+01
9.000185161943809575e+00
5.197040365639005621e+00
2.977159893007486069e+00
4.778387096083053009e+00
5.675330401139394354e+00
5.571784368041062585e+00
6.420970657486207323e+00
5.918270008511478331e+00
5.594608294144753025e+00
7.961823681112264239e+00
7.589876760155951807e+00
7.360123242909064167e+00
8.682199013339692684e+00
1.073231994673048639e+01
1.107250864114270428e+01
1.060299877363226884e+01
1.063706600804869140e+01
9.842269407890841038e+00
1.030537453094690648e+01
1.003054548263359358e+01
9.488121975051772239e+00
9.898986363786887566e+00
7.127174691332204048e+00
3.346832462840986899e+00
3.926821636217953326e+00
6.072341882272933589e+00
5.977597416080104864e+00
6.198654228323473347e+00
7.981962864514114742e+00
9.923719862116646695e+00
1.041991844787430033e+01
1.153831986297668699e+01
1.180876791451897034e+01
1.189975133768244220e+01
1.292684281687132319e+01
1.241532357970831413e+01
1.042548357123735414e+01
9.586983298142765619e+00
9.884669486018546891e+00
1.066238432892683008e+01
1.048400572939264386e+01
8.503058333350642428e+00
6.538553389472565591e+00
6.829040534271722862e+00
9.544115495312716746e+00
1.026995009345031740e+01
9.041046094928157473e+00
7.692019480452547242e+00
7.444937365414868502e+00
9.410870155676684945e+00
1.134620740375745740e+01
1.258493446782329173e+01
1.268127897180074726e+01
1.168558760876447522e+01
1.231095512811001313e+01
1.216390532066074393e+01
1.081412711750206590e+01
1.135650472440773484e+01
1.144215873932422056e+01
1.023208331366766544e+01
8.863633623588871302e+00
7.896944505462105468e+00
7.662456513496115562e+00
6.674626716192571863e+00
7.170362903035177204e+00
7.294919579036464263e+00
5.905918695911104521e+00
5.598822946733249317e+00
5.226209536905125574e+00
7.389630744474155577e+00
9.481780148168047262e+00
8.430771629838467618e+00
7.469991077147330572e+00
7.086226894018540001e+00
7.583765616662546449e+00
8.205471068352139241e+00
8.077309339099210561e+00
9.434286051089276981e+00
1.022289117669746794e+01
8.205602010506320099e+00
6.753936412151967161e+00
7.557198558296108537e+00
7.268122531528572239e+00
6.155541040949517040e+00
6.705659518460115542e+00
7.831706434975199471e+00
8.707184624501520531e+00
9.770837098207053373e+00
9.789237374481819742e+00
8.448952902290901790e+00
8.163904937515775728e+00
8.435343483003913789e+00
7.881442372608019831e+00
6.917127257006340457e+00
5.936999391928756253e+00
5.630211716446186010e+00
6.729412534291449255e+00
7.054502596477160381e+00
6.644314824690893850e+00
8.058594911852775766e+00
8.716915091515843983e+00
8.589052913104733733e+00
9.346778202432677318e+00
1.085568597309119809e+01
1.151783861222459393e+01
1.158221602381697757e+01
1.113693239024620674e+01
1.093954630958463881e+01
9.688018981918938621e+00
6.885801864057270016e+00
4.239941003823930465e+00
2.489567525681585458e+00
2.680418951082962575e+00
2.279256560230343176e+00
3.334742690801714815e+00
4.674076304866901843e+00
3.786643760928066982e+00
3.795811255879849355e+00
4.768479562397393678e+00
5.530374529132379813e+00
6.007308910523593504e+00
6.439840083102221335e+00
6.976352017262746230e+00
7.804177751419022258e+00
