-1.123367963845923079e+01
-1.023650135240370496e+01
-1.100843545946298718e+01
-1.231443938291742235e+01
-1.195611275312847610e+01
-9.997720057785638659e+00
-9.236112196128356544e+00
-9.277031699721664637e+00
-8.802790552338718655e+00
-7.764649249544413934e+00
-8.005553045323070549e+00
-8.822753927692060572e+00
-9.277902488103729084e+00
-9.329212667334296327e+00
-1.006957070191380588e+01
-9.378198316959478475e+00
-6.367616649285088748e+00
-7.638543986322949841e+00
-1.128617992446517704e+01
-1.261227138970266637e+01
-1.274781850891577584e+01
-1.352680940856097536e+01
-1.407873978602587783e+01
-1.415875411057453093e+01
-1.434083382253784578e+01
-1.399151959286805713e+01
-1.325242466265101626e+01
-1.228098521519016728e+01
-1.022186553908905537e+01
-1.017924967112444357e+01
-1.026668190121567115e+01
-9.640331059248630652e+00
-1.039986790992486476e+01
-1.043316435404101661e+01
-1.032629836903474185e+01
-9.908768707674521892e+00
-1.040482724725814201e+01
-1.138811256926933346e+01
-1.117519866735434952e+01
-1.052210435438781211e+01
-1.158963734475662832e+01
-1.129471451096235235e+01
-1.113216164957833598e+01
-1.231339479109885637e+01
-1.210018258569691696e+01
-1.288923824358179715e+01
-1.398702840875013997e+01
-1.333398621427964414e+01
-1.106572074235388392e+01
-8.184356705985347702e+00
-6.211791495699295673e+00
-5.298604236851129912e+00
-5.457355595785474023e+00
-7.122494690670024831e+00
-8.245464338860983844e+00
-7.952998307354720353e+00
-7.175777390590388549e+00
-8.179212415845356077e+00
-9.261897542686954310e+00
-1.006867886950656477e+01
-9.966666424842832939e+00
-1.053446604665065323e+01
-1.089895918622641524e+01
-9.273446604080797684e+00
-9.870211555201063192e+00
-1.284254798428421118e+01
-1.338526543511750333e+01
-1.160297625544508549e+01
-9.308046574467210732e+00
-9.164847825164107675e+00
-8.083013848410322666e+00
-8.412294306465719629e+00
-9.071684542551645691e+00
-8.039494745734520720e+00
-6.955881123379670683e+00
-4.877254619127289637e+00
-4.807501880212031509e+00
-6.358796258070356089e+00
-7.915355460964981660e+00
-8.778588907886083703e+00
-9.430662945601737235e+00
-9.489007457360566278e+00
-7.494385598753249056e+00
-6.272938103167796875e+00
-8.843949626211564663e+00
-8.679422685752037125e+00
-6.481044796601224789e+00
-6.482107468060239519e+00
-7.813877069996996383e+00
-8.791158130714238794e+00
-9.810177889124299000e+00
-1.054834133945678509e+01
-8.928389515660741793e+00
-7.242598502180078057e+00
-6.469123362300835289e+00
-8.448472185068606422e+00
-8.438439035472201866e+00
-6.424936090049559567e+00
-7.909319893629167098e+00
-9.783805925101924927e+00
-9.617802910968567431e+00
-9.950520643969253953e+00
-1.203099083724149487e+01
-1.097534020705813873e+01
-1.064266233179591836e+01
-1.147094355392877674e+01
-1.121798350054953630e+01
-9.209366000401535857e+00
-5.315576076704428665e+00
-4.609179226428722131e+00
-3.423998940432537275e+00
-2.722752806903110390e+00
-2.572328290025305275e+00
-1.170347351690326887e+00
-2.303873040011082729e+00
-2.214480190108640389e+00
-2.510356304676510497e+00
-5.614665004671833159e+00
-8.271708100010519260e+00
-9.013595996088701767e+00
-6.929934641108036253e+00
-7.767074584971902063e+00
-9.203405561003975777e+00
-7.926907037393338129e+00
-5.921511199334795528e+00
-5.635433028321654270e+00
-5.322953620173389133e+00
-2.982303986859959011e+00
-4.505010414414419628e+00
-7.682979230782797764e+00
-7.694296691116615960e+00
-5.922097275309442743e+00
-7.475509338776001655e+00
-8.868672814850729225e+00
-7.756613120837177355e+00
-5.664510310478163113e+00
-6.937613690819893542e+00
-1.045893777587630424e+01
-1.102997860938432417e+01
-8.347674270249653361e+00
-7.377569318248080599e+00
-7.335627518860833973e+00
-6.395153775391713147e+00
-6.750539842499459375e+00
-7.784582138242114091e+00
-6.432056173402588506e+00
-1.751628598839260365e+00
-1.656785299259079469e+00
-5.024848437357310793e+00
-5.918607121714218877e+00
-5.544084649471709092e+00
-7.215076994428206270e+00
-7.643260305075281202e+00
-8.213325080102595876e+00
-7.543175980821783533e+00
-5.399241259297216544e+00
-7.633780799208194523e+00
-1.042333327710366397e+01
-1.144003625176531358e+01
-1.109206186005485684e+01
-9.818345824945792444e+00
-8.689539141737093075e+00
-7.855628430060058065e+00
-8.905745792804617977e+00
-9.422567943430026460e+00
-8.784875227132904030e+00
-9.368214557797502451e+00
-9.532533172927525555e+00
-8.225197682133467580e+00
-9.831466541309520579e+00
-1.133723871487333845e+01
-1.223252078713217017e+01
-1.098600345757485819e+01
-8.133193445734375970e+00
-1.138542959984999214e+01
-1.164576861314344924e+01
-9.199078532854343848e+00
-7.670611441603394809e+00
-6.035705228941745659e+00
-8.715012346403906207e+00
-1.153458050290567272e+01
-1.008430132965306747e+01
-1.072855190178412066e+01
-1.026875088260073809e+01
-6.839734467332982071e+00
-5.001545859630276425e+00
-3.461301874806061107e+00
-5.406516111345059938e-01
-8.912262644945393442e-01
-3.107182108039937329e+00
-5.540458942160393363e+00
-7.628449494013525900e+00
-2.884592043470949996e+00
-1.654729685903281178e+00
-3.569973565092225076e+00
-1.544212769155546727e+00
6.440682913028121792e-01
1.259138466964361269e+00
1.762660355451594718e+00
-2.724544247593753354e+00
-5.902813217272353086e+00
-2.973207617730563523e+00
-3.523029119834248046e+00
-6.620576779850646965e+00
-8.392332450613102068e+00
-1.062259655590833596e+01
-1.219598947995073424e+01
-1.223598542805459388e+01
-1.132224558493689415e+01
-7.861757829787518581e+00
-3.661624355127926833e+00
-3.277217319717641963e+00
-2.489805579237960753e+00
-3.807962372068184553e+00
-7.399232145561630780e+00
-8.230299332574347204e+00
-9.751329973304367016e+00
-1.238219745948616790e+01
-1.293835375265559584e+01
-1.287310728802288651e+01
-1.188082848979834516e+01
-9.091534309752917764e+00
-9.713503364309229227e+00
-1.203660719760148545e+01
-1.152002875823877481e+01
-1.147761134942604144e+01
-1.198875405056640986e+01
-1.120943874582378541e+01
-9.734101182707918909e+00
-8.016593467452553412e+00
-6.008756521109457793e+00
-5.115489637115500976e+00
-8.794519583088719727e+00
-1.175960982784397224e+01
-8.853903117912805598e+00
-6.297735422265974492e+00
-3.041747147485230229e+00
-1.752463474231808593e+00
-2.583083073207381730e+00
2.480423385756944210e+00
8.219535075707143923e-01
-1.887488193875773268e+00
6.252669573920852653e-01
-7.135949959570614398e-01
-5.110166376796508203e+00
-7.836663918227735337e+00
-9.770547152470317798e+00
-8.921375416725867424e+00
-1.040791679005264392e+01
-1.302897438754304460e+01
-1.289621520914089103e+01
-9.739824405868230173e+00
-1.013745757726222685e+01
-1.237397749705498207e+01
-1.108269449957632347e+01
-1.089281338309959857e+01
-8.810782409486490607e+00
-5.632500113766479188e+00
-4.957323494843594247e+00
-6.421577591716675748e+00
-9.092596134454002055e+00
-8.352081462026971437e+00
-7.003092696645692783e+00
-8.054947731238575770e+00
-5.574454623384140994e+00
-4.408275247683112852e+00
-7.052065633251642041e+00
-5.385848209048512025e+00
-2.222389044070432473e-01
6.799820758560896072e-01
-2.429505621339569821e+00
-4.661402241344540620e+00
-5.397663882444577510e+00
-3.646533477040551752e+00
2.664658041434117552e-01
3.886713131411990041e+00
5.046995635879802045e+00
2.203354906806695990e+00
4.305958473836665412e+00
9.106363825189690786e+00
9.347136133642610645e+00
5.289366535194522712e+00
3.951631869195820101e+00
4.084955584792179017e+00
5.772783114065608290e-01
-4.127918785884624464e-01
-1.474446690701716189e+00
-5.832910506346933310e+00
-8.708118627278732760e+00
-9.341113906423128554e+00
-8.009627451007105492e+00
-4.859077954862420334e+00
-4.658462505410095211e+00
-5.687550971863205795e+00
-8.517006226211501385e+00
-1.026113494614872579e+01
-1.007494461630245475e+01
-9.994137152847409666e+00
-1.164925489287784899e+01
-1.366658909908187702e+01
-1.352318014622118802e+01
-1.332843849194342134e+01
-1.315240316764018402e+01
-1.205019515321043322e+01
-1.256483048296629512e+01
-1.459282221136665392e+01
-1.470874206802313644e+01
-1.302563711825002812e+01
-1.157485771633392702e+01
-9.258871332988540814e+00
-1.038700908712333160e+01
-1.117839878418659083e+01
-1.219797124450852088e+01
-1.341165715878726949e+01
-1.183509200968735620e+01
-8.971840312812929596e+00
-8.520772056787246029e+00
-7.277627576563142853e+00
-5.138738441415307001e+00
-8.214676969049850896e+00
-1.002364124189257844e+01
-9.414380477842433592e+00
-1.195137859778038347e+01
-1.122219509256451353e+01
-6.648755541722829676e+00
-3.045732015076585419e+00
3.185208282474747549e-02
2.261956367984235605e+00
-8.006818400233944866e-02
-3.064732937670623159e+00
-5.146099896739858792e+00
-6.514644794710881648e+00
-5.558556043862125762e+00
-3.550050799381328392e+00
-1.913393609428528208e+00
5.558402134544701001e-01
5.733318957246298808e+00
4.714626111825135801e+00
1.919487833151480194e+00
2.387225140671742185e+00
3.137665816374925143e+00
3.529038881250160742e+00
4.159440108588135843e+00
2.463203292233841157e+00
-3.683498315543196178e+00
-5.395503312564202680e+00
-2.187753426822759195e+00
-4.082800713939843895e+00
-6.621703855190119725e+00
-6.955413602289634234e+00
-4.449395713504821437e+00
-4.071810438213342209e+00
-7.234125506229273306e+00
-9.047355997963693497e+00
-7.359712573522764423e+00
-5.531261359661708177e+00
-3.841958597837744627e+00
-3.238935400113736485e+00
-5.305577545709784459e+00
-4.966613433827132162e+00
-5.991109498449457282e-01
1.414893546695833670e+00
8.799843754263503293e-01
-6.491676817991387516e-01
-5.756302528066309376e-01
6.586506191450358649e-01
-2.876116028113798961e+00
-6.407625110288133641e+00
-6.618040162638954449e+00
-6.582809514134013718e+00
-5.523935023397339883e+00
-6.082772415685155920e+00
-5.339935253823433037e+00
-3.647182349434686000e+00
-5.393253632714208656e+00
-7.544418568329780861e+00
-1.069459552969299843e+01
-1.219913521457968031e+01
-1.311826435487950704e+01
-1.232137385314699429e+01
-1.141253397277549020e+01
-1.262264419845821273e+01
-1.134678719459278540e+01
-8.813694005807173326e+00
-6.854837287048290762e+00
-3.588412761929745010e+00
-5.741795665802999160e+00
-9.455362009947801738e+00
-8.297419384109725016e+00
-7.548043583689571179e+00
-7.937185741020266860e+00
-6.577570977026777399e+00
-4.542596917594639905e+00
-5.310492997924639802e+00
-9.580586969909887785e+00
-1.353264174535268083e+01
-1.330951232859159283e+01
-1.212652706655915225e+01
-1.222673896954346517e+01
-1.160875517033763771e+01
-1.213628176944202686e+01
-1.352276611667712025e+01
-1.365571911970565822e+01
-1.267193316152789961e+01
-9.261627256824304766e+00
-5.955985688071083750e+00
-7.492205575305805887e+00
-7.464846474305081969e+00
-7.216786669804290177e+00
-5.760445715364432395e+00
-4.893620961759826749e+00
-7.293258963504340109e+00
-6.471178018053316272e+00
-2.966131388626491727e+00
-5.685362188821870610e+00
-7.882985857713651789e+00
-9.858596045611257352e+00
-1.279542390073214086e+01
-1.205622119384742774e+01
-1.145132155037275012e+01
-9.155023600575011855e+00
-5.325927564662172209e+00
-5.699437275962053739e+00
-7.834716565167565427e+00
-9.082862500694192320e+00
-1.003386612141736123e+01
-1.113393736568090731e+01
-1.227162063687133653e+01
-1.498817328912732449e+01
-1.452777901824651963e+01
-1.376739921637770614e+01
-1.380284938390652094e+01
-1.103857282210503854e+01
-9.173707073432415982e+00
-9.165228683405059584e+00
-7.281316016090253918e+00
-5.249969056646230925e+00
-3.164040075764813054e+00
-1.276181201805081544e+00
-1.433527640332838082e+00
-2.284260946347772325e+00
-5.871182666227744207e+00
-6.504161352221640158e+00
-6.351733918882429997e+00
-8.018130881725832992e+00
-9.706013432676064312e+00
-9.479691581139867651e+00
-7.245285381724484886e+00
-9.828104934720107266e+00
-9.998356066637027695e+00
-7.988352393406109364e+00
-9.955028613663092329e+00
-1.240254390037278753e+01
-1.305601105110549121e+01
-1.065648051690672915e+01
-7.522867166368486735e+00
-8.706032665956660921e+00
-8.786807071862243745e+00
-5.291789113257979515e+00
-5.297191874150859014e+00
-4.794597037295751818e+00
-3.234132872863519914e+00
-3.466321636332676537e+00
-3.189425428989329347e+00
-3.332577959392784450e+00
-5.375904357930306077e+00
-6.347552655359210760e+00
-3.689248116384093112e+00
-5.592587916666039938e+00
-9.511558145578799639e+00
-1.097974192063597521e+01
-7.552358649264102830e+00
-3.866868815582359176e+00
-4.586578580799060667e+00
-7.414392297237945684e+00
-9.271602718705922896e+00
-1.038575390000756826e+01
-1.036147320668595029e+01
-1.134362230936799065e+01
-9.186906383073864646e+00
-5.767315276826005643e+00
-5.358573134206433330e+00
-8.527246137045839447e+00
-9.600630413668948648e+00
-8.109462809585657794e+00
-5.846558131814266090e+00
-9.437850405417551602e-01
-3.907155444972116864e-01
-3.966406888660066077e+00
-3.554564439863265424e+00
-2.785868089379659907e+00
-4.699899278944867476e+00
-3.633072048658782194e+00
-8.356840520047034149e-01
-4.144979992114582679e+00
-7.290079100581382754e+00
-9.367704281308133929e+00
-1.177867710661191936e+01
-1.346121329876024575e+01
-1.201869374436542337e+01
-8.937892842583647024e+00
-8.789268375789308863e+00
-1.026560595937839793e+01
-1.167552518100359826e+01
-1.092553508433036669e+01
-8.828070600675253843e+00
-7.779308579190271189e+00
-1.150612742914914399e+01
-1.243612194097208601e+01
-1.304824508009433082e+01
-1.417863471193461322e+01
-1.269222146386557348e+01
-9.372772727499578238e+00
-7.930896947157023646e+00
-6.414507124566526386e+00
-4.699434448275114917e+00
-5.919695638342863830e+00
-6.586254459286105423e+00
-6.500221238500189180e+00
-5.833346175101024933e+00
-3.950746705112917478e+00
-9.507824844392746000e-01
1.340047494151274554e+00
-4.468809391073954584e-01
-7.632834554920001402e+00
-1.041404916807029046e+01
-1.015383754212616552e+01
-1.007291156254129838e+01
-8.455335101264905617e+00
-8.151487248615516990e+00
-9.545108949747655558e+00
-9.051146047410313145e+00
-1.001517101658518349e+01
-1.108096734360536573e+01
-9.881972302970059019e+00
-9.326013642270220672e+00
-8.497235827268539765e+00
-5.665783598916491748e+00
-2.325857429605041382e+00
-1.656914329917995365e+00
-2.607079011236669075e+00
-3.818224378826245768e+00
-6.746286408878479079e+00
-8.979684017942240359e+00
-8.383222291239786017e+00
-5.034959922658741149e+00
-1.022120949550799907e+00
-1.093644837988982793e-01
1.034639997181545645e+00
1.272818154106720501e+00
-1.032399654142840628e+00
-4.329917100748297720e+00
-4.036521111045179744e+00
-2.450524805024051567e+00
-2.022533715742732330e+00
-7.037974630100191087e-01
4.989423709134237217e-02
-2.244830376149757445e+00
-5.366366691600686245e+00
-5.893353120955989510e+00
-7.094877845223181545e+00
-4.392903198369394246e+00
1.429180335803463153e+00
4.907142658579785044e-01
-4.403936186704599187e+00
-8.080333523304275900e+00
-9.399700728597416344e+00
-8.902897041935025513e+00
-1.064628854897538091e+01
-1.271639086138493546e+01
-1.173084245384698043e+01
-1.096065859340338910e+01
-9.002969330062509101e+00
-6.256934786427438944e+00
-7.817374545082729220e+00
-8.549960387511063686e+00
-8.332861837806692762e+00
-6.916811731264282059e+00
-5.907702542245242938e+00
-8.272664367348969705e+00
-1.092682052336094323e+01
-8.895216466414877843e+00
-8.024960792072418414e+00
-9.612084761341201045e+00
-8.341054634888751096e+00
-6.014380628917726845e+00
2.009036520266992143e-01
4.038465885822898116e+00
1.140774162428157767e+00
-3.129964571359032388e-01
-8.291394324416941075e-02
-4.428070950620147661e-01
-7.609190005487859176e-02
-1.952816962998742412e+00
-3.788170267447868333e+00
-6.762008160082710440e+00
-9.983566437121867310e+00
-1.040913535157058689e+01
-1.016188465016260345e+01
-8.886846193415363970e+00
-7.042729925506807653e+00
-7.238800415129344579e+00
-6.674348586308759934e+00
-6.177283023639882131e+00
-5.818420149691536203e+00
-4.377028131978813796e+00
-3.684326497495462593e+00
-6.126314955780922666e+00
-8.445718745644002823e+00
-8.428841418473005831e+00
-9.545261000423529651e+00
-1.069341452960190075e+01
-1.137097196178959102e+01
-1.270754622770476416e+01
-1.392278901374344535e+01
-1.430238902271522150e+01
-1.467213043306562703e+01
-1.552999217343546157e+01
-1.524709179917252655e+01
-1.495364634962011863e+01
-1.513737461284397590e+01
-1.576798107550864714e+01
-1.656831851308410108e+01
-1.625906255048750992e+01
-1.550460297972041879e+01
-1.394097645294231391e+01
-1.232381685258460102e+01
-1.263109791963772643e+01
-1.317951279618261928e+01
-1.330603241133767156e+01
-1.250744625569674895e+01
-1.401650195695428280e+01
-1.583058714577744297e+01
-1.577663935767126802e+01
-1.538444203812522737e+01
-1.449741165433276358e+01
-1.305496801988289590e+01
-1.283763790109176739e+01
-1.291773975999617896e+01
-1.221791317380018960e+01
-1.339966760293422965e+01
-1.512432397920110461e+01
-1.410919521303657298e+01
-1.356507460656506225e+01
-1.420797425761348443e+01
-1.459544642855536267e+01
-1.416285845507023566e+01
-1.287017036363441491e+01
-1.202790198323180171e+01
-1.172660513936307503e+01
-1.306694359623802626e+01
-1.549725776441708902e+01
-1.604388886721089946e+01
-1.535358408462463586e+01
-1.437128269841581485e+01
-1.243152747862687946e+01
-1.102948831683818831e+01
-1.278126663375270766e+01
-1.257424830617239664e+01
-1.084675528195377758e+01
-1.110456259689774861e+01
-1.084917365224105623e+01
-7.735683458096112020e+00
-9.548216374310324994e+00
-1.149372541587778507e+01
-1.209658220045482580e+01
-1.310891010348204944e+01
-1.284730439248110656e+01
-1.289994719251776267e+01
-1.289139202071986112e+01
-1.130254339612450032e+01
-8.917644746195668048e+00
-1.031321864447880010e+01
-1.273499310066639190e+01
-1.285728967892640817e+01
-1.114703337063239985e+01
-9.006433386417139531e+00
-6.576689853555692800e+00
-6.143035916317441725e+00
-6.998365738663026470e+00
-6.431103653005159515e+00
-7.986275489120076010e+00
-8.044506644932777562e+00
-6.836927485965049733e+00
-6.966496380015495760e+00
-7.199891065861006467e+00
-1.021785924991218408e+01
-1.226525106331165027e+01
-1.014591967948902251e+01
-7.446452544341529922e+00
-6.093636283571163936e+00
-6.189323009266820108e+00
-8.161296872551961457e+00
-9.223652385837032952e+00
-1.117524151037828517e+01
-1.285535858674552578e+01
-1.246784933333902146e+01
-1.310240860052435075e+01
-1.301907692189825738e+01
-1.319119118014308789e+01
-1.334654738321861167e+01
-1.303632837067820738e+01
-1.163924610029194007e+01
-8.988522100357096534e+00
-1.094497798600088601e+01
-1.261912614154440782e+01
-1.140740087967702721e+01
-1.113604189096800035e+01
-1.172919422394549649e+01
-1.337537664392353243e+01
-1.466740147894048363e+01
-1.360731510554933266e+01
-9.497327566728326786e+00
-8.636201012691552492e+00
-1.172018016957120068e+01
-1.431785325504673878e+01
-1.517660750498221134e+01
-1.547962563340665021e+01
-1.629372520582156980e+01
-1.586432696861474589e+01
-1.349263689173483449e+01
-1.390979963354483928e+01
-1.540415760058071015e+01
-1.567057760184636628e+01
-1.539276874721098132e+01
-1.530810016344970137e+01
-1.443637441969571000e+01
-1.426234098770202152e+01
-1.548564840930682784e+01
-1.605338313522330651e+01
-1.696250251329296432e+01
-1.643008243226965348e+01
-1.506039901041143914e+01
-1.546979530184486329e+01
-1.478686097666449761e+01
-1.374668981141054402e+01
-1.290059171244682901e+01
-1.331114667745381119e+01
-1.171718928268892057e+01
-1.169094183199430326e+01
-1.165506179415457133e+01
-8.461337859183499788e+00
-8.856262789750784847e+00
-1.058057881688205626e+01
-1.113796451389163700e+01
-9.777240879626765135e+00
-1.194853550222333993e+01
-1.339382677755492956e+01
-1.084078853389801544e+01
-1.145150398717987983e+01
-1.437094935285073483e+01
-1.505321219433362678e+01
-1.436327227003536855e+01
-1.345331214819158028e+01
-1.249194106129113990e+01
-1.050120350070913133e+01
-9.099960086512911772e+00
-7.693186950995492879e+00
-5.267325245582937576e+00
-4.545171873274496122e+00
-5.491756041970587532e+00
-7.785687726992509994e+00
-1.130784847098017565e+01
-1.346365447793476378e+01
-1.430715557116477044e+01
-1.462307650767851541e+01
-1.450397015489824959e+01
-1.290401032368197853e+01
-1.056498070620960306e+01
-1.211962594339453680e+01
-1.344661352408946087e+01
-1.225169175431666524e+01
-9.965749596046975967e+00
-8.479996338020136193e+00
-8.785808295219972308e+00
-9.844341483126425985e+00
-8.637437958913521285e+00
-8.001342557287438595e+00
-9.639205957640582412e+00
-1.140216570429529952e+01
-1.105178724986632410e+01
-5.887227759570494712e+00
-6.970226816785514146e+00
-1.044684195644193458e+01
-8.282868557550921551e+00
-8.361677371151307270e+00
-1.073967886495943702e+01
-1.073715704941972504e+01
-9.177343620346857023e+00
-6.973561559263426801e+00
-5.798853944089098711e+00
-7.877012262382251606e+00
-8.728658220295258729e+00
-7.259343054287113794e+00
-6.228976437324932114e+00
-5.916576308794254224e+00
-8.580319924930400077e+00
-1.008923567737643268e+01
-6.917361703237849824e+00
-6.760636638181957814e+00
-6.571811635444480437e+00
-3.865742878898389634e+00
-1.930278531466314673e+00
-3.803403984042898145e+00
-8.706801312920637415e+00
-1.158074657096240756e+01
-1.201274221049356328e+01
-1.195585290282275714e+01
-1.269271783287131150e+01
-1.409676550442165777e+01
-1.291202062993863287e+01
-1.233005350692072177e+01
-1.500656404897552321e+01
-1.547941157692622483e+01
-1.389754467880993438e+01
-1.336993776271452283e+01
-1.451438799579143613e+01
-1.357863609141742778e+01
-1.277912363146879571e+01
-1.167762798873584806e+01
-1.320159036507957673e+01
-1.438450690976295476e+01
-1.355006720100809936e+01
-1.388547528521391250e+01
-1.422939827175746075e+01
-1.222914540201041689e+01
-1.102058406441375560e+01
-1.195071873828659825e+01
-1.161416526680705985e+01
-1.129057978333477230e+01
-1.082731032933141613e+01
-1.023403720635305270e+01
-8.788212160896438974e+00
-8.426762135499096473e+00
-1.024528761705838598e+01
-1.266467210229132689e+01
-1.417267460090071474e+01
-1.461637922298627146e+01
-1.605094400323014625e+01
-1.674713160435115356e+01
-1.564319707818102678e+01
-1.577385222611638582e+01
-1.511256916234065528e+01
-1.462699617874225311e+01
-1.237615067055268625e+01
-1.076669554405381923e+01
-1.005100870511256161e+01
-9.977128236133804506e+00
-1.180118795502682971e+01
-1.083761609926710179e+01
-9.413623288407325873e+00
-9.168842721627143533e+00
-9.365718910489761129e+00
-1.007960562211687261e+01
-9.633301636338464036e+00
-5.718612887127527245e+00
-4.259468673862449428e+00
-8.513014724284710510e+00
-1.209851232802302512e+01
-1.071822884431980327e+01
-1.009789470720874505e+01
-1.154526638665719673e+01
-1.147000057920898897e+01
-1.100229955589831832e+01
-9.064263529964488697e+00
-6.963207116666693786e+00
-4.006364757803556387e+00
-1.450994424221704771e+00
-2.875482390563791402e+00
-3.791463161808505955e+00
-5.436851344632554373e+00
-9.943823526915847921e+00
-7.908225722918262868e+00
-5.492119730979415415e+00
-8.883431268355876043e+00
-1.021644615963600167e+01
-1.062942569124298764e+01
-1.156869673680714250e+01
-1.029221387274382593e+01
-9.619185015176828557e+00
-9.327426092935652946e+00
-7.763946417172500780e+00
-8.572354267493725644e+00
-9.917569973762741853e+00
-9.570537784236631040e+00
-8.695745942435689102e+00
-9.529540576729539580e+00
-9.181154182183938417e+00
-4.328613871082872322e+00
-3.264667685415469478e+00
-7.667932809439701458e+00
-1.257590200778025213e+01
-1.461473913869988728e+01
-1.389823133531488430e+01
-1.228404363264434807e+01
-9.437491271051399622e+00
-6.785320280059048415e+00
-7.026907458136790297e+00
-7.755497801942706992e+00
-6.922033085171026556e+00
-7.253252667893940853e+00
-6.032133070981988254e+00
-2.324983697299552343e+00
-4.237938034106884189e+00
-7.998880571925774952e+00
-1.040849168613368825e+01
-1.334710796370891828e+01
-1.281268794882114825e+01
-8.186860364406637558e+00
-8.421734575893337293e+00
-1.179341889584170922e+01
-1.063385619773717217e+01
-1.022212312944950519e+01
-1.232302827030592063e+01
-1.348351608497866039e+01
-1.457416908111875031e+01
-1.526232206592554697e+01
-1.484267820905848012e+01
-1.529254424442065208e+01
-1.676158983715832562e+01
-1.703134378619014910e+01
-1.644079769764044485e+01
-1.609579091267415052e+01
-1.731482124617318163e+01
-1.735925980704797311e+01
-1.594356848226583168e+01
-1.408580442354092632e+01
-1.305318603973292113e+01
-1.399640663683538300e+01
-1.546261259572743541e+01
-1.624088291177364951e+01
-1.622115063052610751e+01
-1.429768053620038870e+01
-1.477024389472201271e+01
-1.635300873752892770e+01
-1.705841124836221212e+01
-1.751090916147564869e+01
-1.748008215028185930e+01
-1.783183594486914814e+01
-1.818149373656591195e+01
-1.814349098373995517e+01
-1.808690968802726218e+01
-1.792558748843393701e+01
-1.806447164449437537e+01
-1.797052468327009933e+01
-1.755518389570055149e+01
-1.684939221911362139e+01
-1.659668859447948108e+01
-1.728536046723646535e+01
-1.736702607228286510e+01
-1.630675043188193740e+01
-1.477852065569065587e+01
-1.444150449328363450e+01
-1.493495105386061006e+01
-1.510497886486782271e+01
-1.490325661767791665e+01
-1.390000997326851184e+01
-1.424350283184129573e+01
-1.579002587305186367e+01
-1.689957007072854367e+01
-1.727244731369692232e+01
-1.606324954079211764e+01
-1.568770175616676710e+01
-1.604343342597492494e+01
-1.277262523523004667e+01
-7.747076280096452550e+00
-8.161321660192987437e+00
-8.897476189144557068e+00
-8.019614504041689074e+00
-9.989909782366124702e+00
-9.156681647946779634e+00
-7.360095286647727164e+00
-7.128560347765698246e+00
-8.612170563559354619e+00
-1.320724086467913594e+01
-1.533954734427349642e+01
-1.526109589099294439e+01
-1.534674615906092399e+01
-1.387081113233077012e+01
-1.128287528264463546e+01
-1.220884953720493726e+01
-1.487507507264706597e+01
-1.567974810804365227e+01
-1.450452501907579794e+01
-7.177247179554219869e+00
2.635540952881593846e+00
2.742772384105423900e+00
2.489608080680086044e-01
-2.115809653361846898e+00
-2.919876930797504766e+00
-1.672412632172418645e+00
-2.645307874384047686e+00
-6.793914435739631941e+00
-7.438859970610907979e+00
-2.132250962897134006e+00
1.822640418257800432e+00
1.049703793149168618e+00
2.111038965422704639e-01
1.824927749154214629e+00
8.488396512609420741e-01
-2.203221916403637071e+00
-3.258989301829427365e+00
-2.606664067223220194e+00
-4.064250356094395444e-01
-2.631466792584037595e+00
-2.951247172220177184e+00
-2.209193388792975554e+00
-4.496920305751630487e+00
-1.890974757946342066e+00
1.196554647764185519e+00
2.902902979117371718e+00
-1.315379332729835760e-01
-5.530593569977521717e+00
-6.666689789004726308e+00
-8.158321116361559433e+00
-8.739684240328861264e+00
-6.622305470582371179e+00
-3.679709045049861516e+00
-2.761237451257458009e+00
-4.465770858929875686e+00
-3.815853266921103604e+00
-1.068579679787663883e+00
-3.485729925007821084e+00
-7.499935696901991022e+00
-6.872639536657429993e+00
-7.292579551329336773e+00
-9.433611280623019013e+00
-9.451965825762460582e+00
-8.760889701888816106e+00
-7.771002868455267887e+00
-6.292918759496540559e+00
-7.424248968569783891e+00
-6.891901141852343926e+00
-4.350937833909745756e+00
-1.040052854353314071e+00
1.455706782491336782e+00
1.842747842534306013e+00
3.759889222492470040e+00
6.637745311924523328e+00
4.530013752990364573e+00
2.640745636509711947e+00
2.476774468348606373e+00
1.413077432836327363e+00
4.739337617126912150e+00
3.292236630246019313e+00
7.876306979594487334e-01
-1.476446697671687236e+00
-3.174017506433261637e+00
1.199735793696904418e+00
3.935707254601197302e+00
2.485699816952542829e+00
4.148332095124746211e+00
2.754818583662121512e+00
-1.205578583666800041e+00
-2.233101300029813885e+00
-5.327751457911175770e+00
-5.650473134882477488e+00
-4.825543035958950178e+00
-5.403131057144765492e+00
-4.539351339619784653e+00
-7.651191268949070867e+00
-9.428654344863740988e+00
-7.332480314509980168e+00
-2.579184626234301891e+00
1.380132073850087071e+00
2.444865766656737271e+00
2.249159655160337223e+00
4.540957064196831539e+00
8.601403671775356585e+00
9.140372949865808394e+00
5.065595630474091671e+00
4.077744654304265026e+00
2.719435270381923786e+00
1.319877611902904979e+00
4.432231314362550911e+00
3.371958623379644138e+00
5.000607899804641931e+00
8.814434505937448705e+00
9.609431783824142315e+00
7.831370937366337159e+00
3.999477968776057324e+00
5.929728441952556217e+00
5.508375760607640004e+00
4.222892864562174609e+00
7.731755189089092539e+00
8.905707036605504001e+00
6.677912515051025899e+00
3.015164769790378063e+00
4.218043293700404206e+00
8.041191121804290631e+00
8.930352905457064949e+00
7.320888902567028289e+00
5.623690361384264591e+00
4.735688384244376437e+00
4.296497997127771029e+00
1.857622518592250582e+00
-6.686986216363312030e-01
1.014158745333929357e+00
1.256543363366869226e+00
2.575681899107229444e+00
2.352062136771974732e+00
-1.053916816213205987e+00
-4.787289821190554018e-01
1.405166706437072976e+00
4.531110143872304263e+00
5.074949065237166934e+00
3.673624808141316311e+00
3.977054645642768449e+00
1.307112017395949843e+00
-1.921033026928410159e+00
-1.332098242522815612e+00
-5.425948325780454162e-01
2.224072957862966771e+00
4.704190425639394491e+00
1.498465880739698330e-01
-5.491473434555855349e+00
-7.929635804847610991e+00
-3.892454878089403714e+00
-1.069055613514677816e+00
8.668022429234718551e-01
2.197996731884102939e+00
-3.716164259849936258e+00
-6.038081661824415747e+00
-1.620752261649432313e+00
-1.958991365173056831e+00
3.092016486633829553e-01
1.103483186370935787e+00
2.058778743609985806e+00
6.183122092404808257e+00
5.110899436853409306e+00
1.307206282459934643e+00
6.037064342756758295e-01
2.579213362165960088e+00
1.454720577289925210e+00
-4.420418974214201491e+00
-7.924843903066188133e+00
-1.002305280947168775e+01
-8.793117856041876124e+00
-3.776181447747065434e+00
-3.114337232710755465e+00
-5.818145140559552786e+00
-3.930141820515011819e+00
-5.191036948026720665e+00
-5.284728616787164768e+00
1.333342216279142400e+00
5.862567353300586426e+00
7.157062333437049340e+00
5.178946762901681211e+00
4.365883166524556103e+00
3.258823653698327938e+00
2.141185192708674023e+00
4.949421170741706177e+00
5.522981944536108578e+00
3.162123107419318568e+00
3.080566288959132759e+00
4.654097443932385225e+00
7.620804670047433227e+00
7.989201696744550496e+00
6.111290980869794609e+00
7.412165628323534428e+00
6.574753117373521860e+00
5.969317336944685692e+00
8.108724252830544543e+00
5.773632279965916325e+00
3.471281528724116772e+00
-5.220021374474016485e-01
-2.529319085684581303e+00
1.541057153922623435e+00
1.104167364620479930e+00
-3.894649385343824211e+00
-5.575690622823929132e+00
-4.572462699713122802e+00
-6.824126288667545559e+00
-7.944182992950496569e+00
-5.828586816226369649e+00
-3.381201492549330556e+00
-5.475940511310387615e-01
2.913580844702738926e+00
3.052589813186548984e+00
2.249594693081027774e+00
4.087271205057127155e+00
2.345378987789679570e+00
-2.485468222455927911e+00
-2.670921937651068223e+00
3.065422502954700423e+00
5.354515162649721383e+00
3.155082356473219551e+00
4.084335828445259331e+00
3.268399965299419119e+00
4.343128800867524397e+00
6.588894029924960982e+00
5.810461111778819188e+00
7.737770198669189803e+00
1.046639810179317998e+01
7.037912497738786577e+00
3.573902123539471010e+00
5.235340312131119056e+00
6.360204987786945985e+00
4.493284289795137276e+00
2.756327372142299836e+00
1.003748244058434436e+00
2.718601827509278923e+00
3.282789119306146475e+00
3.800761965101323803e+00
1.156963365824478451e+01
1.210048584963783824e+01
1.092589001929768955e+01
1.145298658141426174e+01
1.018253659711466241e+01
1.065595759021793398e+01
1.064579008180451858e+01
1.041808884039450156e+01
1.164452005024316250e+01
1.155053171391031519e+01
9.024957776209163285e+00
7.771959207576704998e+00
1.137546920394209060e+01
1.001444347322133765e+01
6.627125071052865302e+00
8.626137130539131448e+00
7.718151217584481749e+00
6.382153924413651147e+00
7.272602933582128948e+00
6.351846991156778977e+00
5.561843926619596701e+00
3.619618334702640272e+00
3.386104837118735666e+00
3.827772342364858194e+00
2.548841976096670958e+00
3.915898406722800207e+00
7.232366786044361007e+00
9.160997576716269464e+00
8.154818842214263341e+00
6.618013911888565914e+00
6.727462156423332118e+00
5.089840283089713147e+00
4.943254558853271141e-01
1.772517214637530647e-01
3.781505259824122334e+00
4.833985616617799685e+00
5.801898325246443555e+00
9.891093580216942627e+00
7.993821487928154390e+00
3.971023433144147408e+00
5.284222937311116475e+00
4.852343516672363855e+00
-1.320274661387778048e+00
-3.307673216920987258e+00
1.243087024436951016e-01
2.534066638469487653e+00
3.199936222108968664e+00
7.143262177401513702e-01
-8.965243064561415620e-01
2.210444599357051843e+00
2.058016626983965480e+00
5.520720104363431302e-01
2.090632488310713022e+00
4.903010742810100631e+00
2.747689422322581176e+00
8.705761924642118066e-01
4.865766850498026486e+00
9.474566936925540972e+00
4.529493203864507933e+00
3.503723983054827240e+00
5.380961526882580337e+00
4.710900696378048202e+00
7.089080198259371635e+00
1.211964995069717332e+01
1.110267288721220424e+01
7.565479144402972977e+00
8.940833314601732695e+00
1.153349899583768767e+01
1.316746025993538716e+01
1.183664788319419792e+01
8.103121607642322033e+00
5.417037925827943745e+00
3.130905958364814889e+00
1.901083100895308187e+00
1.124643552890895792e+00
-6.602665022049520882e-01
-3.863398077539920816e+00
-4.986607500798193371e+00
8.991429663686054119e-02
5.542912012904769981e+00
6.556119499138977069e+00
5.037529103845890255e+00
6.712022865329276833e+00
7.937561616851407820e+00
5.662335493191892333e+00
7.117215667971570348e+00
8.785912538168016539e+00
6.595048810278268725e+00
2.172485678768746098e+00
4.209206355483575912e+00
1.366863226277151178e+01
1.653132490979692903e+01
1.627355185555717654e+01
1.494104572016190957e+01
1.215299767379699958e+01
1.337148733853833349e+01
1.437312477146408618e+01
1.428527176868958293e+01
1.407357072679949184e+01
1.224842329148469311e+01
1.285183537962887890e+01
1.309395436509573685e+01
1.058625647340875098e+01
8.575665157382658776e+00
9.287674255435595327e+00
1.211700332068714658e+01
1.206108848061094285e+01
9.801620429079322960e+00
7.883165846607599114e+00
5.858657776399013528e+00
9.863347363015302349e+00
1.317039614276620441e+01
1.156233422261385435e+01
8.781711667422783307e+00
8.945257654104503686e+00
1.170595230619383287e+01
1.469502564983051229e+01
1.483363760069928183e+01
1.360266194950766838e+01
1.093113272468075792e+01
4.004827073662571735e+00
2.107816623262059874e+00
7.401244293222805082e-01
-4.296340981875453657e+00
-2.719460675235795488e+00
-1.551758682517107690e+00
-4.316315045737367129e+00
-5.264887564131719877e+00
-3.054383612636650369e+00
1.286308362224577673e+00
4.856961688051772974e+00
8.923741883318999868e+00
1.281324767213315141e+01
1.468111087915829494e+01
1.580593481354212670e+01
1.393785272516683627e+01
1.228008594747517890e+01
1.229911614097049899e+01
1.164987470564859429e+01
9.600694882312248879e+00
6.774493676511113449e+00
3.306040811571307358e+00
1.713196842483008853e+00
3.984602660619200876e-01
4.139866873487722643e+00
7.711085445910184966e+00
5.364128800417027776e+00
3.669542466596047881e+00
5.926493941810875299e+00
6.624385693741007941e+00
3.247275369445903337e+00
-1.437830713141213579e+00
-2.825353693806641697e+00
1.193100149259362031e+00
5.112828030676095370e-01
-3.438794050053332274e+00
-2.408080179332624748e+00
-1.314732746660124629e+00
-1.742000635062356029e+00
9.577033616315039355e-01
5.560291847000389254e+00
5.297002633382708048e+00
7.652233927053396556e+00
1.314605135976341010e+01
1.217686478287505203e+01
1.044891466611514907e+01
1.062166482762179598e+01
1.070151410470425724e+01
9.080885349043423815e+00
6.637207908482438690e+00
3.282932480921088914e+00
5.641809016684481426e-01
2.358991465228327478e+00
4.440446921784642953e+00
5.931238301878810404e+00
3.778159507017400109e+00
3.069011478680189420e+00
7.718956872138970304e+00
1.052066730192048993e+01
1.064930864017265222e+01
8.803508066022770251e+00
7.614470106374406022e+00
3.411930328421513448e+00
2.883483813236953353e+00
5.982509494662379801e+00
5.078198466244066012e+00
4.772216897529315105e+00
3.164224994736346552e+00
1.470980651891563573e-01
1.155823816785218172e+00
2.945257700052891447e+00
4.241946439667732882e+00
2.957440886338600805e+00
4.316989517939138210e+00
4.210859242815644166e+00
2.811793269908156034e+00
3.800064221546485488e+00
5.658221956318395307e+00
8.177326614882082012e+00
7.483291812798951170e+00
8.323117107962845651e+00
7.665154411009232227e+00
6.650420092781875070e+00
8.059129857407963726e+00
9.923013748681229984e+00
9.279513919897670604e+00
3.825107244481865454e+00
4.884158060058443773e+00
8.321036745592772732e+00
8.485973911673122316e+00
6.791376202601203005e+00
4.248552665586013077e+00
6.862190686218835545e+00
1.049717568381645982e+01
9.480141472368211808e+00
7.920753299275016701e+00
5.902804697717573212e+00
5.656674872971432677e+00
8.832367803765569292e+00
1.103932391890461062e+01
9.906989606096335166e+00
1.101036689876549524e+01
1.104071878713531163e+01
7.861352257323710013e+00
7.086728142433291744e+00
1.070450913314370922e+01
1.112869334041282698e+01
6.826668251215521899e+00
7.008003195710953648e+00
1.137408591168627936e+01
1.507646233571345817e+01
1.606230297243475746e+01
1.641735032460199761e+01
1.563608745796582333e+01
1.687641153618988810e+01
1.950740982617691799e+01
1.862348575938377948e+01
1.640832152225516793e+01
1.785058680426242361e+01
1.885037765466058701e+01
1.783266591216262853e+01
1.509487536715297651e+01
1.484225882305165456e+01
1.638054861962557496e+01
1.480574812604990775e+01
1.580437593390450068e+01
1.731310944555118780e+01
1.700396134425274042e+01
1.812600134092480175e+01
1.839720236267869069e+01
1.676424862245719538e+01
1.550619568747950261e+01
1.358145160611268665e+01
1.203392413460483290e+01
1.434515128973922415e+01
1.500177961028655993e+01
1.413961073489842057e+01
1.182732813288107643e+01
7.703828473148432998e+00
7.462525356915404195e+00
8.757031873931078181e+00
8.971020702502769950e+00
9.861224226723942721e+00
8.826683323619016974e+00
1.118227525726435623e+01
1.467810272490215873e+01
1.312735243391629503e+01
9.864024651396006149e+00
6.036294289201800112e+00
6.764436814071319581e+00
1.228929001078349614e+01
1.577034657446187005e+01
1.648061290655356004e+01
1.658249333334284614e+01
1.860003843846614657e+01
1.932625848614955899e+01
1.971965771780005028e+01
1.991273617122205408e+01
1.929410845053627099e+01
1.734269535139494423e+01
1.810756080694043035e+01
1.779213884536599011e+01
1.874358763044243759e+01
1.988598688549728877e+01
1.961336643922438228e+01
2.000537518117651103e+01
2.013150009672870056e+01
1.945015296828961837e+01
1.925752925586767361e+01
1.940991810368917214e+01
1.801288763504147994e+01
1.627882218059625785e+01
1.613014905558349810e+01
1.460301834066932791e+01
1.390475061936233914e+01
1.434516234925617617e+01
1.644829226557904889e+01
1.817826066876223479e+01
1.647436989506539717e+01
1.310123174764440535e+01
1.388531750335694426e+01
1.595111866863803840e+01
1.579159599140845494e+01
1.503134200104103613e+01
1.660905597731619920e+01
1.737571447029343474e+01
1.674792824868221075e+01
1.788434755006739962e+01
1.909925035374848079e+01
1.851222524090973565e+01
1.704094768224122447e+01
1.580333861428082720e+01
1.547821803519105188e+01
1.369745377390867169e+01
1.168641965407706707e+01
1.344149755732869878e+01
1.432574436549002606e+01
1.438961568905282107e+01
1.389448096487354434e+01
1.389725213833520456e+01
1.504345468940050878e+01
1.526433243985568211e+01
1.705497139509501281e+01
1.685498584782813225e+01
1.613067107442047998e+01
1.695405952727366383e+01
1.605669718444996974e+01
1.699675139608975627e+01
1.789238921298492357e+01
1.917867629671447816e+01
1.847264321540189158e+01
1.635774853007227847e+01
1.609359745285646426e+01
1.668193403965572585e+01
1.607664835814323467e+01
1.487633801564211034e+01
1.335627562696907944e+01
1.202543411173567911e+01
1.486163558934754469e+01
1.720338335859938184e+01
1.859051043942677239e+01
1.918584006651784790e+01
1.862855106353555712e+01
1.832126209781189985e+01
1.888951275299365307e+01
1.938446528641589239e+01
1.885527487049729700e+01
1.819263130072950219e+01
1.888733084314841193e+01
1.893511074902976077e+01
1.878426568108630690e+01
1.906157395736503091e+01
1.877202950272222282e+01
1.797181646883889883e+01
1.757219155508903441e+01
1.548648481422994827e+01
1.549782772992584867e+01
1.742720528487394205e+01
1.739026241275130147e+01
1.615515134705706757e+01
1.707821635542909178e+01
1.616284301588495254e+01
1.509497980339451040e+01
1.759482187676525555e+01
1.963780245173376571e+01
1.990802305179089160e+01
1.985825278515904557e+01
1.915622008261637532e+01
1.824492580947674369e+01
1.754091615088982081e+01
1.705771889157526644e+01
1.718488216705132032e+01
1.787764901594513844e+01
1.705811480807863134e+01
1.538585362907862475e+01
1.581042779648050889e+01
1.562538328152811573e+01
1.648456475685195244e+01
1.900250410982040350e+01
1.965315391742084827e+01
1.974864514323137499e+01
1.947627885557243488e+01
1.829074171756721867e+01
1.815963401600772542e+01
1.884130849391718243e+01
1.918380020857119206e+01
1.908791432810328104e+01
1.773574928539964191e+01
1.859919465223326895e+01
1.950556550575748460e+01
1.958613655264895570e+01
1.846968901973575328e+01
1.658856023613026309e+01
1.764018680410081075e+01
1.828166501416621159e+01
1.745451294175788703e+01
1.758755896871367952e+01
1.730715463018412592e+01
1.705798436232660364e+01
1.688400453147163915e+01
1.688319894092314755e+01
1.662937886041964930e+01
1.631980888094053128e+01
1.547482906203955011e+01
1.438542134015333573e+01
1.617323106707852176e+01
1.694264062481595801e+01
1.426810579598426365e+01
1.222556091513711429e+01
1.313313252105772833e+01
1.449836483365783124e+01
1.371593798048666635e+01
1.161268401051921728e+01
1.205123372855253905e+01
1.462379438354780525e+01
1.646713003851108681e+01
1.707002294863011826e+01
1.662597930478327157e+01
1.452859099271314136e+01
1.355473955223265570e+01
1.554492526376568229e+01
1.816237105082400305e+01
1.862010176355320112e+01
1.767337647611535800e+01
1.762467032864221750e+01
1.710045112162029923e+01
1.772185700673005826e+01
1.912633942186756641e+01
1.958983721318219651e+01
1.971068595366288889e+01
1.894997138903991285e+01
1.752695918168268463e+01
1.745414082861366367e+01
1.797765949580821143e+01
1.827091636742989778e+01
1.798167217590980371e+01
1.759470418179758866e+01
1.879947137338683660e+01
1.955234005295431743e+01
1.860071781572932892e+01
1.504895817533757452e+01
1.278492514868678143e+01
1.436797796162451490e+01
1.481685131599562411e+01
1.473335397169286232e+01
1.337079776422280197e+01
1.078409316301113030e+01
1.066249420268173864e+01
1.099384022372622383e+01
1.274838759126114773e+01
1.613098608316539284e+01
1.801654784337302573e+01
1.761747087891827590e+01
1.724492546475550370e+01
1.720813055110222578e+01
1.731375796658921118e+01
1.738725471408549339e+01
1.881152763455477839e+01
1.963915930868378013e+01
1.937755528496802171e+01
1.911143060065980492e+01
1.873749499939970065e+01
1.930665751710446898e+01
2.004533573815549730e+01
2.015965945095833334e+01
1.909490171758273291e+01
1.870937120495948491e+01
1.859268812137660376e+01
1.952490396000442630e+01
1.944828123613121207e+01
1.941058001517373910e+01
1.978325613785667159e+01
1.949770368901476303e+01
1.747999081851217440e+01
1.725848971755135963e+01
1.666322392664784147e+01
1.778795643704636120e+01
1.882296494285796484e+01
1.743272043031754137e+01
1.778639051527105153e+01
1.941742071294538974e+01
1.921108000665080340e+01
1.931618122133879112e+01
1.938430579649062224e+01
1.926396852393671466e+01
1.989588766010693988e+01
1.980745803380294134e+01
1.960244884449360470e+01
1.954763760293862873e+01
1.864791365723381489e+01
1.876165099766083699e+01
1.872167217089393176e+01
1.857087483449941701e+01
1.761521321892680803e+01
1.711979453126168593e+01
1.799400586789219858e+01
1.773835901446195606e+01
1.614087268603894643e+01
1.788364470962239849e+01
1.884525958246241473e+01
1.687997688713879185e+01
1.385955125844150082e+01
1.253748596468819088e+01
1.331705614665510673e+01
1.166219215233364004e+01
1.313045071777423978e+01
1.573048322299298896e+01
1.639955088061821087e+01
1.625821592664317805e+01
1.609046369952428179e+01
1.699127974881411163e+01
1.679240180804379889e+01
1.739249982457246801e+01
1.889838261585594736e+01
1.921727789276905796e+01
1.851315910750769689e+01
1.857178753505708713e+01
1.757622842237710259e+01
1.595441285488778327e+01
1.616372175017622581e+01
1.730838727782921183e+01
1.856934790247463951e+01
1.844901306011131226e+01
1.697198215485300565e+01
1.767288676057784258e+01
1.909155908513864119e+01
1.883844394876254924e+01
1.906111419134132490e+01
1.825816442862592126e+01
1.681924333065025934e+01
1.766031710523029830e+01
1.903008367236458653e+01
1.972422021714220364e+01
1.970937735887964948e+01
1.918377625580378165e+01
1.803832278789051102e+01
1.698446681022278426e+01
1.511729143435614198e+01
1.530698045908676974e+01
1.673129817625633819e+01
1.788294755427298810e+01
1.770250633859341249e+01
1.654539503142084911e+01
1.586012537443101067e+01
1.403764181068876660e+01
1.212881155494751440e+01
1.140049719498099279e+01
8.700462865029381376e+00
7.581669494082293959e+00
6.470665775920301233e-01
7.808384394358474090e+00
9.638684434790887323e+00
1.106774077807693502e+01
6.896303793747523336e+00
5.778910819561150269e+00
1.095169520146461650e+01
9.458438216185790282e+00
4.214336262995638904e+00
6.856787431568712954e+00
1.116638633438756933e+01
1.386727164541026269e+01
1.588366635367069257e+01
1.717688293559317358e+01
1.757141834744334119e+01
1.587448062308934915e+01
1.425672109204452376e+01
1.431437792244667584e+01
1.155530703398501480e+01
1.190664278069402648e+01
1.473492929627893844e+01
1.529354108855524785e+01
1.574052839072666821e+01
1.478281381750176315e+01
1.196584275762338478e+01
9.373279450351644115e+00
9.898963278067416383e+00
1.001787739384608500e+01
9.490631342476659071e+00
8.947409695235021942e+00
1.206968893953793120e+01
1.710851384725891933e+01
1.846067240690850397e+01
1.895314101175035404e+01
1.886310184761346065e+01
1.914297189525253273e+01
1.873830985977740937e+01
1.769534678033498665e+01
1.753243973280064338e+01
1.855744552453728247e+01
1.879689170249664798e+01
1.816940543155879695e+01
1.800974820128717369e+01
1.734131272361782550e+01
1.748105502470061978e+01
1.597476451131845110e+01
1.355562165922719764e+01
1.404363820875424373e+01
1.439526653779842924e+01
1.424825137706876532e+01
1.468918288827551599e+01
1.651725313587235178e+01
1.787522511899158317e+01
1.737894174110912715e+01
1.576871279413361648e+01
1.669036658875574020e+01
1.751266844203693651e+01
1.688762309082694557e+01
1.700714766517701548e+01
1.750197235476691660e+01
1.720331472352166102e+01
1.643083664143188116e+01
1.550031898341118897e+01
1.416780861747993114e+01
1.166536776686612775e+01
1.182879491423653384e+01
1.422884736596410171e+01
1.548368258496115679e+01
1.616236031942994344e+01
1.509141291090841897e+01
1.334099226187948872e+01
1.419300859085556077e+01
1.532031384885092962e+01
1.475206539884064583e+01
1.436438464794540870e+01
1.639352313395782801e+01
1.802166745646723456e+01
1.838043038568629228e+01
1.791569294926782518e+01
1.609322134712026298e+01
1.407256167984191286e+01
1.255462207045487943e+01
8.744546964700036895e+00
4.417031738518210737e+00
3.209228349786425127e+00
4.318544041559301938e+00
6.757202736751005467e+00
5.636613678981944986e+00
2.906824057351671264e+00
4.498647417156518280e+00
7.984739665691812149e+00
8.967037184523224624e+00
1.000086976679838457e+01
1.194218887300110232e+01
1.295122690510955010e+01
1.312614597457344168e+01
1.337611976799049707e+01
1.239766853590328743e+01
1.007891003733994317e+01
9.279852983504810027e+00
9.656566413339099597e+00
1.121600619008996524e+01
1.328274822681308365e+01
1.413728222624361130e+01
1.301451934987215608e+01
1.156429615684211498e+01
1.003087428336887399e+01
7.613855647546624361e+00
6.919972820697539717e+00
9.236478901779973327e+00
1.132825823613416993e+01
1.168637105632122797e+01
1.160344383251118394e+01
1.151178595986241326e+01
1.275329060250274082e+01
1.372643768645268381e+01
1.421123515711504481e+01
1.509884466739169895e+01
1.644787767875643425e+01
1.600896500516915921e+01
1.452898251774083960e+01
1.413204371571377216e+01
1.345207294974980528e+01
1.086512301296351346e+01
9.907305087433172730e+00
9.922585541322504810e+00
8.960770717532410501e+00
9.220192790388768600e+00
8.985459662544483805e+00
9.813148786431064252e+00
1.100051833455581196e+01
1.106494688199322418e+01
1.131144128644155700e+01
1.145933114159142718e+01
1.147598705983338085e+01
1.223058490046704527e+01
1.273960829768892111e+01
1.220913830889405816e+01
9.807508025202226420e+00
1.069944091477231396e+01
1.211661875881773653e+01
1.138273427605741084e+01
1.030180121542359650e+01
1.066217475639075296e+01
9.945012831655677843e+00
8.373810607971826414e+00
7.071377540081462243e+00
7.925999794954400102e+00
9.219506255837380593e+00
8.106145339729676991e+00
8.054979469465992636e+00
1.003355779573988826e+01
1.150861877092279961e+01
1.241524970923005533e+01
1.117297970790502504e+01
1.083025406626583731e+01
1.177603588254151923e+01
1.126241637746698743e+01
1.025519584725654454e+01
9.270744122849869484e+00
9.379677074321815411e+00
1.017574113058949692e+01
1.078079413052810409e+01
1.199579006915709734e+01
1.336674561137662032e+01
1.168009946592696657e+01
9.356675577649834707e+00
1.137743191118458697e+01
1.278127819662326736e+01
1.289701224732890950e+01
1.291679712096122934e+01
1.188411454543924783e+01
9.911755738078181110e+00
9.976069911603103080e+00
9.378800314323173737e+00
9.944971978305567006e+00
1.085353323621950672e+01
1.062304977208543377e+01
1.141571457079540508e+01
1.157626279438229133e+01
1.051891322464199519e+01
8.830897522711198988e+00
7.150141379514138862e+00
7.034660664039102507e+00
7.504076808266172627e+00
8.841517980223676076e+00
