-1.139514060356876302e+00
-5.760728427907104710e-01
-1.565249527382793548e+00
-1.080589249420102815e+00
4.720731054715155972e-01
-3.839648082501135318e-01
-2.932170255246330903e+00
-5.956115442422619921e+00
-6.625582792322982861e+00
-5.676867982469778084e+00
-4.759909367617878750e+00
-4.372454227590731435e+00
-5.881245200099451509e+00
-5.373271081129884941e+00
-5.577186685699762059e+00
-6.899117506320619597e+00
-6.597532332487915596e+00
-6.858519030558479557e+00
-6.619521513258288081e+00
-5.707689597615707378e+00
-4.218479251598028945e+00
-5.631668929665275769e+00
-7.692417972161671003e+00
-7.953871671313205383e+00
-8.115382245452821053e+00
-6.448819529237571402e+00
-6.518559839101352615e+00
-6.902079511026825820e+00
-3.083455299343829115e+00
-4.381141761396688955e-02
-1.370434716729516111e+00
-3.004119160915792452e+00
-2.874479806764298928e+00
-3.106094917141151157e+00
-2.942413274087881003e+00
-2.122511861818388912e+00
-7.229013190368077657e-01
-7.365188346884250503e-01
-2.195533476416247520e+00
-2.534289928278796733e+00
-3.891053251860858264e+00
-4.940111306805778035e+00
-5.068009346782800684e+00
-6.302748435597028021e+00
-7.106895158625661679e+00
-6.823567800635498060e+00
-6.234213710422669585e+00
-5.702717662930962383e+00
-4.606720054768935313e+00
-3.222317247786914862e+00
-3.565913770803402105e+00
-2.906361396876325554e+00
-2.290899413053878231e+00
-3.621755882090198497e+00
-3.610776652928533892e+00
-2.816251455456817876e+00
6.163492362796244572e-01
6.296251019547920436e-01
-1.779039636277468084e+00
-2.657468817920594084e+00
-2.202119085093475093e+00
-2.038158796329002431e+00
-3.444114713108801240e+00
-5.333924114935550520e+00
-6.905797287698189457e+00
-4.235117504469024574e+00
-1.859564426403546022e-01
-5.587715759365793344e-01
-2.726958677148437094e+00
-5.590035136589406761e+00
-4.356660883426423325e+00
-2.174866093564437275e+00
-4.431813116993612134e+00
-4.575790332235292190e+00
-5.009129252099012497e+00
-5.456042443963573518e+00
-4.795089117857279426e+00
-4.781802277030611670e+00
-5.596748299462829479e+00
-5.845672191938888318e+00
-5.123675021289943565e+00
-4.054279585865206315e+00
-4.104705467336484226e+00
-4.964207895544634930e+00
-3.123979859925658520e+00
-1.031546599623308857e+00
-1.739534978866137616e+00
-3.262199602927827957e+00
-3.289454649997374691e+00
-2.349250182743144677e+00
-7.364350019894628785e-01
-1.019696341486351798e+00
1.157912357763373340e-01
1.205937312584496324e+00
-2.157381622290914791e+00
-2.754278496233274254e+00
-2.076449230311824490e+00
-2.483372949191185342e+00
-6.721041670717362582e-01
1.459378759784007995e+00
1.336767353285468918e+00
-1.397646265665271281e+00
1.338745422586265166e+00
6.107684665124710754e+00
6.453533789060603709e+00
5.018224688161725844e+00
1.585686703763816485e+00
-3.567592742373704162e-01
-7.209170503733653979e-01
-8.304708619040883644e-01
-2.856224282371703227e-01
-7.646462322960089208e-01
-2.080513161320226789e+00
-3.774184610997162626e+00
-5.180459616771956100e+00
-2.117378115074475708e+00
2.848714810898157257e+00
1.590442286198629596e+00
-3.493095880796800667e+00
-5.563884177159990507e+00
-7.160396359019135737e+00
-8.923129800539481238e+00
-9.520621436524471903e+00
-9.138787496916688013e+00
-5.379131428242750701e+00
-4.828627877883913122e+00
-7.434958232979823833e+00
-7.459300157999016356e+00
-5.963074116417939941e+00
-3.581269928150742299e+00
-4.032037193526750052e+00
-4.982380377725240450e+00
-5.285971101561099950e+00
-6.667213992942008893e+00
-8.383710701552915978e+00
-9.726872400290208276e+00
-7.294936904220186591e+00
-6.412193442251201247e+00
-8.800593367714935056e+00
-5.740840292633945019e+00
-5.330101796627354283e+00
-6.497522088251804995e+00
-4.600286921213649904e+00
-3.466553595813830491e+00
-4.485004713079257854e+00
-4.941073604009126541e+00
-2.268921636241704842e+00
-2.034563681315821437e+00
-1.391176232754361752e+00
-1.439349023484210122e+00
-1.391039679779694227e+00
1.252242686342662115e+00
-3.701722399724127754e-01
-2.729474626207693877e+00
-5.342710364863179962e+00
-3.988959379922857540e+00
-4.893082229577504272e+00
-8.737910383511534818e+00
-9.687677269235940969e+00
-7.087705835145147404e+00
-6.962953100782082849e+00
-9.476166726793550765e+00
-8.454820392718238153e+00
-6.872396388094393238e+00
-6.367433396599491147e+00
-3.910552582549437162e+00
-2.066451854049727199e+00
-5.314971140897540858e-01
-3.830048865797925917e+00
-5.554756510950758397e+00
-5.511929064759718777e+00
-9.264893584239780822e+00
-8.850617963188813775e+00
-9.041614057491059953e+00
-1.123686437602670907e+01
-1.242377393181449641e+01
-1.145721146674492097e+01
-9.394618773492773300e+00
-9.666253741039311009e+00
-1.264000304715258594e+01
-1.294808170841226591e+01
-1.324575461009879973e+01
-1.457822018894398752e+01
-1.418770082572496172e+01
-1.200254695084983680e+01
-8.486481451159040290e+00
-6.166196431637693820e+00
-6.054228394776046684e+00
-6.057293349163056284e+00
-5.226217529230006598e+00
-3.072346095661737664e+00
-3.836976972954588838e+00
-4.775705640701356280e+00
-6.072609934206098181e+00
-9.130355139751339166e+00
-1.043020946938270299e+01
-9.966915031710923856e+00
-8.604012920343652837e+00
-5.529212237451353040e+00
-5.293751999422295462e+00
-6.216781231022855181e+00
-4.596816014214049062e+00
-4.854951426170591944e+00
-8.542716443841280594e+00
-1.118716612458345594e+01
-1.029517613691152711e+01
-9.349479232933635586e+00
-9.713820046241620432e+00
-7.970891130043283646e+00
-8.075535503227033729e+00
-9.437046144435173645e+00
-9.551168114493558292e+00
-9.530723746745161762e+00
-9.718058199642737094e+00
-1.126872819726245822e+01
-1.298200123502793701e+01
-1.317857802620051899e+01
-1.112781063953014460e+01
-1.142671999797237881e+01
-1.289187409853040478e+01
-1.228059349713758941e+01
-1.035314544207696841e+01
-9.134028845664916574e+00
-1.037906964982318314e+01
-1.143423203220268469e+01
-1.093474514315312618e+01
-1.253713748654302051e+01
-1.473187866717340988e+01
-1.380368500667092668e+01
-1.345445417327711546e+01
-1.542225377021615706e+01
-1.526896654642396989e+01
-1.360534311689173315e+01
-1.219264137142609172e+01
-1.108171754087609351e+01
-9.479350714313614645e+00
-1.019021429462729422e+01
-9.424161863163382336e+00
-6.263076843527065840e+00
-6.152001028629564772e+00
-6.554776700642969800e+00
-4.568683336723703192e+00
-2.960543233579298938e+00
-3.885581544938013554e+00
-5.905624567213147991e+00
-8.211444561801757303e+00
-1.092254717657299423e+01
-9.730294706558789031e+00
-8.843071239050798837e+00
-1.057960083211848001e+01
-6.232779983644554989e+00
-1.709133871796746362e+00
-6.790209093821995445e+00
-1.033566987925442682e+01
-8.330134534558272463e+00
-7.934771163021786755e+00
-7.301443072177429272e+00
-6.920371828644176659e+00
-4.156171171913336515e+00
-4.632687103379875992e+00
-5.831846718456847434e+00
-3.227816341717401283e+00
-5.764823279714047288e+00
-9.395338171218163836e+00
-6.224669054482565578e+00
-2.657159636983584594e+00
-4.556434979376880356e+00
-7.214803785402792435e+00
-5.840477508232158499e+00
-2.577401468862499545e+00
-3.446649041729325180e+00
-5.596454615597527216e+00
-5.179310577912644042e+00
-5.175660137006381056e+00
-9.040575015084073129e+00
-1.143432474330901272e+01
-1.072368494034282804e+01
-1.188906984725288574e+01
-1.249187786561804181e+01
-1.018771390138973665e+01
-7.041019343084622406e+00
-5.816221305264875241e+00
-8.814663617584169941e+00
-1.097591517419153817e+01
-1.012408057516176996e+01
-7.810725326020921955e+00
-4.181595068340330457e+00
-1.064091230127789611e+00
-2.237951826002073208e+00
-6.150155602039531821e+00
-7.255299399545207528e+00
-6.597064966270427711e+00
-5.848522138965574158e+00
-4.730130117202665296e+00
-6.682919162087452847e+00
-8.174550571630931017e+00
-8.990043854526293288e+00
-8.432647103873639693e+00
-8.387657464979218602e+00
-1.028385140145512189e+01
-1.020994290305523755e+01
-1.005454604321352896e+01
-8.616780679215077399e+00
-6.627225404593008129e+00
-7.126989175903899465e+00
-9.453369195928768676e+00
-1.002913275693657980e+01
-1.122519949338743039e+01
-1.390515013937580058e+01
-1.395666085858912986e+01
-1.263133908112470749e+01
-1.216501415563822874e+01
-1.207377620485322467e+01
-1.205514623387839990e+01
-1.296161995586160565e+01
-1.375165404313771411e+01
-1.459373530764875149e+01
-1.494889510639469954e+01
-1.562120917208736337e+01
-1.481646293387485258e+01
-1.185369768549813330e+01
-1.138532333984836065e+01
-1.134887726943732744e+01
-1.108135715638629470e+01
-1.099345189273159029e+01
-1.044018670367012547e+01
-9.613865450703571014e+00
-1.117629898255564491e+01
-1.304259328402079809e+01
-1.241601815108758267e+01
-1.114418858872968165e+01
-1.192311059533458995e+01
-1.040342379504795645e+01
-6.989955960748271302e+00
-4.873377517159293681e+00
-3.947822026084322644e+00
-3.411131349560946102e+00
-5.533822498934330092e+00
-9.202995264076736959e+00
-7.810012528779588514e+00
-6.522738909057810730e+00
-7.315787962296391278e+00
-8.094865622645903258e+00
-8.718818180128288020e+00
-9.581488476481869299e+00
-8.236575336988492424e+00
-6.241101725330361560e+00
-7.401275649712613536e+00
-8.897206533866532041e+00
-8.414063775796824629e+00
-7.755142691131236887e+00
-9.178721343803543320e+00
-1.197809320566768498e+01
-1.313265494550017998e+01
-1.157853772039739404e+01
-1.078734752798695240e+01
-1.166949495180300644e+01
-1.333096985527673795e+01
-1.451132694406477697e+01
-1.259754327332445278e+01
-1.196958675503791980e+01
-1.256720514454540094e+01
-1.129252241882174168e+01
-1.125665693520334010e+01
-1.239404110584032637e+01
-1.244530642652618191e+01
-1.104375222723054328e+01
-1.156268659660953269e+01
-1.179457861984509393e+01
-1.095890431820986244e+01
-9.560614996780067543e+00
-7.872562904046298549e+00
-1.122813175424046328e+01
-1.374864901882368784e+01
-1.274020670342127204e+01
-9.766630704501713112e+00
-1.082266451425292608e+01
-1.222507438208954866e+01
-1.117749069984679444e+01
-1.097669397470181707e+01
-9.971786996828978289e+00
-9.817398692705502583e+00
-1.109960894560304823e+01
-1.118561953912846185e+01
-9.332895271977182716e+00
-7.004974382134401267e+00
-4.841247879056910008e+00
-6.708380450608943057e+00
-6.001503237843654581e+00
-1.659129515348010342e+00
-6.408639906974098466e-01
-7.305183547863619564e-01
-1.935177210950145277e+00
-5.257566196936105385e+00
-6.603993742256085930e+00
-5.034142331346957988e+00
-4.728469082911657573e+00
-8.021257811971510776e+00
-1.071195601790770446e+01
-9.895607933435762504e+00
-1.030205445543070120e+01
-1.111548564248209203e+01
-1.084903871653060392e+01
-1.141457858033484207e+01
-1.077884023968356075e+01
-1.066081112489076688e+01
-1.027519095492016454e+01
-7.485849844530041430e+00
-7.660794169651288676e+00
-8.652033602449119343e+00
-7.618280129180092786e+00
-8.882396060781756475e+00
-1.137141498085278180e+01
-1.279143204707886916e+01
-1.135443021906527505e+01
-8.391025105590435018e+00
-8.407627684637702714e+00
-8.960782926354928790e+00
-9.619118906582313500e+00
-1.115137514264159790e+01
-1.332266740522166870e+01
-1.314463385839033904e+01
-1.097557975246537154e+01
-1.050341438766326441e+01
-1.161890327030952363e+01
-1.074052511521860431e+01
-8.011923167269006996e+00
-7.831334469056443481e+00
-7.869743615694956063e+00
-6.995062217039560437e+00
-7.172543119265987421e+00
-1.029407829915516182e+01
-1.263928864660822171e+01
-1.328193813981537552e+01
-1.312173094215173030e+01
-1.363777814342518546e+01
-1.443788165790025779e+01
-1.358717443778089695e+01
-9.490512709076412534e+00
-7.377353366410316582e+00
-1.009837226151874745e+01
-1.192209370677233338e+01
-1.018562209698063725e+01
-1.017218325742554974e+01
-1.386809457612231888e+01
-1.472719605616655514e+01
-1.446658573873794218e+01
-1.462444658030120337e+01
-1.407089959128372847e+01
-1.524298329390014572e+01
-1.575226237716949207e+01
-1.509523110402625257e+01
-1.453474346498613023e+01
-1.467138687215550341e+01
-1.409686563315280416e+01
-1.109026151868412136e+01
-5.705017270094884907e+00
-6.053050385821565627e+00
-7.851898858509413159e+00
-7.959262060620678092e+00
-7.655392811840321166e+00
-6.319023089696385931e+00
-5.674628525369247001e+00
-8.424936563792885025e+00
-1.386679801397531264e+01
-1.466598466547235624e+01
-1.382133465158779551e+01
-1.446122286680295232e+01
-1.431157914525227071e+01
-1.331827523739077535e+01
-1.397205238702421859e+01
-1.466459767047312823e+01
-1.531160704492778812e+01
-1.514608408318392208e+01
-1.186986479820136076e+01
-9.920877313292582045e+00
-7.297490085757582179e+00
-4.174044077032712075e+00
-2.742933016788759559e+00
-2.229499857315275335e+00
-4.882093479287743065e+00
-6.380946062762475002e+00
-6.463877936487119058e+00
-7.691913631841546639e+00
-8.502447392409665738e+00
-9.545527442054829947e+00
-1.113631682787428900e+01
-9.653963465749223261e+00
-8.194349159073659905e+00
-1.047414000672527479e+01
-1.327485967177297255e+01
-1.217878770828873591e+01
-1.079717039801760059e+01
-1.052074729087490113e+01
-7.315135829976881610e+00
-4.237309557892040779e+00
-4.575960889388334785e+00
-6.602882375562248995e+00
-7.734180142534255786e+00
-5.974109642232651396e+00
-6.046892914031582578e+00
-4.865148445274813938e+00
-1.277203910763518468e+00
-3.196548963502518159e+00
-6.643567320376674523e+00
-9.151838178977040883e+00
-1.020793709332858867e+01
-8.155572286395742054e+00
-7.784030312098477289e+00
-1.066274848924340901e+01
-1.014054442723864824e+01
-1.009705343156475088e+01
-1.190451996727916217e+01
-1.168591049931107761e+01
-9.914798332657619895e+00
-8.603882089990063875e+00
-9.982987022806666388e+00
-8.151939949704557264e+00
-5.275639028802229902e+00
-4.844267336418941916e+00
-5.139488576767662131e+00
-6.660296220055808902e+00
-6.338049701010007198e+00
-4.392076640842081936e+00
-3.849712322004583243e+00
-4.369611722361268491e+00
-4.588780058431352060e+00
-3.481695210444997191e+00
-4.699329690100686463e+00
-5.575479371834381581e+00
-5.585999537193074183e+00
-6.132540273095937522e+00
-3.695669992719899710e+00
-1.466823709958815947e+00
-3.538335288776784271e+00
-3.935626243893515674e+00
-2.486952888580231669e+00
-3.123245855098313317e+00
-2.533410822708415111e+00
-4.250092180317452950e-01
-1.576447042125129316e+00
-5.601988662104187888e+00
-7.944190578662346347e+00
-7.051770989166581849e+00
-3.395391861461235283e+00
3.311124195664049141e-01
1.708273743412778822e+00
-1.597787004834893443e+00
-2.487886931161419124e+00
1.055827912735485485e+00
1.751752563960627507e+00
2.339189725266643372e+00
1.424395671491154980e+00
-1.252277786945360294e+00
4.862285750393421369e-01
1.829164179736232132e+00
-3.742519362026697216e-01
-1.723537770160060933e+00
-4.831023293784925676e-01
1.616503565495542860e+00
1.517335903717502987e-01
1.359277070435404244e+00
3.909951001218643363e+00
2.376854257999567732e+00
2.218676502359701264e+00
1.053172966733963101e+00
-2.596874036714375666e+00
-2.713430511004585544e+00
2.690930739235294356e-01
1.589144475327015082e-01
-2.739113308064555330e+00
-6.298357779759446995e-01
-1.131041380748611241e-01
-2.766452992238946251e+00
-1.927322491864130072e+00
-1.552234773189153483e+00
-3.854163143395775926e+00
-2.236352489423283352e+00
2.624669988189172742e-01
3.128257673198114652e+00
2.211467321466347169e-01
-3.290105426619557294e-01
1.211657721563391465e+00
-3.309890466632821049e+00
-5.476315171464323228e+00
-5.622163596664679019e+00
-7.215103463428302000e+00
-9.171394207011529076e+00
-9.687361656885512318e+00
-8.492668014138391896e+00
-7.329477736071170035e+00
-8.403232398605087639e+00
-8.020878338854277700e+00
-6.012992692494812275e+00
-4.910441260917587591e+00
-2.469005071235753412e+00
-1.110943769388473390e+00
-1.243360540250965540e+00
3.454747467498087143e-01
-1.235348027275203098e+00
-2.518936930624402937e+00
-3.996518902102905280e+00
-2.685420610755529847e+00
-1.096471117676311557e+00
-6.320007267525925343e+00
-8.797317108107630901e+00
-7.804872679713768413e+00
-8.653963678601602538e+00
-1.001362807751352157e+01
-1.019150405775431523e+01
-9.286771077620516124e+00
-7.468086423707220867e+00
-7.050474545448348174e+00
-8.337939014509979430e+00
-1.136395465020307505e+01
-1.214468547677003940e+01
-9.178903781644875082e+00
-1.008147590850018638e+01
-1.267206848714438294e+01
-1.291140087181262075e+01
-1.244248069552324765e+01
-1.114493031048262139e+01
-1.161259612574871802e+01
-1.260109694333039521e+01
-1.253434548028559625e+01
-1.154749260688205936e+01
-9.835765463821465104e+00
-9.318734825563526059e+00
-9.890305232284175574e+00
-1.135845304805528144e+01
-1.205928680855432411e+01
-1.054852019485333159e+01
-1.071550704387700392e+01
-1.141317185773875842e+01
-6.681197057872924283e+00
-3.464471209069446722e+00
-3.292624062582465427e+00
-2.523727875810450438e+00
1.603763726542550838e+00
8.579982776475497674e-01
-5.842044520191954637e-01
-8.063260523712486583e-01
-6.995501050234873563e-01
-9.848221300678245971e-01
-2.830879882270077808e+00
-3.861388044260371633e+00
-5.000282194029385785e+00
-6.397215709772651415e+00
-7.028981247629049633e+00
-7.641471204343919688e+00
-7.908212238637418956e+00
-8.738237978418361251e+00
-6.756404598824863328e+00
-5.910915458442779880e+00
-1.147749259703210534e+01
-1.388679588617626415e+01
-1.446378491920476428e+01
-1.379408129817789153e+01
-1.268516907992936815e+01
-1.342492716509510942e+01
-1.428169225416352361e+01
-1.317292801707234950e+01
-1.350618909155085845e+01
-1.382894039439800871e+01
-1.351040841019743866e+01
-1.359380638101150396e+01
-1.280294502105679655e+01
-1.340983141263637535e+01
-1.388168753001461653e+01
-1.182035548440263817e+01
-9.601716751325151122e+00
-1.198869277279367296e+01
-1.344234273778652522e+01
-1.250190574545698574e+01
-1.198193581368988170e+01
-1.294527993161563728e+01
-1.318422951069002025e+01
-1.196134960852067053e+01
-1.334912984769922417e+01
-1.392921384563534382e+01
-1.168974466907986987e+01
-8.701643612226918734e+00
-7.188137972247449881e+00
-8.202853855134849326e+00
-9.364149893836620109e+00
-8.706558908420902299e+00
-5.739558881822399705e+00
-3.632874440746605149e+00
-4.544084588487720566e+00
-5.842892063051915663e+00
-9.543273134101418975e+00
-9.926904893690133846e+00
-8.652313751777535700e+00
-1.063452092409398553e+01
-1.307964725354048241e+01
-1.410366272397596177e+01
-1.435596917741562528e+01
-1.417154360462187590e+01
-1.348027516304743401e+01
-1.415035703380759102e+01
-1.327961364037168579e+01
-1.271619532969755895e+01
-1.358503606713650669e+01
-1.250739934974915357e+01
-1.106349435799429060e+01
-1.074745447678302668e+01
-8.746951253546095373e+00
-8.127835147192667975e+00
-9.858219610565853941e+00
-8.581621846892396377e+00
-6.752325899628013772e+00
-6.818559213322783030e+00
-5.927945419970766849e+00
-4.390144804098827791e+00
-7.661120070115757130e+00
-8.353185928825549666e+00
-5.986036961239780574e+00
-7.566656219341200362e+00
-9.156893309763486144e+00
-9.212984048118460834e+00
-1.010489349388053704e+01
-1.087591751160520559e+01
-1.039880966890894065e+01
-9.447428547277597843e+00
-8.823209667953566537e+00
-8.112462925340484077e+00
-8.502795443878879311e+00
-7.001709269369315258e+00
-7.094152415403244483e+00
-8.585090442960835233e+00
-8.278812397167357062e+00
-6.109136312973173943e+00
-3.845262121505561126e+00
-4.899944889205102072e+00
-6.847932222837319394e+00
-7.820283103743455477e+00
-8.156301103013447573e+00
-1.013984827519069398e+01
-1.091341557404997786e+01
-9.468444589647299736e+00
-9.747821828502235775e+00
-8.977933289363624780e+00
-5.063423456420548696e+00
-7.007872835178203808e+00
-1.331881176975131176e+01
-1.467099802447884827e+01
-1.420021667174261815e+01
-1.527000581122342382e+01
-1.593151179999310685e+01
-1.552894750195672735e+01
-1.536041512629556571e+01
-1.480125238679919519e+01
-1.424650776296114429e+01
-1.455314952591873556e+01
-1.592818990510122035e+01
-1.583375477465615688e+01
-1.466394999930316345e+01
-1.472679236473003250e+01
-1.449436595304425524e+01
-1.280649324253461074e+01
-1.227386883154798092e+01
-1.400540997568165835e+01
-1.543913850461996162e+01
-1.470264679227850024e+01
-1.200962667302122711e+01
-9.985947932024542339e+00
-8.557631629206953860e+00
-7.122142896717601701e+00
-8.505240463471070100e+00
-1.143994366551301134e+01
-1.061210498216485298e+01
-7.289502230587743270e+00
-8.277841102699616371e+00
-1.126880795638703070e+01
-1.268663135137703435e+01
-1.247486307792241078e+01
-1.316566915008088579e+01
-1.401114230221132040e+01
-1.349202475554732494e+01
-1.179172212346598769e+01
-1.135542320927457993e+01
-1.368582004208554004e+01
-1.279204589210693754e+01
-1.121951396733313899e+01
-1.348867885418618151e+01
-1.409578593394750179e+01
-1.392508686861499534e+01
-1.478104824260226913e+01
-1.502861311138195077e+01
-1.578560144838737145e+01
-1.658063218111378134e+01
-1.638238176250364120e+01
-1.666988171794143270e+01
-1.634315445669968980e+01
-1.618046088545531802e+01
-1.431480077855519184e+01
-1.310701804348693855e+01
-1.353202816472391667e+01
-1.189177578355149123e+01
-1.224796229157648675e+01
-1.336610125841811936e+01
-1.298562355788282652e+01
-1.252523016011691936e+01
-1.321556374442726067e+01
-1.431611708921963277e+01
-1.524142173325288674e+01
-1.528935618421834342e+01
-1.552756323743316536e+01
-1.561054241403153142e+01
-1.565667321155829228e+01
-1.627908067687989657e+01
-1.574721049613167345e+01
-1.372922775764474856e+01
-1.350887625013455740e+01
-1.477182311260794911e+01
-1.589038256885848810e+01
-1.627627547668675234e+01
-1.587270984881713431e+01
-1.389520239785050038e+01
-1.204359988018516070e+01
-1.340971739511167371e+01
-1.431810025965129896e+01
-1.275291320322320843e+01
-1.107355366398324037e+01
-1.141513733620677939e+01
-9.063735144143070244e+00
-6.912040756005594311e+00
-7.069013992387191969e+00
-7.706584679338440047e+00
-9.344753192584922985e+00
-9.056299370433027462e+00
-6.509493186547939736e+00
-8.550129229870904624e+00
-1.195927881874516530e+01
-1.048112622676206129e+01
-7.906173019268143420e+00
-9.918791467538840223e+00
-1.030745178938086504e+01
-9.523114361550350182e+00
-8.791851563112343726e+00
-7.608008907154585998e+00
-5.918660474194487264e+00
-6.293386953281551399e+00
-8.678106297536780644e+00
-8.114885033610910625e+00
-8.602830504506489007e+00
-9.623719860147250671e+00
-7.403262504381422637e+00
-8.461181127683939707e+00
-9.307281515049776743e+00
-9.358660295371684867e+00
-1.200469475077519910e+01
-1.293496304349010195e+01
-1.225584227641062007e+01
-1.346464613049191428e+01
-1.381273349510717097e+01
-1.360861534744328871e+01
-1.431026227601880230e+01
-1.388662690106011866e+01
-1.193131747886804739e+01
-1.050821665386466996e+01
-9.687987282618983897e+00
-1.237096896519038580e+01
-1.578948292586232860e+01
-1.610272094333521764e+01
-1.404917811870669020e+01
-1.327067728081198261e+01
-1.290698332673671267e+01
-1.092852959913757260e+01
-1.089847886737070937e+01
-9.753449450863371339e+00
-9.430682419799490290e+00
-1.189023386759687106e+01
-1.232290824985262745e+01
-1.152656157407909276e+01
-1.109898222136919088e+01
-1.053137216372765828e+01
-9.110099134901242124e+00
-6.129577198290388829e+00
-4.340909885777090693e+00
-3.883372908084652408e+00
-2.188730996874521662e+00
-2.840052447490426069e+00
-3.608831227892404847e+00
-3.605829767564306731e+00
-4.943912489952894340e+00
-6.321272204181476617e+00
-7.196732675504093457e+00
-1.018173695550339453e+01
-9.661142263177708855e+00
-9.105527186883007218e+00
-1.025702343360989133e+01
-6.370550521742941896e+00
-4.660673677305567253e+00
-8.110029784774363648e+00
-8.059069511710307054e+00
-7.516175641000492291e+00
-9.947191301065094748e+00
-9.746887369372887022e+00
-9.919562348278288866e+00
-1.049285606708297713e+01
-6.826040203241846349e+00
-7.894721334705049998e+00
-1.184597929498434077e+01
-1.337228810461906470e+01
-1.202208929511593816e+01
-8.558776998483985210e+00
-9.542598651767425721e+00
-1.262471645952187949e+01
-1.308403166180360344e+01
-1.212070044233341370e+01
-1.094740901119747356e+01
-1.241125685043464522e+01
-1.363177275711511349e+01
-1.186166477520693441e+01
-9.161384202292964574e+00
-8.896959712223997840e+00
-1.034792843860470235e+01
-9.692276248014938034e+00
-8.981093425045614254e+00
-1.068037866835269512e+01
-9.814805240878714088e+00
-1.087764829716250858e+01
-1.267642658000267986e+01
-9.755227384025785042e+00
-7.779966297701728095e+00
-8.298279280851668105e+00
-7.602491245606035619e+00
-8.313018032037799543e+00
-7.619951589038542750e+00
-4.787074165004909787e+00
-4.581867955691285133e+00
-6.667347099979713754e+00
-8.156399115457157123e+00
-8.112644180873406441e+00
-6.747236444835976066e+00
-7.048775196057400549e+00
-9.659163944054968809e+00
-7.196034379357243438e+00
-4.132231638218495817e+00
-4.360158058466709008e+00
-2.841063609846843363e+00
-1.049565309931684398e+00
-1.787353061649374908e+00
-3.782467783657522453e+00
-3.758743341954965622e+00
-3.172295953733355489e+00
-2.778660974374326909e+00
-3.704710793611270425e+00
-4.268596273708189059e+00
-4.447424532760389404e+00
-7.252087567480965724e+00
-9.840621676326760436e+00
-1.033756039792662662e+01
-8.014820225903520168e+00
-3.896179465424654431e+00
-2.293299366543491313e+00
-6.102077316004579366e+00
-9.575779636634848657e+00
-9.587472002910692126e+00
-6.300750925198651764e+00
-6.640107373997491180e+00
-7.379461862376961001e+00
-6.143556203720669018e+00
-6.471805522602062766e+00
-7.164717537976791562e+00
-5.842687516325341335e+00
-2.861080289189569914e+00
-2.027079215189141692e+00
-2.689339606834207252e+00
-5.835221315412268517e+00
-5.336796877824527385e+00
-2.040694877238456328e+00
-5.560482974929970013e+00
-9.301000903106107387e+00
-1.197968740766389395e+01
-1.391991804328555382e+01
-1.465222904684520167e+01
-1.552207939214135024e+01
-1.390641458064724745e+01
-1.115809361853404802e+01
-1.222932749974379085e+01
-1.134236452657640015e+01
-1.021241958802829508e+01
-1.169675143635187275e+01
-1.189033897267437112e+01
-1.261981573692827219e+01
-1.147670907851352418e+01
-1.105706356099806520e+01
-1.184335567921776544e+01
-1.061640327615018009e+01
-1.139363431811732319e+01
-1.272305338144308529e+01
-1.115855060464493853e+01
-7.599897507269420593e+00
-8.354939826208296338e+00
-8.088929288356576208e+00
-2.947439483180922970e+00
-1.087277698944070503e-01
-2.908032596946876769e+00
-3.350891143440617892e+00
-1.786663282579824097e+00
-3.185331801625549630e+00
-3.502190646953948772e+00
-3.043382751962103949e+00
-5.230215014983030208e+00
-7.049841916612324511e+00
-5.462262641029806964e+00
-6.868570032747942200e+00
-7.975543616134666891e+00
-8.643825606353988888e+00
-8.103836427338656279e+00
-5.761913608141160381e+00
-4.695113128193496799e+00
-5.101105970361158981e+00
-6.153147100537416314e+00
-4.008819853245127796e+00
3.246159556965875770e-01
-1.110149395957855223e+00
-2.490327614903537601e+00
-2.402197227493962028e+00
-5.135772170311744489e+00
-6.647329061630846248e+00
-8.450128522535905518e+00
-1.052065492409936454e+01
-1.154678259933283968e+01
-1.284970835181240290e+01
-1.431287984407413738e+01
-1.482706369613915953e+01
-1.282098758666022853e+01
-1.204919453950835440e+01
-1.383225880760687154e+01
-1.341314656858618726e+01
-1.104580938849731453e+01
-8.070887075383570419e+00
-8.135136494120226658e+00
-8.771592159876190564e+00
-8.966994677417782000e+00
-7.159015604788293352e+00
-2.929453812921583911e+00
-1.071838831830555394e+00
2.315582538325724027e+00
-7.535652475325578248e-01
-6.642442937212177156e+00
-9.351946287506400779e+00
-1.165117565830401070e+01
-1.420928467375944493e+01
-1.480638503798867234e+01
-1.265932511828099472e+01
-9.637957850581623021e+00
-9.911531273105133266e+00
-1.093729397382490731e+01
-9.490853511039947676e+00
-6.264337386881779324e+00
-1.415767238663070637e+00
3.152567053248949591e+00
-1.073662562224399819e+00
-4.706049371894376776e+00
-3.671383905075522591e+00
-4.820411774908119007e+00
-5.688498942181056783e+00
-3.224211613275997035e+00
2.118692049534030009e-01
1.216949412214156201e+00
-1.620242308742741999e+00
-3.834699518716211397e+00
-2.522340357109735809e+00
3.162943332983199074e-01
-5.854008247009179211e-01
-5.681734300596085419e+00
-6.768218808657120888e+00
-5.690142607306486688e+00
-4.265294604870979001e+00
-2.760335783867731152e+00
-3.020988367305926570e+00
-4.509299165986580427e+00
-2.513653348991264469e+00
1.380189555843233329e+00
-1.076822039218793936e+00
-4.831125168259688962e+00
-4.492362373359262584e+00
-3.406434852994673079e+00
-5.554047915663085533e+00
-6.655077236416217623e+00
-8.409930204664901154e+00
-1.077068769073555110e+01
-9.953110279199558263e+00
-8.809398448237777401e+00
-9.968219413753686808e+00
-1.049089310875651648e+01
-1.082151930937889084e+01
-1.009679766281779756e+01
-9.620766973406640332e+00
-9.893469975906619140e+00
-8.414540286318850093e+00
-8.191527022062073726e+00
-6.677463421750596595e+00
-3.279411977350791485e+00
-6.775857727187720725e-01
-2.140652193513237656e+00
-4.046883651580199803e+00
-4.914318786139302730e+00
-4.667979318178358206e+00
-2.444950704482801829e+00
-3.206512478767268082e+00
-3.010445353739909180e+00
-1.032627272562162801e+00
-1.064953762411013916e+00
-1.277262327429981692e+00
-2.785792174676381183e+00
-3.909079263026393053e-02
4.223911402502107393e+00
1.197231303659158197e+00
-4.433635269115393740e+00
-5.174689753541471759e+00
-4.656663954628072588e+00
-1.767525920649443139e+00
1.473423474939813127e-01
-1.248251616733926372e+00
-1.224089545027406967e+00
-3.195879257061564616e+00
-2.004721373362928549e+00
3.430020255812919139e+00
2.336307084617613494e+00
-3.047987325632008915e-01
-4.013664753943248620e+00
-6.954343913848611614e+00
-6.094112108562382168e+00
-5.403723779039352415e+00
-3.864876634424411872e+00
-2.985237405748748518e+00
-2.182432394662049635e+00
-2.314497661329768974e+00
-3.092405216995516071e+00
-5.993977008726838474e-01
2.348441244799144290e+00
1.454983905392863930e+00
1.299169667375139836e+00
4.983027409646777706e+00
7.222371948200213332e+00
5.415042222333942945e+00
2.001493483884101643e+00
1.117970617378364118e+00
-2.047937184284750689e+00
-4.766421034685935254e+00
-5.376533161586338316e+00
-6.008502991436030172e+00
-7.696727886808871766e+00
-8.778840684516287851e+00
-8.829749799796507759e+00
-6.519960443021143526e+00
-7.244450769108073729e+00
-1.070385604183325334e+01
-7.121644811227056948e+00
2.457302390564946482e+00
7.257180942287327241e+00
6.505574040421953974e+00
3.252680674339922362e+00
2.562108827316091464e+00
5.353265321682356692e+00
8.610725854091006326e+00
7.085820129094051900e+00
8.152582328665674893e+00
1.292957892160607614e+01
1.412362969334199825e+01
1.471528794276209950e+01
1.398054867374553289e+01
1.286979560987244220e+01
1.308357879365286003e+01
1.521560251757405524e+01
1.425740390317600159e+01
9.574828258931649572e+00
7.805853611146612359e+00
7.283819243329465287e+00
8.673185857079493744e+00
1.015393274709987104e+01
6.270168285204620773e+00
1.831390076772189790e+00
3.227157552499751780e+00
5.312587887833275069e+00
4.458540011295037075e+00
2.306823792243225313e+00
5.674840969888500730e+00
9.610227360449146161e+00
7.439788166186190210e+00
5.166383687711976869e+00
7.267790391467347177e+00
7.341707936149907354e+00
6.644690779527627100e+00
6.006664962529370655e+00
2.139295700916099996e+00
2.968645777855053458e-01
4.207980634568507128e+00
7.908666789327795321e+00
5.997196315969937075e+00
3.388590989972301681e+00
1.594637804275780280e-01
-1.683761374527094068e+00
3.245127215625693284e-01
-1.520581444419469852e-01
-2.427907965538024238e-01
-2.795852690227655368e-01
-4.651135230240347695e+00
-5.672661758957794120e+00
-6.591214430374568722e-02
3.715459383349045019e+00
3.110994272871065114e+00
2.866230770407611317e+00
6.308751301784366605e-01
-1.230357810494666915e-01
1.113976320818074184e+00
-1.374528656420075656e-01
-2.037011581745381328e+00
-2.172702675253646909e+00
2.029945249670769281e-01
2.868733685762588248e+00
1.594332664214030526e+00
2.295185350532434054e-01
4.672573163021265685e+00
3.582188325342232638e+00
4.128902144445790512e+00
2.770249369255834537e+00
8.955220736135495185e-01
4.203744332794260963e+00
6.933444720892430801e+00
9.255656439904504040e+00
7.026782583902829060e+00
8.029482558879992737e+00
1.140135775711975619e+01
1.159479754015909059e+01
6.939487731075883126e+00
2.070652110096382170e+00
3.047534102408866019e+00
7.460091165647376954e+00
9.185895594268291831e+00
8.339573350998387369e+00
7.454938320723002221e+00
5.079305505063955728e+00
7.099902621670849179e+00
7.089401638368308944e+00
7.613100062541681368e+00
1.155262869193031072e+01
8.924074651335791586e+00
5.807134371082448787e+00
1.265586424217371686e+01
1.548932051815638999e+01
1.390059797445260159e+01
1.308031431007752055e+01
1.480150801564669116e+01
1.635081597813906029e+01
1.512623115556530884e+01
1.332479778779136481e+01
1.525148341103829353e+01
1.640866167587955005e+01
1.506171510346912612e+01
1.340742458132515935e+01
1.455833453720932980e+01
1.670360597005673853e+01
1.524551880219349620e+01
1.393210324839734504e+01
1.380003844899141718e+01
1.159249217242246210e+01
1.028243573634290975e+01
9.895850726823374188e+00
9.975098674217305117e+00
9.768012101152075743e+00
9.801958201789721770e+00
8.955093117843833994e+00
6.647593127377393607e+00
6.102854732417450023e+00
4.732488893236316052e+00
2.680723850290857690e+00
6.468355175738509821e+00
1.078411221634178752e+01
9.614625822910888076e+00
8.649453817266085309e+00
1.106838606818111259e+01
1.174862015729250331e+01
1.185126258397280985e+01
1.358138398266433633e+01
1.229329029638555149e+01
6.330782108050652113e+00
5.334135921774146638e+00
6.863649999475210706e+00
4.321250873907599654e+00
-1.034137033779515713e+00
-2.016648287722856203e+00
4.769829365275389532e-02
1.591827369481579213e+00
3.044075916216778310e+00
5.567888371780838952e+00
8.004899639326877647e+00
7.791052055634756002e+00
4.253199134601589826e+00
1.753014919163314644e+00
1.296794701985846787e+00
1.971452486729360132e+00
4.829917599507044912e+00
7.083594517754788100e+00
6.488690917363427069e+00
8.711706601628890212e+00
1.086214187087129091e+01
1.080366205150555814e+01
1.215675010000693135e+01
1.494967492646368079e+01
1.576346365405436067e+01
1.386838102580267318e+01
1.495125379266196042e+01
1.719125020577317997e+01
1.635481427098674700e+01
1.452716323750120608e+01
1.446079891575529963e+01
1.759093916055477180e+01
1.821601718594718022e+01
1.624421710198767954e+01
1.272772876857222002e+01
9.689201872628109058e+00
5.437065087867387625e+00
2.963310022494867635e+00
5.102321408562158211e+00
9.200758846414077041e+00
1.119562553800894733e+01
1.017765955533085709e+01
1.128091546967148240e+01
1.442419143534272941e+01
1.676250841283987825e+01
1.831747179347810217e+01
1.895940504092701673e+01
1.928125856711571373e+01
1.923085782975431357e+01
1.894575458761161357e+01
1.867368230287729247e+01
1.814202722762296460e+01
1.766239887389849272e+01
1.810272340469212082e+01
1.882523027761949663e+01
1.910660542119155991e+01
1.931534530287962781e+01
1.947999593830927978e+01
1.919884667992166882e+01
1.906601190438273719e+01
1.818029217956804189e+01
1.819955409752613207e+01
1.795412045111720545e+01
1.718442500325574684e+01
1.531824927378189827e+01
1.192571939488622412e+01
1.076953710306183787e+01
1.182376398732066036e+01
1.304225305293291193e+01
1.459734084963649003e+01
1.594666579320312927e+01
1.684614362523979381e+01
1.664879649762657721e+01
1.663477743751200322e+01
1.611255239403793027e+01
1.629485136981334747e+01
1.725002656273335688e+01
1.653124589790285626e+01
1.422075111747111009e+01
1.303775256915969294e+01
1.267707578321967254e+01
1.033718579774029678e+01
1.062677172280752202e+01
1.171786709124964077e+01
1.166931435280567442e+01
1.258588479909624169e+01
1.465904939560668119e+01
1.272352793801915816e+01
8.263701629521024827e+00
1.061359299723722494e+01
1.243108503419126265e+01
8.133060558195881029e+00
8.056587776992417460e+00
1.192565889035742011e+01
1.363346087126668849e+01
1.445609952262032571e+01
1.392193684575060786e+01
1.462423165742803910e+01
1.709020021026464065e+01
1.661127728995302633e+01
1.518248002916504369e+01
1.315723793461188329e+01
1.351901849606997530e+01
1.713016197502795990e+01
1.750094507429113122e+01
1.719862430844851531e+01
1.781147977394605419e+01
1.759292736823147862e+01
1.678271141158251822e+01
1.613329715308246293e+01
1.501448197730217693e+01
1.685643070181372138e+01
1.720034307234518778e+01
1.597763777259955909e+01
1.401548750391904719e+01
1.044743545280076624e+01
1.104519797569176198e+01
1.422474854702368496e+01
1.429637777518912500e+01
1.122621898241140848e+01
1.041584329790728702e+01
1.123595413432834000e+01
1.292153191886183983e+01
1.446119060307874804e+01
1.379548967823325789e+01
1.361122652716756676e+01
1.610310817692285923e+01
1.790947848401347642e+01
1.694184771909258913e+01
1.426421439103059718e+01
1.281014750169397587e+01
1.543447974136008227e+01
1.452767223597450297e+01
9.266366446915426991e+00
4.879687169177578276e+00
1.610861116125401393e+00
1.144932716517449212e+00
2.285824704839775290e+00
2.099642091467890381e-01
3.322679596712688532e+00
8.102348058882959947e+00
5.315066092646426377e+00
3.921569518628983175e+00
6.198930452216102616e+00
7.959519448672812914e+00
9.635327647415840246e+00
8.358796878293389909e+00
6.581008784769370124e+00
7.066943246090582775e+00
5.623073460564572024e+00
6.803247169320753684e+00
1.056489926492557174e+01
1.083203755371177479e+01
9.335816405710305688e+00
6.639961752332435019e+00
5.299141912647885810e+00
7.380765041366919021e+00
7.667563236745822408e+00
8.479247484366091214e+00
1.041194511564938807e+01
9.660614610434166138e+00
7.199883861311700883e+00
3.963507855741280395e+00
5.686497172657526633e+00
4.592201461649327854e+00
1.534908227819450577e+00
1.738791896671508797e+00
3.973587666602843793e+00
3.769615546347994339e+00
3.064453308227981676e+00
5.059554808146654814e+00
6.075630207816003825e+00
8.788719986470789891e+00
1.369222693569112259e+01
1.594529436244656573e+01
1.637579462318420553e+01
1.658657003206505465e+01
1.662432196023910436e+01
1.576376965054601520e+01
1.318597925875986476e+01
1.199282349599022623e+01
1.575004998247815635e+01
1.687297135099176160e+01
1.221762947068809169e+01
8.047912069293593262e+00
1.031387881393522221e+01
7.215114152744752651e+00
3.507819126193263415e+00
5.777583642627365457e+00
4.509682120682892759e+00
2.793606985039725821e+00
4.439837671430057142e+00
7.809801808817834257e+00
1.019944793632938129e+01
1.274609614687513393e+01
1.466807190696892427e+01
1.247218656094474021e+01
1.597978891294631865e+01
1.798785804644053954e+01
1.777062863700286854e+01
1.648219589441183075e+01
1.673523757272335644e+01
1.745777945528640274e+01
1.611158213389247962e+01
1.557706681651311875e+01
1.424977303281638008e+01
1.217409683424705236e+01
1.242100462456236443e+01
1.536197795131503874e+01
1.551285422497889499e+01
1.415471819602803016e+01
1.357791225883076791e+01
1.398272162272654562e+01
1.666677908403745789e+01
1.721849852098413791e+01
1.757290482382587626e+01
1.841734668707502820e+01
1.886797454804966634e+01
1.858565820567913818e+01
1.819297446808233687e+01
1.853258794659760866e+01
1.794050770125725336e+01
1.745420545810786095e+01
1.817165898760077525e+01
1.896158231901554458e+01
1.897373518888728228e+01
1.818933080056686435e+01
1.864047367992157334e+01
1.929280996159330641e+01
1.931856818418964039e+01
1.948420120661556254e+01
1.943719653514667556e+01
1.864697031835468621e+01
1.742553612055273859e+01
1.727770445209112893e+01
1.626102668820133701e+01
1.582880775197753742e+01
1.627424563121853041e+01
1.737669433972182276e+01
1.764276596340684833e+01
1.698856377677169505e+01
1.717092541137960993e+01
1.558473120472633866e+01
1.336170063509880634e+01
1.072691350729571269e+01
8.886427498485899079e+00
8.353724879647542068e+00
9.324708051758470617e+00
8.461747924429484868e+00
4.533286834229079076e+00
7.135484640673414702e+00
1.059949322814634165e+01
1.044888598357304232e+01
9.754302083344855490e+00
7.600924370071862057e+00
4.955710084147253447e+00
7.124203407963578094e+00
9.419064140820262665e+00
7.027907312369497284e+00
7.421125754424325649e+00
8.476597736958085605e+00
7.365750371138564567e+00
8.640649000291983128e+00
1.105564446461155903e+01
1.383405647639665048e+01
1.500149388314727972e+01
1.528888379845325396e+01
1.572454204645785403e+01
1.498656686811924921e+01
1.229487093414717691e+01
1.337560875339222299e+01
1.621513187020824986e+01
1.795416190582951188e+01
1.810867147201014760e+01
1.751051339463895573e+01
1.792875752801164424e+01
1.928109045510212027e+01
1.951930931340038100e+01
1.910733623823537997e+01
1.925563688440638899e+01
1.906118668206584843e+01
1.835291500843456092e+01
1.801195565887304539e+01
1.478909724407731119e+01
1.158522828224399071e+01
1.016263161787028224e+01
8.462480846524222500e+00
1.053100578994230396e+01
1.245592389399718769e+01
1.402335923290199382e+01
1.598363822089909903e+01
1.574430658493296242e+01
1.522713440542565699e+01
1.508555539681145774e+01
1.693003265912988198e+01
1.856553047340910467e+01
1.853255715009696303e+01
1.812751713520789565e+01
1.924701426724569941e+01
1.952518341805936331e+01
1.915144961606503671e+01
1.848219849741397525e+01
1.891150941505322791e+01
1.880535580123901340e+01
1.766093211039087052e+01
1.782613915907113267e+01
1.795180647538529684e+01
1.747852077407841520e+01
1.811930930065538448e+01
1.874504329349846543e+01
1.885620754038519920e+01
1.919353408777245207e+01
1.907144966499150129e+01
1.570942107143824984e+01
1.426455023870262728e+01
1.457642133590431932e+01
1.375940455374463767e+01
1.325463548110109002e+01
1.477568488815718695e+01
1.520665441866586498e+01
1.310573414724558994e+01
1.118489077320893799e+01
1.183884088631205600e+01
1.508889575731250510e+01
1.569792563770457683e+01
1.523235605821589189e+01
1.658645037987902882e+01
1.657160572633873130e+01
1.625015594994620827e+01
1.654176609482498961e+01
1.416453220402676294e+01
1.174846021765340076e+01
1.394114068974375620e+01
1.695288588875529001e+01
1.736587571088694659e+01
1.676792375154629156e+01
1.325947317693172067e+01
1.308767507764667748e+01
1.502583124687500060e+01
1.613930064417053600e+01
1.754294365352344798e+01
1.716033516348990418e+01
1.748246074812066908e+01
1.903368616426144300e+01
1.873613352942895105e+01
1.886806583848367680e+01
1.878655236430273590e+01
1.818113850512365914e+01
1.820316295989381672e+01
1.889826667381910497e+01
1.909306264220047566e+01
1.797558018429194249e+01
1.696625286729140214e+01
1.767908704456082702e+01
1.806643850626217329e+01
1.863598346243292170e+01
1.784075104636090714e+01
1.462581638570077835e+01
1.511703946011191668e+01
1.706356669122781966e+01
1.800621350152894351e+01
1.807932473356947156e+01
1.786495154584224210e+01
1.736653439437990798e+01
1.688155872757412013e+01
1.385473580734093701e+01
1.267976814414022257e+01
1.390140761048324691e+01
1.171618129608831183e+01
1.097385610432079517e+01
1.039215957883632413e+01
8.058611277138993501e+00
1.076215880430507355e+01
1.188551604350016611e+01
9.400479684066660013e+00
1.324395394939282689e+01
1.427637821305082433e+01
1.510051576809108731e+01
1.684989606221005687e+01
1.717896305646374699e+01
1.568572323411510538e+01
1.539807796971566489e+01
1.707067381340774403e+01
1.771435746066423533e+01
1.644194174505477690e+01
1.363526181758014388e+01
1.453660741283976243e+01
1.599933666511782349e+01
1.559860561755713704e+01
1.440437052620120184e+01
1.574813093795450669e+01
1.627806435603842772e+01
1.611767906617787816e+01
1.595693514927179812e+01
1.578050065616142383e+01
1.490162102207886718e+01
1.194269499733419160e+01
1.249304835989019580e+01
1.519774692416444317e+01
1.583493362673949179e+01
1.573264625425374064e+01
1.598367983054810182e+01
1.555243494864812703e+01
1.654058539947382300e+01
1.482275401394363179e+01
1.184897010624194102e+01
1.118726414308009609e+01
1.143297458544851075e+01
1.274296449582875823e+01
1.439308697158019790e+01
1.519648313280850083e+01
1.446428157422617744e+01
1.129817679015497767e+01
1.064227857159085211e+01
1.127825631037118370e+01
1.140758703741762581e+01
1.060872361631433414e+01
1.330486005356856261e+01
1.530550421136848094e+01
1.549267518619323525e+01
1.581485969181072804e+01
1.490669106459420590e+01
1.417283684193468041e+01
1.368857961837285941e+01
1.343974837896618624e+01
1.333396642457049985e+01
1.321215767584761913e+01
1.247197304679909635e+01
1.143074498318937948e+01
9.803284858446462025e+00
1.172018429559092745e+01
1.212919496035251576e+01
1.023934445820818340e+01
1.233593940300493763e+01
1.437152517429043996e+01
1.567439690317851309e+01
1.648084928767670831e+01
1.726896751595164048e+01
1.599805355749667335e+01
1.487685385326296306e+01
1.684789377030455526e+01
1.693962056178303399e+01
1.515175643465533106e+01
1.716136725800621576e+01
1.665369417816786068e+01
1.423963113289403637e+01
1.286338250542984873e+01
1.313288887469489552e+01
1.423091903854306040e+01
1.490221330593715798e+01
1.523316469087664160e+01
1.683754005611898918e+01
1.822560865040563982e+01
1.792363058319495650e+01
1.695379643742280606e+01
1.724044308153775162e+01
1.865528574259568373e+01
1.864211814250251109e+01
1.640938878927906686e+01
1.518910644685451672e+01
1.497668579075727990e+01
1.587442093675230481e+01
1.674570747495001299e+01
1.638939192651826815e+01
1.564461590915587408e+01
1.383095611733696906e+01
1.130389282142358098e+01
1.066173037040132598e+01
1.238723945720095010e+01
1.442623595675147108e+01
1.405298281002376193e+01
1.218563213503118448e+01
1.198151684935606376e+01
1.381899592987588754e+01
1.500293516638188152e+01
1.405176266522654416e+01
1.410955587807880462e+01
1.605540808285873311e+01
1.623207343539776559e+01
1.617593038231664337e+01
1.736128339766430173e+01
1.642454879078595198e+01
1.391947902113135527e+01
1.442293674290560723e+01
1.512663791123939205e+01
1.540908658256738129e+01
1.646484666048524304e+01
1.617530697786902039e+01
1.355075707942846464e+01
1.449232472000156768e+01
1.606978979519094253e+01
1.526556136630458305e+01
1.457013927483312798e+01
1.401932267381267039e+01
1.387096822593068879e+01
1.242602702961258210e+01
1.313562941639691140e+01
1.417692195867252813e+01
1.291150743700494807e+01
1.419118268943310213e+01
1.569146233112049771e+01
1.383379642691602740e+01
1.231368512691674511e+01
1.126884885699591621e+01
1.033565267780776509e+01
1.228212235067077529e+01
1.422575476232651326e+01
1.464406027018803869e+01
1.482311465449634902e+01
1.365933582634085219e+01
1.206618783907054215e+01
1.245253426087965565e+01
1.317725210857408236e+01
1.407609988530141365e+01
1.250638099604406150e+01
1.363279889835611414e+01
1.453596149933377113e+01
1.307199658944017351e+01
1.222699312241619651e+01
1.177960450734305908e+01
1.401800449928360770e+01
1.485344570090983396e+01
1.392942759228974481e+01
1.334837898222164299e+01
1.393802924859256365e+01
1.480989561087082684e+01
1.400344214547567923e+01
1.419120180953848909e+01
1.545973098840886628e+01
1.522538742761143915e+01
1.359260361437853959e+01
1.335481260415526350e+01
1.313755424074394540e+01
1.369534049164339784e+01
1.298016866722734797e+01
1.091754697309749922e+01
9.107814077804096797e+00
9.817302070024298999e+00
1.104875474946927483e+01
8.545500721582866888e+00
6.418373521937148496e+00
6.680801504650582423e+00
6.306679961137109380e+00
9.407139084421261899e+00
1.321403133050312206e+01
1.293675685027879396e+01
1.243713263907469369e+01
1.203426314429638566e+01
1.133082221961109326e+01
1.080814169306301409e+01
8.983920576480551645e+00
9.827538417762649914e+00
1.100519831067140686e+01
1.017578746419627045e+01
8.349202166340328191e+00
6.018217973941386134e+00
4.278681306525151662e+00
4.007788329420821860e+00
4.046500049561256418e+00
4.885399146478534682e+00
5.504175677911104181e+00
3.531719561303408916e+00
3.424948750241711082e+00
4.848442141865844768e+00
6.722537139019300056e+00
8.190879399863121080e+00
6.572334239240116283e+00
4.174963743848007169e+00
4.986487942912219751e+00
6.411893366015699591e+00
6.728885217161260535e+00
4.848387984602911871e+00
1.894998797962642811e+00
1.988507039323086811e+00
1.962109873670824900e+00
1.532082340061903691e+00
3.022189618890954055e+00
2.340497257445056434e+00
1.796389762318672423e+00
4.028379523172803012e+00
6.584724660103865368e+00
7.724491901138475392e+00
7.562282414020190302e+00
1.085504063047698331e+01
1.274701369622233926e+01
1.286382356362578250e+01
1.208192767032943138e+01
1.266476141130176458e+01
1.233598002111128444e+01
9.417583800468813493e+00
1.060541620749827274e+01
1.133592040021549074e+01
9.941165125854350748e+00
1.132466882203077674e+01
1.213920078668570213e+01
1.158415659409244824e+01
1.195205290403070286e+01
1.182971755775231237e+01
1.257308161972753879e+01
1.275299132441622341e+01
9.981235208806442216e+00
7.421793046964587859e+00
6.625061742885319127e+00
5.981087986652648070e+00
4.333251987768218072e+00
5.161105214204753544e+00
6.184190144887110385e+00
4.873281736694897504e+00
3.589244777460673053e+00
3.032887114301084264e+00
4.574702194080210838e+00
4.558136168498583274e+00
3.791580857099911661e+00
5.453376958454174250e+00
6.511400506810111288e+00
9.121334995806341439e+00
1.004834903613980757e+01
9.642802883060660690e+00
9.942624784824081630e+00
1.121648886677496826e+01
1.000656895865652452e+01
6.665496947409400796e+00
7.273284193641710971e+00
9.554732837026390868e+00
1.146728710518840444e+01
1.166752884226684905e+01
1.089822478582178000e+01
1.147784757138787981e+01
1.247386455061753807e+01
1.332787826237911055e+01
1.294942005026608278e+01
1.077537604352780853e+01
7.650679647438673570e+00
6.109270681215317467e+00
4.741802832433638315e+00
2.331662067087492574e+00
2.747678260096749536e+00
4.775381833549677602e+00
3.523343632183252083e+00
1.597337263459437606e+00
1.224574331363640134e+00
4.183682076076243206e+00
7.768458446566552489e+00
8.690756122373199943e+00
9.522910851260780518e+00
1.054548719625822528e+01
1.004951788249675282e+01
9.572646179472814154e+00
1.095574518238268702e+01
1.104772414741167452e+01
9.823985412586877075e+00
1.089132539560602275e+01
1.227759462930254308e+01
9.801620484226583940e+00
8.580854099940248503e+00
8.306346467409913004e+00
5.611600642658212124e+00
9.158072901735899052e+00
