-8.849238227384148558e+00
-8.435864422358376302e+00
-8.916199035248654425e+00
-9.517282538620698062e+00
-1.008596065357110305e+01
-1.099668789120659085e+01
-1.155201712218255494e+01
-1.130230752507388736e+01
-1.156561175266745600e+01
-1.248882675109716622e+01
-1.274769339169414906e+01
-1.191571976556367929e+01
-1.058682265168061143e+01
-1.108250959142420555e+01
-1.297093122352714367e+01
-1.372214337882565793e+01
-1.355828032441445963e+01
-1.275421314579992149e+01
-1.064300709753893059e+01
-8.448440514573777094e+00
-6.120149045406252597e+00
-5.295224781814311221e+00
-5.367403146306439332e+00
-5.151088455319658976e+00
-6.263411215272566501e+00
-8.195610465299788316e+00
-8.855311379499140045e+00
-7.967130062172429028e+00
-7.303455426612457835e+00
-7.063924425961729092e+00
-4.367682880705682891e+00
-6.494078344730671581e-01
-1.493833642982809407e+00
-2.661365318031441163e+00
-1.758244888518783577e+00
-4.796590183693238973e-01
-9.457922432438166105e-01
-2.923597379045331124e+00
-5.694035583712754089e+00
-5.891145300549326613e+00
-3.983321775617620908e+00
-5.368504369465556536e+00
-6.625873688666918504e+00
-6.729951059589478035e+00
-5.925200268057068342e+00
-3.883545705031912210e+00
-2.774790454340938073e+00
-3.281843108804591846e+00
-3.196998759789184241e+00
-3.172373426069412972e+00
-4.194012215832756851e+00
-6.047477879921491883e+00
-8.045016237804226478e+00
-8.687308992921716211e+00
-8.402063494051750681e+00
-8.519110913899744730e+00
-8.231229101148510807e+00
-7.596381576190548657e+00
-6.329431220789555113e+00
-3.593186502917886216e+00
-3.786424797081212379e+00
-4.827501936435473873e+00
-3.569819284718576125e+00
-3.357810571659667342e+00
-6.512617002448631176e+00
-7.257423004145622691e+00
-6.321879768313001691e+00
-5.791336345118317297e+00
-7.175407940389526118e+00
-8.193790654292714137e+00
-8.810284716119779702e+00
-8.152739385324670351e+00
-7.396460660313951330e+00
-7.703182824778763482e+00
-6.911461041475626566e+00
-8.377390013554389725e+00
-9.469378442755932213e+00
-8.638261175188922891e+00
-8.558132024345256994e+00
-9.158026637444946161e+00
-8.295800148487000314e+00
-6.806334597492545768e+00
-6.310485397802494845e+00
-4.718530383731285305e+00
-3.466026050268661951e+00
-4.641518489714405504e+00
-6.324184821992359318e+00
-7.222045463821766376e+00
-7.978820180295131514e+00
-8.900046321197475407e+00
-7.620018734798629012e+00
-5.654318509308549068e+00
-6.456557501149204015e+00
-8.604671010698204725e+00
-9.151656991590433776e+00
-7.303680347975212150e+00
-5.067043110793196803e+00
-3.030549683789503845e+00
-2.279794150260669117e+00
-4.564946370437629852e+00
-6.705528564549338988e+00
-7.216189414149305037e+00
-6.483153541827647359e+00
-4.227032135660791390e+00
-2.769233378745992624e+00
-3.251076204309423456e+00
-4.882725701123439954e+00
-6.905452240962627108e+00
-7.845224175712667503e+00
-7.908920397761615817e+00
-6.360862404878486309e+00
-5.529975653716698858e+00
-8.568965863560988439e+00
-9.151901788150594186e+00
-8.297780642573441057e+00
-9.467286381177091314e+00
-8.869730509798282370e+00
-7.220682540497283419e+00
-7.754144361677433928e+00
-9.001095457313835979e+00
-8.813793720838713597e+00
-8.201269707248600938e+00
-8.435993386210389744e+00
-8.295474060342630906e+00
-7.488268584805831907e+00
-5.640312876170720635e+00
-3.086273328268909655e+00
-1.324333968529257000e+00
-2.767877911572783844e+00
-5.387538759974424885e+00
-8.279746336542407548e+00
-1.053989313167086905e+01
-1.085721243129655633e+01
-1.105278518634693974e+01
-1.256508739399642316e+01
-1.336910299195174012e+01
-1.197125522282414245e+01
-9.439145110243375214e+00
-8.698580278797219734e+00
-9.864615633148423157e+00
-9.558006431369445721e+00
-8.724933190517123904e+00
-9.563763815386407074e+00
-9.609731146829261661e+00
-9.671348772511544567e+00
-8.343781340308860095e+00
-6.085164227275362769e+00
-3.984114394596065534e+00
-3.703659726020768872e+00
-5.884196974616299869e+00
-9.308757694567066920e+00
-1.013944201269867840e+01
-8.339022084412517799e+00
-6.370883847171302961e+00
-4.293713000743573538e+00
-4.339838808417368909e+00
-4.951022340206522543e+00
-5.484573040244810294e+00
-5.201214499709971406e+00
-4.228068256354171162e+00
-3.303118257059590057e+00
-2.526048520153228338e+00
-6.103729937665744565e+00
-7.327038181346836154e+00
-7.098089583894481081e+00
-8.701864904098082221e+00
-9.824007521978314728e+00
-1.031720950703548390e+01
-1.097174673633803721e+01
-1.124508500407973877e+01
-1.042929908693121455e+01
-9.002602111128235052e+00
-1.015613291655544792e+01
-1.261946940096439107e+01
-1.141083108777234578e+01
-8.443201570377404153e+00
-8.174700083891149660e+00
-9.922083980276612536e+00
-1.147286372396368215e+01
-1.126723631268090031e+01
-1.002174083124934434e+01
-8.680125042189143159e+00
-8.898577342843319471e+00
-9.886237918470822450e+00
-1.062095333979916134e+01
-1.079246188604287759e+01
-9.950542330611112263e+00
-9.063806289017149354e+00
-8.405468295452072525e+00
-9.490855613198652563e+00
-1.183240195140168893e+01
-1.328880866673942585e+01
-1.100569971456307705e+01
-6.558569944072221602e+00
-6.516853817902269697e+00
-6.707606601398079071e+00
-7.810702134245310901e+00
-8.486652568144172903e+00
-9.488024203432360082e+00
-8.477591292886000218e+00
-7.759887947337114511e+00
-8.323193879745561574e+00
-8.386702880414173222e+00
-1.026048126970925090e+01
-1.114811440340363902e+01
-1.040834815639273714e+01
-1.031563364109292458e+01
-1.173298885184465412e+01
-1.203767704563851915e+01
-1.116210994402195844e+01
-9.575984669309910657e+00
-8.093262158712899890e+00
-1.016451804854213314e+01
-1.177326801797518385e+01
-1.011589163116354584e+01
-8.689727766499983019e+00
-7.910291403389319242e+00
-7.887160651271462264e+00
-7.277323437248662152e+00
-8.404714746760776123e+00
-7.647639198262710991e+00
-3.799352498527489796e+00
-3.138004466084603372e+00
-4.602773454539009101e+00
-5.654745690926129775e+00
-8.759773535659578059e+00
-1.066166528140147562e+01
-9.684574232688680340e+00
-1.006092047739107542e+01
-8.315028008410255467e+00
-5.356516424144459165e+00
-5.096671876924847133e+00
-8.340961626496993020e+00
-1.102483137366858124e+01
-1.016850776118338651e+01
-6.495909426653780017e+00
-2.679378269756584441e+00
-3.377832218964556432e+00
-5.781892696650986707e+00
-7.080983968454714450e+00
-6.812025277480970864e+00
-7.308907337995171005e+00
-8.271563407469962215e+00
-8.747062029541210038e+00
-8.753503647549930378e+00
-7.377513339837718398e+00
-8.378068364567118564e+00
-8.656312289330838183e+00
-6.400546315022583421e+00
-6.904364312818327853e+00
-1.006718945948355604e+01
-1.208041574524230910e+01
-1.175215974210678915e+01
-1.049768778831834126e+01
-8.587947188540628218e+00
-6.852366385645259683e+00
-6.281405508775443458e+00
-5.589926168736979228e+00
-5.503767434646013257e+00
-4.972062182842239331e+00
-8.150048153166773446e-01
4.418729782020957564e-01
9.237361984011399629e-01
1.167368736070199642e+00
-5.203102499703675665e-01
-6.408639062107163165e-02
-8.931486356841400465e-01
-3.647655607141798040e+00
-1.902890961146296744e+00
2.400978479096351759e+00
2.952673263371127010e+00
7.844718516078847959e-01
-3.152549333920084074e+00
-5.214978818141323025e+00
-7.149351834190515120e+00
-8.946662409871150246e+00
-9.822539845206044617e+00
-7.447006778014428896e+00
-4.879408015673797117e+00
-3.434113660798422174e+00
-5.254370545962087746e+00
-7.904721987138350947e+00
-6.221166099949152262e+00
-4.926569923934753348e+00
-7.832986226477002489e+00
-1.043032276285060611e+01
-1.152417080857380682e+01
-1.259565934908037121e+01
-1.218500187426598380e+01
-9.621379335226615481e+00
-7.126493295653417270e+00
-7.226686041299275942e+00
-6.149256608527938539e+00
-6.272729104778325571e+00
-1.108210222977079162e+01
-1.162469604774123155e+01
-1.029310753410562462e+01
-1.157548425827918592e+01
-1.085898677387375422e+01
-9.278973599456600496e+00
-1.026167196333674347e+01
-1.077049735776250472e+01
-1.082592482538104761e+01
-1.154187962062433570e+01
-1.077079258308592635e+01
-9.358294955411238902e+00
-8.780416418406502999e+00
-9.303465276118341620e+00
-8.917082384260282879e+00
-8.292715533475231382e+00
-1.093916497382032027e+01
-1.269438411851083259e+01
-1.288611745946947273e+01
-1.169231899581144241e+01
-8.935385553013817983e+00
-8.142760384593522360e+00
-9.300606451387144702e+00
-7.913159563842167898e+00
-5.570337758251278970e+00
-3.185984629015905956e+00
-5.709668055482367777e+00
-9.734115432592290063e+00
-1.012002732269736072e+01
-8.258388724055560459e+00
-6.019337379332644566e+00
-4.153760020576704015e+00
-3.173747543585772934e+00
-4.039888086920776722e+00
-1.667794920712426521e+00
-2.726129542511316561e+00
-6.272257721225283689e+00
-5.785988713929636873e+00
-4.959405139010761410e+00
-4.408643937949157099e+00
-2.438007487249376215e+00
6.911394812085892847e-02
1.324279114723835971e+00
-6.432662130361134489e-02
1.350304717022847933e+00
5.982991141439964800e+00
6.346045490390040733e+00
1.940567257922992894e+00
-2.657952218639816344e+00
-3.146837426107934821e+00
-2.387406569354554087e+00
-2.664665248705986311e+00
-1.269198243929668068e+00
9.228172926598324777e-01
-2.363505113482427811e-01
-3.410868231374998949e+00
-6.046890033840983669e+00
-5.043870160064099828e+00
3.436019413064739236e-01
3.561507788492368043e+00
3.922854283279388898e+00
3.633884490189037919e+00
6.784575465668579719e-01
8.904309922334793237e-01
4.111584567987200955e+00
5.223344774867839213e+00
4.325056345910470057e+00
7.155512167871144191e-01
-6.828723639698651704e-01
-8.343780869907206910e-01
1.439845919564300081e+00
2.808573859240337978e+00
1.404595582990656455e+00
2.759344729903099758e+00
4.916670969988879314e+00
2.265890474914711739e+00
-2.716077200185798457e+00
-2.884446911244240574e+00
8.925445896216557262e-01
2.425564488890626702e+00
-8.956568481995629272e-01
-3.838326312462521539e+00
-5.985429088386019281e+00
-4.735458665291243818e+00
-4.822151701475206609e-02
-9.188498738615462624e-01
-3.261401380774877623e+00
-2.044554825397480347e+00
8.139065674711879472e-01
1.691550221766571882e+00
-8.610482010301874212e-01
-2.433839600023921079e+00
-1.469428645634839548e+00
-1.500554531873784070e+00
-3.813882674964788944e+00
-5.041568138210490879e+00
-3.827540403946458891e+00
-4.547777074955195786e+00
-7.798244851431560321e+00
-9.157841087844662553e+00
-9.191500550164425576e+00
-8.754127898998163460e+00
-9.017437846615580455e+00
-9.611663623034226944e+00
-8.964535563832003007e+00
-8.492947140214415214e+00
-9.341720624313934351e+00
-7.980027534098251607e+00
-3.696691531559901378e+00
-3.123210920061378015e+00
-6.716035414342345966e+00
-1.015523318342394532e+01
-1.166655965526374317e+01
-1.161603891197877481e+01
-1.194734581744660318e+01
-1.228139471946645678e+01
-1.141519414243286157e+01
-1.107117122290462596e+01
-1.058618417534962397e+01
-9.048417617691395520e+00
-4.915523640230532898e+00
-2.374826207584648519e-01
1.726214314598948141e+00
1.491568868589085550e+00
5.921340344023907631e-01
8.840898293663441709e-01
2.235950115038685682e-01
-1.022338128967773985e+00
2.502726480343339777e+00
2.015599593452061189e+00
-4.279506835978591717e+00
-6.220625779579313175e+00
-9.355422592764487177e+00
-1.227602604772917516e+01
-1.253667613682262250e+01
-1.132951021264402947e+01
-1.150372071272153462e+01
-1.211988053621967154e+01
-1.157188936712283400e+01
-1.098849367293294677e+01
-9.964406367628038552e+00
-8.714419244612624738e+00
-7.753191983494509998e+00
-6.141798691034614954e+00
-3.990747515990188621e+00
-2.931784111872793197e+00
-4.668200514880318508e+00
-5.948836033202425710e+00
-6.682971689060356546e+00
-7.806370148890079186e+00
-8.172775835484989315e+00
-1.066896564617456811e+01
-1.058149962232011454e+01
-1.107172958983448652e+01
-1.158622670794312981e+01
-1.085542458527937626e+01
-1.180132764824244873e+01
-1.150277605125654823e+01
-1.182129682414957550e+01
-1.189978528451733197e+01
-1.019249062225338065e+01
-7.253344181392905377e+00
-5.205864951713794042e+00
-4.149174601006309970e+00
-2.345890587832036633e+00
-3.629646293373810728e+00
-2.091028040987239489e+00
4.774852523534666160e-01
-1.962072605774144995e-01
-1.752009435864910758e+00
-4.522997913548396198e+00
-6.929515259716200859e+00
-8.764764051505350650e+00
-1.017722108497292766e+01
-1.073028866674662751e+01
-1.123866982958349503e+01
-1.242367018784758592e+01
-1.268845736490309228e+01
-1.186041770104536575e+01
-1.203383217218774348e+01
-1.343382957474113226e+01
-1.381254836586227341e+01
-1.357021959857067372e+01
-1.235308996289168526e+01
-1.150236720561441750e+01
-1.141433355943363281e+01
-1.109845101175264048e+01
-1.106393142426901122e+01
-1.120849771113273796e+01
-1.207054617185257328e+01
-1.253660123994860953e+01
-1.344304755405765306e+01
-1.375869109572829174e+01
-1.330086744496580664e+01
-1.238113608805828036e+01
-1.214716987606938581e+01
-1.241540903763799975e+01
-1.215061191386514672e+01
-1.123632377184865483e+01
-1.021426596736383452e+01
-8.140467239324260973e+00
-5.014362239574545299e+00
-5.151369725690107870e+00
-6.360619181162025626e+00
-7.450566833015018098e+00
-8.190277962995539340e+00
-7.560968323745331787e+00
-5.305868362008548722e+00
-2.116951438811174757e+00
-2.540500428496568208e+00
-7.590745389727999282e+00
-9.587089197819125275e+00
-9.139104051550219765e+00
-9.770038867675433281e+00
-9.412921708484047301e+00
-9.980599586608166263e+00
-1.067259013635509035e+01
-1.122818172554511307e+01
-1.019211928651777299e+01
-9.282563622166291495e+00
-7.989076880500740607e+00
-6.737549469107595002e+00
-5.592471308160322785e+00
-4.483701089413777652e+00
-4.395312672525489184e+00
-5.060410316632236949e+00
-5.447803117536790474e+00
-6.760952642091149656e+00
-9.279235108091775430e+00
-9.622622923754354574e+00
-8.916812521419164028e+00
-7.012020562187002426e+00
-5.330915767049662080e+00
-3.843871493292648545e+00
-2.204842641246443691e+00
-7.783790110117901895e-01
-1.943665770284777938e+00
-1.615300860909151703e+00
2.626093090032278754e-01
-8.913854132561956911e-01
-3.300804920034170031e+00
-6.504492309087237523e+00
-8.589820702394177943e+00
-7.442549982454482738e+00
-5.573322316210872707e+00
-3.360299046414443769e+00
-4.172713127445129011e-01
7.260799610551581518e-01
-2.502149321394842030e-01
-3.336093583149821740e+00
-6.880903152718046201e+00
-9.226735773896393766e+00
-1.088423380368905491e+01
-9.477035304384322956e+00
-8.328622938442503454e+00
-8.306640913403009918e+00
-6.819675831618544848e+00
-8.510066153931068911e+00
-9.207688957278159947e+00
-9.409341409790512145e+00
-8.349651755135969466e+00
-7.099480711909674113e+00
-6.735594350482259962e+00
-5.275541556645743313e+00
-4.641199273193776342e+00
-4.433733590826529181e+00
-5.950000626650005842e+00
-7.904788908653624269e+00
-9.164805982637068027e+00
-9.923028049319444932e+00
-8.708392181443691982e+00
-8.480284658598559844e+00
-9.514040456151477088e+00
-9.826725733370674121e+00
-8.185030739026295521e+00
-6.394736226664074152e+00
-8.882901582379297167e+00
-9.682005324331726115e+00
-6.558010197008171005e+00
-6.638999153692345168e+00
-9.006600067910838447e+00
-1.049277738879490229e+01
-1.224179811381695870e+01
-1.258660099071698291e+01
-1.285710224281219638e+01
-1.330652179593795914e+01
-1.325946552722944993e+01
-1.280292305071027137e+01
-1.253133975593299532e+01
-1.249085943734673521e+01
-1.213969892839252118e+01
-1.083185797104810533e+01
-9.683503622939900524e+00
-8.966459994407966150e+00
-8.104567849990445438e+00
-8.414483948867218288e+00
-9.173867288714101065e+00
-8.544129847058085758e+00
-7.271880492358167025e+00
-8.475992369382590041e+00
-9.619466793069220145e+00
-1.051507515488979649e+01
-1.115120611988495725e+01
-1.175468452986978818e+01
-1.173199751537265989e+01
-1.166918194053398317e+01
-1.239996538828497563e+01
-1.320112829796748422e+01
-1.338316014677266885e+01
-1.280263713945475246e+01
-1.123360979992108000e+01
-9.260928265911239521e+00
-9.680287545803279770e+00
-1.092534049360260440e+01
-1.156658674972985601e+01
-1.154867754132007285e+01
-1.074538742974183769e+01
-9.093418069788047120e+00
-7.164723878493149734e+00
-8.692039265142055271e+00
-1.122242747543543118e+01
-1.121704188996266360e+01
-1.083420872850590122e+01
-1.138187544522600270e+01
-1.246016452000307240e+01
-1.327956249474482497e+01
-1.317635452175924904e+01
-1.247349337702881122e+01
-1.293022482956602204e+01
-1.327114252492434154e+01
-1.320894537700672444e+01
-1.318383636297311057e+01
-1.271165450304689415e+01
-1.196330796828863896e+01
-1.185614518845338772e+01
-1.241258163909070333e+01
-1.279176089459399357e+01
-1.319320932675682911e+01
-1.322723745116059568e+01
-1.326178371017891777e+01
-1.273394871094065728e+01
-1.202836554209022424e+01
-1.098850543977147609e+01
-1.089598698995988535e+01
-1.116661609877631811e+01
-1.037654698860658087e+01
-1.074340383219582051e+01
-1.058923046427468684e+01
-1.017261359555005562e+01
-1.009237807089768069e+01
-1.036510684879348076e+01
-1.006599071042593785e+01
-8.638861075088799524e+00
-6.875184229938954061e+00
-5.641302807938261665e+00
-3.629660764587741451e+00
-2.420099998805125718e+00
-4.840078330588439393e+00
-5.417005958170781454e+00
-4.358034764696264496e+00
6.470665775920301233e-01
6.470665775920301233e-01
6.470665775920301233e-01
6.470665775920301233e-01
6.470665775920301233e-01
6.470665775920301233e-01
6.470665775920301233e-01
6.470665775920301233e-01
6.470665775920301233e-01
6.470665775920301233e-01
6.470665775920301233e-01
6.470665775920301233e-01
6.470665775920301233e-01
6.470665775920301233e-01
6.470665775920301233e-01
6.470665775920301233e-01
6.470665775920301233e-01
6.470665775920301233e-01
6.470665775920301233e-01
6.470665775920301233e-01
-6.033673246362710074e+00
-6.708654869513897445e+00
-8.346536878311969332e+00
-1.004103982502431869e+01
-9.942080096635331543e+00
-9.620330004599171758e+00
-8.241446111859609402e+00
-5.769097462555357936e+00
-4.203786158558552977e+00
-2.427875027521084750e+00
-2.452959034180599129e+00
-4.442427010378651175e+00
-6.240153230800682849e+00
-7.206657033851819882e+00
-5.481568672048173774e+00
-4.813308191028196958e+00
-4.812239713574069988e+00
7.265795020709076013e-02
1.997023909866232128e+00
-1.586164864503129879e+00
-6.195933213515600002e+00
-7.596317124319510228e+00
-1.068895789534414220e+01
-1.266647629930126051e+01
-1.315701868347065151e+01
-1.273393548556216359e+01
-1.233769099100408262e+01
-1.215915375318457592e+01
-1.192281101219227146e+01
-1.166492355189387808e+01
-1.268521104291509438e+01
-1.331479464170245919e+01
-1.311618137023498143e+01
-1.233878593363693099e+01
-1.122320022225151348e+01
-1.157711383236232017e+01
-1.200081630673545874e+01
-1.129407609886227171e+01
-1.010059131159579238e+01
-9.704691058391990310e+00
-9.146128537001565917e+00
-7.753274464620313111e+00
-6.473456665827596268e+00
-5.309949041415047866e+00
-5.735020140978996928e+00
-6.760629160521471448e+00
-8.217136299779253861e+00
-1.008058155188649607e+01
-1.166569580289357155e+01
-1.276990834575097189e+01
-1.293211679526402946e+01
-1.181578253730646111e+01
-1.077671418457304320e+01
-1.011825755198208299e+01
-8.848195013844378565e+00
-8.095882920517883719e+00
-8.475147955426596269e+00
-7.450415437430062404e+00
-7.103862246679157444e+00
-8.494161094354140573e+00
-1.101305608664208791e+01
-1.219978189241663280e+01
-1.270760946332123709e+01
-1.266214455790899862e+01
-1.327403238749555392e+01
-1.354418934573894262e+01
-1.341837902241763203e+01
-1.287487229194474203e+01
-1.153765973697518277e+01
-1.045160388512791094e+01
-1.047696209775528331e+01
-1.195853669840469102e+01
-1.267525263789578815e+01
-1.195961902144762057e+01
-1.194618528365674059e+01
-1.155089886122565801e+01
-9.995304055641991425e+00
-1.151788401890878077e+01
-1.266584693583845578e+01
-1.209249213952135271e+01
-1.061075090115638986e+01
-8.474415496427104344e+00
-8.912746133583066666e+00
-9.870532836639313246e+00
-1.000129776795190750e+01
-9.233952487536065235e+00
-8.263498869644655187e+00
-9.125460352549344734e+00
-9.843540917779488808e+00
-1.038322808732667113e+01
-9.607629721942275935e+00
-8.535336601704424098e+00
-9.412241795444243664e+00
-9.250381708687942961e+00
-7.984262402276914194e+00
-1.046763166277259671e+01
-1.185940536882606011e+01
-1.148063368934861472e+01
-1.072590462697337621e+01
-9.524963510604989025e+00
-8.470701745162010354e+00
-7.130910169019916367e+00
-8.574548914473218986e+00
-1.002006854410611503e+01
-1.102852804250272634e+01
-1.141794432954471006e+01
-1.043164361478292967e+01
-8.449647871608823024e+00
-6.543645839417808752e+00
-6.213189983633197855e+00
-8.322237719279840462e+00
-1.039874444717022151e+01
-1.215097828196607388e+01
-1.210258793974304403e+01
-1.120393735535811608e+01
-1.164652144593149430e+01
-1.059789378047870656e+01
-7.550140352135612964e+00
-7.626950009919108098e+00
-9.550572810648436217e+00
-1.083130954145905811e+01
-1.237557486488813829e+01
-1.155878084939190487e+01
-8.921798378429974363e+00
-8.539618253205718545e+00
-1.097383863309198659e+01
-1.247094141049962879e+01
-1.217333046706054134e+01
-1.232085574342005785e+01
-1.196113634344859378e+01
-1.030133859320071288e+01
-8.121605752295964820e+00
-3.862218731234295266e+00
-9.379092023826082203e-01
-2.399922401787204951e+00
-1.790187329372809888e+00
-2.244230299485499902e+00
-3.349265192243063627e+00
-1.624949454870495247e+00
-1.051303587924205418e+00
-2.168601153550696825e+00
-2.400628352288902256e+00
-4.767016654085258764e+00
-7.321096396774049886e+00
-8.377800252663750058e+00
-8.057590614384634975e+00
-4.516633497212196424e+00
-1.732240292766452416e+00
-2.107679173249722204e+00
-5.024625252921798513e+00
-9.710200236147583652e+00
-1.167710996095483722e+01
-1.329959849404122707e+01
-1.379653446890741719e+01
-1.271628047362836078e+01
-1.165183251499897032e+01
-1.137284738047797106e+01
-1.016865231823979165e+01
-1.125051449368399581e+01
-1.211662166140835772e+01
-9.190043240947382230e+00
-4.514032915725818107e+00
-7.757212085996997297e-01
3.438451902872472488e-01
-7.217293720670795443e-01
-1.879424488016225414e+00
-3.669827956168587590e+00
-5.532703350790230346e+00
-3.985974168043326049e+00
-3.077771704097764793e+00
-3.466710516878115378e+00
-3.741182165055799036e+00
-3.478018647550244147e+00
-1.748597728697985687e+00
-3.967156896915838171e+00
-7.258336075008251065e+00
-8.347780455690193335e+00
-7.682396395893116292e+00
-7.143317008687438907e+00
-7.211582186852697696e+00
-6.945069878322015278e+00
-4.851008308766907362e+00
-4.122233070484927708e+00
-6.508020956294041426e+00
-6.089749710792956350e+00
-3.401506105475461172e+00
-3.366487134512159862e+00
-3.497630188825647135e+00
-4.536806405374837148e+00
-6.388022768244610461e+00
-6.042704693230382063e+00
-4.306039548294521069e+00
-2.605401701509928003e+00
-4.456134959760132297e+00
-8.008456042891737070e+00
-8.027205074083447300e+00
-6.948961611468944533e+00
-5.915442850418474841e+00
-6.508476338677858131e+00
-9.297645874503707830e+00
-9.422412835146456445e+00
-9.776487115277898710e+00
-7.552775059536178226e+00
-5.287178385417699467e+00
-5.828344946788103442e+00
-3.607715352773479101e+00
-4.969075354067520323e+00
-8.019516694224856579e+00
-7.378404020703977828e+00
6.470665775920301233e-01
-4.384981879126153892e+00
-2.314577869451623027e+00
-2.279799060826417811e+00
-2.455112077216763389e+00
-5.668330734205689891e-01
2.063096665086964432e+00
2.680863393572227249e+00
2.301077527266399692e+00
1.663153936640432429e+00
-2.729298239214243527e+00
-6.550503435665593344e+00
-7.681752541641740706e+00
-8.028290064474177257e+00
-9.345898190016352913e+00
-1.064338937556936493e+01
-8.626414009130019878e+00
-6.691534838859600320e+00
-8.507195701444775437e+00
-8.827420762607406601e+00
-8.000602904095083900e+00
-9.774720732401670276e+00
-1.042229286944209399e+01
-8.304480078795688058e+00
-8.395256707293176746e+00
-1.059200941661994477e+01
-1.188060207745907704e+01
-1.181136124306981650e+01
-1.084316103957225508e+01
-8.765177945033405749e+00
-7.563188206884079001e+00
-8.651187668111880669e+00
-7.315892343924608632e+00
-5.648509818293536711e+00
-6.243755937903626929e+00
-5.732757322786224741e+00
-4.212934384292715606e+00
-3.691870683888304416e+00
-1.063320453596320991e+00
-3.561195982466031085e-01
-2.066216464302988776e+00
-1.763054164078418751e+00
7.278847652730741080e-01
2.045174980846609980e+00
-1.078975940007368628e+00
-2.731210483470660311e+00
-3.392006759387782289e+00
-5.480997304981727325e+00
-4.773106554704093618e+00
-3.495974323599207345e+00
-4.934828282559587720e+00
-6.344064606381838445e+00
-7.637635048219578060e+00
-1.029467904454658367e+01
-1.102009795493404987e+01
-8.863588345045764427e+00
-6.739151068467001515e+00
-7.299578134997103618e+00
-8.148622607858403200e+00
-5.563745504119568253e+00
-2.179310818031957364e+00
-5.259965743651719983e-01
-5.071666061110272627e-01
-2.009849891015458745e+00
-2.144313080563849283e+00
-9.119609751856768698e-01
-2.696473455587957702e+00
-4.379230825321614340e+00
-4.746008843528257692e+00
-2.793414425597237294e+00
2.457119366791953585e-01
-3.775987716298521590e+00
-5.353816892069967359e+00
-3.518989198323227097e+00
-1.161811041189543925e+00
-2.677291940139556736e+00
-6.904141795254215452e+00
-8.961687356896531398e+00
-9.397783001829269622e+00
-8.363181108461178681e+00
-7.962285479424513035e+00
-8.110942618827653661e+00
-7.069747915431562113e+00
-5.284479779422676771e+00
-5.820279016381946668e+00
-5.676033423411759316e+00
-2.210671630689003297e+00
-7.100833778090237525e-01
-2.035957013282077011e+00
-5.447089209624052408e+00
-6.989018563633789149e+00
-5.945267241894024224e+00
-3.931662127533302797e+00
-5.156302020290406851e+00
-6.813865284668841227e+00
-5.258591592868384623e+00
-6.252711962076773489e+00
-7.893396665510640453e+00
-8.964280561386930302e+00
-1.136221995886555192e+01
-1.155424068555702100e+01
-7.879648721514599607e+00
-4.749213153214304484e+00
-1.872873928672682320e+00
1.265743446898032865e+00
1.034411148960391991e+00
1.051656799104388140e+00
5.083505671035933038e-02
-4.029415718035247451e+00
-3.584713138863053317e+00
-8.587820075566893196e-01
-4.244184517750774766e-01
-9.169743173548212667e-01
-4.199107965095006278e+00
-2.745569483730113891e+00
-4.160469863358527975e-01
-3.046986360607149891e+00
-3.905763229849881668e+00
-8.830530229346479354e-01
8.798202943132482634e-01
-6.056262213520230420e-01
-1.341512977427954167e+00
-6.038273576025826594e-01
-1.248241960771004688e+00
-3.877593841135849484e+00
-5.972743621846151818e+00
-7.464262611103454681e+00
-9.299017744366658178e+00
-9.255192222717827377e+00
-7.477963685497953428e+00
-5.168737434035296729e+00
-2.468853127715413542e+00
7.506061100349303850e-01
1.652756025569629195e+00
4.191195986325870759e-01
1.198483616127222096e+00
1.150035063813542591e+00
1.171042888818032202e+00
-1.350673861170922807e+00
-1.217772941392609942e+00
1.952805818755651401e+00
1.399769911859129801e+00
5.997536897788648957e-01
7.146111068735494509e-02
4.002958871117447415e-01
1.865373618997734795e+00
1.139718359916146895e+00
7.428463637365111394e-01
3.655378062210831391e+00
2.280172691025585952e+00
-3.126930064202466664e+00
-3.601261880778007018e+00
-2.479713938355632585e+00
-4.659961548189617275e+00
-6.894621354368211996e+00
-7.176859139289370582e+00
-6.603694361823116310e+00
-7.417247393495537189e+00
-8.678469905281659180e+00
-9.726633515162598442e+00
-9.814181377126221406e+00
6.470665775920301233e-01
6.470665775920301233e-01
6.470665775920301233e-01
6.470665775920301233e-01
6.470665775920301233e-01
6.470665775920301233e-01
6.470665775920301233e-01
6.470665775920301233e-01
6.470665775920301233e-01
6.470665775920301233e-01
-8.434086152955401872e+00
-7.603967590874990634e+00
-5.096231048595818436e+00
-2.024597043989957434e+00
-7.783866296633722426e-01
-1.510188655235596977e+00
-3.193452540043205001e+00
-6.505931130599955203e+00
-7.478779097342780346e+00
-5.288408482724208604e+00
-2.520620266738804460e+00
1.079946363668779830e+00
3.493412254818823559e+00
3.414457983832237087e+00
3.105208282938543007e+00
4.508063046077278591e-01
-1.849752199765283711e+00
1.220758369355905204e+00
3.350301113230020889e+00
7.960408972123727001e-01
-4.392762737176963306e+00
-7.717117291262710843e+00
-5.536989012401343224e+00
-3.511171708574602590e+00
-4.611342377022037198e+00
-6.386632996097869608e+00
-6.332460567155925091e+00
-4.423172034181638068e+00
-4.338379995724108262e+00
-5.665018013658370322e+00
6.470665775920301233e-01
6.470665775920301233e-01
6.470665775920301233e-01
6.470665775920301233e-01
6.470665775920301233e-01
6.470665775920301233e-01
6.470665775920301233e-01
6.470665775920301233e-01
6.470665775920301233e-01
6.470665775920301233e-01
-4.952488029831087601e+00
-2.468726440457556848e+00
-8.426605227930178410e-01
-1.812526721725903123e+00
9.199214221674788527e-01
4.605202583824071105e+00
2.206151940689444757e+00
9.207940377680133848e-01
1.614263570457661112e+00
1.812859650686244217e+00
3.177113838730034612e+00
3.191312867240885254e+00
1.463448674263563509e+00
4.509335781545459887e-01
-2.349550237025554544e+00
-5.098802872826371235e+00
-7.345890540189431661e+00
-8.622526511141613170e+00
-7.048950836719781066e+00
-5.100324683964908346e+00
-4.010086437398634907e+00
-2.564471289790051678e+00
-4.043732091735313006e+00
-6.462720945262518057e+00
-7.780558892390713410e+00
-9.949665237606462043e+00
-8.539003644063669185e+00
-5.851926151206953364e+00
-3.246514590400118472e+00
-1.998561147185917264e+00
-1.354202288243662400e+00
1.421387845277677808e+00
5.360638090007316059e+00
6.746629176963035768e+00
5.783087131646593271e+00
5.654451400246742310e+00
6.138334447479810052e+00
3.824734710912569113e+00
-1.740064630791003930e-01
-7.203439750686509990e-01
1.344608750662865004e+00
3.920122562921298126e+00
5.945763368643119939e+00
7.495631651249893501e+00
7.985971502766825658e+00
7.862465162969658472e+00
6.608965847526786952e+00
5.228713724863169432e+00
3.820055907445775834e+00
1.163901576603640242e+00
-2.480882648220948727e+00
-6.001269490658033945e+00
-7.829940820085917075e+00
-6.914281319286258665e+00
-3.648570651711228408e+00
-7.347845633018915690e-01
-7.012035425057265847e-01
-4.286201710444518476e+00
-5.241081113206702113e+00
-3.652895011496878119e+00
-4.954806959320158022e+00
-6.500226935740387013e+00
-2.779860649981090948e+00
1.841596773938012133e+00
8.966414677835254921e-01
1.527924361064840530e+00
2.932866789858876722e+00
2.301079152326662047e+00
2.701922912334236426e-01
-9.577005506328306605e-01
-4.337148766503971520e-01
7.623869864311521027e-01
-1.127475580359623919e+00
-2.659611175999917254e+00
-1.238520776822063851e+00
-1.082453844303990609e+00
8.713575577576250231e-01
2.314050197281187771e+00
-4.256269897497578225e-01
-2.199315746762501966e+00
-1.961367729863868536e+00
8.196761228787485809e-01
1.920500208175569101e+00
3.458432223890526735e+00
5.109973234534900932e+00
3.307030456521903528e+00
6.466768431489371416e-01
-1.734621275842459509e+00
-2.754189464765669726e+00
-2.205213965681513510e+00
9.841565768019433502e-01
1.615480842300205166e+00
-4.419646260283600081e-01
6.402847377199352152e-01
2.619111942102632096e+00
2.171026541036086055e+00
1.098193959761069705e+00
-1.095140805255164551e+00
-5.949597912220663254e-01
3.391013941554986477e+00
4.987553235644297089e+00
7.831668289001543215e+00
8.490817467080381320e+00
6.740893350241804249e+00
4.076938437398498927e+00
4.202235014235351507e+00
5.007029224190726602e+00
2.519617894480298936e+00
4.482357311961163715e-01
4.271450682023999690e+00
1.026676657769115408e+01
1.143003470600668692e+01
9.827564177900921294e+00
9.889537930006445876e+00
1.058456052176991413e+01
1.051517132855843961e+01
1.007798709749156885e+01
1.075507337472279801e+01
1.193534700036683205e+01
1.179531225603936306e+01
1.148076215419492385e+01
1.088111709599954224e+01
8.122656051314773862e+00
4.693492583599438106e+00
1.762782894395315436e+00
1.238259282504185821e+00
3.571212854384030688e+00
7.058269078424439513e+00
8.206298579537593341e+00
9.560098109638115460e+00
1.115191171832804429e+01
1.188114843749976046e+01
1.158917513202032268e+01
1.000457103590824914e+01
8.983562581603234065e+00
8.473679699581735392e+00
9.104206191841344165e+00
9.914742517201784011e+00
8.376730319840124395e+00
9.772384913402440532e+00
1.016753398902566374e+01
6.645746227245016513e+00
7.454025679382593417e+00
9.504018084716108206e+00
6.606677833783204612e+00
2.111535130960202178e+00
1.309078165656468062e+00
3.413960528481383871e+00
5.070958556467249245e+00
5.151184335189858743e+00
7.659993377995311548e+00
6.825253509906977989e+00
1.468810813571966412e+00
2.547838048038910674e+00
5.949765224455579649e+00
6.910116829283984075e+00
4.886643181333796271e+00
2.500849796498517463e+00
3.864011902025236811e+00
5.632542481880694396e+00
7.335863081981226053e+00
6.339579603116360040e+00
3.782039142813547805e+00
3.868299537094002094e+00
2.217167016877421570e+00
2.656839191093159247e+00
3.459361562567245585e+00
1.814855666835730519e+00
5.614214657342080805e+00
9.330211573493484067e+00
9.543450139166699486e+00
8.104369025715069341e+00
6.488624606045610754e+00
7.478891173939379300e+00
9.624765884873413668e+00
1.151876650206728847e+01
1.080843042970843371e+01
7.865438790958645399e+00
7.182001319584504273e+00
8.164715080977698491e+00
6.541799880262390232e+00
4.818378703513280570e+00
6.737611075294656082e+00
5.908749639522927311e+00
3.815252083120689974e+00
6.112632928055520054e+00
7.575787752627798355e+00
6.528106497659858398e+00
4.033977012312554677e+00
3.359546664969584651e+00
4.065278343360246183e+00
1.393158083401806469e+00
1.461745405429880185e+00
3.740718754678191260e+00
3.536322676447566149e+00
-4.952839613952683684e-02
-4.642415345399308890e+00
-6.512123733652452451e+00
-6.233659680638028888e+00
-3.269063440383326302e+00
5.078400204385047800e+00
9.818354893478733914e+00
8.274227421937725424e+00
8.349481875677774667e+00
9.825995670891996880e+00
1.049732583052608526e+01
9.847913388859536710e+00
7.690702584571923239e+00
7.966711573524314360e+00
8.029707916859784689e+00
5.421210969067046470e+00
4.801610324361130111e+00
4.290584979754055617e+00
2.798267126457345100e+00
1.431110022241727009e+00
2.127063205185353023e-01
-8.162604069199068668e-01
-2.434242940132308686e+00
-4.289802223223079025e+00
-4.540706085370458389e+00
-1.954363108408844196e+00
8.571600019111881297e-01
1.891322102958343798e+00
3.847290038730563744e+00
6.388082260358642017e+00
6.806086981716665818e+00
8.070912425058585526e+00
8.188671970612318773e+00
7.624499245130867742e+00
7.660357199748003332e+00
6.770610347642299409e+00
4.665532794903312741e+00
1.055049609987172898e+00
8.006330954070496331e-01
3.253817934953803448e+00
2.239228577347665006e+00
-1.083588637384534037e+00
1.359303593689900946e+00
1.397616239104953140e+00
1.430441087805911060e+00
5.620602745493555652e+00
5.861008381787434551e+00
5.575510610868184003e+00
6.536971662861625454e+00
4.942313565327372871e+00
3.947931392126915462e+00
5.712334463902474901e+00
4.537451894948674180e+00
3.322312053926541164e+00
5.169192193536944480e+00
6.918223040567192506e+00
6.754728796105097466e+00
6.431390579994309853e+00
5.071799911110561609e+00
2.189197668939602437e+00
2.022790814379186841e+00
4.469591436942454088e+00
7.619039415316024133e+00
7.187459639211578377e+00
6.079325350963176611e+00
7.885569450680285364e+00
1.018639491379434148e+01
1.260938523928206934e+01
1.295686904429640940e+01
1.135238739544735331e+01
9.714556913186825682e+00
8.921573446347252911e+00
1.022244650989635240e+01
1.090401137308923474e+01
8.416857997684354942e+00
5.901253076281579801e+00
3.037108502160809298e+00
1.013509890935810898e+00
-5.396414287827743239e-01
-2.155008834080320845e+00
-3.327671025296750074e+00
-2.305412939356940694e+00
1.419026654950624966e+00
5.050469931396756706e+00
6.100452245483426239e+00
5.634255744980141145e+00
6.040991301056909180e+00
7.460302962051913234e+00
8.526058663788356640e+00
6.340258795559723382e+00
1.582607755008598183e+00
5.549627354062084406e-01
3.034402115078407292e-01
1.988024843286999577e-01
2.647029455523083552e+00
5.436716459106246901e+00
7.779952309608690442e+00
9.333195204723230276e+00
8.757856553917109821e+00
6.051404473691100350e+00
4.236712575703574402e+00
3.782932513656660056e+00
2.085407192080223737e+00
1.101960703660560537e-01
5.795099473131768569e-02
2.492593817724085614e+00
4.808873675513140711e+00
4.231068301235465512e+00
2.006129655931097933e+00
1.546008925313977933e+00
1.709351892991736843e+00
4.234318769700064600e+00
7.461941660108426078e+00
8.179063462712999666e+00
7.647922038512802168e+00
6.374374457713431141e+00
5.512061411697227520e+00
4.913484306293223192e+00
3.880447441206935633e+00
5.589720846404386378e+00
3.698407595467049447e+00
3.590817643521468483e+00
4.081856863821795578e+00
8.277120683869740869e-01
3.838033780907243564e+00
9.340204056803242949e+00
1.225968909983420119e+01
1.344504390184072662e+01
1.316694326672127247e+01
1.263702880849242582e+01
1.370887002669011245e+01
1.480923858874263743e+01
1.535792127220259751e+01
1.555899375155713038e+01
1.502078835679901303e+01
1.214464197114174659e+01
8.245817369774377070e+00
3.596203803866113713e+00
1.594079222476504798e+00
2.888700666028976460e+00
3.953796828932788276e+00
6.208844356564749312e+00
6.660792018420986338e+00
6.649179215687905931e+00
7.740056769984022367e+00
9.456670673863012411e+00
1.103335051995189886e+01
1.148146613467030441e+01
9.629294296795620767e+00
6.564147812779384417e+00
6.009114133280976766e+00
5.856133001984997755e+00
7.130303319372042203e+00
9.385062132290556747e+00
9.951199302543104253e+00
7.845685778724587500e+00
4.549023412379813003e+00
5.641136966404106445e+00
6.620192135361651076e+00
5.957725756144052198e+00
8.144453803780660195e+00
7.901650147372983213e+00
7.168911640345848824e+00
8.229845718775319341e+00
9.016310683780876190e+00
1.120293980008513124e+01
1.267982807339063989e+01
1.382452265055444407e+01
1.503926334255149477e+01
1.580889284251015781e+01
1.620737441094194153e+01
1.586598577604470073e+01
1.438583778026361593e+01
1.335287450306745249e+01
1.312566046036290324e+01
1.381290542787055919e+01
1.274345615925744291e+01
1.016044428233572816e+01
1.092193806398042355e+01
1.236925034329026118e+01
1.073480443796634631e+01
8.302961746975730861e+00
7.017508196464634196e+00
9.479954378754817057e+00
1.303478217160607677e+01
1.320331722439597222e+01
1.275026639720518951e+01
1.208622697625234288e+01
1.137940878761827435e+01
8.708288916555185111e+00
6.866947375034287759e+00
7.238764459074678470e+00
8.584751699471590669e+00
9.104651518572303814e+00
9.821015897496062408e+00
1.081450470203751202e+01
1.121753917192466332e+01
1.192538740226051353e+01
1.087256867611727174e+01
6.938914971802727649e+00
5.817635404351501727e+00
6.350330071463817561e+00
6.091242606204855470e+00
7.674382020577916741e+00
1.095649840686710519e+01
1.267256255626731942e+01
1.441499388468234066e+01
1.570605687737436362e+01
1.593905071786881322e+01
1.569648733255491102e+01
1.498307532907527850e+01
1.413973264034793509e+01
1.426363639035347042e+01
1.513777690578040236e+01
1.486740539622983270e+01
1.521839281523940102e+01
1.568985570262528917e+01
1.565686927779173665e+01
1.614357438796294275e+01
1.607720027479636826e+01
1.485038940795716123e+01
1.418966062920910431e+01
1.478886427031384265e+01
1.469033225347987504e+01
1.280962928836184211e+01
1.124321440880034118e+01
9.284073797846245313e+00
7.273261163090048775e+00
9.392310008164532320e+00
1.117822434694068967e+01
1.047014630970243054e+01
1.039650238861956133e+01
1.180328699479556676e+01
1.144982583944397625e+01
9.394816906158309777e+00
8.353547583084917960e+00
8.508789882477929112e+00
1.051918873264180831e+01
1.237982691472433139e+01
1.273695216110806960e+01
1.117295337173154834e+01
1.064900287142321211e+01
1.263563041819878840e+01
1.366035372503039014e+01
1.463925076753660726e+01
1.531221359236149837e+01
1.441961111970534759e+01
1.447649148347593417e+01
1.472977630223834566e+01
1.355175884815936449e+01
1.387188797139321395e+01
1.302043247539474002e+01
1.357367624610209234e+01
1.351848884829630926e+01
1.346216895805055280e+01
1.510008971085970764e+01
1.563225896849753127e+01
1.562236448059026728e+01
1.591695685834950602e+01
1.546388818958093836e+01
1.486725836791720923e+01
1.494238847691154248e+01
1.415832478293481067e+01
1.349059386667312666e+01
1.380382537566526935e+01
1.394186139847434802e+01
1.405814217913766306e+01
1.289313318319251067e+01
1.160886224809685174e+01
1.001579358432257827e+01
8.663814030398603094e+00
1.010621187383453723e+01
1.057584610930900304e+01
9.298254318282149100e+00
1.088918264978144101e+01
1.464851739762434235e+01
1.540400455036207816e+01
1.482076425758906524e+01
1.378676590344992903e+01
1.377572748092368649e+01
1.513619710534310414e+01
1.559751667586016666e+01
1.523693455750308523e+01
1.522773362815770248e+01
1.567256071736510847e+01
1.529185707688711382e+01
1.403694051196144343e+01
1.367344759844006319e+01
1.432368038470762883e+01
1.429583310484835046e+01
1.356643284076083766e+01
1.189797079062365448e+01
1.307049557966887576e+01
1.445546225275804986e+01
1.492431338971773691e+01
1.506323766385960994e+01
1.416354931720043808e+01
1.295054676831940199e+01
1.161940532725676611e+01
1.187202697334726231e+01
1.238363740155961601e+01
1.295554690221576521e+01
1.468482703230313646e+01
1.456608666256191675e+01
1.439715557787915934e+01
1.554213693287993969e+01
1.621073118793530199e+01
1.630758885625580845e+01
1.626562402600950463e+01
1.604090379114094844e+01
1.623962054692611545e+01
1.594662016409191096e+01
1.553624699804615794e+01
1.542388453719002150e+01
1.607027046973216144e+01
1.642562866086664997e+01
1.631705892187687468e+01
1.595884016822719076e+01
1.547784751923876634e+01
1.508945626510434401e+01
1.519326091561674907e+01
1.435868241460189054e+01
1.355399778271731037e+01
1.366977845080965537e+01
1.413918909317616013e+01
1.497672728129466790e+01
1.335469829440955181e+01
1.143719470373650893e+01
1.094046067771620123e+01
1.266799737492800126e+01
1.307382625354933126e+01
1.189659526619318086e+01
1.261137502150532086e+01
1.382654110069274189e+01
1.490569325946825963e+01
1.419635848806772849e+01
1.279507009511408100e+01
1.240821336473011449e+01
1.186141084631691633e+01
1.232958852882000933e+01
1.417707026006930704e+01
1.508081333597293749e+01
1.511903288914178844e+01
1.562001460403374864e+01
1.582165417048448752e+01
1.625276106734304449e+01
1.627159095346286577e+01
1.562274067410078260e+01
1.513445503579915652e+01
1.565750598432101448e+01
1.538675499469071539e+01
1.508196080973428543e+01
1.486281203142965168e+01
1.423012707355898421e+01
1.472103040870737090e+01
1.406486940227971694e+01
1.357785738611989323e+01
1.286630779436693217e+01
1.029648177145535826e+01
9.651756731808234235e+00
1.039468067823853836e+01
1.153944663590464970e+01
1.307579139317937411e+01
1.429984026567851707e+01
1.474143880107479276e+01
1.548431193435627229e+01
1.590802724522331779e+01
1.557847221571238983e+01
1.470581609374340104e+01
1.378039831051813913e+01
1.307291320627013143e+01
1.322408497574872754e+01
1.350708560092415311e+01
1.238572336167356269e+01
1.251427714987693030e+01
1.433988078804710753e+01
1.542516143934952133e+01
1.572344711108548942e+01
1.578672908844302114e+01
1.510666873432839097e+01
1.287431869487585878e+01
1.181305398567209508e+01
1.208632542380880892e+01
1.190696051656649601e+01
1.393599279336346619e+01
1.572183601010509868e+01
1.545827759652442879e+01
1.419235096527185469e+01
1.214749206993394282e+01
1.011509625245792776e+01
1.072044772077658159e+01
1.145301342095613251e+01
1.255318742163963464e+01
1.371804466309457382e+01
1.351873479621937513e+01
1.414376368310656140e+01
1.308697538494348223e+01
1.030964018532687732e+01
1.190687457205546451e+01
1.260566217904915476e+01
1.266333983868942603e+01
1.233224767370245623e+01
9.889851049711589681e+00
1.049900023418767070e+01
1.250927774429484352e+01
1.307884293499866857e+01
1.409412111876542895e+01
1.362659281363864849e+01
1.176593938387222238e+01
1.053261723583000098e+01
1.111058179499117138e+01
1.285095329198782110e+01
1.441210019877550863e+01
1.536166007322608884e+01
1.546191746571776093e+01
1.568393610095006707e+01
1.493889008936541885e+01
1.496723526221476597e+01
1.480101689280902910e+01
1.502833029353678285e+01
1.552674673963739416e+01
1.597393734409537913e+01
1.609190897480777593e+01
1.612992668474116797e+01
1.629053986805672594e+01
1.587561593240036650e+01
1.527280777414728341e+01
1.514446641320749976e+01
1.503917113360304292e+01
1.374605128635664464e+01
1.243774816367610114e+01
1.250227319042472374e+01
1.261598623476836778e+01
1.306748493914644982e+01
1.339568124384640946e+01
1.220497041559232088e+01
9.172268762331446723e+00
6.956011296801253962e+00
7.895583472510846690e+00
9.810701555605554347e+00
9.213723923216205591e+00
4.987933323619511583e+00
1.842882293476923117e+00
3.037626217745847956e+00
8.054083549757820037e+00
1.265199305746600800e+01
1.411096278728682485e+01
1.409036452666342321e+01
1.458604345811670910e+01
1.588243119226775768e+01
1.601520736529149502e+01
1.577485114695363855e+01
1.526563479946309521e+01
1.369999960516981119e+01
1.281653859962118602e+01
1.531435226143488748e+01
1.602565786554448479e+01
1.549864566151675582e+01
1.439227270912589063e+01
1.422917221161361923e+01
1.379564388525095353e+01
1.421556145197492782e+01
1.510548819956655997e+01
1.532882113221119269e+01
1.515367526220508942e+01
1.415994142826052027e+01
1.302239143042115543e+01
1.294575642185361275e+01
1.319099841920001026e+01
1.392463307407142459e+01
1.295872670909223245e+01
1.143104996664064643e+01
1.128871820186514974e+01
1.236792548813146553e+01
1.348904101854726711e+01
1.388168014174396525e+01
1.425488231261674876e+01
1.331415617305200172e+01
1.232822815959904084e+01
1.260602030816270158e+01
1.427739617544294681e+01
1.393845239599321317e+01
1.124402293541192677e+01
8.446637147630667641e+00
9.860902200748334678e+00
1.358423929116209550e+01
1.501567686489985753e+01
1.450297649086226315e+01
1.405610247034135796e+01
1.535735212460110688e+01
1.556414750766876409e+01
1.484915263291028076e+01
1.348693344406465222e+01
1.286084201550899131e+01
1.317111000924213648e+01
1.391025122405455150e+01
1.378887649217020339e+01
1.254728827216023745e+01
1.225805854658116623e+01
1.272322895713216440e+01
1.416050756314891323e+01
1.555631550331485613e+01
1.541904420591635372e+01
1.408457193425917708e+01
1.250479282213171039e+01
1.355713982420259178e+01
1.447320004437156626e+01
1.421283688872438944e+01
1.391601432766158375e+01
1.426074398465890880e+01
1.446848868420072520e+01
1.388959415395109787e+01
1.158852252681915296e+01
1.370777269075922078e+01
1.439968807969115083e+01
1.109643432392538642e+01
1.048532748097154688e+01
1.011027741067605845e+01
9.057195641435535904e+00
8.339312894045217917e+00
7.023992775466442851e+00
6.347923849133207064e+00
4.601955628792572028e+00
4.014627823020965991e+00
5.231160504863414218e+00
8.633039268482550099e+00
1.168094456858486652e+01
1.194848199513113229e+01
1.246800209343373567e+01
1.338317036673294069e+01
1.217968388181043871e+01
9.945740859776952547e+00
9.398680158786349992e+00
1.091345576352427393e+01
1.122325458534992393e+01
1.191757304751388880e+01
1.146204090089485739e+01
9.655944434193157733e+00
1.070291066004136660e+01
1.138892629802111323e+01
7.498939739730118070e+00
4.717660920254244772e+00
6.130567506619394536e+00
7.659915452886657761e+00
7.774870249710859937e+00
9.597960129483359637e+00
1.160644385411069379e+01
9.368182980955799266e+00
7.224929170228168829e+00
7.519630974846213789e+00
9.430442006184915016e+00
1.065983226153789509e+01
1.072305648924353783e+01
9.226458187730750993e+00
7.102803820790084544e+00
7.899162575849985046e+00
9.306588980425072322e+00
9.550202289191098259e+00
1.009613991050180459e+01
1.090254641617007891e+01
1.276260354498475103e+01
1.446616388363985273e+01
1.467964542630935298e+01
1.457231570055428094e+01
1.385189664172696666e+01
1.165026469452193503e+01
1.010688931874560303e+01
9.060012177230515107e+00
1.013232009330089944e+01
1.042683716503511882e+01
8.634226044434893055e+00
6.517368336686023333e+00
5.707383945030366057e+00
6.172727720555338138e+00
6.782253671354935065e+00
7.745612143912820713e+00
8.223166103992401332e+00
9.737854443119772441e+00
1.085825735011190396e+01
1.042510074248998819e+01
1.112844728026017194e+01
1.076548772940621035e+01
1.139834247175935644e+01
1.193399919527430519e+01
1.042515851467291021e+01
9.611889319814416410e+00
8.655830408600808212e+00
9.690326643310143595e+00
1.070125398726938215e+01
8.456136131604404582e+00
6.433560645759927255e+00
4.560371557964708167e+00
6.755267686080614453e+00
9.195798041745369744e+00
7.417912899517437708e+00
7.481779801900061422e+00
8.895282761897485457e+00
9.919093906161169372e+00
1.077039949500421656e+01
1.099677997412794994e+01
1.048695338932613375e+01
9.863979183072416390e+00
9.158617428635828617e+00
9.285660980025118860e+00
9.217496040747137798e+00
8.770747716845324504e+00
8.727050034777244392e+00
8.445714518067338972e+00
8.994242355532975353e+00
1.126788592372868258e+01
1.256359615191716905e+01
1.258908189720825632e+01
1.258039160020754466e+01
1.183864839779508671e+01
1.137140992107429760e+01
1.110973440507927990e+01
1.093923558051318246e+01
1.071408515321458488e+01
1.011050154853565530e+01
8.963408589560069473e+00
6.849738206756271985e+00
7.553754707204227259e+00
9.365043450655521795e+00
8.641728906373069563e+00
7.661206906434760100e+00
8.431956781153262526e+00
7.620602325237334718e+00
5.896437914674619307e+00
6.993441432283845849e+00
9.204317142031404941e+00
1.055975435850934296e+01
1.106018275722947308e+01
1.065564782901838647e+01
1.016907229866369988e+01
9.580450205718856083e+00
8.094465233024299877e+00
6.725191351702580533e+00
6.699492088704161574e+00
6.718344058094528393e+00
5.524247494107590306e+00
4.463491873851648251e+00
4.841953114569392369e+00
6.967290727905027126e+00
6.703749447777517467e+00
5.532655276336691408e+00
5.629024660561226412e+00
7.222952000563423347e+00
9.067058744386159219e+00
1.009607572854966051e+01
-2.786344346248004200e-01
