-1.400412466240702436e+01
-1.514768129367111271e+01
-1.501310468928928366e+01
-1.448928748864020122e+01
-1.489896025683529146e+01
-1.464641785570905341e+01
-1.517835982154617547e+01
-1.566496309085383309e+01
-1.448935705226327819e+01
-1.328667839993272359e+01
-1.413210604732329045e+01
-1.430551446972034135e+01
-1.397533590443248919e+01
-1.298372178573888824e+01
-1.299925237011315104e+01
-1.261736460692269368e+01
-1.284080383371044576e+01
-1.243495516005899226e+01
-1.170205163660450332e+01
-9.553070615894512230e+00
-8.067416847005285163e+00
-6.904123033590165548e+00
-4.832795260343019095e+00
-7.720735267043748351e+00
-9.634644633778234990e+00
-9.495291889770236082e+00
-8.727060011388811489e+00
-8.794119333049618348e+00
-1.062685763866104693e+01
-1.201269968602967353e+01
-1.148331682535049048e+01
-9.432434657952670776e+00
-6.432791263505544421e+00
-5.138953334770352654e+00
-7.749870795592158856e+00
-8.104932285857877616e+00
-7.310680748007029273e+00
-9.440142008076792379e+00
-1.054277307045294698e+01
-8.531529944437000523e+00
-7.166191982377605463e+00
-7.642011988055949168e+00
-5.559496201365944579e+00
-3.136557828972316830e+00
-3.097636787132894032e+00
-3.559742280237908840e+00
-4.762029157903976184e+00
-5.294800155246051965e+00
-6.550135207135681092e+00
-5.746490513754306306e+00
-1.338222421016349140e+00
-4.388087043761543349e+00
-6.519968669947246553e+00
-4.915230988228947773e+00
-4.080036995782778675e+00
-3.353023812482700983e+00
-5.294699430744236324e+00
-7.374250414802877351e+00
-6.610090758233488017e+00
-5.027887932319783815e+00
-6.307269926492038437e+00
-8.686771064504213768e+00
-7.827027041574419641e+00
-6.255108694156361615e+00
-7.086811099868024932e+00
-8.064562625175350163e+00
-7.123495900250031099e+00
-6.107317597330331971e+00
-5.227658621635726810e+00
-3.173526957387811986e+00
-1.419393787972476728e+00
-3.390444205953085377e-01
-1.778340243276274713e+00
-6.689222939656249700e+00
-5.785438354570043629e+00
-5.797607363363957766e+00
-7.523722650891999209e+00
-6.614709416591379565e+00
-5.691040502804477264e+00
-1.432324813714130007e+00
3.447833949975705803e+00
-1.187504501085140246e-01
-6.245027976610264986e+00
-6.317117885331087201e+00
-2.413246545392384146e+00
7.154053957696286936e-01
1.142042252623712617e+00
1.341762242405625472e+00
4.262789429498876626e-01
-1.364316507901926212e-01
-1.058187727185549099e+00
-2.662547955735286465e+00
-8.774722803883969746e-01
3.228641965211090259e+00
4.164242017966784282e+00
8.354643753753769886e-01
-3.759739017656805071e+00
-4.536604412475299775e+00
-1.835123447503324845e-01
3.140512796663982087e+00
2.694089325523327361e+00
4.471349963179410691e-01
-1.311190148222447283e+00
2.970775687209086247e+00
1.479576198713385971e+00
-1.597050168144739546e+00
-1.504803687874054496e+00
-2.548925795954350537e+00
-3.710184560161471801e+00
-2.431771264353494111e+00
-1.041509881226506451e+00
-4.272963266663583504e+00
-4.882030406637564823e+00
-1.280821371077663917e+00
5.827431191061909210e-01
7.771504402617331886e-01
-1.788605571196864696e+00
-1.684165659146145133e+00
1.975498559976250901e+00
7.247158187903539606e+00
1.178748490209657440e+01
1.082840074530422037e+01
7.195247077341801578e+00
7.434800901092259551e+00
8.626234879198305450e+00
9.476270703237853255e+00
1.190547483979921317e+01
1.365536735356206499e+01
1.621308225192861130e+01
1.674676252436647061e+01
1.190648575820922694e+01
8.173682301806733719e+00
1.093742799518394904e+01
1.233475904258303757e+01
1.067536343041861002e+01
7.509579079704699289e+00
5.680207908791825133e+00
3.046493410514186539e+00
-3.844185219763355810e-01
-4.002404537463684520e+00
-5.332459584950373532e+00
-8.413611637486440031e-01
1.376160712611023129e+00
6.358618810324843107e-01
3.768302730954402602e+00
4.566795559937762761e+00
1.169800200335356033e+00
-1.740702411761758883e+00
-7.071402037633444104e-01
1.663692287181446128e+00
6.483618224534437147e+00
9.282923923062734062e+00
8.766761380432036788e+00
6.440271488885093376e+00
4.847758165685168485e+00
2.241207599777851556e+00
-2.568345124426334891e+00
-1.298642997858958870e+00
-1.577479780557374145e+00
-6.644439874348578634e+00
-5.842302116125736688e+00
-2.074749755922087324e+00
-3.997911092240472586e-01
-4.942971662228946017e-01
-1.776372721799226229e+00
-4.515272084135206754e+00
-1.613008334602544114e+00
1.912831853820929018e+00
8.961842925780000302e-01
1.957526617963821769e+00
-1.714481089099842981e-01
-3.574750307740622635e+00
-3.914470175555092024e-01
4.313588546591107686e+00
5.274085784323937709e+00
1.492907017472099085e+00
2.729260877608525426e+00
2.951133343551303412e+00
-1.839979715678687233e+00
-3.960634314576049864e+00
-6.222484637406160424e+00
-2.845068297365767940e+00
9.028285162615378168e-01
3.017650076504594381e+00
3.969031726938617499e+00
9.385670687419180869e-01
-4.329072731539309160e+00
-6.673060816158050024e+00
-6.931418782551797442e+00
-6.201754734100457966e+00
-5.991477145026351536e+00
-4.193764979791012593e+00
9.193727592204351540e-01
4.731783445191204418e-01
-1.714837340019646827e+00
1.137964601778737928e+00
2.929134968495715974e+00
3.831961395787378266e-02
-1.792953154148822392e+00
4.070029659430176583e-01
5.322062557909585934e+00
7.837889849412219334e+00
7.669562732400635241e+00
5.072104828636383900e+00
4.132517799345159837e+00
5.187170757632270757e+00
3.314563673467063598e+00
5.315159612918871623e+00
7.004360380821571752e+00
6.538879753736256184e+00
5.913752701372599674e+00
4.771493358292296705e+00
8.104918929924741278e+00
6.979017287311330975e+00
6.031027360172148022e+00
6.505567199521492761e+00
4.607072092572992439e+00
4.168626072885093237e+00
2.043077651024209906e+00
-1.515503617045342866e+00
-5.731584906490480691e+00
-9.600490276819787283e+00
-8.475797585024722025e+00
-5.729206293285811213e+00
-3.878367246981958338e+00
-3.578868675998487237e-01
1.084238611708030486e+00
2.412694100433650846e+00
1.186989651409623980e-01
-6.665942307575801529e+00
-6.569822444348863755e+00
-5.657012384392190008e+00
-5.937387437988109973e+00
-2.291491931132232374e+00
-1.591890056239154694e-01
1.326351523814018218e+00
2.169858825356780319e+00
3.935805304901607737e+00
4.501931263819900053e+00
2.759348849357574629e+00
4.890605584485673951e+00
2.575770780723988462e+00
-4.570096652027703321e+00
-5.284886349770362202e+00
-3.004491280840927647e+00
-2.166601028221809333e+00
-4.059981297777938813e+00
-6.442905118088048333e+00
-3.247943176464534787e+00
3.741325176400042363e+00
6.026005200138945028e+00
6.334631590479889773e+00
6.290476952081454520e+00
2.338237771611840543e+00
-1.966031813016955399e+00
-5.622244336998201142e+00
-3.750982826933423109e+00
1.498044093908117214e+00
-2.110113763182944524e+00
-7.789667746438261986e+00
-7.474662056070267901e+00
-8.244989470052889402e+00
-1.226979688865890772e+01
-1.245003977168706299e+01
-1.097242526583373667e+01
-8.186740490514978319e+00
-4.216931832962377058e+00
-1.906625362853890504e+00
-1.728945940838313433e+00
3.193019142313715530e-01
-3.423740344974920635e+00
-4.084572459594121518e+00
-7.394849425985046132e-01
-3.068468255330361494e+00
-6.461556304082343161e+00
-7.435408586138837705e+00
-1.025228734411323295e+01
-1.431731397410361950e+01
-1.446344759698409810e+01
-1.112808580656944102e+01
-1.019348501322197187e+01
-1.232726436209575382e+01
-1.217600895885271406e+01
-1.041460891648330289e+01
-1.024940391255219474e+01
-8.885334569134773375e+00
-6.597012334887228491e+00
-8.751478289081134676e+00
-1.243374076990484944e+01
-1.283231053041051695e+01
-1.009334290255966593e+01
-8.114761399120000718e+00
-8.319306776791773217e+00
-8.496845222568559564e+00
-8.851553899051056717e+00
-1.026473731412198909e+01
-1.224239907942030747e+01
-1.308245329134617307e+01
-1.247034831546243794e+01
-1.005908390999428548e+01
-7.701029874689753640e+00
-7.155297369916891803e+00
-7.668949454769833807e+00
-8.873465945889561723e+00
-6.401573144707425556e+00
-4.856491267355553809e+00
-4.614034507254295647e+00
-3.066609590509107530e+00
-1.205492186085064477e+00
1.981250661272905278e+00
4.325069363870019501e+00
3.376663673361091522e+00
-6.759154603950427720e-02
-3.323094315897162421e+00
-4.426423500360548324e+00
-6.395004815185940217e+00
-8.729641760942152828e+00
-1.032306927447262623e+01
-1.198783428034578513e+01
-1.120071496514346521e+01
-7.702366425718949472e+00
-6.571544230879920789e+00
-7.705508317203932478e+00
-7.830541169971430016e+00
-3.029770352481130580e+00
-1.558063844253160024e+00
-6.801446707215617948e+00
-8.558315799254842204e+00
-5.522955600464698911e+00
-1.929531336142899844e+00
-2.624496300825020167e+00
-4.383732674814313057e+00
-2.862675107186890333e+00
-4.589878304932502040e+00
-9.399030181894666214e+00
-9.005948946116992815e+00
-8.109916736966225059e+00
-1.031754605571690320e+01
-1.033733397546350119e+01
-1.095421721567548090e+01
-1.244859445197621106e+01
-1.017059529173913823e+01
-9.253751687569570450e+00
-1.246514378788709188e+01
-1.326504708561640733e+01
-1.283031798707709470e+01
-1.183026204191778596e+01
-9.892979375242081375e+00
-8.231095394077698302e+00
-6.475598552614234116e+00
-9.454858516779717448e+00
-1.142462993807715499e+01
-1.075122790667690609e+01
-1.267694543279537100e+01
-1.507906108609529383e+01
-1.479650250336055706e+01
-1.423269796409526045e+01
-1.304685981335283707e+01
-9.716727355530546006e+00
-9.491146903382391642e+00
-1.131739460005349329e+01
-9.989302307883598075e+00
-9.115777930959913178e+00
-1.097903502988889102e+01
-8.348062946947791829e+00
-5.121362920790449635e+00
-4.244435804239000021e+00
-2.471460977070353948e+00
-2.177269392771266965e+00
-4.222263621111898679e+00
-6.052416226633231311e+00
-7.854748345544797061e+00
-8.698198805389369070e+00
-1.062166886117707598e+01
-1.277243100892524019e+01
-1.222779591496106555e+01
-1.257923959364013200e+01
-1.222482778168003748e+01
-1.225907124198668363e+01
-1.128635406591210000e+01
-8.224197165401839982e+00
-1.070172865817822405e+01
-1.479267562801122615e+01
-1.471915137424007369e+01
-1.172400664324212016e+01
-6.963810049269043567e+00
-6.628009821130207868e+00
-6.649843302627481023e+00
-6.599160963357842746e+00
-8.673738202810298503e+00
-6.396613475630977597e+00
-5.675756513974241635e+00
-3.730064375684795319e+00
-3.820929962073431163e+00
-6.344209646713467876e+00
-8.020787080385584744e+00
-1.138329944869125043e+01
-1.291868293391065947e+01
-1.337559681508189335e+01
-1.253484769389416975e+01
-1.122594600218847027e+01
-1.435435001059009430e+01
-1.453007397925308730e+01
-1.273060910390096367e+01
-1.124018926837676347e+01
-9.870768934361176861e+00
-7.351000202416746454e+00
-2.626072630470377423e+00
-1.808797764259375995e+00
-4.383300123345181376e+00
-3.744280173337891426e+00
-5.088696938543067816e+00
-6.641254446840722636e+00
-8.176208026019315511e+00
-1.307861923119014413e+01
-1.493292521721396504e+01
-1.571547019901120912e+01
-1.582892484997905314e+01
-1.419995888900335146e+01
-1.422894177046111430e+01
-1.557096125022460953e+01
-1.652099811628942305e+01
-1.664463506219927424e+01
-1.635958505518503259e+01
-1.384049162708869041e+01
-1.296175310087984478e+01
-1.330425831085512733e+01
-1.320780746287903540e+01
-1.239534028757809558e+01
-1.065796077450996648e+01
-7.412520048040229348e+00
-6.043731749764682526e+00
-1.038625869193106510e+01
-1.371624596178433286e+01
-1.425279363895510620e+01
-1.444170900474709640e+01
-1.413993560140557371e+01
-1.415262975148826641e+01
-1.557197511145707836e+01
-1.627269734492476161e+01
-1.585568121847778045e+01
-1.437462938299949400e+01
-1.155817276811625227e+01
-1.026318358915948714e+01
-8.000803512568833042e+00
-3.715090586451327948e+00
-2.050592016618579372e+00
-3.186190723934035685e+00
-6.549332058607921780e+00
-9.029598168239587608e+00
-1.013727382953960898e+01
-1.109797371902724983e+01
-1.151695229461783931e+01
-1.186578265463928084e+01
-1.340231108640211311e+01
-1.287678704276534525e+01
-1.131095046732529674e+01
-1.310726756080821609e+01
-1.283670084823079627e+01
-1.140169370062675291e+01
-1.183429639331023075e+01
-9.330821096444100959e+00
-1.098481768936204439e+01
-1.251694668579334824e+01
-1.235765512537590283e+01
-1.286976771679887754e+01
-1.306909127498447987e+01
-1.069323379305244437e+01
-8.584285070030222897e+00
-1.189316051125656415e+01
-1.404665321528134392e+01
-1.231832364537526203e+01
-1.170313953849727362e+01
-1.172684868635332123e+01
-1.059664971001357969e+01
-1.017024115187443556e+01
-9.695912636234941928e+00
-8.784122868668511330e+00
-9.973662844699125785e+00
-1.135848739132900675e+01
-1.278886942843699792e+01
-1.215357529738214026e+01
-8.202636382581310670e+00
-6.804499153200217698e+00
-1.007752501445352067e+01
-1.409083402005929564e+01
-1.538822593449402198e+01
-1.465236076420150013e+01
-1.289345087567085990e+01
-1.252052020655039932e+01
-1.177407487417468346e+01
-1.129265705960798627e+01
-1.021759915338387614e+01
-1.218648860682954904e+01
-1.488688191657175253e+01
-1.492871788809744338e+01
-1.561936844208225494e+01
-1.620022812225519715e+01
-1.552888948698456062e+01
-1.397242040310649180e+01
-1.396834981797236175e+01
-1.511372382728935904e+01
-1.527651142547488128e+01
-1.416808362520137621e+01
-1.444369734975869513e+01
-1.301340540927812128e+01
-1.169851070076934896e+01
-1.205477758050662906e+01
-1.330081756786023028e+01
-1.426973258098111508e+01
-1.486630107677442858e+01
-1.562832464668479915e+01
-1.461784436742737725e+01
-1.055957769379711486e+01
-8.797342882542601217e+00
-9.947559744710913421e+00
-8.667311331809372632e+00
-6.568207582891965046e+00
-8.200437384651273476e+00
-5.983446118732629770e+00
-5.265519229587368955e+00
-8.497145123044450798e+00
-7.106036371495438431e+00
-5.622703333061114250e+00
-1.044621888943709465e+01
-1.454530754262325587e+01
-1.516575292265739705e+01
-1.532819558833644891e+01
-1.509009261596708740e+01
-1.341370404949933715e+01
-1.384319691935462160e+01
-1.451394874644506672e+01
-1.303898733544847843e+01
-1.221098997559858645e+01
-1.471374658188285522e+01
-1.557499704513674743e+01
-1.467522607122655387e+01
-1.464032711952850896e+01
-1.558097423114684865e+01
-1.571045578754346295e+01
-1.502094781436939641e+01
-1.561203471330853176e+01
-1.626991332361357934e+01
-1.618629604426492108e+01
-1.619629461759956968e+01
-1.506476987389087796e+01
-1.593888115846143805e+01
-1.642459476353335646e+01
-1.609574830465272655e+01
-1.606909261236357978e+01
-1.624702919333340390e+01
-1.596178633264229418e+01
-1.549071251344277123e+01
-1.549889940929432086e+01
-1.572695017050590494e+01
-1.515812200320054970e+01
-1.513870518756176864e+01
-1.556593142288828879e+01
-1.499966173803883862e+01
-1.358581214362793155e+01
-1.234236298265552989e+01
-1.211863575104798407e+01
-1.416557744100598626e+01
-1.489182708526237597e+01
-9.598157353638889333e+00
-6.892681405768131597e+00
-8.887764890926009187e+00
-6.149018626347270811e+00
-5.070019087498884858e+00
-4.668148479924115080e+00
-5.445120999982536070e+00
-7.840401253584821539e+00
-7.832528808050247981e+00
-7.424970350305065914e+00
-1.169125082000648419e+01
-1.449624908939476953e+01
-1.428631097897052804e+01
-1.415281109694818795e+01
-1.296617950652743723e+01
-1.186443848713678761e+01
-1.337434038626440014e+01
-1.230354099789209243e+01
-1.120731616017081933e+01
-1.138054511948964276e+01
-1.211674418655135987e+01
-1.098166254385594698e+01
-1.222912265844693280e+01
-1.519208120475543033e+01
-1.579294247747755087e+01
-1.507951894026525963e+01
-1.330654115522701986e+01
-1.339029812981192613e+01
-1.484108243143102079e+01
-1.564572110533055316e+01
-1.554986259193577425e+01
-1.460701982410162714e+01
-1.156984759265957763e+01
-8.962471798080740015e+00
-9.844489670711414675e+00
-1.048106082153857166e+01
-1.010263341262319514e+01
-9.986586506479319780e+00
-1.241749244591814261e+01
-1.420402234161121058e+01
-1.533789342980356452e+01
-1.462106435013651584e+01
-1.356658917874265846e+01
-1.498284056561119648e+01
-1.468088555262332662e+01
-1.370190796995721882e+01
-1.176865491752838544e+01
-1.349290747676718105e+01
-1.423973785837321948e+01
-1.379443066989371935e+01
-1.486361553103981414e+01
-1.491052380402069488e+01
-1.582729786097095115e+01
-1.587297943589383742e+01
-1.594093844631239953e+01
-1.567952387845482143e+01
-1.594803029501429492e+01
-1.603888545260119969e+01
-1.536820072571077489e+01
-1.572952667558630679e+01
-1.592550535941774115e+01
-1.449523446319848929e+01
-1.352228939188021428e+01
-1.236529417902061212e+01
-9.732122848596731046e+00
-8.721713307892223099e+00
-9.286968893571371453e+00
-1.219492448153665087e+01
-1.430957738986331762e+01
-1.538723288687526214e+01
-1.606409943206809032e+01
-1.487333517786273873e+01
-1.471961172594113165e+01
-1.600079762424081409e+01
-1.537745175138415554e+01
-1.364769372855100293e+01
-1.345685058223567587e+01
-1.432336647915855110e+01
-1.455048710409784185e+01
-1.407188481244993916e+01
-1.377552051447958981e+01
-1.429428889278259973e+01
-1.498046708834935359e+01
-1.491970276549800545e+01
-1.496827324879220633e+01
-1.380698824871569386e+01
-1.227353362013014682e+01
-1.215119870724887896e+01
-1.178088350976076626e+01
-1.205363925047558205e+01
-1.263285970183897788e+01
-1.249982795348712372e+01
-1.357971847250744446e+01
-1.472096492538081947e+01
-1.369889397544438481e+01
-1.399771288565408334e+01
-1.462427101437210197e+01
-1.288080263116230029e+01
-1.288093731060765812e+01
-1.328177873995361225e+01
-1.507541969366819323e+01
-1.582033391559076740e+01
-1.520307153217301988e+01
-1.517664651497903883e+01
-1.468683833806548833e+01
-1.347160042215754849e+01
-1.164786878756048338e+01
-9.543306502236022837e+00
-9.363154211108227543e+00
-1.139186260441101162e+01
-1.365289665454513113e+01
-1.413402740000187308e+01
-1.467086385541865567e+01
-1.511518627519550328e+01
-1.537009866341890785e+01
-1.577165497422053342e+01
-1.493251908265450112e+01
-1.540859269268833565e+01
-1.570872850266293774e+01
-1.597784681286267272e+01
-1.263798414821473237e+01
-8.992606272249558330e+00
-5.175094290450982903e+00
-4.988463503689611223e+00
-3.677398250957072179e+00
-3.266135961534233356e+00
-6.923533076915636464e+00
-8.645263213543227465e+00
-5.558841751756638416e+00
-2.600417624389998128e+00
-4.569380003439557747e+00
-9.252693318864048777e+00
-1.088475379263608467e+01
-7.569231897725558156e+00
-4.910409624335217771e+00
-3.204091437657349939e+00
-8.392961363239653139e+00
-1.071302834614829358e+01
-9.722096677733226500e+00
-1.013370897479441091e+01
-1.266144084638615297e+01
-1.367185495567528974e+01
-1.393313140897162938e+01
-1.470447609488074825e+01
-1.557484689289001878e+01
-1.496490914131209138e+01
-1.355142638701655855e+01
-1.353306170002696973e+01
-1.513643543317344253e+01
-1.562368910791598076e+01
-1.312629850974974843e+01
-1.006401940209457102e+01
-1.092491892342164128e+01
-1.337092784115130861e+01
-1.336111332479237035e+01
-1.153320730519764581e+01
-9.869860561716206959e+00
-1.088584413851922506e+01
-1.399191542645051101e+01
-1.204405932385560796e+01
-8.755581596270536338e+00
-8.099468424009929279e+00
-7.424705542573625472e+00
-4.529256878215289106e+00
-2.827347378898996677e+00
-5.589029998339143823e+00
-6.981426271818276241e+00
-7.682539351307289266e+00
-7.167367279422554027e+00
6.038830045821597797e-02
2.434018178201892146e-01
-2.967875830215989996e+00
-2.143744103746219043e+00
-9.694853998182681454e-02
1.501640963616891700e+00
6.645214563760153403e-01
-3.773523422145455886e+00
-4.276971933594347242e+00
-6.358852873590273291e-02
-2.398927310131001356e+00
-1.056207985975659192e+01
-1.377706754516455945e+01
-1.494395085798837286e+01
-1.421353129288214490e+01
-1.328964386155149846e+01
-1.249232138474398290e+01
-1.088009276753048482e+01
-8.157827978954015791e+00
-1.166205883282050237e+01
-1.544155957369324206e+01
-1.352744122315061226e+01
-1.035260178189893310e+01
-9.911402914335328163e+00
-1.086580538852197186e+01
-1.211415363784452914e+01
-1.236062950507664837e+01
-1.168414174804190786e+01
-9.648874597357826488e+00
-6.988282657326300829e+00
-7.802631170676913364e+00
-1.438433285275769968e+01
-1.599719550310140548e+01
-1.634744415143366680e+01
-1.660008697318531290e+01
-1.663612167572635769e+01
-1.662355783773035611e+01
-1.649315748848776408e+01
-1.667499780300429535e+01
-1.625775572006715919e+01
-1.622971618079301592e+01
-1.664705833655554201e+01
-1.576858831448975273e+01
-1.403605246112993932e+01
-1.322906779876959682e+01
-1.223314167625338023e+01
-1.213652081095048096e+01
-1.488345800770792060e+01
-1.606486393067554275e+01
-1.620733219834249894e+01
-1.511689230826511299e+01
-1.249882377627384500e+01
-9.212947487859910467e+00
-6.723241529548088735e+00
-6.863299121312921969e+00
-8.390729005673293273e+00
-9.068000003024682343e+00
-1.076268184191309984e+01
-1.252260345408785724e+01
-1.394456798896113803e+01
-1.422521605462913996e+01
-1.263937331203795011e+01
-1.074992297618519821e+01
-1.255044555595237377e+01
-1.348191435067137789e+01
-1.266343498229811182e+01
-1.383085813499224592e+01
-1.405129160471930838e+01
-1.396579466125030677e+01
-1.437249629186802480e+01
-1.347746462369046938e+01
-8.016364507837781872e+00
-3.806111179127174449e+00
-3.936463419543831055e+00
1.290381243159711477e+00
7.631451819524470714e-01
-3.824839704468358637e+00
-5.085594974553043990e+00
-4.999173342678241205e+00
-4.002234446234357534e+00
-3.951268899339188234e+00
-8.194201841634811245e+00
-1.106862670722384401e+01
-1.198295237175851646e+01
-1.226739593654517613e+01
-1.216439541921980272e+01
-9.783349462624562065e+00
-9.477451626423805564e+00
-8.335534688521253344e+00
-5.792455919868676695e+00
-6.753940818480838715e+00
-8.665242865622037272e+00
-1.074049941696737065e+01
-1.354962193982937713e+01
-1.444989076738912281e+01
-1.392442545606784243e+01
-1.413026526216719958e+01
-1.574263119917072906e+01
-1.462213128262535022e+01
-1.171402110224885540e+01
-1.099859909011527570e+01
-9.557646092172197072e+00
-8.836513818400767661e+00
-8.793832325362428648e+00
-9.673131873146527226e+00
-8.744062301798795289e+00
-5.878512659411939012e+00
-7.920410367373643901e+00
-1.231114561514447026e+01
-1.294722285186910327e+01
-1.152370436001801579e+01
-9.243206545057468304e+00
-6.225347144074526717e+00
-7.332694474952068830e+00
-9.094599620643919025e+00
-8.733461514994797170e+00
-7.558999609269450026e+00
-1.097794666113810713e+01
-1.399769784974004772e+01
-1.349540005985012669e+01
-1.141527896477862214e+01
-7.520030937565472584e+00
-4.567464957202463260e+00
-3.794895419359170852e+00
-5.837687188105971536e+00
-5.314054078410147319e+00
-3.582156964485723183e+00
-5.374658546358387134e+00
-6.719425138756379035e+00
-8.535633947659055920e+00
-9.885663259793611601e+00
-8.358194129226578895e+00
-1.103772312233857456e+01
-1.398066432067503762e+01
-1.244944631857198836e+01
-1.178066510170027392e+01
-1.259379481046415350e+01
-1.064776360163344116e+01
-1.031335308721988397e+01
-1.121447054886859007e+01
-1.102330620034348918e+01
-1.041748391530404660e+01
-9.544211892751004456e+00
-6.618803074917533280e+00
-5.216457946948868774e+00
-4.292637233309856803e+00
6.870428900694593999e-01
2.958863703753495500e+00
4.056250030820324204e-01
-1.905789087452916641e+00
-3.814794695255322665e+00
-6.865148672706974153e+00
-9.186427859254578721e+00
-8.098602584479692723e+00
-4.393443847006301972e+00
-3.110596971060203941e+00
-6.315653188229084058e+00
-9.161238393105580968e+00
-9.377019050889336071e+00
-1.069397466099453453e+01
-1.054478192026690309e+01
-4.745306650203875876e+00
2.386403609228814560e+00
3.307857064122551094e+00
-2.439634275682988740e+00
-7.340230396475148744e+00
-9.217553191018868830e+00
-6.798771085344713860e+00
-2.652254793611008576e+00
-5.281414654519806184e+00
-1.017512022348390843e+01
-6.943511788418528674e+00
-2.191299408263567283e+00
-3.398524064941544243e+00
-4.945821587815336429e+00
-7.738977753723025321e-01
-1.686474341661584830e+00
-6.923229907052292909e+00
-8.908080710672068747e+00
-7.871688516241615474e+00
-5.743555777339409474e+00
-4.082903002223880584e+00
-9.305206379668827521e-02
3.973399483243215680e-01
2.317019693004444214e+00
5.779665014369238740e+00
2.819690499785924676e+00
2.134229500185792272e+00
4.518157023267423078e+00
7.632339953262549770e+00
6.016497568957449360e+00
-1.065174490880125058e+00
-5.894884717785188855e+00
-8.909087659632632494e+00
-9.000021185321180894e+00
-9.247889609269895672e+00
-8.060728267312580186e+00
-7.645200533148352129e+00
-1.167601392314786146e+01
-1.096728263539452186e+01
-8.723882296528303826e+00
-6.151360245548059602e+00
-4.963467337833790793e+00
-4.618672626824679384e+00
-2.920285030838826845e+00
-3.479066111101549286e+00
-6.489056791641449884e+00
-4.270657774613734858e+00
-2.029845554512453187e+00
-6.899457837346042233e+00
-7.149365340131775604e+00
-5.181140484213171860e+00
-6.932759535186450606e+00
-1.044723773548140855e+01
-9.694141353764358371e+00
-5.323150546216150580e+00
-5.139218127281121262e+00
-7.066118772567531181e+00
-8.201996576285221607e+00
-4.847363433484288997e+00
-5.733717545772676338e+00
-9.858097583023150534e+00
-1.370122071559423382e+01
-1.613574943325971134e+01
-1.559579949059867054e+01
-1.459124021157010809e+01
-1.504547202759588842e+01
-1.567165187745121990e+01
-1.550776947165764419e+01
-1.503130604149988159e+01
-1.351802958946469069e+01
-1.105655023523775959e+01
-1.007598362381643220e+01
-7.575690611341667768e+00
-4.861486291392905557e+00
-4.576825903163926235e+00
-4.269035852903643402e+00
-3.158222029416830168e+00
-3.489401601201592040e+00
-5.984275266796794668e+00
-5.691346539701507723e+00
-2.254670141404919281e+00
1.735564700384749415e+00
1.649035368381217781e+00
-1.810264022849475740e+00
-6.088178931279024653e+00
-8.610819864179140026e+00
-5.306297830796864901e+00
-2.278418080054608108e+00
-3.868992433738012715e-01
5.981006401941371120e-01
-1.036937097719393241e+00
-3.916328562382175527e+00
-6.533280265969208855e+00
-5.469211945030562738e+00
-6.858679690105851989e+00
-1.018148442298196166e+01
-6.861160141318966232e+00
-6.440699746802832415e+00
-7.541805165577471826e+00
-4.642109055652992033e+00
-1.865998003306964526e+00
-2.530523009492633868e+00
-9.009816599251649905e-01
3.756678290626502825e+00
1.802976369414514890e+00
5.324110385203814078e-01
1.505801966774259482e+00
-2.754298080771078738e-01
-3.455062407374624556e+00
-3.549504294461301335e+00
-2.855226366164692386e+00
-5.264271651349975656e+00
-7.070778934124844817e+00
-3.604788025679478203e+00
-8.687706694426829968e-01
-4.677801509690462822e+00
-3.990828714300650670e+00
-4.776956476785836903e-01
-2.012638538175635539e+00
-4.461797179089434628e+00
-6.507420614298457195e+00
-7.373237052558678783e+00
-9.665054659361253186e+00
-8.583929010177119068e+00
-4.173283441792849935e+00
-7.459147113858728417e+00
-1.020809567307104260e+01
-8.671861292406143562e+00
-8.770417983778180826e+00
-8.056682048210326741e+00
-3.478136772057416781e+00
-2.348509568594408847e+00
-6.048509448991167048e+00
-3.977190947482327488e+00
-2.932243429212404440e+00
-5.108422425038281034e+00
-5.418355907813354300e+00
-4.096792507120147420e+00
-4.956314886736179481e+00
-7.760631893799987857e+00
-5.225846013716655136e+00
-6.569752869323209898e-01
-4.771594731468132289e-01
-1.864923177360857443e+00
-1.444636272998949700e+00
1.042852203610840967e+00
4.544893346958932767e+00
1.061635614512342451e+00
-4.001833674545076658e-01
5.629404043801191193e+00
8.956363368576534256e+00
5.109627624570424409e+00
3.077488053803377976e+00
1.319836618383536386e+00
-1.942740441242952310e+00
-4.268614293986815689e+00
-7.265249225678987344e+00
-6.112857714259976483e+00
-2.744200241114674199e+00
-7.082991986994536804e-01
-2.639312108018232461e+00
-3.745896667091511034e+00
-1.669209049540494760e+00
-5.308749347931873697e-01
-4.086849266277222670e-01
1.337043274729982523e+00
3.320097719184137652e+00
4.932004148266491583e+00
4.249703574734540190e-01
-4.657192161941899222e+00
-1.705229675069390716e+00
2.453521618097753709e+00
3.184477203405742252e-01
-3.818890424030992214e+00
-4.484808768579245708e+00
-4.772699289345653462e+00
-3.109882976785662834e+00
-1.578956772820528487e+00
-6.282654595459503000e+00
-9.343012187906373001e+00
-1.012106927063219430e+01
-6.734560144024499984e+00
-2.454138775177986620e+00
4.719030172313523619e-01
9.960419941153509926e-01
-3.860157396008070396e+00
-5.322599869047020427e+00
-2.868465865083717592e+00
-3.779100994668757707e+00
-4.184000578156833683e+00
-1.323523804865677223e+00
1.096526212011843748e+00
4.649821510101810773e+00
7.151863989815555378e+00
6.369257614218340358e+00
2.306968206375845654e+00
5.063961336001888469e+00
6.519642950044969965e+00
4.232209411785701647e+00
4.844997825536729863e+00
5.474766955737285556e+00
6.646188658796712723e+00
8.186177466447416506e+00
1.000682063588433124e+01
6.650463079808811351e+00
5.155035071015128256e-01
7.179880835218759305e-01
2.915974190275447686e+00
3.806622605907115542e+00
5.219696081490229567e+00
9.968904564713301220e-01
-3.969394933330783193e-01
4.861727656066040737e+00
1.763334196525189856e+00
-4.699431592172599315e-01
-1.831213311435678781e+00
-3.305334654264726169e+00
-1.865159621705273496e+00
-3.224085643467760054e-01
2.556699275540617933e+00
4.254876565827096613e+00
3.133606230231053669e+00
1.996454862607803138e+00
4.068678133374270089e+00
5.480270791232686456e+00
9.064798854438260278e+00
1.059034456351373343e+01
4.717808394397913219e+00
5.507470140443040840e+00
8.017730582910786552e+00
4.743558895917086460e+00
-2.764532074041133880e-01
-2.658658713983910182e+00
-2.730859036187976763e+00
7.924946547399950303e-01
3.358201738319791740e+00
3.558251852138827331e+00
2.777521048034377049e+00
3.285632362842796361e+00
4.623505621418838807e+00
4.922998178402616887e+00
5.095839049496895257e+00
9.563455895427842579e-01
-4.390554668543900974e+00
-3.146170261369925392e+00
-1.872773043525033654e-01
2.096457388063091565e-01
-1.000318233583413097e+00
-5.390980378231191583e-01
1.068519601838332944e+00
-3.825047906474203785e+00
-4.585005112053192278e+00
-4.790738522577338898e+00
-5.850988922902970124e+00
-2.822427845463670870e+00
-4.280816314286472135e+00
-8.340956841861922655e+00
-9.670406033302416660e+00
-6.454120607914376251e+00
-2.697895493698757807e+00
-3.982891788922781728e+00
-2.234704763320074505e+00
1.007527261834638005e-01
-4.480778691577108397e+00
-7.721146336404675736e+00
-7.001430785351001163e+00
-6.380243415998550383e+00
-2.098600043239430057e+00
5.208542385453773793e-01
-7.845563820618287609e-01
-6.534779409274557693e+00
-6.037619875211439613e+00
-4.008152894650676146e+00
-6.408959283767281967e+00
-8.801160561057461251e+00
-8.649940749757815794e+00
-8.436369634815122254e+00
-8.494355772297707219e+00
-5.245555269995129777e+00
-4.929989414569210915e+00
-4.503957129369186241e+00
-2.544856764138466509e+00
2.346416769245232903e+00
8.913108516063648068e+00
9.002419182716256074e+00
3.755902222157967429e+00
4.440913353578307188e+00
5.114269329014031307e+00
5.088220362691347809e+00
4.391956716466045130e+00
3.313971643274178813e+00
3.348694022922360070e+00
4.537447193536789491e+00
4.105124947432100768e+00
-4.191805316081025773e-02
3.743598768127668563e+00
9.468735556178002000e+00
1.023941336576427119e+01
8.333291550232988953e+00
6.709405867590919392e+00
6.948198838044677750e+00
4.671883947142039695e+00
2.676011990590017486e+00
6.187393412847648655e+00
4.921959730229144014e+00
3.969873808708364926e+00
6.004593880679327533e+00
4.441701094533553551e+00
3.875785646839280396e+00
5.971783618817642747e+00
4.404505899690192017e+00
1.743590376947320886e+00
-6.528484706253943060e-01
4.127125263706914460e-01
4.150010504324644911e-01
9.460558218564897315e-01
1.208397312522902167e+00
1.104369387680297576e+00
3.932178356920405182e+00
4.568869730182545830e+00
2.556420074754049754e+00
7.703618962597553743e-01
-1.325667562060056426e+00
6.370778499991364141e-01
3.122133441977490875e+00
6.613362487165145298e-01
2.173613516758269526e+00
4.512193537018442058e+00
4.004196682975686095e+00
2.651182091594739276e+00
3.157912636910933379e+00
3.129865115393136943e+00
9.581302400137938768e-01
-1.760940994984124541e-01
-4.400283261911450139e-01
2.152474434423253147e+00
3.668650247093555361e+00
1.566691708340675726e+00
3.270945573218999036e-01
1.159352170745718391e+00
4.850229335554463894e+00
7.573608891662940934e+00
8.716180743762585337e+00
1.016423706390304105e+01
9.284906983298469640e+00
2.282051763057162397e+00
5.144042369034988127e+00
8.392070808627810408e+00
8.875065081063148398e+00
1.217606417937138552e+01
1.520972425532311867e+01
1.552961920699278231e+01
1.256774319657589167e+01
1.133033994605543349e+01
1.368613722386568199e+01
1.256091247657870547e+01
9.951118272458106873e+00
1.386625070530273085e+01
1.630585611091419906e+01
1.515391959495403995e+01
1.351696413319551837e+01
1.380272261357651686e+01
1.241219445195290660e+01
9.023892694219425081e+00
6.363917234056127192e+00
6.508702191874822240e+00
9.265920314283476955e+00
7.653749992689940385e+00
5.970619274152458189e+00
9.240337277665769733e+00
1.015816588861606640e+01
1.069168702958761941e+01
1.017762676023622070e+01
9.586181671729368858e+00
8.735954601400310437e+00
4.278025043351440182e+00
3.539794427360312135e+00
6.473543999465145582e+00
7.960851190882417328e+00
8.856879612562224224e+00
1.150822081292862720e+01
1.430731892866132782e+01
1.488833259912850515e+01
1.284767954972054582e+01
1.013989375989540420e+01
1.298796141803658699e+01
1.581560585214187675e+01
1.514379553438876691e+01
1.621351196894984525e+01
1.597188724323847886e+01
1.181998892373637489e+01
8.085921826006526203e+00
8.156903985516233746e+00
1.082758453231803486e+01
1.012771091330868600e+01
7.818513129952409102e+00
8.846414154035047162e+00
1.167262964844902484e+01
1.109826530598604499e+01
1.077146799130441757e+01
1.473684959677761341e+01
1.616496655576299091e+01
1.526040992333399160e+01
1.550615652550473555e+01
1.718828000078621798e+01
1.761460589784622854e+01
1.625632184562881122e+01
1.515066060394819658e+01
1.740507018159779662e+01
1.875296956907763146e+01
1.821160550520847110e+01
1.785389846641511014e+01
1.838808278628378190e+01
1.842391043653212535e+01
1.749592640218231310e+01
1.818625014253829875e+01
1.826301043421549153e+01
1.804266038868607325e+01
1.705489416095293009e+01
1.604995996842371753e+01
1.810133717481583204e+01
1.787123751112663328e+01
1.419504527684131645e+01
1.485423133852261834e+01
1.681827077464138753e+01
1.718611627888497040e+01
1.731919657216225161e+01
1.697701561972396078e+01
1.630407631098590571e+01
1.417388727303184126e+01
1.368128338519322185e+01
1.435217074704805995e+01
1.480357284364504444e+01
1.309230505213334439e+01
1.319212489980100145e+01
1.257595577393023767e+01
1.026358206785823057e+01
1.291604530702470832e+01
1.571536672361264841e+01
1.683963805690418525e+01
1.565963492836612936e+01
1.559873059591133782e+01
1.696396549441737633e+01
1.662363696288441872e+01
1.374072793060393494e+01
1.273810102491010632e+01
1.306577598237976545e+01
1.177639729863670404e+01
1.205122224607107029e+01
1.410176116464529983e+01
1.624994197905740378e+01
1.673526087525259598e+01
1.738422630915586709e+01
1.819481285369921153e+01
1.791541848639587542e+01
1.620536813370783236e+01
1.294366579630293401e+01
1.630521153767970688e+01
1.809519683804361279e+01
1.700344333218404458e+01
1.796239657766849618e+01
1.853055953286576951e+01
1.847799694403202153e+01
1.816530874202357637e+01
1.740156788361434437e+01
1.773242234649391236e+01
1.836512217915946366e+01
1.809240345802284367e+01
1.529910396743054513e+01
1.436793451669934285e+01
1.496703576573101202e+01
1.567234636550834281e+01
1.707869853564947604e+01
1.778637024022853907e+01
1.802233716596905211e+01
1.751035907954188531e+01
1.680349882067338285e+01
1.627435693007262429e+01
1.342384090115680628e+01
1.315997413195723631e+01
1.104295703201052170e+01
1.153479734403253509e+01
1.146183743205671846e+01
1.282444454554449820e+01
1.462364956620705669e+01
1.186965425821031772e+01
1.058991042774225910e+01
1.054829520763982842e+01
8.999504009333065824e+00
8.922207651366491632e+00
1.222302272297454273e+01
1.529367908955497946e+01
1.532465197233684506e+01
1.347001906286693540e+01
1.566321242317586027e+01
1.637945846542175943e+01
1.580264292340099708e+01
1.462051368206241442e+01
1.452846288533266694e+01
1.607179718625325648e+01
1.469083069125322361e+01
1.179215317577344635e+01
1.345791720847355144e+01
1.555558117088571102e+01
1.434556023211836973e+01
1.149265263008795124e+01
1.064258214016079229e+01
1.490510919998015460e+01
1.620874950790761204e+01
1.511596726273673852e+01
1.278783617592449851e+01
1.001622425230803692e+01
7.479213184080793830e+00
9.996236203870621395e+00
1.090000977407562388e+01
9.603069774668163916e+00
1.310753648564799256e+01
1.641313871873935781e+01
1.600283978032060972e+01
1.647429485845668751e+01
1.812810470664618023e+01
1.870489851940368098e+01
1.801124705051172370e+01
1.696296565692659541e+01
1.634382211455847767e+01
1.559531267283479750e+01
1.599365827049072308e+01
1.734551549761552636e+01
1.676212951267645579e+01
1.712722734251341450e+01
1.630368698180332387e+01
1.547220853986307709e+01
1.501340477341298296e+01
1.273462744975187810e+01
9.289122788229018823e+00
1.209838344101979857e+01
1.417495965662719293e+01
1.255066410433289548e+01
1.445458333704135434e+01
1.629241340484312772e+01
1.699931540135565200e+01
1.790566938762832194e+01
1.611515361436454086e+01
1.321027317711028104e+01
1.435440938697946578e+01
1.705989546855548866e+01
1.795311920697301389e+01
1.715660958176630047e+01
1.767648154105585689e+01
1.725743054782677177e+01
1.392942108863187300e+01
9.920473376396241605e+00
9.244006457224852369e+00
1.000168198094238647e+01
1.204139586696859610e+01
1.321076939234336578e+01
1.146034736223246675e+01
9.896339503981746333e+00
1.070153433007054389e+01
1.256530825217089209e+01
1.363025057761958436e+01
1.134237835712937503e+01
9.403813496506295166e+00
9.270944044954116947e+00
6.112359103695316875e+00
2.115633864949719722e+00
1.194983135999405199e+00
5.822118365928570682e+00
7.185809821172065348e+00
7.627907576711236537e+00
1.074849432920278325e+01
1.253881933530095516e+01
1.394744955466185310e+01
1.660692175203037735e+01
1.788486139830107646e+01
1.803095126003832860e+01
1.786214475059544782e+01
1.856917153409435173e+01
1.789590189474964887e+01
1.632155475423769886e+01
1.367892755262446514e+01
1.135325930534917838e+01
1.314315753336719972e+01
1.195035463996995873e+01
7.436324158622037217e+00
4.946398651495440113e+00
5.786849002179020651e+00
8.293057353354347683e+00
9.725770936659484889e+00
1.188575755796249744e+01
1.506938732551862259e+01
1.638012939062713258e+01
1.742300178388499887e+01
1.742200346955217682e+01
1.759593130791791893e+01
1.794934863560645155e+01
1.808943633297242926e+01
1.821826040646836375e+01
1.784631628153803717e+01
1.753939941023762472e+01
1.846213417046159222e+01
1.730398040214863187e+01
1.334812858164160332e+01
1.336875045930882422e+01
1.574682398628210045e+01
1.680847692878834110e+01
1.670703848829919380e+01
1.567082393253183881e+01
1.616630111867655373e+01
1.761768111312228413e+01
1.766768578209168794e+01
1.686034653431844887e+01
1.567555790154373696e+01
1.512137968569972557e+01
1.580655736997818295e+01
1.617240213961740025e+01
1.681671405151640641e+01
1.771283536448094154e+01
1.550263139197248208e+01
1.523492833087857079e+01
1.856323648419878580e+01
1.693620620337999227e+01
1.638425517605645965e+01
1.551823901176066123e+01
1.738500112161563749e+01
1.792727811188939668e+01
1.737411052845916615e+01
1.871320423146018186e+01
1.907999457979456892e+01
1.924477353127117851e+01
1.882626659390928481e+01
1.785548413792044187e+01
1.809869952593600217e+01
1.656036092531400428e+01
1.682296366334943016e+01
1.750336623526920476e+01
1.753441753565853389e+01
1.867545008951634244e+01
1.845870958320956134e+01
1.756038612380948649e+01
1.764931851286100084e+01
1.792641778251228857e+01
1.832825455963083172e+01
1.747345496829777289e+01
1.680024189612733565e+01
1.849594423235197027e+01
1.922404889314692156e+01
1.830374712620652389e+01
1.757894562898417590e+01
1.736135148828155295e+01
1.581191088005537893e+01
1.396343861208558934e+01
1.584957866917632607e+01
1.762152599603683001e+01
1.726703167787215065e+01
1.626620434826318728e+01
1.505395135368340576e+01
1.318712434767460273e+01
1.272103537663030437e+01
1.540245046830854037e+01
1.641735362831827771e+01
1.640656314439477015e+01
1.677007887966975375e+01
1.808584960129441654e+01
1.885388167144417082e+01
1.843121595973591553e+01
1.688316939957552165e+01
1.383420768636238307e+01
1.153324527736180727e+01
1.332323481486855599e+01
1.719343323640897481e+01
1.803104892675969850e+01
1.665039667864956741e+01
1.668264867807131679e+01
1.685899027041468656e+01
1.699752997813150301e+01
1.831055854279641437e+01
1.871354273107187893e+01
1.725170582088034266e+01
1.434110425417368972e+01
1.194287354671844881e+01
8.407761486614463209e+00
9.740626074137109569e+00
1.538673686836632548e+01
1.516197799816961123e+01
1.138058679416395158e+01
1.217478641997094790e+01
1.435871361831416060e+01
1.365091874570984487e+01
1.143377524558909286e+01
1.061308642080513920e+01
1.124885903790331376e+01
8.859052650906241055e+00
6.283323631644912588e+00
8.438757799100972790e+00
8.358937054989002746e+00
6.409516197511686997e+00
3.925405553183141105e+00
5.749157846120172000e-01
5.863358423307048817e+00
1.406601860415093164e+01
1.652348377400223711e+01
1.658111794251851379e+01
1.496839264980042650e+01
1.561770976430859115e+01
1.803914454063931672e+01
1.776329431642228585e+01
1.723026893092527700e+01
1.549213729900469261e+01
1.541278611903534923e+01
1.735508523709458473e+01
1.793835139526804667e+01
1.903188427097945734e+01
1.926580965579260862e+01
1.945263163163949116e+01
1.945358294169284363e+01
1.949325089467755490e+01
1.888919699427283660e+01
1.804971158129646724e+01
1.799495338645851206e+01
1.751782116864434613e+01
1.603256270773334080e+01
1.496771325971074340e+01
1.638182917563720409e+01
1.489166694371217048e+01
1.586963778743081122e+01
1.677803546397424839e+01
1.326115397870583834e+01
1.151215418002212765e+01
1.294802600223489542e+01
1.640429978982410830e+01
1.709941531430411388e+01
1.546631326980894983e+01
1.393276115946780713e+01
1.362779029790863916e+01
1.523410858260336553e+01
1.754030632648060006e+01
1.887045227923519874e+01
1.858343272118995060e+01
1.850496541140383400e+01
1.667547768986772283e+01
1.353279803528853442e+01
1.153927031357965127e+01
9.418314617464220717e+00
7.902212151443989363e+00
7.918579177298168403e+00
1.151507802522858981e+01
1.175603329782156159e+01
9.775628468917275882e+00
1.256055717836369645e+01
1.315808611628613356e+01
1.457332156603487228e+01
1.583020880356669124e+01
1.298123227373068111e+01
9.390076792179501197e+00
1.165583495270157677e+01
1.311432766105278169e+01
1.109898326488040077e+01
9.786854008938632887e+00
1.012344049296359216e+01
1.164866249432430223e+01
1.322554499719289289e+01
1.366740935100395227e+01
1.495749811634699178e+01
1.090889895569772960e+01
4.939434024826589997e+00
4.695169495128330261e+00
4.563306994612486456e+00
5.935261165925130200e+00
5.869037154558655267e+00
4.010097091851039686e+00
4.382576747373313708e+00
4.055678591337056105e+00
2.632404140195197861e+00
4.266563428522669454e+00
6.920481664630537821e+00
6.283010260307976935e+00
1.762693078335560770e+00
-1.288968608763051860e+00
1.708741043704001372e+00
7.106707179865635382e+00
1.120610125981932015e+01
1.348432618504359937e+01
1.249099977078333978e+01
1.416025888623279982e+01
1.578865605222726742e+01
1.316538243367106986e+01
1.038049378760187125e+01
1.260778605244168737e+01
1.349315330236967192e+01
1.343623565988787405e+01
1.314287082907822501e+01
1.167206919143628951e+01
1.319016824211922767e+01
1.130428179023041046e+01
5.298346873239768939e+00
1.084591829081130321e+01
1.506640317473249979e+01
1.442303260312081647e+01
1.530884469019131799e+01
1.207383052915014154e+01
8.154762316191691340e+00
6.786012892890543213e+00
4.156803210264862436e+00
5.471597949449405363e+00
1.020179468550717594e+01
7.584758696203898864e+00
2.302041130321990536e+00
9.188216119183106878e-02
5.068654480109694660e+00
1.300555563627661471e+01
1.611871741093948884e+01
1.659298886189656486e+01
1.672918221918417814e+01
1.801735217744505491e+01
1.842838837722851153e+01
1.756215416539592056e+01
1.475952082832823997e+01
1.502505422971179883e+01
1.680771461922128296e+01
1.760835796852207835e+01
1.613246414188505184e+01
1.491470369441337951e+01
1.444764668575585276e+01
1.618580375147755746e+01
1.716322291700731029e+01
1.723237416027386715e+01
1.619787869351791088e+01
1.263676566205367102e+01
1.409087627369965467e+01
1.765295136569165635e+01
1.845777185276750032e+01
1.749940316206481228e+01
1.534758931612087984e+01
1.542755330488203391e+01
1.595504935473010555e+01
1.560340369351984968e+01
1.692646497920032900e+01
1.811228228913137883e+01
1.797719083455454836e+01
1.753395621925553272e+01
1.587245639994838697e+01
1.710758467344162526e+01
1.634544326288490268e+01
1.156373496345131535e+01
1.061733305759227619e+01
1.066354686226017634e+01
1.303519656306957408e+01
1.569240627098255736e+01
1.609711719865891411e+01
1.523914939988581807e+01
1.243777538168552255e+01
1.214888350074003753e+01
1.420003582938091569e+01
1.390353105591373506e+01
1.075778582262836736e+01
9.592970046336983359e+00
1.418881744718993865e+01
1.556204775946978813e+01
1.519305487713787350e+01
1.304642035835390246e+01
8.854914480655441622e+00
8.598681444508626370e+00
1.244813522457913457e+01
1.471086773041378137e+01
1.319978461344076237e+01
1.306165865986065100e+01
1.328782222049133743e+01
9.513915701324679119e+00
9.297511727059175612e+00
1.365119751823005423e+01
1.217765408380825853e+01
7.228542545302637734e+00
1.037433111248895479e+01
1.271475742608476267e+01
1.227445636667613726e+01
1.443148103591247988e+01
1.365606186843285208e+01
1.430490900532860010e+01
1.691584509142525761e+01
1.699930579824332000e+01
1.800693813761060369e+01
1.741807443507762798e+01
1.472681936773301281e+01
1.474306087503662965e+01
1.540266961630573306e+01
1.529132871533419191e+01
1.538493541103976803e+01
1.751932386117166729e+01
1.826605104269909319e+01
1.473999410920318454e+01
1.075223010638754850e+01
1.182746273998674980e+01
1.258081514439376214e+01
1.017926993387936996e+01
1.080047128422758718e+01
1.179014050790722656e+01
1.181758417754409685e+01
1.196557552079886300e+01
1.380694879553607279e+01
1.767345850433126131e+01
1.747731155384734336e+01
1.484599737662706431e+01
1.509320734871523939e+01
1.452509986822357568e+01
1.598865298907517030e+01
1.792293131885230295e+01
1.793002247901149460e+01
1.724414005697507690e+01
1.720480090046969579e+01
1.738654158942265937e+01
1.675420836360057919e+01
1.684731530030928681e+01
1.620014128580447021e+01
1.475543757699622738e+01
1.646504100852343555e+01
1.678972379556718408e+01
1.683374437132825818e+01
1.629905384628646914e+01
1.473253158757280801e+01
1.113016329727017251e+01
8.778259696831769432e+00
1.043332738330461140e+01
7.174803068891810298e+00
4.571697841738249224e+00
3.770612357339729215e+00
7.345602115503523599e+00
1.071844192445014521e+01
8.009148274433528059e+00
8.359272394860250088e+00
5.364736694904485681e+00
3.625504286701104473e+00
4.625886279295669645e+00
5.856104552776332461e+00
9.458787564352798327e+00
1.051069392245828205e+01
7.303958604310804681e+00
4.998094662641005215e+00
6.359648390348247027e+00
8.026969916706207187e+00
7.190480845127958709e+00
3.984834229163635833e+00
3.039272578670250358e+00
2.679037863369612804e+00
2.034947183540657956e-01
-2.340408085380315306e+00
-3.409058870286595155e+00
-3.301675255121670371e+00
-1.964566593459944333e+00
8.943530377153570132e-01
2.775220774058425821e+00
6.418643747419441326e+00
8.421737567795119617e+00
4.190655798425955147e+00
5.542251225225899525e+00
9.135312661521385991e+00
7.556496885238618511e+00
8.104371260521645581e+00
8.200986644175296547e+00
6.884963103819232266e+00
9.086303944628262741e+00
9.048523538213384398e+00
1.009658381814684347e+01
8.924802886732656759e+00
6.084893761315662175e+00
7.685839884485709206e+00
7.187296725862675650e+00
8.766353477840112873e+00
1.173523248388930362e+01
1.198998740838050381e+01
1.099868556653668250e+01
6.455220710445997767e+00
3.376396461246528258e+00
3.314255247183370390e+00
3.124376820205075678e+00
2.987231481904144559e+00
1.879532501195637639e+00
5.353569337710628595e+00
1.003183091752757150e+01
1.041912117285590256e+01
5.546555113660902592e+00
1.982200819578767481e+00
7.599785933974617658e-01
7.434207288208989350e-01
2.792884905377551519e+00
3.133198116883399997e+00
2.952782342950639016e+00
5.903466058111900061e+00
8.417973547721480543e+00
8.780463502880671456e+00
8.801626052456063221e+00
7.522903271777535927e+00
6.338911694794168383e+00
4.336110717529301439e+00
1.392707791395414008e+00
2.430299377361511692e-01
-1.373174488417300942e+00
-3.994906690098025681e-01
1.015624946272279505e+00
3.789556725984266627e+00
9.401579263357788818e+00
1.131469966160949348e+01
1.048842993081020936e+01
1.079783350129076425e+01
1.318038973507013445e+01
1.393514546573615576e+01
1.345092526375141340e+01
1.276490847742307011e+01
1.068048515639990370e+01
8.684563957713077542e+00
1.043822242726393945e+01
1.041272287289494258e+01
8.782735585707108328e+00
1.003369433127747890e+01
9.695565891675251180e+00
1.093783158099469688e+01
1.333493093983443245e+01
1.373462064201573085e+01
1.201640330308535454e+01
1.090858352685777533e+01
1.214633779064084429e+01
1.399973245502525998e+01
1.513304787888247915e+01
1.561040615409904397e+01
1.429262126034142533e+01
1.217241851865349744e+01
1.043202034805330669e+01
7.930906999581242012e+00
1.026178392753413604e+01
1.182785107746676267e+01
1.234457950747190402e+01
1.237793032003509630e+01
1.028373073659234294e+01
9.195123444081964692e+00
1.004247853943206970e+01
1.027056147702810307e+01
8.663559375655649930e+00
6.365731525213197628e+00
4.061935701402663135e+00
5.995500539597048650e+00
1.140432174121319697e+01
1.295827293515086254e+01
1.261539890532604247e+01
1.170219280820198016e+01
1.447025333952700166e+01
