-3.661805331932284524e+00
-5.294293824963219208e+00
-5.507165605873765024e+00
-4.627905118942622131e+00
-5.745272471296793526e+00
-7.286195357947377715e+00
-8.398423752947055121e+00
-8.731691260831478729e+00
-1.006059558626561312e+01
-1.095153633263429072e+01
-1.095399717679616991e+01
-1.143619715167369577e+01
-1.094008251645968954e+01
-1.110784222007072053e+01
-1.233894445292145114e+01
-1.223209952470834239e+01
-1.265833831588116176e+01
-1.326995544876080935e+01
-1.262515691624809300e+01
-1.128275834290332291e+01
-1.005365909965508209e+01
-8.303021353805561944e+00
-7.981927331242212986e+00
-8.274657712751070093e+00
-8.316363284666049793e+00
-8.993229215704955593e+00
-9.225164605350167690e+00
-9.606272794833781603e+00
-1.005908032562784982e+01
-9.524740656720782184e+00
-8.962664875996598113e+00
-8.822670964472136390e+00
-8.699118927200588658e+00
-7.854475400661265816e+00
-7.219184034400591976e+00
-7.487364362657947581e+00
-6.722774116190179505e+00
-7.132746671832380869e+00
-8.497489222661231523e+00
-9.219742230491943857e+00
-9.382720832661835431e+00
-9.880789828012604303e+00
-1.063588635175891817e+01
-1.170602194621191394e+01
-1.297750310665024642e+01
-1.371456038169397118e+01
-1.333421661649069812e+01
-1.206598935521616234e+01
-1.068154740703860384e+01
-9.937838077974923578e+00
-8.829632935466893429e+00
-7.297399842189603802e+00
-5.599856488491341544e+00
-3.554316587268529393e+00
-2.834299458980833464e+00
-4.109667010310628754e+00
-5.202266191901083303e+00
-6.191056872005963996e+00
-7.665848801185894956e+00
-8.533280083616940459e+00
-9.489007774788792204e+00
-1.087200057779861062e+01
-1.154259853326596108e+01
-1.105766813273970506e+01
-1.027777222145931368e+01
-9.208027729765701608e+00
-8.214423060022411960e+00
-8.178133353153102192e+00
-7.951698142635981625e+00
-7.114915654562294023e+00
-6.297550513429197139e+00
-5.541974690786460656e+00
-6.346664553369542716e+00
-8.861661575694862236e+00
-1.045032243179731068e+01
-1.132805334105997375e+01
-1.168362996509656249e+01
-1.146286708434768364e+01
-1.111008705227048132e+01
-9.788656836614929801e+00
-6.736253645500066334e+00
-4.847472581859131324e+00
-5.706327044963368067e+00
-7.689301330742352114e+00
-9.594735375716922476e+00
-1.078922394430161802e+01
-1.106674855824475934e+01
-9.992092811786029927e+00
-8.283393385799273645e+00
-5.560247645231935820e+00
-3.572013453652939319e+00
-4.811748961336916430e+00
-4.538871860112545953e+00
-1.814734673013476574e+00
1.641583951871570024e+00
2.193005250031838660e+00
1.435207678859060199e+00
-1.921486500292541311e-01
-2.819597858513708921e+00
-5.596609864555058600e+00
-8.292706494168287534e+00
-7.598532989708109753e+00
-6.931392611461674846e+00
-6.733329116827537320e+00
-7.056887302783358074e+00
-8.905598228738806910e+00
-1.027334539261363489e+01
-1.077850144623131179e+01
-1.176139029316866313e+01
-1.211358218750081761e+01
-1.074561955546011305e+01
-8.665727561109806132e+00
-8.923380988377449086e+00
-9.625999667849299612e+00
-9.325285299781418402e+00
-9.576756504729150521e+00
-9.064192255870018755e+00
-8.953538580422970128e+00
-9.084318038636887138e+00
-7.794137297237324624e+00
-6.514209114016981772e+00
-4.754632600673422083e+00
-2.643827212675207594e+00
-2.160796117200765032e+00
-3.645373687576136668e+00
-5.814326263540039896e+00
-8.146179814525558172e+00
-9.301361813747259788e+00
-9.530040269143944087e+00
-1.045058747509675712e+01
-1.111081189788344936e+01
-1.005603658028966230e+01
-8.310916427120448091e+00
-6.466461211400982734e+00
-4.603055751998869738e+00
-5.318641227345376699e+00
-6.197070925546658060e+00
-7.040374739587041297e+00
-8.755950627055973712e+00
-1.036509140492379899e+01
-1.107834586834397150e+01
-1.150854946996031281e+01
-1.178422822408307091e+01
-1.130154494045377334e+01
-1.228379696910223906e+01
-1.328994074990194996e+01
-1.306796628925997972e+01
-1.153702712346714954e+01
-1.153559806246064490e+01
-1.142351982702015256e+01
-9.565740752367073441e+00
-8.571341949712037334e+00
-6.511432711417760366e+00
-5.522123144309969867e+00
-8.122551009508624631e+00
-9.614669412896995837e+00
-8.305257793601095173e+00
-5.996402658759007132e+00
-6.558109964921156276e+00
-6.000139509381485325e+00
-5.383849691350034661e+00
-5.794280223456232726e+00
-5.542431052392717383e+00
-7.318083378308493536e+00
-6.521412615718880978e+00
-4.068794403029359685e+00
-5.909555349656692158e+00
-8.491012802989667207e+00
-9.738259691000003215e+00
-8.659074482363742220e+00
-5.322411729321386176e+00
-5.018765657259287138e+00
-7.008843858517630032e+00
-8.835556718000066923e+00
-1.068812685184355082e+01
-1.095031912648018313e+01
-8.997073560846722273e+00
-7.324001529339840388e+00
-8.663435380940438080e+00
-9.693813546363047706e+00
-9.433801135227534829e+00
-8.589146470965918212e+00
-8.028030101666185914e+00
-8.225814644489728877e+00
-7.344915772543469501e+00
-6.660638383260241824e+00
-6.499009786749587292e+00
-5.520809333741522273e+00
-3.618819854445996853e+00
-3.385048285552001879e+00
-5.707481808055825390e+00
-9.127812459046888094e+00
-1.147706258028273574e+01
-1.060062409922823434e+01
-7.644578946351614945e+00
-4.605021331043041677e+00
-2.902396376457144545e+00
-3.560522810399446403e+00
-3.624951029839014183e+00
-3.460506845980010571e+00
-2.061234671630626014e+00
-8.644541122728088833e-01
-4.207096067930974570e+00
-6.633188158858192018e+00
-4.434549279155363344e+00
-2.361819855434387438e+00
-3.608671951660296529e+00
-4.239095825724942479e+00
-3.379443029392691589e+00
-2.479686960056603606e+00
-2.335867567428543623e+00
-4.466530906779569321e+00
-3.639029003132602469e+00
-1.347759133424279998e+00
-2.933494333941573995e+00
-5.152205671552546384e+00
-8.180946579606453994e+00
-8.657101639278540262e+00
-6.030716000699182011e+00
-3.800583211487362778e+00
-5.782878382480694412e+00
-7.714760994515459380e+00
-9.008242160339637650e+00
-1.106255531462345409e+01
-1.240815456726951460e+01
-1.269951214339995182e+01
-1.093636119355754310e+01
-8.546224013559456267e+00
-7.075867768743659525e+00
-5.535652870728398511e+00
-4.236968089348077449e+00
-2.977330738147522471e+00
-4.067850512383866857e+00
-5.820214571643469448e+00
-6.444390405342684147e+00
-7.241954717556007282e+00
-8.498268920729172393e+00
-9.316178071634618973e+00
-9.057488346728062467e+00
-7.444626866195767967e+00
-4.559878948099602702e+00
-1.574356153035337380e+00
5.311685805380252923e-01
3.393873814480671269e-01
-2.396422021215779186e+00
-6.260495835964011491e+00
-7.054170422237508120e+00
-5.025589816028952939e+00
-2.047597791843915882e+00
-2.428538691216122203e+00
-5.007613136547679922e+00
-3.864897740205220256e+00
-3.219762414093595204e+00
-3.586062714752750846e+00
-7.097145993564010213e-01
9.291214088802836057e-01
1.889082291591602347e+00
4.684902327409005807e+00
8.402047457662883190e+00
1.001250878039359726e+01
1.064537645277387945e+01
1.298566795269975138e+01
1.339639026764016982e+01
9.746397373429463329e+00
2.907282109500258116e+00
4.110547051059163515e-01
-8.077796405396722168e-01
-4.038455621922278915e+00
-7.476867989982377338e+00
-9.009668554782740202e+00
-8.593664549952146459e+00
-9.388824757511464725e+00
-1.072736778745023400e+01
-1.002645259792340404e+01
-9.403874961536557109e+00
-8.053992004045394282e+00
-6.350490920677630768e+00
-5.879345951126492942e+00
-6.096291776563542264e+00
-7.988812378611823029e+00
-9.461379076416164935e+00
-1.050737431920289566e+01
-9.467645712747728481e+00
-5.746737345422942234e+00
-5.106815493950906060e+00
-4.133619118071753640e+00
-4.197292936715870226e+00
-7.109491479873559783e+00
-1.150720407256194378e+01
-1.290358964468262748e+01
-1.213371642187194155e+01
-1.173353800932205360e+01
-1.069650578645522465e+01
-1.004156788586577242e+01
-1.158904748336134105e+01
-1.163227292762361742e+01
-9.122274103042542492e+00
-7.911884762753782496e+00
-9.782020148039801910e+00
-1.205030067110224756e+01
-1.337883048100896310e+01
-1.305163843334960205e+01
-1.145597418226872399e+01
-1.013407996549867107e+01
-8.340815733710696733e+00
-5.797554855056548995e+00
-3.903169262443521692e+00
-2.943107466002979677e+00
-5.973177287360466048e-01
-9.687922864358251562e-01
-2.305925135002645732e+00
-4.247695229289821128e+00
-7.206452240238789386e+00
-9.443671524341558765e+00
-1.039270469261397523e+01
-1.014497799456240479e+01
-1.059961144584426229e+01
-1.106420174858075889e+01
-1.210797834729692646e+01
-1.398517385007835045e+01
-1.442799143667420303e+01
-1.366564796198964338e+01
-1.279029809846878507e+01
-1.123527253171613616e+01
-7.599780795195496097e+00
-3.671494615244557558e+00
1.036518956458228224e+00
3.199013209349145015e+00
2.183771283492262238e+00
1.450144951781922931e+00
6.878974317196574484e-01
-2.099321927786063746e+00
-3.417409575285185852e+00
-3.591922821904533158e+00
-4.865536400006387652e+00
-6.300759776990281225e+00
-5.225236782355354492e+00
-3.056398659678010166e+00
-7.042505376435070907e-01
1.505086748590402645e-01
-1.126284163531478866e+00
-1.184731172330824700e+00
3.947093836624473440e-01
1.239756637669366279e+00
-2.527953138784169607e+00
-5.461920246865315853e+00
-3.086979330241316433e+00
-8.852082837840994367e-01
-1.473154529890871922e+00
-1.077722273474304604e+00
-2.894453260453481169e-01
-1.332051330457694194e+00
-4.218230054168849996e+00
-5.302904570786535210e+00
-5.555205181592606678e+00
-4.026553181697471118e+00
-8.568728707359871688e-01
-2.535726194488852059e+00
-6.791676098933987049e+00
-5.997923226546882702e+00
-2.844418968946089255e+00
-2.321469295335866212e-01
4.446434833004456189e-01
-1.085640918212884998e+00
-2.183581134155843539e+00
-2.319324980218683496e+00
-2.243089030541295659e-01
4.044073627494756629e+00
7.429896242636807813e+00
6.081224424702846854e+00
3.159705219804374021e+00
-6.178677360941247504e-02
-3.186146203538892774e+00
-5.152151858614805846e+00
-7.984443152885897454e+00
-8.855741884439487066e+00
-9.235817656494297978e+00
-1.099764240352906342e+01
-1.241167562074791597e+01
-1.212329483597492263e+01
-8.947109819323154412e+00
-5.975294538517250231e+00
-7.143806572979135794e+00
-1.027680835907844425e+01
-1.170810312163049893e+01
-1.281380100359641538e+01
-1.307542741150903609e+01
-1.157201748849468714e+01
-9.522527457747218094e+00
-9.574469095813885389e+00
-1.055079861120394114e+01
-1.157568169925878543e+01
-1.280154563533166012e+01
-1.219703287316067986e+01
-9.229106173298930571e+00
-7.741656589618606255e+00
-5.632186889095793347e+00
-4.295533910361248431e+00
-3.391843254847794142e+00
-8.601792998036816851e-01
-1.161680708035786602e-01
-5.198398351163908693e-01
-7.960291756073724079e-01
-1.945315684665694489e+00
-4.004660104802284515e+00
-3.704632492384975162e+00
-6.619070408612895973e-01
-9.992306261098788944e-01
-4.448056121948599895e+00
-6.055638535139115319e+00
-4.589709822864033839e+00
-3.323496477291193241e+00
-4.952143664269165413e+00
-5.676006847808581668e+00
-5.574347886717447409e+00
-4.232025957316960962e+00
5.666307030109424270e-01
8.747055519439004279e-01
-3.070967895838475847e+00
-4.294223235050157683e+00
-2.439842715812365004e+00
-3.222232076473239726e+00
-5.472881227039530394e+00
-5.804326972790891936e+00
-6.931573629283420246e+00
-8.069413424266526746e+00
-7.278195967818156475e+00
-7.364342177763663955e+00
-8.172808064273342055e+00
-7.455674064452946226e+00
-9.144541055920328176e+00
-1.147882105341661330e+01
-1.239821373676437410e+01
-1.186488800509294528e+01
-8.585613588295213816e+00
-6.362323662435581895e+00
-6.371518968453695919e+00
-4.852888401578557165e+00
-5.286144126483929284e+00
-4.449313627052051245e+00
-3.009549384868780209e+00
-3.574298403146812131e+00
-3.692166135338188493e+00
-4.334124760440974278e+00
-2.542231183477491108e+00
-1.559888076829826775e-01
-7.579523657696399797e-01
-8.915457383265040781e-02
1.045517258218221501e+00
-5.406966727320580146e-01
-1.962209304380855723e+00
-3.021336683579121107e+00
-2.172714677123131821e+00
-4.693215682134940225e-01
-9.208056329390233996e-01
-2.368571942904755367e+00
-5.175183389746864648e+00
-5.747792209143821829e+00
-6.460956363190528684e+00
-7.829612528422601692e+00
-6.786453306685049647e+00
-7.542181970210190656e+00
-8.769557047513794501e+00
-9.383371043906706177e+00
-1.072080557550528290e+01
-1.235477086981425998e+01
-1.247337827582305891e+01
-1.185020066871193656e+01
-1.180248692648811648e+01
-1.084564146096539439e+01
-8.612853988236118141e+00
-6.810928772318642466e+00
-7.363351119468322992e+00
-8.945835579180300812e+00
-9.490628225495884251e+00
-8.467483338021123629e+00
-9.648215274852811163e+00
-1.260174226560258504e+01
-1.332474135369776036e+01
-1.284293657486745666e+01
-9.804595355629349029e+00
-9.011910908816416210e+00
-1.002909493039896027e+01
-1.044945114638781192e+01
-1.074063487764306402e+01
-1.066639761864758285e+01
-1.124257942209993288e+01
-1.273016885353593253e+01
-1.262037632630375938e+01
-1.103257656184947777e+01
-8.878263701178806144e+00
-7.426877966719779067e+00
-6.139682227016680649e+00
-5.941128346776245017e+00
-8.263497710433531651e+00
-7.985912087795575154e+00
-7.886252658897769052e+00
-9.596592061648761884e+00
-9.248867261158608244e+00
-1.055897856718378769e+01
-1.136338251994565063e+01
-1.111500335108154935e+01
-1.130683933265117425e+01
-1.133731896686059137e+01
-1.163908004701770693e+01
-1.145650792397474405e+01
-1.116757534721198120e+01
-1.169332637241555872e+01
-1.305413201537445111e+01
-1.407056358865232681e+01
-1.386330204189460424e+01
-1.285624740416410283e+01
-1.128327111888447831e+01
-9.682527589848946903e+00
-1.013697374964908882e+01
-1.062462621605894597e+01
-1.205019994723166477e+01
-1.344899764800774911e+01
-1.413657919888417069e+01
-1.437948400286704675e+01
-1.460418920832888467e+01
-1.422911146674491967e+01
-1.250679273096078958e+01
-1.197922423857071728e+01
-1.011978508412878597e+01
-9.935029409391434640e+00
-1.026652484567774515e+01
-8.700049370557797701e+00
-6.008730198415801915e+00
-4.324163173923761150e+00
-4.882655885032624710e+00
-6.596037605693121364e+00
-6.042277411049986391e+00
-6.500521772267860321e+00
-9.305539100945347641e+00
-1.141337615771887570e+01
-1.244983114188082141e+01
-1.158819462384991006e+01
-1.256691671303892299e+01
-1.373022039673547745e+01
-1.353730954585661905e+01
-1.312669035460572076e+01
-1.216764212401208667e+01
-1.132821128856609150e+01
-1.090545660699000230e+01
-9.738902055932898705e+00
-8.011356974038854162e+00
-8.864616842770315586e+00
-1.017082401549257042e+01
-9.934761470954725837e+00
-9.820118793234387411e+00
-1.076309646301456979e+01
-1.187147885175871487e+01
-9.920719179994975434e+00
-6.743747847009753826e+00
-5.644020789897230550e+00
-6.866728582512963364e+00
-7.900475765350378765e+00
-8.144865238023154319e+00
-9.048031523692406708e+00
-1.077854187108069439e+01
-1.229917745593686185e+01
-1.285478935933795164e+01
-1.264249185164705658e+01
-1.233502280717230981e+01
-1.229947966587020680e+01
-1.297050258345392848e+01
-1.329319870148499660e+01
-1.253955174409345830e+01
-1.318420182246326711e+01
-1.347258466650978725e+01
-1.317524736194759960e+01
-1.335351919390468467e+01
-1.357480178559106854e+01
-1.370568590072809201e+01
-1.360149351308017174e+01
-1.304932739198986980e+01
-1.230482357397943005e+01
-1.217316744066927647e+01
-1.130397558947648662e+01
-1.048141184161415396e+01
-1.071978418784343212e+01
-1.031553367763011053e+01
-9.899846639368931278e+00
-1.041218800028446267e+01
-1.059947691959278870e+01
-1.174619017901386542e+01
-1.156612064604456691e+01
-1.047846989435875997e+01
-1.125245392432190883e+01
-1.242261244345156790e+01
-1.326496913282360346e+01
-1.290998320856803616e+01
-1.191876928337488373e+01
-1.110629297479232847e+01
-1.067996067419180406e+01
-9.574007073082725583e+00
-7.060487537031036709e+00
-8.408897917164669167e+00
-1.072870512088467443e+01
-9.768827545966665582e+00
-9.490770160571884162e+00
-9.941792095773916316e+00
-1.036936310498156288e+01
-1.009921873169747641e+01
-9.909434170033032174e+00
-9.960571334267797283e+00
-1.034223068702159409e+01
-1.061289344815607194e+01
-9.692796396034848883e+00
-1.000122831454260819e+01
-1.171538606253137438e+01
-1.151389053641596050e+01
-8.634889385077149981e+00
6.470665775920301233e-01
6.470665775920301233e-01
6.470665775920301233e-01
6.470665775920292351e-01
6.470665775920292351e-01
6.470665775920301233e-01
6.470665775920301233e-01
6.470665775920301233e-01
6.470665775920301233e-01
6.470665775920301233e-01
6.470665775920301233e-01
6.470665775920301233e-01
6.470665775920301233e-01
6.470665775920301233e-01
6.470665775920301233e-01
6.470665775920301233e-01
6.470665775920301233e-01
6.470665775920301233e-01
6.470665775920301233e-01
6.470665775920301233e-01
-6.635772472547207812e+00
-5.601591860785641863e+00
-4.387788387928500455e+00
-3.873795846462124715e+00
-7.145801183897162900e+00
-9.888384647334218513e+00
-1.109620947294741988e+01
-1.126368883120981401e+01
-9.384081781808070843e+00
-6.928388285908178901e+00
-5.456398663535906302e+00
-4.663008371458452928e+00
-5.896377573968616836e+00
-5.988308545389404713e+00
-6.898940943496784328e+00
-8.208443958251669059e+00
-8.573290521755634330e+00
-9.476498905194537414e+00
-9.885119585079943150e+00
-9.412568247223937590e+00
-9.583889637114781479e+00
-9.026497767663004268e+00
-9.606534004436909413e+00
-9.903547391981287973e+00
-9.248862980956646496e+00
-1.009625756176486888e+01
-1.214349023422156471e+01
-1.339521341940160681e+01
-1.391054222769778370e+01
-1.404532753179569582e+01
-1.358109525413747498e+01
-1.270720102851965905e+01
-1.232667934648451258e+01
-1.192389207614903768e+01
-1.209380596890174964e+01
-1.288649187410868358e+01
-1.348930536720749807e+01
-1.318294046390394847e+01
-1.183185601136499798e+01
-1.288135516311883499e+01
-1.331718337757065918e+01
-1.284142301670843977e+01
-1.241491513032909744e+01
-1.174469061805693215e+01
-1.084020649726510221e+01
-1.140407914889715890e+01
-1.233275038689432357e+01
-1.197517177512091635e+01
-1.149136540192948885e+01
-1.103539108566424254e+01
-1.041804943449786336e+01
-9.643321101879950064e+00
-1.129082045488232566e+01
-1.177938329893525804e+01
-1.289527299194918086e+01
-1.344147886400342529e+01
-1.299117073544083922e+01
-1.373035409366017312e+01
-1.329664650496825118e+01
-1.301279191348686481e+01
-1.374455100849716871e+01
-1.357560412997585964e+01
-1.251510099162314305e+01
-1.129159091566535089e+01
-1.023043807282469153e+01
-1.041019176704037363e+01
-1.099152384361840973e+01
-1.114157778189801107e+01
-9.545965752754611344e+00
-8.897178749588624314e+00
-9.861627642218694589e+00
-1.038282821859129257e+01
-1.048154008061666431e+01
-8.054414942721219717e+00
-3.880765252928427334e+00
-1.726965400813889495e+00
-3.120139216453100772e+00
-4.655332852352801254e+00
-5.147962441186137994e+00
-6.917406586798948709e+00
-8.349801767432257549e+00
-9.839607107197275937e+00
-1.061673372012930905e+01
-8.242473178189738903e+00
-9.941228973983974981e+00
-1.245678413715809718e+01
-1.245613897747683474e+01
-1.226030082472826876e+01
-1.279403602261351658e+01
-1.290597638571385097e+01
-1.171673386367518610e+01
-1.168083674156979690e+01
-1.303768624350426819e+01
-1.277148559318634113e+01
-1.123235724898750831e+01
-1.046410743413965072e+01
-1.164742545011493924e+01
-1.273574416858470926e+01
-1.262352868959872332e+01
-1.194802317311792628e+01
-1.194208999855119302e+01
-1.094091787320119202e+01
-1.014863884387638215e+01
-1.041357331363502681e+01
-1.099596633407874968e+01
-1.221030928581310171e+01
-1.347513655438772240e+01
-1.414444363077029898e+01
-1.409322694296769996e+01
-1.386018354028070654e+01
-1.307208836665152951e+01
-1.190140845347299781e+01
-1.205620708186483903e+01
-1.208991581057214759e+01
-1.099078321200443398e+01
-1.075137538602025344e+01
-1.072714024242872277e+01
-9.595695702336939803e+00
-7.639453202233942086e+00
-7.509130741757367389e+00
-7.966239601306254414e+00
-9.009519857808125920e+00
-9.577339381984801392e+00
-1.060567581983645802e+01
-1.095102717849034768e+01
-1.086734364984898704e+01
-1.227345297036877803e+01
-1.144483554778179979e+01
-9.477135544128740818e+00
-9.575438551935707920e+00
-1.153927250201415511e+01
-1.242230484039277627e+01
-1.150106653980540550e+01
-1.043526589946788619e+01
-9.360158369705445125e+00
-7.649578951074428090e+00
-8.593988704696721825e+00
-9.939411777313939211e+00
-9.225802392889182357e+00
-8.363881172071659265e+00
-8.130869964476580947e+00
-7.889894972045286003e+00
-6.819022395398876668e+00
-7.432746951181937511e+00
-7.673984252463299960e+00
-7.126836529150302191e+00
-7.249457622003316892e+00
-5.039783305508466427e+00
-2.379046847321298674e+00
-2.809837323980288293e+00
-4.620544848569794638e+00
-7.338981675813237793e+00
-9.513630882940312006e+00
-8.132578010374338362e+00
-5.959432316566449117e+00
-6.246926817926715891e+00
-8.688102878800586737e+00
-9.644134508225343794e+00
-1.035571454625763010e+01
-1.140457955561638137e+01
-1.180866713301304571e+01
-1.063622461290671239e+01
-8.444983183665314641e+00
-8.277560250579947265e+00
-8.999142458933633293e+00
-9.242094856423129556e+00
-7.558532209140556901e+00
-7.185609518734645818e+00
-9.657311214705904590e+00
-1.082145630977020367e+01
-9.397345018794293736e+00
-8.147874570322420240e+00
-7.561138870057712680e+00
-6.956675423334640840e+00
-5.228275792859039761e+00
-2.961445688435647039e+00
-3.672880920348038369e+00
-5.238560833879920331e+00
-7.964989330857883409e+00
-9.187808901678060636e+00
-9.099451535555854065e+00
-1.012407079551945088e+01
-9.528604578632316802e+00
-8.221205726161501914e+00
-8.953316828114036952e+00
-9.894966761745347839e+00
-1.137762760774422510e+01
-1.309596491661803341e+01
-1.357976679836644074e+01
-1.205602171932165767e+01
-8.924472310165469935e+00
-5.142540977067669772e+00
-1.791623823802836801e+00
7.264017890686742529e-01
1.327825852406955831e-01
-2.636819128235964871e-01
2.917904592708522871e-01
-1.819820051208039580e+00
-1.716518974550192311e+00
-1.713262729151834085e+00
-4.625923647401651628e+00
-6.306916824055919690e+00
-5.435931734497774670e+00
-7.447518007336435097e+00
-9.514227877602342787e+00
-9.028361022655085222e+00
-6.331617689505547375e+00
-3.888908229758266888e+00
-5.502397638722698048e+00
-7.325055487256144637e+00
-8.999940712167004975e+00
-9.587576917058285630e+00
-8.076191058507207643e+00
-5.316943131636710618e+00
-3.361402639958028793e+00
-4.380063656597822153e+00
-5.886806332347902071e+00
-8.671357100045403499e+00
-9.856827639325848267e+00
-7.799113862830073352e+00
-1.691013121438493805e+00
2.483835803465206382e+00
5.850018592907444415e-01
-3.265194739406889646e+00
-2.714512604174640575e+00
5.167858413805858087e-01
2.720964146897646430e+00
2.839991225296685240e+00
2.471240806367425158e+00
2.855134895872998069e+00
1.682706151393549565e-01
-6.856233471014233638e-01
-7.017472035551617360e-01
-2.664548712489590798e+00
-5.090899916547130033e+00
-6.074621498850729218e+00
-4.310670241011544945e+00
-6.536091846111881765e+00
-6.647602542561109829e+00
-4.430453559443497724e+00
-3.879034652509879777e+00
-3.537120957979275282e+00
-4.413889415359554036e+00
-5.614508601892943318e+00
-6.934109225000141485e+00
-6.399651236634420925e+00
-2.695867092612378002e+00
9.491478839582049298e-01
2.502295230737476395e+00
1.152443444771770631e+00
-1.056757816602156730e+00
-4.078615794578842824e+00
-6.966734187558540903e+00
-7.949394177018594299e+00
-6.800202867364192549e+00
-6.709808697918082210e+00
-6.929290455370493262e+00
-1.898212128868119963e+00
-1.574228128191226261e-01
-2.315151630387374926e+00
-2.811000066968016853e+00
-1.918477375150340336e+00
-7.182559704756824592e-01
7.957238865921512083e-01
-5.368709765888652896e-01
-2.293161728017308221e+00
-3.010910003644538424e+00
-5.282515551968324452e+00
-7.841257868477794268e+00
-9.005761119874977183e+00
-5.288634816925351423e+00
-9.538987750237550856e-01
-7.145767500769405478e-01
-1.345956937933155739e+00
-2.924835015424406937e+00
-2.385306225481714559e+00
2.637373074758524449e-01
7.054476828120843646e-01
-3.746962691827723790e-01
-2.518802640939228898e-01
-3.986030910554737017e-01
-1.089963605078245079e+00
-3.508345283007624715e+00
-4.000156044029161251e+00
-4.516965045041079208e+00
-5.960251672218284114e+00
-4.254813893625230214e+00
-4.864148751690273165e-01
2.830514334167323121e+00
3.796558789606248041e+00
4.053002423355973605e+00
5.018534512422331950e+00
5.849328859526749191e+00
5.405660928581858649e+00
1.660833680574710147e+00
-3.484803113256719431e+00
-4.966252453336046813e+00
-4.554504455146792807e+00
-3.390526912447378471e+00
-2.436437239676965127e+00
-2.727773117769937694e-01
1.713463502012325446e+00
2.582880081916458348e+00
7.759498828222282096e-01
-1.059112283516310038e+00
-2.427060213089244356e-01
-4.243052907943517527e-02
-1.630388038788888272e+00
-4.638381092236617320e+00
-7.873887616283053781e+00
-9.069117914864346375e+00
-8.740561560696407994e+00
-7.873662335031093029e+00
-7.218854751072625753e+00
-7.300024265211725094e+00
-5.961515094754536115e+00
-4.639352811836420898e+00
-3.239645176244180913e+00
-1.839152245080749815e+00
-1.147581182094745467e+00
-8.823170248433709340e-01
-2.685124292908661836e+00
-4.537480176468019266e+00
-5.371907052856088605e+00
-7.426846770632556272e+00
-8.979091979996582040e+00
-1.009398121166350570e+01
-1.077280201158649575e+01
-1.094103481172655279e+01
-1.187631862621062773e+01
-1.228374794577591800e+01
-1.148058547402700746e+01
-8.990321724018073724e+00
-6.664237967887726377e+00
-5.434661288593388484e+00
-4.741559974506432518e+00
-5.103026845182607296e+00
-6.320680277830327931e+00
-4.622616536220255590e+00
-2.151456957617815746e+00
-3.029961730831010946e+00
-5.736437740619953374e+00
-5.571592348370746350e+00
-3.161438206203918799e+00
-3.396562306856290014e+00
-2.379864281235413603e+00
-6.192445024926285235e-01
-9.388912279186033549e-01
-3.389430746055433818e+00
-5.523004195064873834e+00
-5.948240657374762819e+00
-6.073531748672272634e+00
-4.731854308837100120e+00
-2.703347909177545194e+00
1.828424334228706538e+00
5.998733883015502144e+00
5.990163249104559107e+00
5.138948521916176126e+00
3.006418568693818738e+00
8.535416536143345390e-01
-1.152451701710142995e+00
-2.227418037334735423e+00
-4.801439096276990393e-01
8.613190300987418890e-01
2.186814133606285182e+00
4.197412871242306664e+00
3.948260681873399847e+00
-2.146636415189948632e-01
-4.430043450074382605e+00
-4.967408909809416073e+00
-4.031199298997551139e+00
-4.556339872787792622e+00
-4.424543191385070351e+00
-2.110250285008617777e+00
2.241801896791904891e+00
4.032924458452199268e+00
2.311709368883929638e+00
8.923503122274982768e-01
1.545705484190670775e+00
1.987895585025540202e+00
2.728957820159498837e-01
8.487744002666500753e-01
2.180106498757737210e+00
-1.327948715066100460e+00
-5.033361656100080239e+00
-5.255973161524384096e+00
-5.153866752383132521e+00
-4.826804931826970346e+00
-4.370835996703180015e+00
-4.166034159892850752e+00
-5.869267824994891747e+00
-7.260540900403308129e+00
-4.144193407801159523e+00
-8.688732310531277481e-01
8.197823866850847963e-02
-2.251416988727646284e+00
-4.031468769549482190e+00
-2.357989976016853895e+00
-1.065051750036392297e+00
-2.711721722520036071e+00
-2.925966666064938160e+00
1.840661780809446646e-02
3.689514963376833823e+00
4.474659296224015925e+00
4.782358915402207700e+00
5.413485585239690145e+00
6.349260377583594739e+00
4.817524149577891990e+00
5.640428478190735451e-01
-1.565426374308420687e+00
-4.066166886929514668e+00
-6.149691767770381290e+00
-7.093838381633656098e+00
-6.116327641519867520e+00
-4.346381899262421022e+00
-5.372361417570576059e+00
-8.469331277320257811e+00
-1.138474480988489645e+01
-1.100740184153960577e+01
-9.343829132406671789e+00
-7.820828574652050058e+00
-5.807796470332264427e+00
-4.306004429152232582e+00
-3.581163889065318795e+00
-1.765955738887771798e+00
1.109406927307625912e+00
1.575443776797285311e+00
8.182448344402023510e-01
3.228895273817429690e+00
5.626191397442473985e+00
4.347308745993077039e+00
2.332462750299637122e+00
7.846801278701649451e-01
9.523315751957438235e-02
1.022845951175346046e+00
1.269756777528165292e+00
-1.799148702816699696e+00
-4.797932954164231489e+00
-6.183124487376075784e+00
-6.207344625806510585e+00
-6.141093316128560353e+00
-7.934304563280068834e+00
-7.662135204455990944e+00
-7.448638900262265494e+00
-8.721534770272466375e+00
-1.064750195492293727e+01
-1.108943383659037885e+01
-7.248515940727771500e+00
-4.746545388335118965e+00
-2.274565316787084068e+00
1.783725642750923379e+00
5.828520592799551814e+00
8.160355067015238717e+00
1.013784147182190765e+01
1.127530971972621288e+01
8.091745900853876350e+00
5.890504030214843034e+00
7.407614323921555943e+00
8.026556838701351282e+00
6.520418094967728173e+00
5.286940750408854583e+00
5.506740553464490873e+00
5.000943623293037987e+00
2.960581227624699885e+00
2.308191899428037708e+00
1.460656445924886082e+00
-1.355738407169551962e+00
-4.629614094352445086e+00
-6.399506336395018202e+00
-5.511345663722055477e+00
-5.718790761534903844e+00
-6.798424588007289771e+00
-7.094350110660714748e+00
-5.055756560625620288e+00
-1.784366624952304026e+00
-1.281415996753673125e-01
1.638990547917182461e+00
1.758871993638972286e+00
-4.647622560240657896e-02
-2.365483104592770669e+00
-4.645214654588354364e+00
-7.200699037473062170e+00
-8.029244268138670648e+00
-5.363281673804936922e+00
-2.164727038877968468e+00
-1.431291270936195126e+00
-3.059999093844886442e+00
-6.015514958979318649e+00
-8.955952422239800370e+00
-9.387041694375620082e+00
-6.862461683684328406e+00
-5.277742923830284205e+00
-4.720229531038706128e+00
-1.917451592030503305e+00
6.822113813512249436e-01
1.662336987321096249e+00
2.114639986394204474e+00
3.771964241890633840e+00
4.801335736590454317e+00
3.271564984301158496e+00
8.615145589629754630e-01
6.697114381195983235e-01
1.851730233093920486e+00
3.122353335476256930e+00
3.638583658446366886e+00
2.011301896441642700e+00
-5.711726595386382721e-01
-3.065071868239711339e+00
-3.076057244394961643e+00
-1.492142145327164826e+00
1.092954812849192159e+00
2.921324274225781448e+00
1.308553778758216657e+00
-4.871507775105441418e-01
1.392384376534884782e-01
1.768451301003452159e+00
4.729898606439100206e+00
4.742873167138005996e+00
5.788674025013923696e+00
8.715338197113307928e+00
7.618927252003114603e+00
5.165713522924564316e+00
3.606663983456293909e+00
4.073729599582677885e+00
4.680281436696568598e+00
2.490727256679563517e+00
-9.645728579927724811e-01
-2.134911820446691255e+00
-1.466932167796400899e+00
-7.659720973219851237e-01
-1.628116763513236254e-01
8.566574997800623370e-01
2.654908094101379845e+00
5.934377787698911888e+00
7.755870831809348331e+00
7.527381591137944916e+00
5.881081730570717703e+00
4.786023768560440317e+00
5.458390935487846818e+00
5.644163949080621911e+00
4.558480721032298177e+00
1.996595377244862579e+00
-2.835289962936996311e+00
-5.452600640294104295e+00
-4.201723796871218219e+00
-3.342316301282680868e+00
-2.037759852580321329e+00
-1.109047564052834334e+00
-8.766406647249480599e-01
-1.395726895413149961e-02
1.185086721238534979e+00
2.908480631321870735e+00
1.684411818515239911e+00
-2.829525888702190753e-02
-2.343659023163760402e+00
-5.314575369435556418e+00
-5.946296501984449812e+00
-5.264489071394326203e+00
-4.643685531633684249e+00
-3.287723511855852543e+00
-8.756488148355029422e-01
1.919829072980359985e+00
3.088503564264784451e+00
3.526154297236010926e+00
3.256898545330330741e+00
3.438582763548664545e+00
4.607854273090235431e+00
2.898329567353827851e+00
-1.182501142223627344e+00
-1.718669528520601952e+00
5.325878905821230802e-01
2.898002199396487288e+00
5.046989194788356059e+00
4.010401311917978440e+00
8.890165765089972361e-01
-2.947581650659802377e-01
1.135637522225014795e+00
2.261010999404818644e+00
3.149228240420980374e+00
2.143727889526555241e+00
-4.578408446867444859e+00
-8.980649726197091454e+00
-8.284405505204485820e+00
-8.676234056535651717e+00
-9.004264635931175320e+00
-9.360025107640678854e+00
-1.007907581887772608e+01
-1.127090261813390271e+01
-1.329143752111799337e+01
-1.294893365036918986e+01
-9.558943865420477692e+00
-7.122263053483141704e+00
-7.343320684111567687e+00
-9.012667286206111683e+00
-1.023776029904165874e+01
-8.961176033336695212e+00
-8.157762999409495563e+00
-8.802025986985318795e+00
-9.210525423629208674e+00
-7.922313335628221154e+00
-3.779342633933307827e+00
9.418682508287012922e-01
3.908350095777493038e+00
2.706354824558733885e+00
1.667197908878023327e+00
1.014824231056782988e+00
1.930094382535829378e-01
1.425297139271108904e+00
5.270011262976701083e+00
8.606747321124595729e+00
8.047299141703867065e+00
6.293017420262195571e+00
4.511729203109562825e+00
1.699016482929212257e+00
-9.776639527776769256e-01
-2.271500893094814622e+00
-1.338974417809230433e+00
-1.148567428955339365e+00
-2.345082989347555547e+00
-1.826261982223106761e+00
-1.896431429706057492e-01
1.990191202819782346e+00
2.738543074183719561e+00
3.643006236612787330e+00
4.432380403544613046e+00
1.900633796158406330e+00
8.985900013254005669e-02
1.166353091451702406e+00
3.343804136981070929e+00
5.236818943299257789e+00
4.340622603511820721e+00
4.655350825320105024e+00
6.016736112015282245e+00
5.272039499794495043e+00
3.370176948195182209e+00
3.051723556388194147e+00
4.292528536839190778e+00
6.491740544137063473e+00
9.174322941150098387e+00
9.228118708304902995e+00
7.805900909906676510e+00
5.215003829586318140e+00
6.724630358652367690e+00
7.727183353491164475e+00
8.114381094308171782e+00
7.119186957830539342e+00
4.245858099538036612e+00
6.707986115022547047e+00
7.784193773221461221e+00
5.739858473409674922e+00
5.180233356122008637e+00
6.457297409852421843e+00
7.609900165062798649e+00
6.903024965483124831e+00
5.400162996679544136e+00
2.671936664860394384e+00
6.851076794532577896e-01
1.680415750196063485e+00
7.898294288054470424e-01
1.109262431691029616e-01
1.209822319159423509e+00
4.028958393883952382e+00
5.835165124423197902e+00
4.459821886179433648e+00
6.650684958750396447e+00
1.058965425672254135e+01
1.123552319432096347e+01
1.035800151512194311e+01
1.044363381862131668e+01
1.117923757853031930e+01
9.221295147183987240e+00
7.293048184898975883e+00
9.135562093613851076e+00
1.018081795609892026e+01
6.912154807831254466e+00
5.958304802493687546e+00
5.893229209286512393e+00
4.269930714540286054e+00
2.610772082581143572e+00
4.435666680644650306e+00
8.007710190078624279e+00
7.765872055290961029e+00
9.086259558701526018e+00
1.214579541280698471e+01
1.153780443068898443e+01
1.012138868442860584e+01
1.157765695880680035e+01
1.127286169217909517e+01
1.092265680739998501e+01
1.287999446039584939e+01
1.485768021965648344e+01
1.436198593548201075e+01
1.274247514821206728e+01
1.275969302424282326e+01
1.524414402074783403e+01
1.550247182425166592e+01
1.549305609778861736e+01
1.627356630548977989e+01
1.656528697529593686e+01
1.624786015584293253e+01
1.312876083252477599e+01
1.202225017560834530e+01
1.220352198762950380e+01
7.876881540161608797e+00
5.373690155255914647e+00
5.805598462114459402e+00
7.305125432359693249e+00
9.803324431804645300e+00
8.958722645369554982e+00
5.702966975752106649e+00
3.503558794346818051e+00
4.255189986224500842e+00
5.792832897482905530e+00
6.203967526318445280e+00
7.539483129246398185e+00
7.254448545982781660e+00
5.811930834287631242e+00
4.479339579633067281e+00
1.539656855963385196e+00
6.754437302489716410e-01
3.245148282781036286e+00
4.948350958335330674e+00
6.770276711400834202e+00
8.667287536472706222e+00
1.097285195344028708e+01
1.288508384436067722e+01
1.231296764425211698e+01
1.132933116343134827e+01
1.164247229400450578e+01
1.093639705591221478e+01
9.493174772790620608e+00
7.397907427697166582e+00
5.017874051907374344e+00
3.066456693712040771e+00
1.537222721609837750e+00
3.198857578489487929e-01
5.256039908594550836e-01
1.029729280221784782e+00
2.162405101412942621e+00
4.474880044084985187e+00
8.217641967781965207e+00
1.167159514794983544e+01
1.372456690548395208e+01
1.357897204213794851e+01
1.190881948031663029e+01
9.895744742201683763e+00
9.478110398909993961e+00
9.803446143378650390e+00
1.053735942764907563e+01
1.074896994031930220e+01
8.316773536769758834e+00
5.778374422925656617e+00
2.963096986376869690e+00
5.439543094386699584e-01
-2.620368089647704402e-01
7.674192572155795755e-01
2.191233472186389086e+00
2.624044979483394435e+00
2.981666989913872357e+00
3.235133153364945890e+00
4.858781209345517382e+00
7.123218346504245346e+00
7.342258004427384854e+00
7.104254588863372355e+00
9.285510465701772631e+00
1.103974786152669374e+01
1.267276235145374486e+01
1.250336140720708045e+01
1.216954657932656758e+01
1.187286054788760481e+01
9.972105730444404514e+00
6.886833450292364489e+00
3.479271409707292761e+00
4.052763588747166246e+00
5.379768962149956479e+00
3.795515832074777940e+00
1.559071596819133321e+00
-3.770116772199099547e-02
-2.453462783082283397e-02
6.000972227624400412e-01
6.115690436144135544e-01
2.097120583995617515e+00
4.072501633785016395e+00
1.592476093561712602e+00
-1.343428379169532727e+00
-2.199902785151198525e+00
-7.404753944374966590e-01
-1.771676532299201745e-02
8.340041327869028853e-01
3.121193160560582491e+00
2.697493212178111666e+00
2.066537014821505647e+00
3.848947135710934386e+00
3.874988653280851736e+00
3.273118578763001274e+00
3.496872877591062245e+00
4.507129273007119963e+00
6.644196628279156691e+00
8.548800848385420537e+00
9.941764370974581766e+00
1.082919714294835423e+01
1.172721804159989745e+01
1.244897755226691949e+01
1.438176087378227308e+01
1.479854901576420545e+01
1.205448877870789381e+01
1.044871380118625837e+01
1.159132235101644071e+01
1.352457585817431429e+01
1.462161860780951095e+01
1.546907489064152585e+01
1.650111539109438041e+01
1.719836407245970733e+01
1.702793323711706108e+01
1.614458059585622607e+01
1.439077333903250633e+01
1.282165288692532279e+01
1.268184423419287121e+01
1.393916214395342479e+01
1.486975267871701512e+01
1.385290815332141179e+01
1.017991636105899111e+01
1.103146303040581699e+01
1.112473219417010739e+01
9.658295149089465070e+00
1.000895452025691057e+01
1.043547091420116324e+01
1.029690070407997382e+01
1.007362000963566651e+01
1.119393325446878151e+01
1.198447104502061045e+01
1.293403630216415046e+01
1.504416398006012656e+01
1.619698796843404409e+01
1.644405341209862925e+01
1.600727053552827428e+01
1.614015395632204175e+01
1.679795285722810050e+01
1.686941068835646718e+01
1.642686641238745437e+01
1.601697275902236939e+01
1.570829877658955454e+01
1.577459216747496917e+01
1.588125124172824698e+01
1.513826926925519878e+01
1.447708774401237974e+01
1.602352193748394171e+01
1.743281928461304631e+01
1.795783677055709404e+01
1.791000477426832305e+01
1.760673573047097662e+01
1.699593616190371037e+01
1.637029507416911400e+01
1.530729513895804139e+01
1.494926545098083714e+01
1.428533705859618763e+01
1.319300060837520761e+01
1.415480679718375256e+01
1.578563085073385075e+01
1.615070299956452260e+01
1.572298000630160608e+01
1.535275683941643443e+01
1.549165082240456215e+01
1.538820843807313921e+01
1.563097183466550888e+01
1.615121751220844004e+01
1.433951497156442301e+01
1.069007357417429205e+01
8.748545933053593515e+00
9.270422118930715882e+00
1.118032879554501413e+01
1.124905517144669531e+01
1.058544981156369502e+01
1.304554234129616219e+01
1.533254132181149032e+01
1.607692935763758513e+01
1.620517292703173240e+01
1.635473034551323579e+01
1.578208921367498974e+01
1.563374042304431732e+01
1.654885855601352063e+01
1.693694436018184035e+01
1.759365591854439259e+01
1.745481589496753116e+01
1.609415530712836429e+01
1.598208700213497480e+01
1.613306651084306864e+01
1.484305200205316133e+01
1.279052080625171151e+01
1.284009045144746786e+01
1.512455294779924131e+01
1.609526572811505218e+01
1.608205351625980128e+01
1.586846062734920615e+01
1.516092151062114368e+01
1.426836247526388668e+01
1.303684538638992763e+01
1.066805400517043090e+01
9.046814507370589453e+00
1.015973880468735757e+01
1.311986614302366760e+01
1.515267501515512016e+01
1.683636515910639275e+01
1.770226536689494523e+01
1.791887360949349528e+01
1.752941065151132705e+01
1.637475825376291638e+01
1.492113367290384218e+01
1.496295940805931934e+01
1.558688641318167534e+01
1.586906266495504170e+01
1.543734244543458267e+01
1.637889502877236581e+01
1.735618007299499155e+01
1.762103435056083356e+01
1.799062431517184635e+01
1.803941497049980214e+01
1.799910014000319336e+01
1.751434262533383901e+01
1.713320318660305475e+01
1.452908684652499360e+01
1.349676342241343185e+01
1.390035578914269543e+01
1.229693608648610414e+01
1.260640889860294500e+01
1.351636285268429916e+01
1.346132953288220691e+01
1.143423023933182492e+01
9.365407062605992650e+00
9.992714917397144347e+00
1.281893541430734729e+01
1.457179563712037229e+01
1.526859369636846786e+01
1.614047008897709290e+01
1.466731951258963562e+01
1.332624733499386238e+01
1.409009806964621525e+01
1.301296080548296707e+01
1.271014031263084654e+01
1.478269013199473214e+01
1.715970245827843144e+01
1.669924193680535396e+01
1.683529874966640349e+01
1.599535841178765416e+01
1.433610742628937018e+01
1.548325348196044970e+01
1.713782265610428368e+01
1.780915181998032537e+01
1.701878791801136614e+01
1.562697111914183523e+01
1.590956408586693982e+01
1.623348879990691884e+01
1.557630986100818227e+01
1.402712246496323445e+01
1.297628873565441232e+01
1.116143995078152429e+01
9.713687219255586314e+00
1.097623885633883134e+01
1.115216296834092269e+01
1.242185149036868452e+01
1.605740734538366965e+01
1.691691854566599318e+01
1.763246154725585768e+01
1.775497585114694843e+01
1.654226062913949491e+01
1.707700948304699295e+01
1.756699925354809366e+01
1.708483413136607965e+01
1.686548417956297286e+01
1.726526182403392440e+01
1.762146260457311797e+01
1.745603053640905955e+01
1.746660985697331370e+01
1.732942178940703926e+01
1.629226209255365276e+01
1.475263270861240628e+01
1.641767498490478516e+01
1.730266313881794460e+01
1.717468831577896182e+01
1.746339856300772908e+01
1.751611176593694097e+01
1.736786465969698412e+01
1.778384055335946456e+01
1.774783299614510668e+01
1.682771346722616457e+01
1.617189679148263437e+01
1.553422990515899116e+01
1.473439439626644720e+01
1.492356909581096147e+01
1.546707461242392512e+01
1.480329415029014228e+01
1.366967917320489967e+01
1.546750558170398016e+01
1.646978160577316075e+01
1.575684983499007963e+01
1.632302806058175904e+01
1.659626711090763962e+01
1.572968412079375433e+01
1.408919394852393125e+01
1.373332694183414482e+01
1.457805122810757048e+01
1.456030282260138797e+01
1.392500894454220095e+01
1.553406522040575588e+01
1.672744577454284709e+01
1.677835151852497475e+01
1.747686106460416156e+01
1.736097938203155877e+01
1.616266696398637492e+01
1.594241591157785898e+01
1.656484925328130942e+01
1.588308611631164524e+01
1.599475630914998270e+01
1.672881553750658412e+01
1.622030296172615493e+01
1.681849732517198959e+01
1.738443514899648079e+01
1.748725515967469235e+01
1.714293139567110558e+01
1.638141682580507918e+01
1.636848858239282123e+01
1.686830877026232045e+01
1.671940798538100736e+01
1.494757409769633405e+01
1.455979517178423954e+01
1.474480030695104738e+01
1.563736656131481340e+01
1.659766203571632559e+01
1.719726683942290890e+01
1.747269378457227518e+01
1.734560373827039470e+01
1.653019316091181068e+01
1.606872792286670304e+01
1.496782211328786083e+01
1.349958082139540316e+01
1.160540058378249384e+01
1.003046042579807562e+01
1.249284930220303025e+01
1.250821971549396494e+01
1.260829649876010095e+01
1.544510550261345294e+01
1.727715640915055673e+01
1.787782205080864983e+01
1.753666769540891579e+01
1.596170439142432507e+01
1.493377125124365001e+01
1.491144450284147105e+01
1.517040328833610197e+01
1.644365483371086611e+01
1.768351608169255584e+01
1.789579937042463342e+01
1.733308483307700598e+01
1.723736617483064748e+01
1.666928141219036874e+01
1.539224414431157051e+01
1.458626404061750925e+01
1.395398346612604534e+01
1.523417278036058242e+01
1.617181427553925488e+01
1.626822623527450773e+01
1.703427531670217121e+01
1.680490770682242641e+01
1.546490445673044789e+01
1.360228970261503711e+01
1.307513795088830477e+01
1.446533900013701412e+01
1.471547742304735884e+01
1.552261052763818228e+01
1.667739745237418347e+01
1.698683777240511716e+01
1.724627789587751892e+01
1.762943371760823652e+01
1.735605149857849128e+01
1.609003988955397446e+01
1.546557529168217826e+01
1.477004215319945857e+01
1.408712788323020426e+01
1.455809571175739414e+01
1.552888284532271790e+01
1.626002758515333824e+01
1.695297726764336232e+01
1.645919257458937679e+01
1.557242458257579187e+01
1.614213973610773323e+01
1.517572358591821313e+01
1.393762302108798501e+01
1.489320027836317273e+01
1.542130073475099827e+01
1.556763506671191166e+01
1.593291555685295613e+01
1.639798886687044543e+01
1.581379310198512655e+01
1.364890985695921799e+01
1.352773569954520383e+01
1.351714699039800038e+01
1.193187466103566585e+01
1.180721463630716528e+01
1.136499454059704028e+01
1.132689042397842982e+01
1.358796352998731827e+01
1.590232412573001142e+01
1.661457628426945021e+01
1.732634612849910027e+01
1.765886974226825501e+01
1.717375338437678423e+01
1.753812531414339304e+01
1.780050794799148761e+01
1.747823279914758032e+01
1.734726152231229079e+01
1.751395801518150463e+01
1.725526493260214522e+01
1.561843319588322565e+01
1.583881415266068693e+01
1.699157663262165840e+01
1.708720632837168907e+01
1.631361704116669387e+01
1.573370294672845127e+01
1.533137668946796595e+01
1.486692849979357689e+01
1.538060129678418875e+01
1.668647481682031497e+01
1.719636620026641438e+01
1.695960486893783070e+01
1.663775261042901121e+01
1.546797059422126530e+01
1.426528926490839311e+01
1.455025577398883918e+01
1.596981360421834317e+01
1.655045888267744658e+01
1.673498425148346413e+01
1.629941941583362564e+01
1.574976392418262527e+01
1.575602574041452009e+01
1.534462847408818220e+01
1.352865387350355952e+01
1.218352702595415238e+01
1.121611085904268812e+01
9.549121402796064473e+00
9.402412105159701383e+00
1.065367962810611679e+01
1.143716856855264474e+01
1.280999805718617068e+01
1.480888992119358427e+01
1.576300869875395172e+01
1.561206968415417684e+01
1.529608186194442254e+01
1.534090436612277131e+01
1.400798647069600911e+01
1.232719245499851723e+01
1.229004397274208138e+01
1.429831455853038591e+01
1.524818641287957455e+01
1.615330473430584135e+01
1.569136217508252074e+01
1.419438183404590070e+01
1.496582606623258904e+01
1.553816156459880204e+01
1.516853634905320725e+01
1.596953223022288881e+01
1.695286585919894762e+01
1.717586510975050729e+01
1.733410581076922341e+01
1.724961996277835397e+01
1.615633698763783244e+01
1.466643032887577469e+01
1.372205388401867232e+01
1.365294811355024684e+01
1.392116054838487571e+01
1.468660092939937378e+01
1.560372191723818247e+01
1.496306202406186259e+01
1.366989213061106234e+01
1.388796719081531705e+01
1.413428524134251951e+01
1.357964758047909370e+01
1.233622118261690659e+01
1.193061698688422467e+01
1.127887065014065371e+01
9.738987103461525408e+00
9.191191163287394161e+00
8.755467862512681165e+00
8.308150982958931507e+00
6.872305068086645541e+00
4.819620460752235935e+00
5.323780889859376586e+00
7.333274530276724157e+00
7.062762756940634823e+00
7.138603714556951196e+00
1.021715334773716322e+01
1.120349459881728649e+01
1.012286636051306665e+01
7.943023953333507414e+00
7.025239128889640305e+00
7.123904671818739764e+00
9.690120454468265976e+00
1.246646177851750359e+01
1.196816316444065897e+01
1.067758410585788020e+01
1.107139467094561347e+01
1.164193658168271206e+01
1.105476246702031951e+01
8.890729896366810436e+00
6.400930438425536551e+00
7.295373441208178988e+00
8.883736914127847939e+00
1.003647839112813323e+01
1.002325615713726847e+01
1.050593826975396183e+01
1.246096283113319281e+01
1.243716045102576473e+01
1.156977886593631055e+01
9.914982729239099513e+00
8.224081930482306291e+00
1.062846486653543643e+01
1.381143113347511431e+01
1.405660073634156859e+01
1.082476019451472737e+01
8.645499128568541636e+00
6.167644855381218427e+00
5.838487962732678227e+00
9.630963144074712545e+00
1.083101147699933620e+01
1.153442744596605429e+01
1.311386221076475778e+01
1.430923599848711980e+01
1.441763049030933352e+01
1.376123656073031931e+01
1.175737623055007930e+01
9.890298880860749264e+00
9.831542664905022377e+00
9.763350772003406064e+00
8.911852809188413715e+00
7.752832243576050608e+00
8.677999327186650902e+00
1.003752011097363450e+01
9.914654172309589342e+00
1.167839539349072986e+01
1.381175925888560307e+01
1.444286524142370531e+01
1.443394486042519098e+01
1.454786572760953689e+01
1.392408255368509273e+01
1.210062435905211586e+01
1.042308319903169256e+01
1.035690447044301976e+01
1.076496611070335696e+01
1.095187881703998301e+01
1.029212937253935678e+01
8.841005184500938086e+00
8.633897086827584388e+00
9.285762296037967545e+00
7.542413986519321156e+00
3.954557767692188364e+00
4.020390868511863225e+00
5.222675688336862798e+00
6.704425558598625656e+00
7.193676353223612097e+00
7.026033339897373331e+00
8.985469116636053855e+00
1.088206547649327938e+01
1.219396801592914592e+01
1.279589385315109062e+01
1.185794178857143777e+01
9.476181324328969424e+00
8.486764998597646326e+00
9.406010253234734719e+00
1.106669663101878065e+01
1.281699752414744076e+01
1.309006665585712348e+01
1.232499428576036671e+01
1.090851378639846203e+01
9.255793092515581577e+00
7.935691731435008833e+00
7.640462268823200453e+00
9.512868993801951945e+00
1.113752438001268885e+01
1.031814231902709267e+01
9.075684967489131338e+00
8.706915666803793030e+00
8.968749393138661929e+00
9.592556064961799578e+00
1.032035886969251770e+01
1.112554785021896642e+01
1.147023796370564064e+01
1.263463815218281106e+01
1.449403052920469648e+01
1.438481834090198141e+01
1.375003341479358276e+01
1.381739988930278784e+01
1.367548630282433386e+01
1.417220120975455266e+01
1.334594550914970768e+01
1.219073790663851220e+01
1.194663343887776286e+01
1.119839821785991063e+01
1.071617555345448913e+01
1.102590791475637211e+01
1.209564479430124351e+01
1.229416164833202885e+01
1.153670458082454964e+01
1.085424211013986096e+01
1.070541916625395018e+01
1.151900876229700188e+01
1.267853429707354351e+01
1.485242840792713359e+01
