-1.707646154940223582e+01
-1.655745540751130562e+01
-1.656635235244811710e+01
-1.592634966941053953e+01
-1.455099420626094364e+01
-1.336611887137589427e+01
-1.447834004702558097e+01
-1.589991548697954649e+01
-1.409166396431932178e+01
-1.132708464089030720e+01
-1.147705099513270532e+01
-1.123372960011990784e+01
-1.227676103485775450e+01
-1.394827903513290579e+01
-1.463963857188708850e+01
-1.427121114412125458e+01
-1.198626276429946635e+01
-1.027782015227945500e+01
-9.585883042038860324e+00
-1.006688404764690326e+01
-1.058885222199354814e+01
-1.135204854755939330e+01
-1.241662644068555998e+01
-1.323045931639630091e+01
-1.381930470265862354e+01
-1.205018535839163185e+01
-1.109618999995300470e+01
-1.101268594457676819e+01
-1.176608963426356702e+01
-1.249217172738234005e+01
-1.233509766585202172e+01
-1.235146868891350813e+01
-1.328090736977811304e+01
-1.428245316407196519e+01
-1.560271532031365460e+01
-1.645378600659950052e+01
-1.664406806876032263e+01
-1.656310857785813795e+01
-1.403249616519717691e+01
-1.119240405530173454e+01
-1.276760004280147420e+01
-1.322460586417128070e+01
-1.282899301149950944e+01
-1.145684598027134449e+01
-1.025855095607211176e+01
-1.092029952351532351e+01
-1.061739585664106400e+01
-1.078021861386219626e+01
-1.124323929791460763e+01
-9.543492567012494376e+00
-9.415909653754226838e+00
-1.289255895467291957e+01
-1.327525493807005752e+01
-1.267000114779853526e+01
-1.375776723978455962e+01
-1.340830958432447595e+01
-1.352997412186310555e+01
-1.335358216326346970e+01
-8.623028425375999007e+00
-3.968970159627471794e+00
-3.813497187582969072e+00
-5.611921534928294264e+00
-6.425253917686380767e+00
-6.453252641564556136e+00
-6.353113308310768481e+00
-9.234089273745274440e+00
-1.128539202184094670e+01
-1.079975129931785638e+01
-8.276612339186474543e+00
-7.467925263955308424e+00
-8.813289568698804644e+00
-8.731729891403633204e+00
-1.014150970353514047e+01
-8.595379655557454868e+00
-5.744775873571213332e+00
-6.025503073595889880e+00
-7.523476052713419904e+00
-8.648461097904558414e+00
-9.571763656192240788e+00
-1.097155907570854616e+01
-1.198530321199772608e+01
-1.006248253783144087e+01
-9.917323815929957931e+00
-1.142315785192102950e+01
-1.010766427108599252e+01
-8.346861512565414642e+00
-7.320431777535993945e+00
-6.825501731604151523e+00
-5.890103197790351075e+00
-5.729882375770958269e+00
-6.913551135337886677e+00
-8.174636947887023553e+00
-8.733831569047255883e+00
-1.000300269490795380e+01
-1.199048994333901774e+01
-1.306974977430524198e+01
-1.317882233182189111e+01
-1.239842428829726906e+01
-1.153041584092399852e+01
-1.208805575176788949e+01
-1.369716261928482837e+01
-1.323042063658204803e+01
-1.282367218605947912e+01
-1.290270034216859685e+01
-1.157667390339526747e+01
-1.062573440322046281e+01
-1.150770770263449272e+01
-1.238110201651027786e+01
-8.903050677425476067e+00
-6.151440626622355801e+00
-5.303158530620783573e+00
-6.247374406843739791e+00
-6.122692801624743275e+00
-5.704698186061059495e+00
-7.828650805582526573e+00
-6.585977437933093093e+00
-6.509153545118190998e+00
-8.884044962344054497e+00
-1.044832977657061157e+01
-1.252009964291402788e+01
-1.245643920875246380e+01
-1.056709104624050433e+01
-1.299268901766935969e+01
-1.466563911738639625e+01
-1.289984646091440013e+01
-1.226741667971783833e+01
-1.205230772509174209e+01
-1.268322170207173905e+01
-1.285877576549743573e+01
-1.210917663761063956e+01
-1.044140911482139344e+01
-7.921890619199728256e+00
-7.499913984905766107e+00
-6.265051986772099291e+00
-6.623356447532462887e+00
-5.451526054708613067e+00
-3.694209015912059080e+00
-5.189077336357070358e+00
-5.020173649010261308e+00
-6.877768142892524139e+00
-8.152583093030903783e+00
-6.152988612598659479e+00
-1.255751338585363808e+00
2.043678657399227383e+00
-5.417713483897167448e-01
-5.000889277729056559e+00
-8.081992042196111115e+00
-9.184571422865339230e+00
-9.805293443424075051e+00
-9.042463721362285156e+00
-5.972246293612752943e+00
-3.378514413651381609e+00
-2.869476573006298104e+00
-6.502882893106495032e+00
-1.220061641188007862e+01
-1.619142856585095203e+01
-1.781431665627818361e+01
-1.800939759792263573e+01
-1.718501480360917100e+01
-1.534091093321707433e+01
-1.552885449063452050e+01
-1.751188683457565887e+01
-1.818473292093243288e+01
-1.798669760346837876e+01
-1.747807625691569200e+01
-1.722385151098827905e+01
-1.699198214867051959e+01
-1.539179034865829010e+01
-1.357236809020708357e+01
-1.370672324381972551e+01
-1.571986650713988887e+01
-1.492615175674795047e+01
-1.301120132146699682e+01
-1.322103453200413092e+01
-1.293194930326140657e+01
-1.110478607740433432e+01
-8.053514774592423819e+00
-7.381672075517085041e+00
-1.126045829271813581e+01
-1.100683799587733880e+01
-9.241404615066743489e+00
-1.228485363916734308e+01
-1.253304080048230595e+01
-1.021107173038414651e+01
-1.128910996437098113e+01
-1.376539065803113893e+01
-1.315820875451557193e+01
-9.584598786529831216e+00
-9.443177148856889858e+00
-1.129840212257941623e+01
-1.270829544044713622e+01
-1.178573939490853739e+01
-1.004852289526326636e+01
-1.079492993205567153e+01
-1.247834861207552848e+01
-1.343877304155114238e+01
-1.350320195847389648e+01
-1.266761516428502610e+01
-1.461988510903738891e+01
-1.710492689797034771e+01
-1.784445655724096369e+01
-1.798677330774378547e+01
-1.769349411166115260e+01
-1.498906397017169034e+01
-1.215455354195543691e+01
-8.365331345875741675e+00
-5.247069958710677717e+00
-8.360488107946979497e+00
-9.145616333115093255e+00
-8.213661140291030449e+00
-8.376391007881538897e+00
-9.089077389862586287e+00
-8.819118683864131114e+00
-7.416753452330246965e+00
-5.825120242045611185e+00
-3.863785110354174712e+00
-4.856790815663067029e+00
-5.396918982903766704e+00
-5.206841847030850623e+00
-6.155435812296910392e+00
-9.570024579462353742e+00
-1.206443984760899824e+01
-1.305480798924955721e+01
-1.233710965832543849e+01
-1.190344835452694561e+01
-1.261156251666865025e+01
-1.176233791616735047e+01
-9.984331298400048738e+00
-1.180850986021499871e+01
-1.394005443493597163e+01
-1.411671207912961989e+01
-1.270837855070239009e+01
-1.037998691117292793e+01
-9.716498824095440412e+00
-1.002944998200580429e+01
-7.893646677366411346e+00
-2.497366778988115321e+00
2.070244892038936690e+00
9.803995567821244261e-01
-5.591438806136036277e+00
-6.986546338927165145e+00
-5.014033406317120800e+00
-4.852428136618375909e+00
-4.327159814139013072e+00
-4.195024479824840391e+00
-2.152357362045454359e+00
1.142526556531276327e+00
4.796823909192416302e+00
3.211596360329057376e+00
8.160841823919332549e-01
-3.724274381855906313e+00
-7.327496515455902859e+00
-7.609708463341216422e+00
-7.536638816142162689e+00
-2.981121585832495757e+00
2.284510234599364864e+00
2.184070381802312610e+00
-2.742428842012009760e+00
-2.009709779020155018e+00
3.259894876646701189e-01
-9.240859323323932784e-02
-1.019818692437505225e+00
-3.641475944745226734e+00
-3.693189992516854758e+00
2.677045128474359270e+00
7.856362629965992106e+00
9.192345502768347387e+00
8.920789676695044079e+00
4.961347918135297519e+00
-2.011235167321251127e-01
-2.155242473331229480e-01
8.887387392592589475e-01
4.363615676356276118e+00
6.966921764774096637e+00
6.543210615391081397e+00
8.435046296010639821e+00
3.416084347837518465e+00
-2.998001420408414219e+00
1.221067564833003605e+00
3.958145592182600758e+00
5.467173527056490734e+00
5.420500545843682794e+00
-8.573366733943954543e-01
-6.027598365495543398e-01
1.841557807931452739e+00
2.393333252103322373e+00
-2.464434803474452096e+00
-7.988061591958859786e+00
-9.079740289534290909e+00
-7.959626310234365398e+00
-7.537572476580723269e+00
-9.538447200465453690e+00
-1.250655973137686061e+01
-1.287172001818640510e+01
-8.811244816131404534e+00
-6.971730961725039144e+00
-9.790010268280090244e+00
-8.530377609687976204e+00
-8.870273948591544055e+00
-1.015498261012964321e+01
-8.663762976060120025e+00
-8.398138158232432815e+00
-5.937433072325956296e+00
-3.835640846232814205e+00
-4.594798745819744568e+00
-7.864189004625721680e+00
-1.047153694573211169e+01
-9.930602536898193833e+00
-8.913829244828560761e+00
-1.016314814828355928e+01
-1.341678484695680673e+01
-1.558702325667988298e+01
-1.455469426584546611e+01
-1.123013940052209314e+01
-5.943208884953248727e+00
-9.575953376912840209e-01
-2.025194296506761304e+00
-4.194035968630450917e+00
-5.784677541247464916e-01
3.515893794990611276e+00
5.258809093673986190e+00
3.359518538477341387e+00
-9.743705164650646733e-01
-3.365570206264503206e+00
-3.392442877603107476e+00
-2.778734453557365924e+00
-4.590671278703596592e+00
-7.104034289803564661e+00
-8.513120291731913980e+00
-9.621473990236152574e+00
-1.089311817420916029e+01
-7.935210469599302208e+00
-9.449157333861399888e-01
-1.199953220749304439e+00
-2.570293026041612361e+00
9.665225892308707545e-01
-5.724137215848277283e-01
-5.575464404865419610e+00
-4.425420115888486272e+00
-2.707949620365114551e+00
-2.333863998155263353e+00
-3.373778543789473616e+00
-5.887929537254163570e+00
-5.628500834245759421e+00
-5.686464694048345869e+00
-7.556318905483908388e+00
-5.524999918881001726e+00
-5.374456980563482311e-01
1.027465652249195616e+00
1.371571861922348923e+00
7.385844003915975620e-01
-8.544841578100806911e-01
-3.949230013326951116e+00
-7.084868285703680435e+00
-6.984527483612913201e+00
-5.448389146805419081e+00
-4.833425050517031529e+00
-3.127783270247006087e+00
2.277334904887890477e-01
3.195098845325120562e-01
2.147213222009266786e+00
1.899460639502570825e+00
-2.892128614199356740e+00
-4.953535461320907274e+00
-6.582762831527888103e+00
-6.640910310848190612e+00
-7.088396978026397122e+00
-6.312290225346364636e+00
-5.707967945203251681e+00
-5.513016969860717431e+00
-5.964670302418187298e+00
-9.879883757485181661e+00
-1.221006000836326955e+01
-1.213050647919985714e+01
-1.007672374020267370e+01
-5.162098913195383609e+00
3.507202146631059336e-01
3.171230063325855220e+00
4.410049037069941669e+00
1.778784919950803900e+00
-2.208213210158779249e-01
9.429583712439933985e-01
6.549692106547816417e-02
-1.722808876251625820e+00
-4.231937326547373424e+00
-5.744281702797623623e+00
-5.643139693825814263e+00
-4.805518916310557387e+00
-2.641415765521812453e+00
-4.625317060952693460e+00
-7.218615620280905532e+00
-6.992863999267398434e+00
-5.270707838877876306e+00
-3.637799235427344513e+00
-3.473556549603891153e+00
-1.550731963117485179e+00
3.055255900023663429e+00
4.233478185674864669e+00
3.633407012592194452e+00
3.116307980692639923e+00
2.307341653272511728e+00
3.683925321265948960e-01
-1.927606189239796652e+00
-4.605959367643909452e+00
-5.795637836128040732e+00
-5.446129501276046447e+00
-7.727459653469135326e+00
-7.195628015410460598e+00
-4.436560306271532639e+00
-8.022660297415564301e+00
-9.646638691088675444e+00
-8.732829653077731180e+00
-6.773929766383028017e+00
-5.199599946023170993e+00
-5.295101529109072835e+00
-5.527028785723708815e+00
-5.207480207763469870e+00
-3.253044293653175600e+00
-9.216332534314943814e-01
-3.140713010344343026e+00
-7.759279101776178855e+00
-9.557599021251496296e+00
-1.014928613314641481e+01
-1.092942267680709456e+01
-1.061638214468434960e+01
-8.196545563705315729e+00
-6.996083735708405804e+00
-8.906007989337085817e+00
-1.103073521644864208e+01
-1.176389542378992381e+01
-9.835561794663522761e+00
-6.679387448754218859e+00
-4.838602726580785607e+00
-3.232794800383822054e+00
-4.042243626854478578e+00
-5.006190995340531025e+00
-2.380230013130559819e+00
-5.307195035896126178e-01
-4.065937240698425548e+00
-4.424422669887062121e+00
-5.072800511349518260e+00
-7.855403103628958661e+00
-4.346220977371074490e+00
-3.239762341706010851e+00
-8.382002067565821335e+00
-1.081940267262007715e+01
-1.024029784561735745e+01
-1.136920436405203105e+01
-1.142512901910107814e+01
-1.123119667782386699e+01
-1.172535400700903629e+01
-1.061013735725300045e+01
-9.594308094762022066e+00
-6.903581922367389545e+00
-9.738670057610290698e+00
-1.137969229347295830e+01
-1.171637192198110355e+01
-1.172463723238264599e+01
-9.547782959055609808e+00
-1.100089283492886061e+01
-1.419507408357503309e+01
-1.207700343170655266e+01
-1.047874584571611223e+01
-1.281584013872849503e+01
-1.169304363678917547e+01
-6.862569988063567550e+00
-3.892807044386841220e+00
-8.454773609912562549e+00
-1.112384282860033835e+01
-8.945641181181128943e+00
-7.592890851290545307e+00
-9.103811864833268430e+00
-8.090627970026419646e+00
-7.078005168519629464e+00
-1.369895508295457454e+01
-1.655207908976304410e+01
-1.646790453018222777e+01
-1.624728783949310085e+01
-1.614300314437916839e+01
-1.564605109245404790e+01
-1.450148579590296372e+01
-1.389087307319847753e+01
-1.400765392230412409e+01
-1.351331912914885436e+01
-1.170118261265767146e+01
-9.821421179486041098e+00
-6.820958322829739906e+00
-2.565748292454211210e+00
-1.753431835373784109e+00
-4.234298323043116596e+00
-7.126481828302691390e+00
-8.506733037889407711e+00
-9.128421904661644604e+00
-8.765150033712037825e+00
-9.181994093282023428e+00
-7.427425581141243072e+00
-3.496164156195738393e+00
-2.273721761489146509e+00
-4.854499995840956039e+00
-9.199562577797454566e+00
-1.126167719273116674e+01
-8.828651829786862137e+00
-7.110257847831543465e+00
-8.564051066764791997e+00
-1.117424245006409400e+01
-1.215017554125805255e+01
-1.277714124150679353e+01
-1.189209297016592970e+01
-9.943693299075947678e+00
-1.077128694721080926e+01
-1.353440778470240069e+01
-1.253358772097125140e+01
-9.961459337233941724e+00
-1.153584126890427619e+01
-1.351989522334249472e+01
-1.536137972402674201e+01
-1.540700786282513235e+01
-1.499993221978158431e+01
-1.593340116600250767e+01
-1.581431430703621110e+01
-1.548451458807959114e+01
-1.528878600028760637e+01
-1.613921577248828143e+01
-1.636136111141513183e+01
-1.436325114003615333e+01
-1.044708570969819128e+01
-9.168756756052530932e+00
-9.039936725011289198e+00
-7.841501401658311998e+00
-7.772063003922119684e+00
-9.982183166614598591e+00
-1.116986230417447779e+01
-1.157826433369820052e+01
-1.152497202789916919e+01
-1.023109221831361459e+01
-1.080349750725010516e+01
-1.226339606781282754e+01
-1.303656526202814270e+01
-1.390761704786732800e+01
-1.403131954957946981e+01
-1.347420195414832556e+01
-1.439861793893201636e+01
-1.538514233840974832e+01
-1.524822771790326392e+01
-1.441487647595266353e+01
-1.486383675295862794e+01
-1.553116002980143229e+01
-1.411635824974600872e+01
-1.337478843451529364e+01
-1.479850505856463272e+01
-1.506368897342298574e+01
-1.375758977058122845e+01
-1.485944992204879433e+01
-1.530689119437382040e+01
-1.490505443198146018e+01
-1.440125447153133997e+01
-1.535159880697702839e+01
-1.628997008769766452e+01
-1.604954240891578721e+01
-1.508073249353429368e+01
-1.529357740138343935e+01
-1.602313022433355982e+01
-1.638194647363689072e+01
-1.606745592222053531e+01
-1.552532869448081421e+01
-1.497464746927943047e+01
-1.402640642524302628e+01
-1.378787176328872199e+01
-1.283758134763746916e+01
-1.364662248122248833e+01
-1.402048227472930719e+01
-1.280133372596472974e+01
-1.472430675828454660e+01
-1.523162101516653699e+01
-1.357961823200214191e+01
-1.220577916584073996e+01
-1.218481394226841097e+01
-1.220426705842722193e+01
-1.161298556780808688e+01
-1.339289191858744132e+01
-1.503002905402451006e+01
-1.477948135029421906e+01
-1.463062599824787036e+01
-1.432092156615521539e+01
-1.369515187572393877e+01
-1.428586076261141891e+01
-1.540542931825350870e+01
-1.469574248616688017e+01
-1.367377476376740120e+01
-1.458884006324795912e+01
-1.422750331931112378e+01
-1.241364150266663380e+01
-1.218359637303159815e+01
-1.326435870763738656e+01
-1.417614985958777751e+01
-1.492346967338673203e+01
-1.472370288023178553e+01
-1.361496960992805150e+01
-1.282753713933562345e+01
-1.359515118741960116e+01
-1.457993415387330494e+01
-1.467268289672894177e+01
-1.532945378104647638e+01
-1.582117143434490636e+01
-1.644885308031941662e+01
-1.655123149102571389e+01
-1.598730154886574617e+01
-1.545277274253808919e+01
-1.621102496941603377e+01
-1.657732966032741473e+01
-1.671072842931857139e+01
-1.646474162919281881e+01
-1.660128741231760685e+01
-1.672837762861368205e+01
-1.560921568651306046e+01
-1.381956510227701251e+01
-1.359906488965230587e+01
-1.490191447681059422e+01
-1.529608185215042759e+01
-1.431972190756801311e+01
-1.249641120263496141e+01
-1.076503992024322720e+01
-9.411312725009887359e+00
-1.047818033098885415e+01
-1.393627418166699350e+01
-1.558135054626769467e+01
-1.636347349366315385e+01
-1.672632497606431556e+01
-1.606575030132536241e+01
-1.576551225441001058e+01
-1.547588861831941998e+01
-1.488606471708606982e+01
-1.504021086710371868e+01
-1.539669392469070708e+01
-1.564525312381158351e+01
-1.588368977982803365e+01
-1.525025685099608275e+01
-1.410669396673948306e+01
-1.413355963766135481e+01
-1.400206972124539284e+01
-1.563298117058256942e+01
-1.584418174443091765e+01
-1.594325080470852285e+01
-1.632680292415914280e+01
-1.634816102848778030e+01
-1.673809127636927130e+01
-1.663454684617040513e+01
-1.601855514975117956e+01
-1.629295614563523031e+01
-1.680400637144735398e+01
-1.681829263279331244e+01
-1.695501779167465273e+01
-1.679388105506843232e+01
-1.670239276957913432e+01
-1.622718779081825957e+01
-1.494810280537201486e+01
-1.378659313633273165e+01
-1.445903852170437176e+01
-1.486860982904533124e+01
-1.456941478794820632e+01
-1.426930081489810220e+01
-1.438221797303207872e+01
-1.543146781497684650e+01
-1.602184797390091830e+01
-1.608719250182191374e+01
-1.586545886069698419e+01
-1.506656494872757612e+01
-1.474244818361257181e+01
-1.560948419642996221e+01
-1.640799805864257976e+01
-1.663889487437739589e+01
-1.620991680993400408e+01
-1.502465918415175850e+01
-1.503082167388385493e+01
-1.544293364648356182e+01
-1.548877326755524031e+01
-1.426578394503139435e+01
-1.343095858890104566e+01
-1.447936030575374744e+01
-1.523740039992986439e+01
-1.563590355012950894e+01
-1.640089035296513487e+01
-1.584388097312676180e+01
-1.390943776431582890e+01
-1.160694830279016365e+01
-9.781005038831862564e+00
-9.453787059963193684e+00
-8.041557197940560897e+00
-7.390574980624424306e+00
-8.179356643028976137e+00
-1.182086448377769194e+01
-1.343127118794608066e+01
-1.349617931153067651e+01
-1.442725752519833016e+01
-1.449194613894104400e+01
-1.486813724619627486e+01
-1.575941600650581975e+01
-1.620441373017008146e+01
-1.632060487831794049e+01
-1.439010581134589550e+01
-1.339451011187074236e+01
-1.363863066690017511e+01
-1.219994034924694581e+01
-1.058530792668291376e+01
-8.847203625558103468e+00
-7.035216613497447646e+00
-8.878857629447635347e+00
-1.203486519539447919e+01
-1.449176677301768201e+01
-1.533886649218312748e+01
-1.396453443977390307e+01
-1.146943045078922374e+01
-9.327305490919078679e+00
-8.752914728645780684e+00
-1.241233642197255804e+01
-1.472743466733420981e+01
-1.507137492707419923e+01
-1.419906148183661543e+01
-1.348071214308644805e+01
-1.267192071757060390e+01
-1.030283598149444124e+01
-1.140685729641207935e+01
-1.178573028769649156e+01
-1.103450700010346175e+01
-1.132419444704909672e+01
-1.279689514500542558e+01
-1.498541940729561084e+01
-1.530539812275199729e+01
-1.475915046338798930e+01
-1.381348725943966471e+01
-1.303208483093062320e+01
-1.292142019801001673e+01
-1.250901791184560530e+01
-1.102333199401899400e+01
-9.579045310602007035e+00
-1.045339047891176598e+01
-1.082350327195872275e+01
-5.610461077627387105e+00
-4.506076446386905410e+00
-8.919357445978521426e+00
-1.090432236514054232e+01
-6.888330117605471870e+00
-3.098863068446962465e+00
-6.054615680466338468e+00
-1.159403372638951346e+01
-1.433099799928722007e+01
-1.532285190827263399e+01
-1.392735541930012744e+01
-1.224972658730746566e+01
-1.186499613372733286e+01
-1.007431119124768948e+01
-9.415691175398405832e+00
-1.046503774964673816e+01
-1.033377245065550198e+01
-9.778799768777041379e+00
-8.367146700806676662e+00
-7.978238453487143111e+00
-6.716050447543824298e+00
-6.171510696668899065e+00
-9.162933106513593273e+00
-8.372999872421205581e+00
-4.724121616821956415e+00
-4.541686339635716330e+00
-6.315778675862143920e+00
-5.307293618243128286e+00
-3.170384297639428972e+00
-3.844001632700001281e+00
-5.975585535035484064e+00
-6.814610406749945781e+00
-7.129714221567733823e+00
-9.066881826778505626e+00
-7.072840674847078013e+00
-3.978907505623939578e+00
-5.747019616000656583e+00
-5.901608745861847360e+00
-7.464622002820584967e+00
-9.344082562259563574e+00
-1.108826237994600383e+01
-1.279735890040129398e+01
-1.062781527059509479e+01
-8.489333137066138235e+00
-7.380306654668019384e+00
-7.953162512070604429e+00
-1.072069081712799665e+01
-1.112020075921148710e+01
-1.238995931164569519e+01
-1.345471186772292604e+01
-1.207279272449222773e+01
-1.047905667780257843e+01
-8.852067394812637602e+00
-5.914778427044434572e+00
-8.008632308957457369e+00
-1.019721260364809901e+01
-8.279912785803459130e+00
-1.072401458618120174e+01
-1.475470807896285663e+01
-1.477060502660263275e+01
-1.444599109048089325e+01
-1.436407641368689525e+01
-1.264751435547047187e+01
-1.014285375966994174e+01
-8.998545349577343089e+00
-1.029093830645294538e+01
-1.130235424226462193e+01
-1.123125710593803639e+01
-1.172387491414080252e+01
-1.371866080720425174e+01
-1.177251258595151917e+01
-7.953093399930284413e+00
-9.306128388727451295e+00
-1.072747902359606798e+01
-1.037000557927185795e+01
-1.107200014262260446e+01
-1.246520870894812738e+01
-1.283661817317092435e+01
-1.293976735829081015e+01
-1.346718594337027675e+01
-1.490879964515089995e+01
-1.406808872132136834e+01
-1.471614182869831033e+01
-1.612354957987249193e+01
-1.573841021097593718e+01
-1.470531072586136467e+01
-1.301749062070762264e+01
-1.332490161636563641e+01
-1.418584086661697619e+01
-1.291020157034378002e+01
-1.026910524802896596e+01
-9.713803169564855011e+00
-1.100897587378826081e+01
-1.183634620591395326e+01
-9.064343822303735365e+00
-6.175602638590397042e+00
-5.407738322160882127e+00
-7.275038004560007820e+00
-9.774998298653351014e+00
-1.094413261408632998e+01
-1.187678748593398659e+01
-1.411162924225473425e+01
-1.353039981274424086e+01
-1.149037626222994568e+01
-1.302158977998048961e+01
-1.480572158055215226e+01
-1.440605844916491840e+01
-1.150045926280541764e+01
-8.431143116604186361e+00
-6.528902424605671939e+00
-7.232002067534796907e+00
-9.846373487926181056e+00
-1.129885963896928658e+01
-1.126092161591779472e+01
-9.017083251079849759e+00
-1.071588144063429660e+01
-1.300885140729730338e+01
-1.170518715542559995e+01
-9.778866503510817765e+00
-8.948463669738369930e+00
-1.079264367415933457e+01
-1.290166655278819441e+01
-1.164058820472735611e+01
-7.265482767683325349e+00
-7.341245800838970048e+00
-8.393924041158902227e+00
-6.939193625612483096e+00
-6.231831234036422806e+00
-5.761678036027100269e+00
-6.400669805496666420e+00
-6.449208893021588729e+00
-6.298890181397404753e+00
-8.165497108142472982e+00
-7.372426569703340427e+00
-9.792998401867283320e+00
-1.372645714606763612e+01
-1.355015728559793864e+01
-1.126710391684624568e+01
-9.733748213361293367e+00
-7.734477990168037387e+00
-8.346046201512892893e+00
-1.039440347943869369e+01
-9.033293206003774500e+00
-7.679571529160567955e+00
-6.532635618729250915e+00
-4.896979235227918004e+00
-4.464020036941182212e+00
-6.326775212814072624e+00
-5.988995465711636434e+00
-7.334873915021608681e+00
-1.187138143085713260e+01
-1.400103819125783566e+01
-1.238558136413747945e+01
-9.199194060971601417e+00
-9.958075780876418648e+00
-1.331374881528929954e+01
-1.294460846045372548e+01
-8.989030565313157695e+00
-3.581467656240510333e+00
-2.334325753458770247e+00
-4.954442185590469450e+00
-5.776206426505199332e+00
-5.163904068487199517e+00
-7.880491904961976601e+00
-1.038198826942688946e+01
-7.092502353397168058e+00
-3.187493525723938959e+00
-6.212419269911936048e+00
-8.436897058159528839e+00
-8.311061370709577290e+00
-9.192803535780834423e+00
-1.029424519527271720e+01
-1.174605181857199554e+01
-1.373219437703019707e+01
-1.377354816306977447e+01
-1.353803378947167424e+01
-1.276024105633898564e+01
-1.025475760080238707e+01
-9.346676631334583263e+00
-8.578609347439108745e+00
-5.946450933226412161e+00
-4.335192086380856402e+00
-3.861223701108647433e+00
-1.026791483873102928e+00
1.107185117658506801e+00
7.326759658367762995e-01
-8.782350723349144905e-01
-3.202577999424446986e+00
-4.822031187000063390e+00
-7.453408420516748123e+00
-9.107403114532820254e+00
-9.306736170578226108e+00
-1.084959667266649674e+01
-1.098741116658634809e+01
-9.717576292126649307e+00
-6.917996894462794089e+00
-5.589108046843304756e+00
-6.373568559358582242e+00
-6.714615448773552764e+00
-8.340844727389756130e+00
-9.431112211586929917e+00
-1.015063931296136168e+01
-1.180279971475864009e+01
-1.221704955606009868e+01
-1.159689168955569372e+01
-1.243645210356945618e+01
-1.288935900694190373e+01
-1.218408228485931311e+01
-1.010342372582049641e+01
-8.003210977354298095e+00
-7.590675138656798104e+00
-8.330714425927899569e+00
-7.607714455862812919e+00
-6.346108355707577253e+00
-8.623084729046157193e+00
-8.218837159768266787e+00
-6.360748042593756146e+00
-4.583579956636773645e+00
-2.317215010682347476e+00
-5.584180864734564764e+00
-7.717189783031407124e+00
-7.396519991454760579e+00
-6.241299046241677750e+00
-4.523763520573456098e+00
-6.606252813093392184e+00
-5.122701405887029935e+00
-2.753357569807861172e+00
-3.679609151176221005e+00
-6.021538092787284135e+00
-8.362234441096470405e+00
-9.862382729051144992e+00
-9.738205439392825014e+00
-8.104774525729750323e+00
-8.479847913768667311e+00
-7.047376756361171779e+00
-1.981215081176589399e+00
9.521295112587191412e-01
2.869483468695579020e+00
1.664918417869091449e+00
-3.238537375740364599e+00
-5.988753991043525460e+00
-8.128829918497601170e+00
-9.062980795282504332e+00
-4.870483798643660656e+00
1.818911231546801177e-01
4.223800185818593067e-01
-9.953861180129051078e-01
-2.910816574647113519e+00
-4.269707429916829611e+00
-3.366313520708368756e+00
7.765852140583767715e-01
5.039233525277643899e+00
4.995130576093319341e+00
4.365699101211105493e+00
1.420155980837122467e+00
9.627220274844158765e-02
-7.760153895012358305e-01
-4.714284325934818831e+00
-7.465212523172220394e+00
-7.607862579098224387e+00
-1.007663371134806063e+01
-1.166145088997570234e+01
-1.053142210322141459e+01
-9.773266906939456433e+00
-1.028469248345649589e+01
-8.842120085279628228e+00
-5.368406959427685088e+00
-2.404985073131720164e+00
2.611264221113840933e-01
-1.960850996933823698e+00
-4.863114856145299036e+00
-6.905249685593367381e+00
-6.531240743985754271e+00
-4.330042174190879223e+00
-5.487420872773062896e+00
-4.808697740880972127e+00
-2.701406376612709437e+00
-3.161789381937372134e+00
-5.969493200532313359e+00
-6.628680141926659886e+00
-8.312083023669210036e+00
-8.809291393335715981e+00
-4.538979974858041722e+00
-9.013447961642233608e+00
-1.191496730938026616e+01
-1.212203779616505805e+01
-1.124613778269486097e+01
-1.110211285370877654e+01
-1.337000805042451468e+01
-1.323935801460049611e+01
-1.073876253737376096e+01
-7.251917828705540359e+00
-8.304820391089611675e+00
-1.100674241207445370e+01
-9.914572241686757437e+00
-7.700422138382061021e+00
-6.634810223176295985e+00
-6.553556670905860138e+00
-4.131167868078161831e+00
-3.507468150385667283e+00
-3.395253730986195428e+00
8.360461971132496783e-01
2.658628026371325781e+00
2.104529764514753154e+00
2.532151351474663414e+00
2.468191511489496115e+00
6.807817368776900580e-01
-5.989148910738885112e-01
-2.427834617050842692e+00
-4.749855181761943324e-01
2.334425482572519694e+00
3.035558997281970761e+00
9.007033255223717561e-01
-9.247156059130847705e-01
3.393444513613477764e-01
4.094934605278585771e+00
4.323024991026275465e+00
-5.171580838581882889e-01
-4.184984836422752430e+00
-6.516607717070228567e+00
-8.602306905580757501e+00
-8.439422486744435403e+00
-5.839082492503255395e+00
-2.740246503792898913e+00
1.059580659621420118e+00
-4.333112324841605356e-01
-2.610608581390192917e+00
-1.017194459404877627e+00
-5.693253794516983657e-01
1.061302337169186094e+00
5.185427736879897331e+00
7.326504585198914121e+00
5.166613401266753947e+00
4.799154628948349988e+00
3.702397211122432807e+00
-2.740148530932557946e+00
-2.271915810943855085e+00
-4.711824996793680387e-01
1.651262018118576647e-01
3.177172577417082699e+00
7.006383834364619645e+00
1.034041422180056635e+01
8.298205416158928927e+00
6.363122048465970515e+00
7.022545735226549013e+00
5.561710147016321493e+00
2.834177332016976969e+00
-2.416266729725911194e-02
-3.922466821181890495e+00
-4.828447865054680044e+00
1.359971769680337270e-02
3.179621323255188425e+00
3.580401001846087006e+00
-3.466139624931411367e-01
-5.202734823832486200e+00
-4.776652475194299363e+00
-4.447407048503884575e+00
-3.169336071850649361e+00
9.171423659899398118e-01
4.217044766827931390e+00
6.437730401147704562e+00
7.957333071107107081e+00
7.222534026678988361e+00
1.091130119922762454e+01
8.613927792929599647e+00
5.760010559148126319e+00
6.577431136288477198e+00
4.868284118427136598e+00
1.054141789298979948e+00
-3.546777303510721069e+00
-2.748288150277106823e+00
-6.473738633732887271e-01
3.082811121511839364e-02
-1.294557426089933960e+00
1.111153500146535578e-01
-1.022582031012296416e-01
-3.207465215537700143e+00
5.589430470308855980e-01
4.914060318580148468e-01
-1.557885324788822690e+00
9.110909335561629963e-01
-2.438695589500490257e+00
-1.767621891509482790e+00
3.572514666120059523e+00
7.579068097514846336e+00
1.023412851616166463e+01
7.289992171420814238e+00
4.758941089796850044e+00
1.962019206528412330e+00
-2.012230871290598078e+00
-3.542773022646350078e+00
-8.656554636622277865e-01
1.853417866602698805e+00
-9.758946096697265205e-01
-9.489198739461812693e-01
5.502392651622907138e-01
-9.436968852738034652e-01
-1.207462261009188964e+00
1.177586909254504821e+00
3.187891730322860884e+00
5.187945954852540176e+00
6.168732662735910033e+00
6.981867842967653282e+00
1.055217993822864031e+01
1.149669096927951450e+01
9.259430835927499714e+00
5.635025184430866751e+00
1.235292663561516235e+00
8.093254740716064877e-01
1.257696284511614193e+00
-3.943678182121728715e-01
-1.093278455978508479e+00
-2.564496789106280872e+00
-2.320790087049801720e+00
1.253811941518933493e+00
-4.464877924909180784e-01
-2.737214362355544495e+00
-3.074639552574476298e-01
1.192328043733433596e+00
1.233481631518658528e+00
3.343708272507506685e+00
6.926672825827124846e+00
9.968243958267374083e+00
1.155895866869897404e+01
1.158782929637024672e+01
9.327407576945764944e+00
5.264801389803485776e+00
-4.270466103556697646e-01
-3.200676767123160182e+00
-3.833522991491501219e+00
-3.068560856443368845e+00
-4.246110727418085595e+00
-7.264232652508153087e+00
-7.864933205059821297e+00
-2.687297675580211376e+00
4.610330145950182756e-01
-1.779834065546308519e+00
-2.626012699858448762e+00
3.266752752429488704e-01
5.270293205077419607e+00
6.051086376508461484e+00
3.660907062270371881e+00
1.451817098148084018e+00
1.631678285348661550e+00
1.928045450541139516e+00
3.034023553480494684e+00
6.600904898927511866e+00
3.484808549665742827e+00
5.892850166416567781e+00
1.004426789796801422e+01
9.378548771562323694e+00
6.645420655973338420e+00
2.855262071265780133e+00
1.941492411604489821e+00
3.307907096999954888e+00
6.193102812535264512e+00
7.820320498743396520e+00
8.056421563780833850e+00
5.443428138384230230e+00
4.323342199634424787e+00
6.751783375084855265e+00
7.458728625882577568e+00
5.227305441679026110e+00
1.987238028513111043e+00
4.574509739399347019e+00
7.931605722970711092e+00
5.157878327606203683e+00
2.813290121589222093e+00
3.054622816285756493e+00
4.427882238366705359e+00
3.392120089653534620e+00
1.308701403855152767e+00
1.200642230988763437e+00
2.131868394236339004e+00
2.426321325845618659e+00
4.410776903516564040e+00
6.344862327153336423e+00
4.396337867644160902e+00
4.852684830548124495e+00
3.871167198886528826e+00
1.440034159955851489e+00
3.670119611496470924e+00
4.493053698320262690e+00
2.328122298410264079e+00
3.145745795361744257e+00
7.023923606011180709e+00
6.736762538285738344e+00
4.510687937580260432e+00
5.490739689829183590e+00
5.679873135906697179e+00
5.166725016744019960e+00
4.183904705974322624e+00
3.385963623298810621e+00
3.205286522409429573e+00
4.136244923343637692e-01
-1.070777366599817260e+00
1.027061411220310111e-01
4.320195783388776078e+00
5.856717876797753242e+00
4.574186097709225685e+00
2.784065777476023573e+00
2.068239046601255460e+00
1.102580000221560663e+00
3.627816449098241414e+00
7.110057940922010822e+00
7.104343348010977444e+00
8.929534045128693975e+00
7.955086781983339073e+00
6.422332080159162793e+00
3.744127114201467155e+00
5.592396021597147993e-01
1.184115885594665185e+00
3.763892804839497508e+00
7.601024369349474341e+00
7.433141217336509676e+00
6.967895877070776400e+00
8.733966505735397234e+00
1.012647895460534464e+01
1.074921618930860845e+01
7.927052534806494855e+00
6.095839312291679413e+00
4.584728013689206350e+00
1.833594637527782290e+00
1.017041396623251437e+00
2.369544058264789754e+00
5.676306024602477684e+00
9.456032724964648750e+00
1.102002083603899685e+01
1.250086698564927090e+01
1.302194290438986890e+01
1.215531700112868485e+01
1.354213657740707788e+01
1.582562186501988855e+01
1.652235680437268073e+01
1.346605316673231378e+01
1.372265693482027693e+01
1.684917967176030729e+01
1.665800727853771335e+01
1.653236783178969560e+01
1.715470511777333584e+01
1.545981457248213253e+01
1.170722067256947874e+01
7.872588374045927040e+00
8.761064108188497457e+00
1.092971316558145745e+01
1.032340343339764743e+01
1.237891467534478984e+01
1.578928299117744238e+01
1.746658799835078568e+01
1.856471261678545304e+01
1.774043972915530887e+01
1.692917344697296755e+01
1.511625119343329082e+01
1.653424038237743687e+01
1.866818010836669828e+01
1.718299165359740144e+01
1.440632720695779945e+01
1.405973665330155242e+01
9.982931085042567432e+00
7.277471092735134484e+00
9.105095961676560989e+00
8.387848317081386895e+00
6.573314673160160382e+00
8.318743468631641491e+00
1.179773704587978500e+01
1.068608251476973336e+01
8.501691876926662061e+00
6.685600245565187727e+00
5.088700938631942172e+00
6.457219016934599765e+00
9.192862818793686941e+00
8.211306977865852730e+00
7.240901099207485814e+00
9.110845890292956994e+00
7.935323815614521159e+00
4.452550833277247655e+00
5.704493946427553475e+00
8.431414430855523889e+00
9.421971346237816292e+00
1.080063460320819146e+01
1.250163616304281256e+01
1.216898006198986515e+01
1.019020568217577072e+01
1.205393216227178321e+01
1.352893453596062479e+01
1.046043612681271640e+01
7.183471805869106497e+00
7.515965726983218076e+00
8.096993093468096703e+00
1.098444080111269372e+01
1.300533536801339629e+01
1.349478950761556639e+01
1.354553647390645565e+01
1.269921346110571214e+01
1.309865721651134685e+01
1.292628502120268408e+01
1.115659476328460364e+01
1.071437949880371399e+01
1.223644272089357266e+01
1.597497599558578507e+01
1.706129567140730074e+01
1.617022667268973279e+01
1.444293392663827369e+01
1.289945659997358796e+01
1.386299116296709499e+01
1.573379856406071475e+01
1.592289467514231838e+01
1.380210051083020417e+01
9.978762753081841907e+00
6.056429418745334026e+00
7.112049215551159875e+00
9.071712273346081545e+00
8.826050178338279650e+00
8.536232052715002183e+00
8.563108262407240545e+00
8.502269733072486346e+00
7.367706531814921078e+00
4.346140294966878592e+00
9.075890202974703502e-01
-1.560595911340760145e+00
-4.326944724212782312e+00
-4.988712899264918121e+00
-5.246571465508311327e+00
-3.667476461392108256e+00
9.668292317376570022e-01
4.146444047189418391e+00
3.953050021299489902e+00
3.559923202115866214e+00
5.893324763736236704e+00
9.334363090991617540e+00
1.096784601716471208e+01
8.548716755935320322e+00
8.022815970570663424e+00
7.720707668895927078e+00
8.980101226620654131e+00
1.179010929283902520e+01
9.980645712844228967e+00
7.662034728642033166e+00
7.520403729033879436e+00
5.443981389634886092e+00
5.548087815161349745e+00
5.227573034947865516e+00
3.845901356778327340e+00
6.323729610638021192e+00
8.771303442880368451e+00
9.631888249991069628e+00
8.916133949994110353e+00
8.985355490520658961e+00
8.667711493742697115e+00
8.804151809496985948e+00
9.191774896643201131e+00
6.544573848208756317e+00
3.637732978079159629e+00
7.584189068013592383e+00
7.570020497130530934e+00
3.546485153385432021e+00
3.003867059521535321e+00
5.714864810159919095e+00
9.590151942374646410e+00
1.096543431000807267e+01
9.046894984693368613e+00
4.311478434040980190e+00
3.164296497535537434e+00
2.843271373332523666e+00
1.121274549582977453e+00
1.647222242627793265e-01
2.550025740649410455e+00
8.319751972598490752e+00
1.125219708103024630e+01
1.349817001130541172e+01
1.322878504882097772e+01
1.334864994504044411e+01
1.537088868976143630e+01
1.652829344336842610e+01
1.571440002357682886e+01
1.130566890342234565e+01
9.253239876700606104e+00
9.169659663590566723e+00
9.169438885161111941e+00
8.423988947003932637e+00
8.225075604506345783e+00
5.885806757734280303e+00
5.061370411437244421e+00
4.809238434621157410e+00
4.387489051880549162e+00
8.029397155331134073e+00
1.147772754120597050e+01
1.294441340536436869e+01
1.527391476810462123e+01
1.598835895204994983e+01
1.371222116580274353e+01
1.100850981914563143e+01
9.313584959655186069e+00
8.256513012808666119e+00
7.978993332936243021e+00
6.701959128519588305e+00
7.127679411239754792e+00
1.018208070896874240e+01
1.345966747213379655e+01
1.280210459829814873e+01
9.531088801946930644e+00
8.547948437433431579e+00
1.211785462028039717e+01
1.482541584523542078e+01
1.403927126780365064e+01
1.194268776049889347e+01
1.109410838197838522e+01
1.160967137587158327e+01
1.113276844820062728e+01
1.192075091553557087e+01
1.440406289073638746e+01
1.690155806846798114e+01
1.747857710873642745e+01
1.475036228006522698e+01
1.520727078137756294e+01
1.732460942718592989e+01
1.735374155359827242e+01
1.531045699590060316e+01
1.146194336834622085e+01
5.843691184375479075e+00
6.147497731482943095e+00
1.005764415576785176e+01
8.269151216069678512e+00
5.814242985077805237e+00
7.260322688777841371e+00
7.918949403947224575e+00
8.941197985842242346e+00
1.220383037949767946e+01
1.351934919465903029e+01
1.475249496011150363e+01
1.464715073336646434e+01
1.530215618684528600e+01
1.813167147552552549e+01
1.829859043431281762e+01
1.706465929862824638e+01
1.857740360718463180e+01
1.949785409164023875e+01
1.882551637404071343e+01
1.853184160956331183e+01
1.999968109406427175e+01
2.024503506066274738e+01
1.920697795545468622e+01
1.884862026726557360e+01
1.960755663619116262e+01
1.971753377164555943e+01
1.914547525840582765e+01
1.932375333699053144e+01
2.005086172580561410e+01
1.837131587703514768e+01
1.672158957186523054e+01
1.879551835696508277e+01
1.845378032830691239e+01
1.717174463542184526e+01
1.862084493868017887e+01
1.849961028683890518e+01
1.560807824753246997e+01
1.708923432668929721e+01
2.002807926879973976e+01
1.936868157330608398e+01
1.789059824945237054e+01
1.723173886365571761e+01
1.622794192496242971e+01
1.772942522063415893e+01
1.840542784877911942e+01
1.742601228984293371e+01
1.830771426931071133e+01
1.880036925703081607e+01
1.808698611277604229e+01
1.783371245929654592e+01
1.651411727635612436e+01
1.408202006556805230e+01
1.317234506700000729e+01
1.199852591421755754e+01
1.117923687630913498e+01
1.056300376285109444e+01
1.350070463656181019e+01
1.749854969277814121e+01
1.825325150475158509e+01
1.688530388711523855e+01
1.736855786105362043e+01
1.677675277707252377e+01
1.695317535365350992e+01
1.870600398504902628e+01
1.990368096017105515e+01
2.023294098898852411e+01
1.895756462277394760e+01
1.818218894494397730e+01
1.581236958429524897e+01
1.404078564715512201e+01
1.459489333535052502e+01
1.633002845212331167e+01
1.581034868567739871e+01
1.196930142869716285e+01
9.320231809999066641e+00
8.510297144595821095e+00
1.097465829836178308e+01
1.452934490511112209e+01
1.577204940944813671e+01
1.819221804784332974e+01
1.984092259218857279e+01
1.974460048013643743e+01
2.011784926767981929e+01
2.001934404135423051e+01
1.910365281873417942e+01
1.737556020759210895e+01
1.482978246722340465e+01
1.581625066869597873e+01
1.782623618700954893e+01
1.929596091996039675e+01
1.915601511715349048e+01
1.913433990684475816e+01
1.982185303905010798e+01
2.049017927622679025e+01
2.008146089279218316e+01
1.933682916742445101e+01
1.916432302567976720e+01
1.840736158671866818e+01
1.925426917411823169e+01
2.028705536835270351e+01
2.014260328195753758e+01
1.985720706774568001e+01
1.920812904170641033e+01
1.932986548211944111e+01
1.979687954246252346e+01
1.971804576472420578e+01
1.861721024161096949e+01
1.730656273825789171e+01
1.698207805946957194e+01
1.866624557519419980e+01
1.997371748599669417e+01
1.930905668328343339e+01
1.884322931671026424e+01
1.852955393813669005e+01
1.755090079533243852e+01
1.787092451292036444e+01
1.710388095784773199e+01
1.671827212496673454e+01
1.730334225091622713e+01
1.634965131472502264e+01
1.536048632011474524e+01
1.697234958205602950e+01
1.829070512433489171e+01
1.879361369229153311e+01
1.767682588284525380e+01
1.438338813293414198e+01
1.280309937519468377e+01
1.417361783083835824e+01
1.457790980608445075e+01
1.516663956274183889e+01
1.612432943788268602e+01
1.397382349164590920e+01
1.428923135004843026e+01
1.689601792806895020e+01
1.469940139619200714e+01
1.349218254931343886e+01
1.388306318128799610e+01
1.384954327704837418e+01
1.461008978016490722e+01
1.324103942299484693e+01
1.223560638012594204e+01
1.431764008996687565e+01
1.658868894241950542e+01
1.657512231222819210e+01
1.621512956896345159e+01
1.610048320518320963e+01
1.600429110292472146e+01
1.749467981944751216e+01
1.960569998518690582e+01
1.972794724767364016e+01
1.958017350565480896e+01
2.007366959139470097e+01
1.970787770559678265e+01
1.843480549653595446e+01
1.918756723801400099e+01
1.978414354606326953e+01
1.884667820873083599e+01
1.963598268561862525e+01
2.042080264654218880e+01
2.031529171922344901e+01
1.979649668533990692e+01
1.889920882826136861e+01
1.792046286468470129e+01
1.701279223932437645e+01
1.647002341882025789e+01
1.583530414201251979e+01
1.706441062263607122e+01
1.840546165793532296e+01
1.938258997664763328e+01
2.036178577382373689e+01
2.038837268568515526e+01
1.989742718084200845e+01
1.825494460293020538e+01
1.790712634367816491e+01
1.767460898611500753e+01
1.733864909911070029e+01
1.745410508730966015e+01
1.792012137412496386e+01
1.831485411782771067e+01
1.736447203404909345e+01
1.734820802016028907e+01
1.911719913303721086e+01
1.992515983036458849e+01
1.903806539869076175e+01
1.780191137488780484e+01
1.714992539091156942e+01
1.850163047921634885e+01
1.902702248016874620e+01
1.673991393176920894e+01
1.281398281779391723e+01
1.150850678828660278e+01
1.313490060046219021e+01
1.246513725409501561e+01
1.063191613971501503e+01
9.467472394839399286e+00
9.024963698086521546e+00
1.002072201045633548e+01
1.309515237656469111e+01
1.548662740365926815e+01
1.683398309342222987e+01
1.841743196010018835e+01
1.817074970249776555e+01
1.853925085444621601e+01
1.922098140489085338e+01
1.858767001183487722e+01
1.938660624443835090e+01
2.030426112887477785e+01
1.978620574909151486e+01
1.885687759163475974e+01
1.779026404965907560e+01
1.570986817343341535e+01
1.331450094573347620e+01
1.177261068037481273e+01
1.396037026935370129e+01
1.675564049591459792e+01
1.647056104488960315e+01
1.519140608125804803e+01
1.532912220714585949e+01
1.571556026363771252e+01
1.495891724056893146e+01
1.432694606419656047e+01
1.257553515143297496e+01
9.083110680173293261e+00
8.835148625821913626e+00
8.467997653363129373e+00
9.684314078708766260e+00
1.229870233039279270e+01
1.482842349708923813e+01
1.784897628941007852e+01
1.898765627238929810e+01
1.774597307212518515e+01
1.729738375516054205e+01
1.829644337143830413e+01
1.880082361656515388e+01
1.956276745159559383e+01
1.956311329065116311e+01
1.965446729645423574e+01
2.022397375640358419e+01
1.981900110658932235e+01
1.961361804449304458e+01
1.935317628620925845e+01
1.955364571121964801e+01
1.945274349565935879e+01
1.862598177487948092e+01
1.770222133218829796e+01
1.694310482631345494e+01
1.672907181739897098e+01
1.616859706785308148e+01
1.415990237708640542e+01
1.235775631079604331e+01
1.452034362381948540e+01
1.770754596272446690e+01
1.831727550265826565e+01
1.795487344619096604e+01
1.733191733783653987e+01
1.615663472388817823e+01
1.649144556602872669e+01
1.610193998469414822e+01
1.481479021605955460e+01
1.309870848449557279e+01
1.190809155519722573e+01
1.084137546489735904e+01
8.570434283396989983e+00
7.465319296497182400e+00
8.514919415372162348e+00
1.088491189775370671e+01
1.295551959896405769e+01
1.432555578598585022e+01
1.618016496704976248e+01
1.839457644705480988e+01
1.856357291891191252e+01
1.766930499424064749e+01
1.838071319587019659e+01
1.906643324983563303e+01
1.833875004951028487e+01
1.670315639574251421e+01
1.592588668931479212e+01
1.714080467443796962e+01
1.885472325015809503e+01
1.808729078629923492e+01
1.678391544874523333e+01
1.781679568969430960e+01
1.961092455843798277e+01
2.010981806201803934e+01
2.014763149272440756e+01
1.938949487568586605e+01
1.939541565952102786e+01
1.954019719405834010e+01
1.935392537424709403e+01
1.847891954781005452e+01
1.520446746628153711e+01
1.227230003089719368e+01
1.293263946336917947e+01
1.517426653401455816e+01
1.543194768519897586e+01
1.307725547570823466e+01
1.263001268502945251e+01
1.437354504581126768e+01
1.436282678096596932e+01
1.415146855773568646e+01
1.278145507511989543e+01
1.185863141254520947e+01
1.453157733325510748e+01
1.530446455342542045e+01
1.436141295657482608e+01
1.260961416474465757e+01
9.086144844213437821e+00
1.251866503655215723e+01
1.711567075451795361e+01
1.801385591972115208e+01
1.877048450126750012e+01
1.951507710142964314e+01
1.979533574806008644e+01
1.952960504120420993e+01
1.964012327850458561e+01
2.009180583698931244e+01
2.006606920664276927e+01
1.925133824182396935e+01
1.873343619730646026e+01
1.894897666503327116e+01
1.923923725754491798e+01
1.790377677844897164e+01
1.603218899827636434e+01
1.655264642563518507e+01
1.651533582351688167e+01
1.644953446198645253e+01
1.642336514468058439e+01
1.654578792375201246e+01
1.914331043580281388e+01
1.906444467059400338e+01
1.912287143965017933e+01
1.839655757029347782e+01
1.526355959996470268e+01
1.585048928247273103e+01
1.766276086083192709e+01
1.892923562453277952e+01
1.973933049170242882e+01
1.980549406247609312e+01
1.951146026125505628e+01
1.831523290228680523e+01
1.729728015630369953e+01
1.614496177529409593e+01
1.695440423928805629e+01
1.758914651809491403e+01
1.490368491743381263e+01
1.554609668533054467e+01
1.646034716056697178e+01
1.657080481553768792e+01
1.844211481286451360e+01
1.897152587791704192e+01
1.909795714108545894e+01
1.917150777186737898e+01
1.810953481759225170e+01
1.580494798642322252e+01
1.388054253276599859e+01
1.339732040312641992e+01
1.476840005138384093e+01
1.646565087010302264e+01
1.599709720738401764e+01
1.376630568551852818e+01
1.440958582470012139e+01
1.478772405865761286e+01
1.546410471913899620e+01
1.689818829148336121e+01
1.550055241598813360e+01
1.360470927972733790e+01
1.412818496113651001e+01
1.500495587781328233e+01
1.461146090612466431e+01
1.392264272193868813e+01
1.242864619168567408e+01
9.267107154454965467e+00
6.735683418815164636e+00
8.124635351877254053e+00
1.030685840168027312e+01
1.191494680096150738e+01
1.480367409172514392e+01
1.639179045088868136e+01
1.611394889497348970e+01
1.283831522305988493e+01
1.293791422950637937e+01
1.429560716696012612e+01
1.694995357786445211e+01
1.790236356722439481e+01
1.759681876328142280e+01
1.753464464998829797e+01
1.767838442421650669e+01
1.821206331929041156e+01
1.753655995059445516e+01
1.802223209551122807e+01
1.866390143498230714e+01
1.934609213752639434e+01
1.977990220814741207e+01
1.960779193742931525e+01
1.892405536614915107e+01
1.785051178776556569e+01
1.827104800652920247e+01
1.883644219091837257e+01
1.786453890828787294e+01
1.597066325477396553e+01
1.630624921322992193e+01
1.601802882599803368e+01
1.595552870411501623e+01
1.618796134533377185e+01
1.532210946551956354e+01
1.456024554894217538e+01
1.569877080320255125e+01
1.654720258347563444e+01
1.709214731118661845e+01
1.798180482726392526e+01
1.757573026021188767e+01
1.885679345194925816e+01
1.913409981405676419e+01
1.890373652870689014e+01
1.928708034897148593e+01
1.842685539064978784e+01
1.869501538184528400e+01
1.938023616510556124e+01
1.918895134140167258e+01
1.890461780964921346e+01
1.813323474480170105e+01
1.710191158552262536e+01
1.707454009257509497e+01
1.707901635446299693e+01
1.720491296192993858e+01
1.746615814854630955e+01
1.678693425024986396e+01
1.580599269483034064e+01
1.510946152695363942e+01
1.256513142691290597e+01
1.051719423623146277e+01
1.209322138966860294e+01
1.381831800843896829e+01
1.376860653661015554e+01
1.457628885024998233e+01
1.417948911951893898e+01
1.141585188447072774e+01
1.042380140543760625e+01
1.246388091561699518e+01
1.275440225183819010e+01
1.234850846488695986e+01
1.257045315496949023e+01
1.288773974420047885e+01
1.268305518443800750e+01
1.247720504860446589e+01
1.133412755932648075e+01
9.223900193088045540e+00
9.967622042862180010e+00
1.251103620008530193e+01
1.075964569556088790e+01
8.981971709234475298e+00
1.007867363344257150e+01
1.153403348199110567e+01
1.438149981398819044e+01
1.366421485474175945e+01
1.112344539805268973e+01
9.679181024519303733e+00
1.050510589634770042e+01
1.263965817706925598e+01
1.293104771927472463e+01
1.398088035222201952e+01
1.496168568999029702e+01
1.608773770696234706e+01
1.722738719704775789e+01
1.662331860603430655e+01
1.599788541498271677e+01
1.692861384779879330e+01
1.782327775152288396e+01
1.832827230349791492e+01
1.819336362804357776e+01
1.730331503687407491e+01
1.664806994114180938e+01
1.736905258094173021e+01
1.798932235722548256e+01
1.785316042401322179e+01
1.754821369485971516e+01
1.455138900514139699e+01
1.481234699838856805e+01
6.470665775920301233e-01
6.470665775920301233e-01
6.470665775920301233e-01
6.470665775920292351e-01
6.470665775920292351e-01
