-4.815449542677785466e+00
-4.930567202958012096e+00
-4.498975178280384846e+00
-3.973016770192079772e+00
-4.409726034492345015e+00
-5.494907149436382809e+00
-6.174137643558867516e+00
-6.297813214880572552e+00
6.470665775920301233e-01
6.470665775920301233e-01
6.470665775920301233e-01
6.470665775920301233e-01
6.470665775920301233e-01
6.470665775920301233e-01
6.470665775920301233e-01
6.470665775920301233e-01
6.470665775920301233e-01
6.470665775920301233e-01
-5.078592489796645459e+00
-3.881807175747057581e+00
-3.742683845568842926e+00
-3.328205690276721640e+00
-3.202484578597166731e+00
-4.196142949285280643e+00
-5.600169553765071306e+00
-6.046337699206239868e+00
-5.432395498846951831e+00
-4.361381356471937032e+00
-3.611733126433494867e+00
-2.927032512608841675e+00
-3.314235956400550798e+00
-4.095666970559751263e+00
-3.481200786152673032e+00
-3.202240710204307117e+00
-2.916970238626595435e+00
-2.374249635182024143e+00
-1.672628574093162346e+00
-1.428258942591645653e+00
-2.664948200052381644e+00
-3.130900835395738824e+00
-3.516600349806301651e+00
-4.090865036449964798e+00
-4.050730795976504872e+00
-3.317977010985419639e+00
-2.004287819706257245e+00
-1.905269353731915860e+00
-2.370302402648770901e+00
-2.474428387803150553e+00
-2.549938137252306891e+00
-2.648270868669325484e+00
-3.052801036157750225e+00
-3.486749984971278415e+00
-2.639909996073903198e+00
-1.619279050504866202e+00
-1.084586884561450804e+00
-2.343078297567603663e+00
-3.790289697224184629e+00
-3.348797016055772957e+00
6.470665775920301233e-01
6.470665775920292351e-01
6.470665775920292351e-01
6.470665775920302343e-01
6.470665775920301233e-01
6.470665775920301233e-01
6.470665775920301233e-01
6.470665775920301233e-01
6.470665775920301233e-01
6.470665775920301233e-01
-2.987421069371019033e+00
-3.410671493800551790e+00
-2.836732508624444371e+00
-2.059660975222962875e+00
-2.036546109784015179e+00
-2.760346856040523100e+00
-3.623058437741701443e+00
-3.589288056149147366e+00
-3.990357186481390706e+00
-4.414527675745573809e+00
6.470665775920301233e-01
6.470665775920301233e-01
6.470665775920301233e-01
6.470665775920301233e-01
6.470665775920301233e-01
6.470665775920301233e-01
6.470665775920301233e-01
6.470665775920301233e-01
6.470665775920301233e-01
6.470665775920301233e-01
6.470665775920301233e-01
6.470665775920301233e-01
6.470665775920292351e-01
6.470665775920292351e-01
6.470665775920302343e-01
6.470665775920301233e-01
6.470665775920301233e-01
6.470665775920301233e-01
6.470665775920301233e-01
6.470665775920301233e-01
6.470665775920301233e-01
6.470665775920301233e-01
6.470665775920301233e-01
6.470665775920301233e-01
6.470665775920301233e-01
6.470665775920301233e-01
6.470665775920301233e-01
6.470665775920301233e-01
6.470665775920301233e-01
6.470665775920301233e-01
-3.704820555927015313e+00
-3.245129951638128674e+00
-2.454229660152257075e+00
-3.232211000074698859e+00
-4.214234384419943247e+00
-4.271872909980102051e+00
-4.115349606959169293e+00
-4.556228843719737576e+00
-5.684292496510487069e+00
-5.399591745933409292e+00
6.470665775920301233e-01
6.470665775920301233e-01
6.470665775920301233e-01
6.470665775920292351e-01
6.470665775920292351e-01
6.470665775920302343e-01
-4.154449198356005901e+00
-2.636074098695323720e+00
-1.526964184440940286e+00
-1.866145716296004231e+00
-1.781169411923238188e+00
-5.023380754938533421e-01
-7.085376502839864088e-01
-1.420047516619340922e+00
-1.198046924931788215e+00
-1.355401094383398286e+00
6.470665775920301233e-01
6.470665775920301233e-01
6.470665775920301233e-01
6.470665775920301233e-01
6.470665775920301233e-01
6.470665775920301233e-01
6.470665775920301233e-01
6.470665775920301233e-01
6.470665775920301233e-01
6.470665775920301233e-01
-1.676078954242853136e+00
-2.304894039811665518e+00
-2.710242474998464601e+00
-2.336671841755728174e+00
-1.433523332375236325e+00
-2.038160533734406865e+00
-3.702919332715068901e+00
-4.446195782524050344e+00
-4.327772546002811360e+00
-3.655396982835226183e+00
-3.114028998817103933e+00
-2.620139584890591511e+00
-1.660083121540623097e+00
-9.121895173953304958e-01
-1.271669729277489225e+00
-1.221282516418904507e+00
-6.500289180649245768e-01
-8.506110939835104245e-01
-1.274633445699625112e+00
-1.712026890552928338e+00
6.470665775920301233e-01
6.470665775920301233e-01
6.470665775920301233e-01
6.470665775920301233e-01
6.470665775920301233e-01
6.470665775920301233e-01
6.470665775920301233e-01
6.470665775920301233e-01
6.470665775920301233e-01
6.470665775920301233e-01
-2.838239232582378868e+00
-3.770151347959048493e+00
-3.293885309245939474e+00
-2.252609038986000289e+00
-2.311718324303160710e+00
-2.949947404123461681e+00
-3.652575036344785087e+00
-4.474626637391409645e+00
-2.846381486828430951e+00
-1.287229754150195804e+00
-2.491710873756329381e+00
-3.629159974325206761e+00
-3.337913367394664377e+00
-4.071040523299661373e+00
-4.410454653888384868e+00
-4.369327632708091436e+00
-4.603048101488653288e+00
-4.157762939225242427e+00
-3.745598388168490445e+00
-3.970520755239342225e+00
-4.547113563077599174e+00
-5.096684540176789291e+00
-5.561395745427798687e+00
-5.742238664289816441e+00
-5.183407871294723357e+00
-5.441428096989014307e+00
-5.504041134336422836e+00
-4.242652299423439466e+00
-4.501159852030984787e+00
-4.716983691598955808e+00
-4.204859131303517294e+00
-3.284623891992457523e+00
-2.982068574072474831e+00
-3.390993625194549388e+00
-2.616469533923068802e+00
-1.959813013838393569e+00
-2.220906735887533845e+00
-2.698284738286667483e+00
-2.345230697867495717e+00
-1.849666448389180484e+00
-1.335883912158396969e+00
-1.042511794691100668e+00
-1.326109362752666998e+00
-1.022120171936656607e+00
-1.190987641538142849e+00
-2.052315850136248176e+00
-3.019246757818711657e+00
-3.864392044947928984e+00
-4.100949098362451473e+00
-3.719593774350738347e+00
6.470665775920301233e-01
6.470665775920301233e-01
6.470665775920301233e-01
6.470665775920301233e-01
6.470665775920301233e-01
6.470665775920301233e-01
6.470665775920301233e-01
6.470665775920301233e-01
6.470665775920301233e-01
6.470665775920301233e-01
-3.007163433058879676e+00
-2.597362032620994299e+00
-2.718717720989849873e+00
-2.507011138607638134e+00
-5.981929505182754792e-01
7.919108752422183706e-01
5.191395799247465748e-01
3.702465662215677356e-02
-2.863681324720709909e-02
-5.240237970749472840e-01
6.470665775920301233e-01
6.470665775920292351e-01
6.470665775920292351e-01
6.470665775920302343e-01
6.470665775920301233e-01
6.470665775920301233e-01
6.470665775920301233e-01
6.470665775920301233e-01
6.470665775920301233e-01
6.470665775920301233e-01
6.470665775920301233e-01
6.470665775920301233e-01
6.470665775920301233e-01
6.470665775920301233e-01
6.470665775920301233e-01
6.470665775920301233e-01
6.470665775920301233e-01
6.470665775920301233e-01
6.470665775920301233e-01
6.470665775920301233e-01
-1.084224215807194858e+00
-1.914380551095116401e+00
-3.158384909036883403e+00
-3.810721039254215015e+00
-3.571219165511754667e+00
-2.939852087077412079e+00
-1.961545461855954908e+00
-1.281293058761580728e+00
-2.539274739442770823e+00
-3.825377427421392973e+00
-4.244438956225648596e+00
-4.155754645011076498e+00
-2.847708764720230157e+00
-2.873410602178264384e+00
-2.548966259866999540e+00
-1.978665448253277281e+00
-1.773692493369114498e+00
-1.186626945890127516e+00
-1.925672617367545136e+00
-2.946496698741802867e+00
6.470665775920301233e-01
6.470665775920301233e-01
6.470665775920301233e-01
6.470665775920301233e-01
6.470665775920301233e-01
6.470665775920301233e-01
6.470665775920301233e-01
6.470665775920301233e-01
6.470665775920301233e-01
6.470665775920301233e-01
-3.431352433656334799e+00
-3.689759738728493055e+00
-4.626098195301467264e+00
-4.046699495478677910e+00
-3.178445289479001623e+00
-2.986523362895245448e+00
-3.405163794054555382e+00
-4.516526996629704804e+00
-5.341588831402162896e+00
-5.341510630453661257e+00
-4.474812301765783040e+00
-3.774411864866025645e+00
-2.833234538189567608e+00
-1.795972917509069955e+00
-9.985012745963832703e-01
-5.087291159031310794e-01
-1.532409935296354053e+00
-2.835605061305975116e+00
-2.343728790660525085e+00
-2.050842020017947576e+00
-2.280061853644960834e+00
-2.250781978910223025e+00
-2.591881773722768845e+00
-3.933660054769719139e+00
-4.552501759159318873e+00
-3.434308026282253845e+00
-2.531455666820435990e+00
-2.297465079750123707e+00
-1.041579653567588526e+00
-6.546903134758685905e-01
-1.035459086898438574e+00
-1.235534326885278755e+00
-1.756786434507799477e+00
-2.413323717921366018e+00
-2.743874176937675102e+00
-3.407169531162137943e+00
-4.147782692070307142e+00
-4.643555468567876154e+00
-5.175101382771534198e+00
-5.360485916345640867e+00
-5.200279039517636370e+00
-4.591085179235162350e+00
-3.744216880450535356e+00
-2.745917700376250270e+00
-1.832521304657463546e+00
-1.774518897575432463e+00
-2.126428048974635221e+00
-2.914532012231961122e+00
-3.367356842210112333e+00
-3.304821510572185428e+00
-3.333111727196190088e+00
-2.900083662643557325e+00
-2.001662217912250075e+00
-2.417138772987019735e+00
-3.859525217233541028e+00
-4.607736129979507211e+00
-4.782959574423635729e+00
-4.043469707082874898e+00
-3.114054797381097472e+00
-2.952709885824662095e+00
-2.971735818541372254e+00
-3.369409091229480069e+00
-4.145980768818783524e+00
-3.799710276780416507e+00
-3.090010077554235846e+00
-2.401223144407004906e+00
-1.067836542689864165e+00
-7.404556752417876808e-01
-7.902117983308296623e-01
-1.708119539939521925e+00
-3.773918513507878547e+00
-5.010289440592432086e+00
-5.929483494554356859e+00
-6.125644272938668422e+00
-6.191634615884335169e+00
-6.063579770178650463e+00
-5.929761490951785952e+00
-6.495371494097180509e+00
-6.480678015064475161e+00
-5.846288799695781080e+00
-4.791581167895359705e+00
-3.309486863495536113e+00
-1.874951910519488063e+00
-3.031897881243454940e+00
-4.306589100264326397e+00
-4.001492742030058558e+00
-3.731261826752341193e+00
-3.466743431644064621e+00
-4.033873223723172252e+00
-4.457642680924306156e+00
-4.224486398526940967e+00
-4.591572319909905886e+00
-4.384690802827104328e+00
-2.601566469524676073e+00
-1.160159253174463556e+00
-1.245497107317242058e+00
-1.751688877180242798e+00
-1.780501461686771147e+00
-2.190290647246764255e+00
-2.422200247509281645e+00
-1.828957387431072723e+00
-1.439098748232582548e+00
-1.868321789213898132e+00
-2.693540046278005917e+00
-3.306134643637876902e+00
-3.587283596959369270e+00
-3.904666701409144736e+00
-3.465862522109184329e+00
-2.387592159721867446e+00
-2.323969787541886767e+00
-3.489286923801810048e+00
-4.280974312243388979e+00
-5.099626472113393483e+00
-5.746849381898754494e+00
-5.494671179356634738e+00
-4.730758250832600709e+00
-5.345842314749970292e+00
-5.883960808596419234e+00
-5.968114530247307314e+00
-6.023415529227584386e+00
-5.604386895172344119e+00
-3.979929479354934685e+00
-3.725679646613039075e+00
-4.161704490621025876e+00
-3.207439146965899823e+00
-2.449726004350955666e+00
-3.363763547956243549e+00
-3.464106568637096206e+00
-3.317563126116097827e+00
-3.702252101744538670e+00
-3.571641423535395710e+00
-3.423819934179387126e+00
-3.665725469133627623e+00
-4.394416613359127588e+00
-5.196991676297659346e+00
-5.738471316339679440e+00
-5.736571334436747271e+00
-5.679739159908471891e+00
-5.276725533450897565e+00
-4.614707472207046912e+00
-4.798368326526463612e+00
-5.108629852197622334e+00
-5.401579103398586490e+00
-5.499070096871023772e+00
-5.463598533975345894e+00
-5.483175246712886697e+00
-5.838959992532195997e+00
-5.483782664348468394e+00
-5.617557101109032835e+00
-6.388717738628819198e+00
-6.257194499698724321e+00
-5.521399362413043299e+00
-5.272021268228916036e+00
-5.501939144064460940e+00
-5.229577443747269960e+00
-4.697201832714094749e+00
-4.284088461727784569e+00
-4.024457840023968558e+00
-3.903949905963578715e+00
-4.138737130487739613e+00
-4.513262251450627538e+00
-4.142661364154931469e+00
-3.419031117220221461e+00
-2.413126268972598520e+00
-5.477515389492624287e-01
-3.250738299973321976e-01
-1.118230711567468560e+00
-2.180728493848225202e+00
-2.344501790046762402e+00
-2.333395526139733001e+00
-3.288394904432612176e+00
-3.766119277808472443e+00
-4.430681865225915672e+00
-5.077085024201460683e+00
-5.260953138254218509e+00
-5.463644301936299463e+00
-5.724332295795292680e+00
-6.162433740318681963e+00
-6.454619334513836293e+00
-6.010943174457341165e+00
-4.095370938572382435e+00
-2.234711870986036963e+00
-2.587739311868960446e+00
-2.550663979981000917e+00
-1.687640583514799619e+00
-1.328614245492597767e+00
-9.568783103379998600e-01
-1.713684337607382924e+00
-2.202682828259329373e+00
-2.972517539776536211e+00
-4.309181446698826079e+00
-4.939296207728987476e+00
-5.295810700617582079e+00
-5.838057832276192904e+00
-6.236331307076590669e+00
-6.336920458833448677e+00
-6.294793472646311727e+00
-6.315523484336051929e+00
-5.951052258139501561e+00
-5.604525421630397908e+00
-5.432589960980284793e+00
-5.111753465962370235e+00
-5.026204998116997835e+00
-4.240988070254140041e+00
-2.956479773069514927e+00
-2.559844645073553693e+00
-2.635471449805376842e+00
-2.076580048668167144e+00
-2.221520155291798471e+00
-2.947076139605687040e+00
-3.416970920015131252e+00
-4.086333806333215968e+00
-5.226829409556475348e+00
-5.332562193821943630e+00
-5.210706616933409308e+00
-4.919510303941038387e+00
-4.863391392970267013e+00
-5.706939141368062351e+00
-5.308209844298652946e+00
-4.906479372772207803e+00
-4.905558657673943834e+00
-4.742298665274326197e+00
-4.794549404255576519e+00
-4.936698655141369407e+00
-5.062228491247465989e+00
-5.210914784435518143e+00
-5.495967421118720608e+00
-5.422876143484429257e+00
-5.832947053405228566e+00
-6.038762747934517172e+00
-5.384848828496639150e+00
-4.425235995386473498e+00
-3.642409381374328348e+00
-2.719472756112645939e+00
-1.953547088286620159e+00
-1.856541745676318911e+00
-2.308298122791810680e+00
-2.204560276798096741e+00
-1.661990782229667563e+00
-1.933771120927076925e+00
-2.511310584962880732e+00
-4.217902878601711869e+00
-4.789704941450307452e+00
-4.400863161986499961e+00
-3.574756452013246655e+00
-3.100421590651123438e+00
-3.748630492314156903e+00
-4.190496414212137033e+00
-3.786082727354884714e+00
-3.938091352919904864e+00
-5.366259087944769135e+00
-5.596754460301755607e+00
-5.466330563129784714e+00
-5.698790585794437646e+00
-5.166008829605934771e+00
-4.801894729867933087e+00
-4.976948130065324882e+00
-4.498928350763699235e+00
-4.149726294392595882e+00
-4.489001146847022561e+00
-5.083772436191440924e+00
-5.269829578130869940e+00
-4.591222232810333814e+00
-4.202418863053225984e+00
-4.675729436920344817e+00
-4.906977150728284442e+00
-4.842825589818725796e+00
-4.217788904192175004e+00
-3.362103020560853750e+00
-3.809000821184383767e+00
-5.161718374808555332e+00
-5.633953915133862900e+00
-5.848001613156872835e+00
-6.293620525498613283e+00
-6.383674962298901967e+00
-6.200703544257389233e+00
-6.217135105728559985e+00
-6.301798502711313255e+00
-6.230961795137687886e+00
-6.283816807041217700e+00
-6.410436249247012164e+00
-6.392648654650488815e+00
-6.206044123412498337e+00
-6.082290500397543376e+00
-5.842320961626631615e+00
-5.492259559717385109e+00
-5.635598755936642057e+00
-5.900741024162178938e+00
-5.532861258225158174e+00
-5.458984911941402451e+00
-5.871889290252799043e+00
-5.687497361264069795e+00
-5.862325679687708124e+00
-6.421393026395793235e+00
-6.406049004077032372e+00
-6.343331061849434960e+00
-6.173033220809919897e+00
-5.723329349620817297e+00
-5.694887225114594109e+00
-5.875785895747012155e+00
-6.123232457854220989e+00
-5.842021126814660015e+00
-4.807655669294836898e+00
-4.565508216070695902e+00
-5.238679777826344086e+00
-5.263893055626993167e+00
-4.949556250336827112e+00
-4.566870255681789281e+00
-4.030252694676341285e+00
-4.568236713581208974e+00
-5.486923204418101108e+00
-5.839744123053070446e+00
-6.254387330427327640e+00
-6.409886900240112872e+00
-6.151514566772324777e+00
-5.767339160873969028e+00
-6.083127632172550037e+00
-6.341641269036508710e+00
-6.166773797808917656e+00
-6.242728313158312226e+00
-6.455326675929875080e+00
-6.208686800382928972e+00
-5.907167371128759115e+00
-5.936421085484558269e+00
-5.750559574202179114e+00
-5.804313193016402472e+00
-5.828083359290283205e+00
-5.228337551592977306e+00
-4.648133321776339422e+00
-5.012825823494703847e+00
-5.570371574092653155e+00
-5.257964018530465466e+00
-5.562503134466018295e+00
-5.982163165360267598e+00
-6.229015432561643806e+00
-6.095505065077041706e+00
-5.434389212538767389e+00
-5.759047587522172051e+00
-6.005007890660067460e+00
-5.848385150943102850e+00
-6.145707531899222253e+00
-6.014826776679309539e+00
-5.643524974858752152e+00
-5.388793453095250818e+00
-4.879891162890091394e+00
-4.848548217637589808e+00
-4.913596512484178724e+00
-4.469843666066656063e+00
-4.004671330190780587e+00
-4.454474458353389288e+00
-5.500817129954355345e+00
-6.303008597958618786e+00
-6.390814232504605563e+00
-6.447930407338065883e+00
-6.421517211303691575e+00
-6.527122415852498527e+00
-6.109671320997199118e+00
-6.059110482438753387e+00
-5.874132414926453549e+00
-5.941620565206824800e+00
-5.780000763190960456e+00
-5.551268334618887579e+00
-4.833716162512208037e+00
-3.782044765024127564e+00
-3.623914868369161546e+00
-4.313831600995484017e+00
-5.033080292083547569e+00
-4.700984327548256125e+00
-3.894985976623451585e+00
-3.691625496443985188e+00
-3.924424087267747829e+00
-4.523110423921413492e+00
-4.962739390233619652e+00
-4.986542946424770584e+00
-4.611497890120090482e+00
-3.274191484259879381e+00
-2.092653041220099208e+00
-2.715314878440897139e+00
-3.201792076160300482e+00
-3.276370213682632926e+00
-4.069290304084030474e+00
-4.004720624231816295e+00
-4.354966949006272792e+00
-4.879835503372377481e+00
-4.789339422509809374e+00
-5.327233638908065672e+00
-4.899373900335807441e+00
-4.026997413017206817e+00
-4.309657593887707527e+00
-4.724055872038436910e+00
-5.177929155397044347e+00
-5.426838480277687005e+00
-5.576230267341429681e+00
-5.387042093220043348e+00
-5.227281029279423841e+00
-4.564715883497503235e+00
-3.832693954634536215e+00
-3.087627081519929817e+00
-2.992504372222844822e+00
-3.565342780628738772e+00
-3.483403011376344338e+00
-3.805617411537623340e+00
-4.363284614051724297e+00
-4.766168346731666894e+00
-5.303005954438347658e+00
-4.701771157061691575e+00
-3.931905152716236529e+00
-3.393562849277976134e+00
-2.872652423279439482e+00
-3.447828941490859389e+00
-4.234066500022826141e+00
-4.548227990637390583e+00
-4.944012479457549070e+00
-4.865956170346145804e+00
-5.011512334349995434e+00
-5.688111712251093799e+00
-5.927233659886230299e+00
-5.952906197282469947e+00
-6.192497598579037366e+00
-6.412238834567030921e+00
-6.480170531989124072e+00
-6.146772010193156000e+00
-5.486122275667124626e+00
-5.126331049251007244e+00
-4.756220016031410758e+00
-4.490891275019442297e+00
-4.731651133392170472e+00
-5.268941278847041332e+00
-5.945789028381899932e+00
-6.173983893910873988e+00
-6.269187213477381171e+00
-6.015517962510110728e+00
-5.644183289454084651e+00
-5.350030806447189313e+00
-4.740906068775564641e+00
-4.254462317165240925e+00
-3.919689907633205905e+00
-3.799045619576066457e+00
-4.032161196073620779e+00
-4.200405515811843848e+00
-4.458191210980154473e+00
-3.723026013768909959e+00
-2.855033297967078720e+00
-2.893543762203157677e+00
-3.687551019209514003e+00
-3.998875297980609922e+00
-4.198268536508889426e+00
-4.291014410922417532e+00
-3.492652948975485838e+00
-3.378814560089142827e+00
-3.814569467499709710e+00
-4.026923434078746311e+00
-3.559583355978149566e+00
-4.222064337494889408e+00
-5.577385648574287202e+00
-5.879568769407600648e+00
-6.150001218581308216e+00
-5.766562974682623910e+00
-4.894538533848813877e+00
-4.105686826161887737e+00
-4.563384359320300732e+00
-5.011157862777352534e+00
-5.076712891207016298e+00
-5.727320939003200273e+00
-5.992016901250075023e+00
-5.407524086460866464e+00
-4.324853948036126106e+00
-3.541505787946391592e+00
-3.517438850822368845e+00
-4.242314694212185877e+00
-5.451125611909538371e+00
-6.179814172529299654e+00
-5.715043404600781862e+00
-4.640985232794790249e+00
-5.130416251833653796e+00
-5.804003138589079569e+00
-5.618164328271373797e+00
-5.100489753998727060e+00
-4.614664152024608335e+00
-4.801850329272776996e+00
-5.190411022881068703e+00
-5.109359569778082921e+00
-4.712040151085918893e+00
-5.544826740491244799e+00
-6.160644087821592230e+00
-5.505815844896113198e+00
-4.694540658689451362e+00
-5.171045015933925626e+00
-5.560200057344945712e+00
-5.631826361131039960e+00
-5.781956964519843645e+00
-5.894017689298894247e+00
-6.278729538255995557e+00
-6.603473543012161606e+00
-6.661925002116619865e+00
-6.599883810568607068e+00
-6.634653630616422326e+00
-6.652514283047612942e+00
-6.689409399662599398e+00
-6.625850340550121231e+00
-6.402970401722335225e+00
-5.783640009680380167e+00
-5.584946204166284289e+00
-5.931750386700023192e+00
-6.043445584660608105e+00
-6.228551149993204028e+00
-6.508726971090811553e+00
-6.656237685322454745e+00
-6.153323181665858677e+00
-5.699718286503801856e+00
-5.718551232769908843e+00
-4.876124287693467174e+00
-3.353387031552176545e+00
-3.095926951542534500e+00
-4.338982921807149395e+00
-5.441909429696967671e+00
-5.212130242918184386e+00
-4.996742803556562862e+00
-4.760286951622215490e+00
-4.464267604313673310e+00
6.470665775920301233e-01
6.470665775920301233e-01
6.470665775920301233e-01
6.470665775920301233e-01
6.470665775920301233e-01
6.470665775920301233e-01
6.470665775920301233e-01
6.470665775920301233e-01
6.470665775920301233e-01
6.470665775920301233e-01
-4.334095982584726947e+00
-4.226980029828163232e+00
-4.119395018652214802e+00
-4.996204101093542960e+00
-6.061869829739878313e+00
-6.107570147432300978e+00
-5.839914315012074475e+00
-6.089388968866948026e+00
-5.813533381005922429e+00
-4.824341801292153953e+00
-3.727725977220417874e+00
-3.031029195713156099e+00
-3.487670886810565918e+00
-3.520118651677910382e+00
-3.719389428992827540e+00
-3.524680829894737855e+00
-3.337256167100684401e+00
-3.208501390526111940e+00
-3.165853826397766024e+00
-3.648165928987278761e+00
-4.021188140598205507e+00
-4.390631154551927651e+00
-4.500720350833956829e+00
-3.895436807227938392e+00
-2.651202889743317748e+00
-2.500497574809627199e+00
-2.584291543279505277e+00
-2.948631109462656497e+00
-4.448467826746265175e+00
-5.135946272627955445e+00
-4.749952477169769871e+00
-4.442968294777437599e+00
-3.618854516917306086e+00
-3.341719821632463727e+00
-2.940119655113112351e+00
-2.265479130931617568e+00
-2.316999026640498283e+00
-1.559549226760712948e+00
-8.394304359131687931e-01
-1.398218250750259850e+00
-3.120654465529737021e+00
-4.278687282524207269e+00
-4.649364046124909500e+00
-4.994052087957254749e+00
-5.663635545454607012e+00
-5.229795694355098945e+00
-4.647369156091304632e+00
-4.735158265177228820e+00
-4.646552383526939778e+00
-4.684313274663351123e+00
-4.365768210299018293e+00
-4.506866647652513436e+00
-5.127274073175423830e+00
-5.441318747625804697e+00
-5.274896537920175099e+00
-5.079222088706468519e+00
-5.395294300969891488e+00
-6.150582395719852435e+00
-6.124129803946629202e+00
-5.356562782628821573e+00
-4.407993881006524006e+00
-3.249573113270102009e+00
-3.329971203321639539e+00
-2.675883789597750528e+00
-1.183321128753311413e+00
-1.623372695653219067e+00
-2.338124439848034086e+00
-2.280671424020186855e+00
-1.823334015004020481e+00
-1.575018011579381705e+00
6.470665775920301233e-01
6.470665775920301233e-01
6.470665775920301233e-01
6.470665775920301233e-01
6.470665775920301233e-01
6.470665775920301233e-01
6.470665775920301233e-01
6.470665775920301233e-01
6.470665775920301233e-01
6.470665775920301233e-01
-1.689282507687974721e+00
-1.811268509089199341e+00
-2.349440427823401123e+00
-2.862384638054754404e+00
-3.062133024312941210e+00
-4.228888962009812680e+00
-5.180666833932167314e+00
-5.104303362087077467e+00
-4.734337621126564422e+00
-4.410677628532233108e+00
-3.411329499963619671e+00
-2.602388961699833914e+00
-2.405624702662868764e+00
-1.514546754155609909e+00
-1.389910391226798492e+00
-1.139023223403311080e+00
-1.460625221431098630e+00
-1.517510903249740473e+00
-1.211857421749706010e+00
-2.480393758221103973e+00
-2.713858009712591723e+00
-2.918860451955481494e+00
-4.672706126538522575e+00
-5.096790636363755844e+00
-4.667536779942126124e+00
-4.041361432908099793e+00
-4.040150728370330846e+00
-3.597921707504824873e+00
-4.051851255033313670e+00
-5.003777314753607541e+00
-4.259575036822913496e+00
-3.466393439771462859e+00
-3.154402266665153221e+00
-2.886741961406602552e+00
-2.323086448785892877e+00
-1.462042113262213672e+00
-4.785408481537447578e-01
-2.997488679595630701e-01
-3.546499497944719526e-01
-6.146143847499292434e-01
-5.589243052825487723e-01
-5.118931954058975053e-01
-7.261034985587557777e-01
-4.659583460758307538e-01
2.212231539290491211e-01
-5.744566688911518781e-01
-1.825060285995755649e+00
-2.371838939524217871e+00
-2.941890535841102494e+00
-3.143076880499963366e+00
-3.590377565363205292e+00
-3.014635952709624256e+00
-1.610545575617583269e+00
-1.421482778422391569e+00
-2.929452930427961732e+00
-4.200407266394782013e+00
-3.635575353968552026e+00
-3.043029789136793006e+00
-3.790720224362641666e+00
-4.682057122806010163e+00
-5.074461688030170947e+00
-5.465867177308585845e+00
-6.174934014022572804e+00
-6.580892814791100776e+00
-6.406830968634999124e+00
-5.965120072506370441e+00
-5.199821184793895767e+00
-4.496043858252926739e+00
-3.781478265103591418e+00
-3.614542726120812066e+00
-4.181048666618650600e+00
-4.924579711275570482e+00
-5.194426674368875396e+00
-4.310964666379004662e+00
-3.926012722727902027e+00
-4.137088543387100081e+00
-3.850513420166946865e+00
-4.412817897129645672e+00
-5.512317573826836181e+00
-5.435805478745408870e+00
-4.142200134649178800e+00
-2.970583434684162860e+00
-1.811311279170517707e+00
-8.739684122051532000e-01
-4.985579352329016500e-01
-5.623311697830227773e-01
-3.417464897969044180e-01
-5.923058597364758704e-01
-2.064822500802396377e+00
-2.694356930810389184e+00
-3.180369186625717326e+00
-4.430396908317519866e+00
-4.687563205916311482e+00
-3.881419680320623122e+00
-3.169521127778415881e+00
-2.676703414876186571e+00
-1.816314421948822755e+00
-1.711615246559436976e+00
-2.234819243528797017e+00
-2.882829772270852686e+00
-3.868742639992629684e+00
-3.620224275168146377e+00
-3.933707348085461852e+00
-5.053927083676076570e+00
-5.598502400141518898e+00
-5.545666821901148680e+00
-4.753315016141509197e+00
-3.883266508312279264e+00
-3.272961193835171478e+00
-2.580549045601052693e+00
-2.521470594793004061e+00
-2.195091356109757808e+00
-2.630901244860258892e+00
-3.713689330339556616e+00
-3.125206457131358029e+00
-2.596894566898206858e+00
-3.448019938909087756e+00
-4.375314931909913163e+00
-3.935602854363353664e+00
-2.394424535396725950e+00
-1.123627682597701627e+00
-1.096921629642653606e+00
-2.543145141910709395e+00
-3.260876410220136190e+00
-2.098922720703232159e+00
-1.622496307798664494e+00
-1.860544699422287174e+00
-1.630661272407446738e+00
-1.545070821531042693e+00
-1.451764570945897503e+00
-1.389048973524594111e+00
-9.827567049349381634e-01
-1.689929005809245322e-01
1.079612078914733153e-01
-3.031225290386532212e-01
-1.358474896164300727e+00
-1.737635079119337345e+00
-1.976316842469632018e-01
1.633522742235761438e+00
1.543433003104049961e+00
6.470665775920301233e-01
6.470665775920301233e-01
6.470665775920301233e-01
6.470665775920301233e-01
6.470665775920301233e-01
6.470665775920301233e-01
6.470665775920301233e-01
6.470665775920301233e-01
6.470665775920301233e-01
6.470665775920301233e-01
8.874478489729414887e-02
-1.132783627990161968e+00
-1.549372296251401382e+00
-2.076167524612569260e+00
-3.771195546190710068e+00
-4.795055194977169144e+00
-5.068671119014479309e+00
-4.647505036054080385e+00
-3.929314546420726639e+00
-3.566310468552177149e+00
-2.140681414117089787e+00
-2.327973951289105337e+00
-3.263807616968346537e+00
-2.479871753412437041e+00
-1.697429781047453901e+00
-8.021070749382909204e-01
-3.852012864438369433e-01
-9.835760971303628697e-01
-2.146978796699591463e+00
-2.777539022917315137e+00
-3.664583663203588859e+00
-4.182656470452358555e+00
-4.411155842052018272e+00
-4.826647198337782996e+00
-4.304425963792273713e+00
-3.811332965060880262e+00
-3.550469344793642623e+00
-2.972482505953180532e+00
-3.720157511348632706e+00
-3.903157749675204791e+00
6.470665775920301233e-01
6.470665775920301233e-01
6.470665775920301233e-01
6.470665775920301233e-01
6.470665775920301233e-01
6.470665775920301233e-01
6.470665775920301233e-01
6.470665775920301233e-01
6.470665775920301233e-01
6.470665775920301233e-01
6.470665775920301233e-01
6.470665775920301233e-01
6.470665775920301233e-01
6.470665775920292351e-01
6.470665775920292351e-01
6.470665775920301233e-01
6.470665775920301233e-01
6.470665775920301233e-01
6.470665775920301233e-01
6.470665775920301233e-01
-1.901320075053554604e+00
-7.937823557496298532e-01
-3.606333677062033005e-01
1.679564143241199237e-01
1.166127974090602759e+00
2.167063218565127514e+00
2.704579545324239831e+00
2.910636124665563429e+00
2.767182047121947264e+00
1.957844961505651460e+00
6.470665775920301233e-01
6.470665775920301233e-01
6.470665775920301233e-01
6.470665775920301233e-01
6.470665775920301233e-01
6.470665775920301233e-01
6.470665775920301233e-01
6.470665775920301233e-01
6.470665775920301233e-01
6.470665775920301233e-01
6.470665775920301233e-01
6.470665775920301233e-01
6.470665775920301233e-01
6.470665775920292351e-01
6.470665775920292351e-01
6.470665775920301233e-01
6.470665775920301233e-01
6.470665775920301233e-01
6.470665775920301233e-01
6.470665775920301233e-01
3.734242552704375995e-01
-1.241051396049905886e+00
-1.853702818488877302e+00
-2.517554530090148290e+00
-3.488699520467064552e+00
-3.670398905226571085e+00
-3.515934516228290896e+00
-2.418266225166290972e+00
-1.817759614010020286e+00
-1.665104253439764648e+00
6.470665775920301233e-01
6.470665775920301233e-01
6.470665775920301233e-01
6.470665775920301233e-01
6.470665775920301233e-01
6.470665775920301233e-01
6.470665775920301233e-01
6.470665775920301233e-01
6.470665775920301233e-01
6.470665775920301233e-01
6.470665775920301233e-01
6.470665775920301233e-01
6.470665775920301233e-01
6.470665775920292351e-01
6.470665775920292351e-01
6.470665775920301233e-01
6.470665775920301233e-01
6.470665775920301233e-01
6.470665775920301233e-01
6.470665775920301233e-01
-9.543652910378962462e-01
-3.467059757768118367e-01
3.937283278776328443e-01
9.648538067446555955e-01
1.381582137016148515e+00
2.265574236354394699e+00
2.050339778479587594e+00
1.889569031000207344e+00
2.209375160448590947e+00
6.470665775920301233e-01
1.672635131717695511e+00
2.636011382963052707e-01
-4.896221927425530862e-01
3.469383336896693648e-01
1.726617999358794009e+00
1.496428550781385702e+00
2.036534737064362166e-01
-2.414538213002732636e-01
4.966172205362596181e-01
1.348621408320168857e+00
1.246460152355898021e+00
1.654951300763829014e+00
2.163887565609532437e+00
1.892994502929652878e+00
1.349498472329329068e+00
5.390603468798605968e-01
6.170591440495674096e-01
1.336663844583181771e+00
1.355482408926367732e+00
6.933850201744262698e-01
5.359803265104782222e-01
5.088905187090866367e-01
-1.455448906779390761e-01
-1.152981028496539828e+00
-1.712234319342223809e+00
-1.920857145906812224e+00
-1.172113489240949269e+00
7.404951457032729611e-02
5.903514398936284824e-01
3.630633472071582296e-02
-3.095692615544307635e+00
-3.819783526425640119e+00
-4.212760384223887655e+00
-4.837042091914342201e+00
-5.277225693356826675e+00
-5.192740139510623187e+00
-5.483312204956616753e+00
-5.737655478608039594e+00
-5.269195555321000590e+00
-4.563903201188422187e+00
-2.430210511594954159e+00
-5.257119808540167138e-01
5.747028496190054181e-01
-1.020831033622444650e-01
-1.757617234919843230e-01
4.593847517164885152e-01
9.643343951382739032e-01
1.419667687651239518e+00
1.109678944607457307e+00
-5.645792389724009208e-01
-3.601598432327982824e+00
-4.200564209762865708e+00
-4.714788027210964572e+00
-5.360280309056244086e+00
-5.536907874748398406e+00
-5.721137383753217343e+00
-5.288105693721136369e+00
-4.900555220548767466e+00
-4.852471186642620005e+00
-4.880401756912005062e+00
6.470665775920301233e-01
6.470665775920301233e-01
6.470665775920301233e-01
6.470665775920301233e-01
6.470665775920301233e-01
6.470665775920301233e-01
6.470665775920301233e-01
6.470665775920301233e-01
6.470665775920301233e-01
6.470665775920301233e-01
-4.336975390148641196e+00
-3.048732876053973584e+00
-2.015376861277225373e+00
-1.284354269542029359e+00
-4.052184818417795542e-01
-1.175402451652170499e-01
-3.971088375550816951e-01
7.924460837822283610e-02
1.277526700805443394e+00
1.545382243101718123e+00
8.716069880357619759e-01
4.279883046589014750e-01
1.473354585697070451e+00
2.304103317185912214e+00
2.111662596785296220e+00
1.488983497404505307e+00
4.637805392203838140e-01
2.424403818388978504e-01
2.809975974972623303e-01
1.605347573424384666e-01
-3.577367388159279904e-01
-1.087660545552720626e+00
-9.111464949068175390e-01
-7.091199521805503503e-01
-2.040603382744365923e+00
-2.266172495149450850e+00
-1.665782682525205782e+00
-9.746463755726286760e-01
1.930727856174707657e-01
6.166501938241417680e-01
5.590963782560698370e-01
1.303407506743190947e+00
1.443503418707941632e+00
1.446178756303710511e+00
2.033051126276151255e+00
1.927383933670210991e+00
2.096567663228821488e+00
2.242894079077294656e+00
1.671090725596122928e+00
6.992408099907289065e-01
6.470665775920301233e-01
6.470665775920301233e-01
6.470665775920301233e-01
6.470665775920301233e-01
6.470665775920301233e-01
6.470665775920301233e-01
6.470665775920301233e-01
6.470665775920301233e-01
6.470665775920301233e-01
6.470665775920301233e-01
-3.426480785323225420e-01
-7.796562246443951016e-01
-3.652656768977018964e-01
9.559334989177674657e-01
1.696395938162694961e+00
2.312901768786385315e+00
2.523457419675774638e+00
2.262511107743802263e+00
2.086178636427576727e+00
2.215488382094473074e+00
2.129263051966273856e+00
1.461981195736039352e+00
9.978410357363429739e-01
1.378015601577446514e+00
8.594913361048367451e-01
-8.113954920495308754e-02
-2.998947619528881670e-01
4.560954826256455319e-02
7.343185311668716242e-01
1.083235254112629775e+00
9.629839972276175164e-01
2.681214229733080434e-01
-1.182358899433345378e+00
-1.616233886756356153e+00
-7.986108425819706813e-01
-4.452702645010783722e-01
-9.435220931242411790e-01
-6.765668572124832192e-01
1.266411540474187553e-02
3.776328206088501172e-01
-6.840218779484355527e-02
-1.073396536356647363e-01
-4.894079120509359782e-01
-1.776723417365205115e+00
-2.620521048672626474e+00
-2.628744950316773465e+00
-2.795566996059264842e+00
-2.832472841611078707e+00
-2.271301067083944414e+00
-1.483625498277065580e+00
-9.368942037632594921e-01
-9.225058083657349250e-01
-1.333383624928153655e+00
-1.383326957636554777e+00
-1.753748774166399294e-01
-6.065277544997416115e-01
-1.309703680198269327e+00
-2.461998610824636113e-01
-7.033014365930578826e-01
-8.131588944669039254e-01
2.063754596839586369e-02
9.638196875566942823e-02
7.948513107097036068e-01
9.115775505711509741e-01
1.325397738237388268e+00
2.113641964824748420e+00
2.338612437444401948e+00
1.826215754344287623e+00
2.144415408710115933e+00
2.769737653228672158e+00
2.263592288804526120e+00
7.571204483604807578e-01
1.305501213862755305e-01
-1.682759755775167232e-01
-3.184333300817793200e-02
7.489722417363231521e-01
1.795108432833049772e+00
2.249955671837001070e+00
1.697329811180150028e+00
1.066237415698756852e+00
1.095514283486112017e+00
1.419501347855849804e+00
2.010828821891624152e+00
2.479638081783675396e+00
1.829323371250461072e+00
9.867903063173266709e-01
1.104148278514847981e+00
1.183315562243873131e+00
2.064375376570857679e+00
2.431199518044916186e+00
2.268155770270338323e+00
1.246684015638906073e+00
8.051820631867327993e-01
1.242926250898818807e+00
1.300570170237433265e+00
1.026578313778653051e+00
1.568574625064552253e+00
2.089247903127936290e+00
1.983856744228595925e+00
2.243897213325210416e+00
6.470665775920301233e-01
6.470665775920301233e-01
6.470665775920301233e-01
6.470665775920301233e-01
6.470665775920301233e-01
6.470665775920301233e-01
6.470665775920301233e-01
6.470665775920301233e-01
6.470665775920301233e-01
6.470665775920301233e-01
6.470665775920301233e-01
6.470665775920301233e-01
6.470665775920301233e-01
6.470665775920292351e-01
6.470665775920292351e-01
6.470665775920301233e-01
6.470665775920301233e-01
6.470665775920301233e-01
6.470665775920301233e-01
6.470665775920301233e-01
2.074530438603082061e+00
2.097867440593123689e+00
1.843157843910597560e+00
1.248159359770681265e+00
9.785301890556526994e-01
8.542211000416928268e-01
1.390855629333750620e+00
2.384832793992470279e+00
2.810025633714919202e+00
2.524032025540501767e+00
2.088131743155220654e+00
1.238512217059425602e+00
-2.060707606138321157e-01
-5.679185754916138418e-01
-2.067454638180478144e-01
2.870641180516940727e-01
7.215565648277109112e-01
9.353661397961270385e-01
1.269331659673233581e+00
1.552716809964490574e+00
1.458938915613834819e+00
1.337638344016340852e+00
7.227801903555713947e-01
4.103592109697731805e-02
9.126282672417006525e-01
2.150367641761170123e+00
2.800601726597099272e+00
3.100433555596100899e+00
2.880874268742993127e+00
2.047858612597934780e+00
6.470665775920301233e-01
6.470665775920301233e-01
6.470665775920301233e-01
6.470665775920301233e-01
6.470665775920301233e-01
6.470665775920301233e-01
6.470665775920301233e-01
6.470665775920301233e-01
6.470665775920301233e-01
6.470665775920301233e-01
6.470665775920301233e-01
6.470665775920301233e-01
6.470665775920301233e-01
6.470665775920301233e-01
6.470665775920301233e-01
6.470665775920301233e-01
6.470665775920301233e-01
6.470665775920301233e-01
6.470665775920301233e-01
6.470665775920301233e-01
6.470665775920301233e-01
6.470665775920301233e-01
6.470665775920301233e-01
6.470665775920292351e-01
6.470665775920292351e-01
6.470665775920301233e-01
6.470665775920301233e-01
6.470665775920301233e-01
6.470665775920301233e-01
6.470665775920301233e-01
8.541547213817177742e-01
1.141237679813672745e+00
1.708998531358447925e+00
2.165032390380329463e+00
2.688162947075193543e+00
2.444437714453413513e+00
2.207893020151739716e+00
2.268341017449305497e+00
2.501837228255177958e+00
2.775851750121218764e+00
2.785779928056460797e+00
2.254290045034125889e+00
1.802586103801266715e+00
2.084125309609020871e+00
2.128801915208607731e+00
1.497739013995264656e+00
1.828454619233950140e+00
2.167027342996972639e+00
1.469072891606694631e+00
1.780777725764298935e+00
6.470665775920301233e-01
6.470665775920301233e-01
6.470665775920301233e-01
6.470665775920292351e-01
6.470665775920292351e-01
6.470665775920301233e-01
6.470665775920301233e-01
6.470665775920301233e-01
6.470665775920301233e-01
6.470665775920301233e-01
2.429585956076603104e+00
2.026391003671088598e+00
1.973412313992594758e+00
2.236262098559561373e+00
2.596734800325562365e+00
2.720600512619924416e+00
2.477858712699354982e+00
2.329409067730665583e+00
2.153205932722271676e+00
2.212813264504687183e+00
2.475156468521215736e+00
2.232245312265428439e+00
1.972192676306734782e+00
2.219469342255088407e+00
2.520749772285729051e+00
2.942077877325254498e+00
3.179187861013203609e+00
3.262141554263100041e+00
3.190465535262283936e+00
3.195876651979634886e+00
3.162734600071881452e+00
2.724918943528496840e+00
1.859499133989612751e+00
1.805632158634608242e+00
1.918227112213264363e+00
1.373807586149748516e+00
7.221983827483922092e-01
7.541564540319492527e-02
8.270618667203167851e-01
1.762228108406567184e+00
1.876199880853980595e+00
2.205219575967431567e+00
2.713277291670514124e+00
2.925292197813758044e+00
3.182625387833470931e+00
3.169770558822203377e+00
3.124315614225990245e+00
2.771259208324247325e+00
1.997594862303011531e+00
1.827073049789324166e+00
2.238242137899959072e+00
2.655201504424700154e+00
3.034393032859680428e+00
2.793036541465013567e+00
2.149260164482150959e+00
2.449386595356306096e+00
2.561225236621311296e+00
2.537766655566584983e+00
1.960224694963244030e+00
1.476844640379894491e+00
2.003928769703109403e+00
2.411921955451984623e+00
2.639155604775532460e+00
2.865805163405803491e+00
2.876985865207545512e+00
3.037900006331321734e+00
2.988311291500541866e+00
3.022163717783739045e+00
2.977582706438442361e+00
2.974237983187193457e+00
2.989702865813950616e+00
3.040723679616965214e+00
2.890936807714222123e+00
2.129270946966719258e+00
1.762157933381112596e+00
1.854378042229446244e+00
1.923388922951444480e+00
2.090314504857414324e+00
2.450115359052920105e+00
2.327304601538180417e+00
2.306277207120950745e+00
2.435391228819589582e+00
2.814972152604378497e+00
2.598348352012922469e+00
2.466345479940638352e+00
2.720064609896638785e+00
2.970109985334331348e+00
3.111841302530403919e+00
3.023806297692691381e+00
2.880565337045205343e+00
2.949301765332032588e+00
2.835890634895498863e+00
2.366190392439928569e+00
1.977804129884930262e+00
1.969693675956084800e+00
1.364199256966785789e+00
8.715164192516523523e-01
1.032441702772349590e+00
1.409056779464131104e+00
1.929850703943333690e+00
1.649328187809994350e+00
1.236709672525427406e+00
1.090791747723250715e+00
1.104026704700780570e+00
1.922079169345221938e+00
2.247796845166117219e+00
1.662098836777883726e+00
7.062712050619468496e-01
1.764363065430646083e-01
2.361633591158248946e-01
9.200493627721167966e-01
1.951638257157583656e+00
2.703952193845882590e+00
2.850246808768544859e+00
2.919081693266278421e+00
2.797538359980546119e+00
2.190695733358536845e+00
1.722727763214640717e+00
2.023745415195886466e+00
1.862945702483663757e+00
1.542101667007778509e+00
1.174942138082392118e+00
6.521916464270416380e-01
1.644637781653421338e-02
3.080510501869362927e-01
3.509196934647072497e-01
1.165774458921942092e+00
2.327019463566127655e+00
2.151087635964236355e+00
1.182662031804697200e+00
1.417798831786753588e+00
1.841993259422075591e+00
1.787010693981149423e+00
1.900525294817873911e+00
2.031712736150534937e+00
1.683807872051481080e+00
1.754884844984406556e+00
2.734651593866053165e+00
3.017045595034006933e+00
2.918466472860707484e+00
2.658496629522857813e+00
2.338848573679368492e+00
1.690364624302670649e+00
1.219022471723826495e+00
1.299675099919978649e+00
1.731236199166507506e+00
1.779058130098155832e+00
2.167001056686648663e+00
2.452141659092966552e+00
1.686510022004425124e+00
8.677636636477261689e-01
1.171779304978446401e+00
1.643876036144896746e+00
1.318323135061950424e+00
1.526725592440115298e+00
1.748631484684753712e+00
1.851178644091140635e+00
2.187705625993209058e+00
2.384161278757072289e+00
2.742820102760402889e+00
2.790393385080454980e+00
2.677176355918024164e+00
2.393077599912256215e+00
1.959345811561205686e+00
1.686069265434316344e+00
1.534151339129035119e+00
1.449392762511270583e+00
1.990656961363400423e+00
1.815730472562700593e+00
1.331725328605310121e+00
1.693717904875295055e+00
1.668730762174723603e+00
9.809229085084778532e-01
5.066752027529185520e-01
6.246273255830168125e-01
1.654474730221607404e+00
2.068204718665876740e+00
2.519726323613815655e+00
2.577091757251126047e+00
2.695166444466664757e+00
2.961853320582147120e+00
2.814545323807929655e+00
2.404336365759593974e+00
2.037876935001304179e+00
1.480411877837397361e+00
1.915194784323779098e+00
2.756005989235711606e+00
2.712801871980743407e+00
2.134784588677355543e+00
2.567096375338135950e+00
6.470665775920301233e-01
6.470665775920301233e-01
6.470665775920301233e-01
6.470665775920301233e-01
6.470665775920301233e-01
6.470665775920301233e-01
6.470665775920301233e-01
6.470665775920301233e-01
6.470665775920301233e-01
6.470665775920301233e-01
2.226979031044431956e+00
2.373717264805115246e+00
2.639387893236487592e+00
2.679753116723576412e+00
3.055020969990676960e+00
3.067775847582774773e+00
2.852227652101705591e+00
1.982032040017615238e+00
1.587445719356651130e+00
1.231904682848199428e+00
8.684109433621708396e-01
3.467643456724455731e-01
4.862986820646389985e-01
1.081224927515135548e+00
1.326205015897101269e+00
1.713160289894379851e+00
1.726363260179657910e+00
1.523200240678456829e+00
1.500576228658263567e+00
1.950726905184396287e+00
1.529795094442853998e+00
1.566193466039958349e+00
1.032869765852330035e+00
3.430287331129511230e-01
4.920067631648357698e-01
5.287264993890989917e-01
1.429943221769001405e-01
-5.626238829936998087e-01
-4.707170207016900254e-01
3.802232046745971927e-01
1.070654763385907149e+00
9.901686326067711263e-01
-5.079456057577775435e-02
-1.339181353685721554e+00
-2.156192328161248284e+00
-1.977884500572003823e+00
-1.410755725328398213e+00
-1.027218747006790611e+00
-3.363693765670000002e-01
5.920161191795381139e-01
1.305347348786317863e+00
1.733761222052135453e+00
1.916400329968122040e+00
1.817996262405528807e+00
1.151901378818130262e+00
1.802328574407457751e+00
2.744921483491361336e+00
2.919013070058588344e+00
2.914616972208409873e+00
3.172039401064178143e+00
3.164487132977433781e+00
3.015636008472022400e+00
3.228168886291746809e+00
3.055437644751719084e+00
2.433495449354746043e+00
2.294669093382627256e+00
2.686638960263601383e+00
2.640465834710889137e+00
2.235086670009771126e+00
2.105637301071065615e+00
6.470665775920301233e-01
6.470665775920301233e-01
6.470665775920301233e-01
6.470665775920301233e-01
6.470665775920301233e-01
6.470665775920301233e-01
6.470665775920301233e-01
6.470665775920301233e-01
6.470665775920301233e-01
6.470665775920301233e-01
2.048660673655700037e+00
1.761577004552375758e+00
1.667999731202560731e+00
2.118992275207166820e+00
2.331858503154624174e+00
2.037377211156604417e+00
1.593047568698477967e+00
7.865917237374369098e-01
-2.555763765588235370e-01
-5.776409406117843925e-01
6.470665775920301233e-01
6.470665775920301233e-01
6.470665775920301233e-01
6.470665775920301233e-01
6.470665775920301233e-01
6.470665775920301233e-01
6.470665775920301233e-01
6.470665775920301233e-01
6.470665775920301233e-01
6.470665775920301233e-01
6.470665775920301233e-01
6.470665775920301233e-01
6.470665775920301233e-01
6.470665775920301233e-01
6.470665775920301233e-01
6.470665775920301233e-01
6.470665775920301233e-01
6.470665775920301233e-01
6.470665775920301233e-01
6.470665775920301233e-01
6.470665775920301233e-01
6.470665775920301233e-01
6.470665775920301233e-01
6.470665775920292351e-01
6.470665775920292351e-01
6.470665775920301233e-01
6.470665775920301233e-01
6.470665775920301233e-01
6.470665775920301233e-01
6.470665775920301233e-01
6.470665775920301233e-01
6.470665775920301233e-01
6.470665775920301233e-01
6.470665775920301233e-01
6.470665775920301233e-01
6.470665775920301233e-01
6.470665775920301233e-01
6.470665775920301233e-01
6.470665775920301233e-01
6.470665775920301233e-01
-1.496697929465689268e-03
-7.125075452923405050e-01
-2.138512801608465352e+00
-2.503384284247876401e+00
-3.026309388951055723e+00
-3.000809666085576310e+00
-2.602541164715990618e+00
-1.883612341088012343e+00
-1.573963665484032326e+00
-1.482378667088887658e+00
6.470665775920301233e-01
6.470665775920301233e-01
6.470665775920301233e-01
6.470665775920292351e-01
6.470665775920292351e-01
6.470665775920301233e-01
6.470665775920301233e-01
6.470665775920301233e-01
6.470665775920301233e-01
6.470665775920301233e-01
-1.832907503046254660e-01
2.977451558789934727e-01
3.437729640570956202e-01
9.915010066015751411e-01
1.007353114422987472e+00
1.561300579149618617e+00
2.118758360756510584e+00
2.062573216086705408e+00
1.551824799002814670e+00
9.327465671301329309e-01
9.488811379941018975e-01
9.706403993297523236e-01
-4.722626610171137308e-03
-3.503499898986879857e-01
7.833245489673006379e-01
2.780791547909547412e-01
4.970216273826137399e-01
1.599796550875330237e+00
1.004078306501522411e+00
-3.201144425174382024e-01
-4.255949393335403119e-01
5.463862907161618487e-01
9.128510052373911554e-01
1.114761762015477498e+00
1.065440258780892435e+00
4.193826206771770759e-01
-5.120510985856462360e-01
-1.484206929048440537e+00
-1.576306079532855620e+00
-1.297513790883758400e+00
-1.539768412745149861e+00
-1.577440070161217900e+00
-1.649618755392176617e+00
-1.205655698302585455e+00
-9.394667619069867470e-01
-1.934807973822529892e+00
-2.569137488295627936e+00
-2.938811055259495042e+00
-2.145732690677367938e+00
-4.502503836364150636e-01
-1.189956136484151328e+00
-2.189232175818562887e+00
-1.359327217275945188e+00
-4.489871685819085134e-01
-8.393028815366843087e-01
-1.271512612129902742e+00
-2.356646970336827351e+00
-1.784421397819692778e+00
-7.080080612560099018e-01
-9.837801598902280453e-01
-1.484182060841346296e+00
-1.393437095308446949e+00
-1.484669423631775675e+00
-2.238805683339006869e+00
-2.182747218995028327e+00
-1.647149049658877207e+00
-2.661211110035737182e+00
-3.973412685838354275e+00
-3.031739832217276831e+00
-1.238056792049218924e+00
6.470665775920301233e-01
6.470665775920301233e-01
6.470665775920301233e-01
6.470665775920301233e-01
6.470665775920301233e-01
6.470665775920301233e-01
6.470665775920301233e-01
6.470665775920301233e-01
6.470665775920301233e-01
6.470665775920301233e-01
6.038420849694243857e-03
3.093989867496744761e-01
1.930590158452385463e-01
6.994868799472702126e-01
1.111152420319228673e+00
1.498330354169358891e+00
1.959931803968440356e+00
2.182292914145650187e+00
9.991898924961359896e-01
-5.317772277207852838e-01
-4.747774613724385917e-01
-5.159238822593934515e-01
-1.687764884593549564e+00
-3.130843321310894378e+00
-3.617096938985842502e+00
-2.821288453572766919e+00
-1.969974929896699978e+00
-1.031103732573334764e+00
-4.801811063445639571e-01
-1.187605964632425515e+00
6.470665775920301233e-01
6.470665775920301233e-01
6.470665775920301233e-01
6.470665775920301233e-01
6.470665775920301233e-01
6.470665775920301233e-01
6.470665775920301233e-01
6.470665775920301233e-01
6.470665775920301233e-01
6.470665775920301233e-01
-7.197858188119169442e-01
-4.224696891829346490e-01
-1.593267777144991293e-01
5.362628024325242215e-01
4.523585383500282053e-01
-1.071057923729775915e-02
-1.191154247866618443e-01
2.607103388086243201e-02
-2.827004928432086950e-01
-1.943599289569102329e+00
6.470665775920301233e-01
6.470665775920301233e-01
6.470665775920301233e-01
6.470665775920292351e-01
6.470665775920292351e-01
