-1.230997482654030151e+01
-1.257014656552667198e+01
-1.207920424611657850e+01
-1.298472518567853307e+01
-1.373421092709058300e+01
-1.375100969323009714e+01
-1.242856655156911039e+01
-1.093085368792903189e+01
-9.016800969405245780e+00
-7.086178013385892704e+00
-5.165354409401778923e+00
-6.692177522658161237e+00
-8.750414281270087358e+00
-9.340552998837836185e+00
-1.017569090186626468e+01
-9.179066126743652632e+00
-8.994414563668433615e+00
-8.468812593253009169e+00
-2.189980301307395738e+00
4.160139380220815752e+00
3.748678438316764616e+00
3.901281807136157687e-01
-1.350173769227257958e+00
4.475774137313722534e+00
1.004136492936275005e+01
1.089782279065149950e+01
1.050662939912501059e+01
6.172987860669055138e+00
-1.918318486939698087e+00
-6.384355523535847787e+00
-7.643383815524362745e+00
-8.135808244667593669e+00
-8.900023147635840459e+00
-9.250701977658525976e+00
-6.769772362010367139e+00
-3.259337235051521287e+00
-4.955589237745797071e+00
-7.448305027083115704e+00
-6.949195459386394269e+00
-5.446719008959401975e+00
-5.760476771560851361e+00
-6.127244630383974489e+00
-6.533412272293491085e+00
-7.629257718646579534e+00
-8.697698375154644168e+00
-8.118525327400549330e+00
-5.260844933506663601e+00
-4.781165603752999260e+00
-6.215969572896110407e+00
-6.770845522500404279e+00
-8.173018973724664349e+00
-9.033637054340733386e+00
-9.055860111937146684e+00
-1.044292586891796937e+01
-1.166280435514084246e+01
-1.144305067952513966e+01
-9.289018314711359636e+00
-7.063185321153649276e+00
-6.176697278079624098e+00
-6.640795301573135134e+00
-6.592179777254755457e+00
-5.110267008623120333e+00
-3.980113283012086001e+00
-4.304532995115798677e+00
-4.916001421601600363e+00
-3.196152161143127834e+00
-4.183157189895609029e+00
-6.296184435193568518e+00
-5.346057939556930982e+00
-4.172641730000377081e+00
-5.709439806599210243e+00
-8.246617337801055214e+00
-8.765994405979496307e+00
-7.654408038080533494e+00
-5.694973787368589058e+00
-6.103242925807860431e+00
-5.817692888985288135e+00
-3.784696187804292844e+00
-3.043955547868859579e+00
-3.255642648383356264e+00
-3.279719938497228426e+00
-1.260941772875867617e+00
-3.981042301456679811e-01
-3.164598261742662011e+00
-6.946020295465705097e+00
-7.840996637720105689e+00
-7.236292164829652762e+00
-6.617546321704148582e+00
-6.417529123138102420e+00
-5.529375772285140656e+00
-5.281986004039970872e+00
-7.199832380230674289e+00
-7.485863501005051823e+00
-7.745461493299573341e+00
-9.115772057562015362e+00
-8.542682048339059975e+00
-8.070778974094274361e+00
-7.956907630931320696e+00
-7.995876938766471653e+00
-7.577756236910424548e+00
-5.340935782976082180e+00
-3.974631338275052439e+00
-3.741105841347560634e+00
-2.784274137469976651e+00
-4.492399891068220796e+00
-6.376149546870455431e+00
-7.473025196764282896e+00
-7.842073981965429930e+00
-5.973656160791922964e+00
-4.222147858228491479e+00
-3.397961152970110810e+00
-4.178853711892935863e+00
-6.224108551107605081e+00
-6.401577630579110334e+00
-6.471729103870040412e+00
-5.567281691062898830e+00
-1.741193450085969152e+00
-1.499460361694185950e+00
-6.013672820343333392e+00
-9.664656437081420748e+00
-9.999275463912336903e+00
-9.018839955188404645e+00
-8.808918682410071810e+00
-8.517394808558115926e+00
-6.823883995291835980e+00
-5.325492379288990996e+00
-6.466308261005659475e+00
-7.459121485208831892e+00
-6.336121364083413532e+00
-4.702410807013262861e+00
-6.615120666587495535e+00
-9.250493611616862566e+00
-7.286344943822374631e+00
-5.593491021403636410e+00
-7.684395587597418142e+00
-9.095487056153885419e+00
-9.810123883252391153e+00
-9.242442639568691831e+00
-7.474256182833499018e+00
-7.602900732331548284e+00
-7.817191202690864316e+00
-9.498919605242175379e+00
-1.002089382547806728e+01
-7.883210278642709845e+00
-4.881403989691122547e+00
-2.174458356930978997e+00
-3.193739783902258100e+00
-4.272648705574598083e+00
-3.996694943864188332e+00
-1.952586738759509721e+00
1.190426223097736241e-01
-3.072754064703569377e+00
-6.726774103032734153e+00
-6.924944459486413351e+00
-7.662952336833203759e+00
-7.076274769173512169e+00
-3.944562642970773858e+00
-5.181286087773942839e+00
-7.926907098891069481e+00
-8.076351512153726375e+00
-9.140253520040598545e+00
-7.386624989440480071e+00
-4.660445875924387416e+00
-5.082153584235118871e+00
-6.716270664693518633e+00
-5.814658377639880804e+00
-2.320174409368736423e+00
-4.379167581635650563e+00
-4.928505203110155719e+00
-4.279046525092048192e+00
-4.923003518163938885e+00
-4.326307316602734154e+00
-2.339571844466412198e+00
-7.827039136979669909e-01
-3.416509127309280913e+00
-5.534159390356816921e+00
-7.111108446587051546e+00
-7.106415468955626480e+00
-5.754141935308378919e+00
-5.762906445428742863e+00
-8.256622975963232136e+00
-1.088637719636131784e+01
-1.082653689443452194e+01
-8.903529004921416856e+00
-7.508145901001892497e+00
-9.539788969460481383e+00
-1.173418412173382386e+01
-1.104644033969486827e+01
-9.689861854267441288e+00
-8.754955397953210650e+00
-9.781687403794464331e+00
-1.079475538348962438e+01
-1.161820774318784544e+01
-1.189943231671515811e+01
-1.250558747724237207e+01
-1.351279388976577245e+01
-1.165110861576839874e+01
-1.073315868336597134e+01
-1.178894703784136766e+01
-1.045082884403090695e+01
-9.291868912581636053e+00
-8.958968081689340224e+00
-9.497889718764435329e+00
-1.020389929117307659e+01
-1.072553125703778498e+01
-9.220852125531022736e+00
-5.580105525848543913e+00
-4.432745818273278182e+00
-5.245458329837225264e+00
-7.502426930084362233e+00
-8.199091939861494538e+00
-8.252419798534726070e+00
-6.612182543148596103e+00
-5.859750225121556078e+00
-1.044143039340610279e+01
-1.271045301823506435e+01
-1.303842259616516763e+01
-1.178518471726473749e+01
-1.210123934993489137e+01
-1.428000070161021995e+01
-1.523863941118814758e+01
-1.426535891690201119e+01
-1.303670391169080212e+01
-1.321055527368371685e+01
-1.256165212746238780e+01
-1.160424406298828437e+01
-1.007015670482992853e+01
-8.291867920992393337e+00
-6.510622414219704446e+00
-6.780076390950606324e+00
-7.607429212254451123e+00
-7.551499926354154901e+00
-8.705550992169584390e+00
-1.014458771001723036e+01
-9.110089167826249223e+00
-5.478939303191130428e+00
-7.428991226702221340e+00
-1.075923766797243175e+01
-9.700642053010659183e+00
-9.070665287343549821e+00
-9.135716633998770320e+00
-8.231243629907705639e+00
-7.354523478962838645e+00
-7.391678027915637550e+00
-6.479626062707381173e+00
-4.194262257327979526e+00
-4.792910767276296724e+00
-6.533016429086942800e+00
-5.568275127885933706e+00
-6.812862482539614462e+00
-1.008742690718504242e+01
-9.295234022617620440e+00
-8.645449626877105942e+00
-1.018429038420769928e+01
-1.081015457945864355e+01
-1.268624975850456593e+01
-1.430095383329110881e+01
-1.366520333561142486e+01
-1.226858311825785108e+01
-1.199857915692400034e+01
-1.312306093931634088e+01
-1.443306444294697499e+01
-1.337222139280715538e+01
-1.041781700105678610e+01
-6.986561589516816717e+00
-6.913597602635464412e+00
-6.911498550892565262e+00
-3.753330929831072638e+00
-3.986035755488821497e+00
-6.336278095952283529e+00
-1.000151937345597553e+01
-8.868720934742297501e+00
-5.763962260234356094e+00
-5.691816045824729997e+00
-6.920924643278715038e+00
-5.782812699944951618e+00
-6.489963918946267007e+00
-8.170089079552697697e+00
-9.212085959323369266e+00
-1.125167880975651613e+01
-1.255631688697037518e+01
-1.316270403704934466e+01
-1.221625598321168127e+01
-1.190990489774258698e+01
-9.943252616798469390e+00
-7.181453511102637854e+00
-7.856954818858333134e+00
-7.570393156581221916e+00
-6.976020909980608309e+00
-5.320424947967575591e+00
-4.464142420141787859e+00
-7.662800742195940096e+00
-1.046903456064270799e+01
-1.152439204240950943e+01
-1.197728051231324109e+01
-1.029339986186652567e+01
-7.836157857631550705e+00
-7.282589099362232865e+00
-8.181410393138540016e+00
-9.616630941182441106e+00
-1.016865558570276029e+01
-1.096577385967047036e+01
-1.283132406039784179e+01
-1.203417589059830206e+01
-1.002218156967828655e+01
-9.779659447692344187e+00
-9.073650964429626598e+00
-1.049637573732857199e+01
-1.016312291535751733e+01
-8.712510776945947555e+00
-9.432864134835295289e+00
-9.415121850158358896e+00
-1.051250652953758014e+01
-1.085929423802269334e+01
-6.367571030020518386e+00
-2.254566528907368195e+00
-3.914259975731489760e+00
-5.649135570283132068e+00
-5.669386070045045578e+00
-4.313662716550765275e+00
-1.553984223142694576e+00
-2.005094409660973742e+00
-1.292570716414750409e+00
-1.851834736008213467e+00
-6.854771662946298250e+00
-1.024957788636737277e+01
-1.118812225464280985e+01
-1.272265137446275496e+01
-1.211847724073802901e+01
-1.105999469182484418e+01
-1.273519895553829429e+01
-1.192767266337282983e+01
-8.987051897990243177e+00
-9.918142755952068512e+00
-1.118995154176985984e+01
-1.232482763382177282e+01
-1.224680621107215295e+01
-1.072592238454036995e+01
-8.227354480720217467e+00
-8.032038288155666450e+00
-9.984024779336856170e+00
-8.701323646283395163e+00
-5.242666824718547502e+00
-4.188962539297287790e+00
-8.221323250737928134e+00
-1.102284830680645200e+01
-1.110405001307085726e+01
-1.013792559866044130e+01
-9.217284581808725008e+00
-1.034920046928691129e+01
-1.060509964797941507e+01
-8.148098216923655102e+00
-7.113803387686602697e+00
-6.094404532276154640e+00
-3.249503185440866915e+00
-1.494765943660827601e+00
6.471368252776585894e-01
4.204033192930583418e+00
3.939694144968903800e+00
9.870095207291560424e-01
3.094461468838148877e-01
-1.455031260795200398e-01
-2.279170951534541079e+00
-5.041894348950823890e+00
-5.141740984962833494e+00
-5.158095448370428215e+00
-4.977386803965535123e+00
-2.633645201771485311e+00
-3.634443430154310928e+00
-2.972732272400669729e+00
-1.028759086043524951e+00
-2.219481103756230089e-01
-2.080945717447709509e+00
-7.539794976929162118e+00
-8.729825730969157149e+00
-7.618640518075134871e+00
-8.964061959806610247e+00
-1.131930763428375819e+01
-1.081209142284984104e+01
-6.828478056827379739e+00
-4.718428598966600163e+00
-6.662927553291170923e+00
-1.009180337432551688e+01
-1.123507376604197283e+01
-1.039939462355664901e+01
-8.896280333312644117e+00
-9.261116940770964590e+00
-9.572582287150011027e+00
-7.194694710574982999e+00
-9.148379387836319765e+00
-9.411734714751640141e+00
-6.182579441242981311e+00
-8.107100469379568963e+00
-8.262690887910235205e+00
-3.808969032465127746e+00
6.197816484989863151e-01
3.931082046969117894e+00
4.117993862770063629e+00
-1.904750323383152255e-01
1.821730192431086248e+00
4.868135762284865109e+00
5.786596787365790640e+00
4.542560433439761347e+00
5.520013395103212650e-01
-1.275823255486597585e+00
-6.358379942938883200e-01
-3.043560711010992126e+00
-6.015641015267591207e+00
-8.032073933449908054e+00
-7.698539484652123122e+00
-5.874794660828206005e+00
-7.418915050715078507e+00
-8.315855678175967824e+00
-7.003618028832922171e+00
-1.832438177589737816e+00
3.577842586289242899e+00
5.370171542703051415e+00
3.691793273892097993e+00
4.560549978675388694e+00
9.660333112744464712e-01
-2.220708661190993194e+00
-2.721840243550706528e+00
-3.300178880557921079e+00
-4.266498002514190091e+00
-6.807653173019872384e+00
-6.498867386334800322e+00
-6.003018567574401665e+00
-8.046892389288220926e+00
-8.495529346259413472e+00
-6.910345112818219171e+00
-4.724901748840508731e+00
-6.385040702539208191e+00
-9.976523225974149867e+00
-1.075220945269973249e+01
-1.117333185853013156e+01
-1.055531793856516742e+01
-9.078381739237212145e+00
-1.033005566102203510e+01
-1.276685601118977686e+01
-1.157495387783202823e+01
-1.050718470032364138e+01
-9.596862215130162355e+00
-9.378848494059010221e+00
-9.503199023339497842e+00
-6.926426783185409164e+00
-4.741218690831401794e+00
-5.093601819458341673e+00
-5.693568726631616173e+00
-4.945819613505338275e+00
-7.158725387389845984e+00
-4.671918246562737131e+00
-1.606401564951343564e-01
-2.210294366235042052e+00
-5.168089696152767587e+00
-5.260684814023029787e+00
-5.128088439066603499e+00
-5.103138951925970446e+00
-2.792574764626554185e+00
-6.160262252837338248e-02
5.129525722739972093e-02
-3.405855706880158262e+00
-2.910046305279108569e+00
2.611545254993905552e-01
-1.694228655660346416e-01
-8.052946028397428568e-01
-1.422129228912301535e+00
-2.449065739806778330e-01
-1.176084091896218153e-01
-3.326520012865508580e+00
-2.496745427146410456e+00
1.347005678317487298e+00
1.465528064994835233e+00
3.339713368708892988e-02
-7.864577750317339744e-01
2.102306927753159638e+00
2.033187478747267463e+00
-2.011659651260565340e+00
-3.856084290719314023e+00
-1.544050221247996513e+00
1.319120779282225930e+00
9.663955591147981306e-01
-1.660254308411489577e-01
-9.205320100313990617e-02
8.843205468277264281e-01
1.411260544567420006e+00
5.089332045183286857e-01
-2.641018213087568789e+00
-4.150236192933623336e+00
-2.876100162623627998e+00
-3.298387005030518182e+00
-3.557593392647286912e+00
-2.776465135269365891e+00
-1.018217922078246795e+00
3.388376048729166978e-01
2.350902903258010879e-01
-1.225445127830226522e+00
-3.003932068286295110e+00
-2.718921607900472548e+00
7.455664479540996536e-01
2.032806906943273262e+00
8.536772652870477929e-01
-1.574237516135334136e+00
-4.050312448441001578e+00
-4.280906005932589409e+00
-5.132554060266465434e+00
-6.077105369336306850e+00
-7.272554219589014934e+00
-9.230005577073399081e+00
-8.385771010979047091e+00
-7.272335994348067878e+00
-8.729646340889136269e+00
-1.006636682253424908e+01
-1.099431204078832813e+01
-1.072892743656251291e+01
-9.303410878863655142e+00
-7.711942583032652898e+00
-8.153410435954210556e+00
-6.321953501315427992e+00
-5.160888236269129514e+00
-6.106574533182942410e+00
-7.912960774972058964e+00
-9.091471888129348145e+00
-5.973079710141420584e+00
-5.645200534908318524e+00
-7.377369064190117953e+00
-9.775170791210189947e+00
-1.220083531483524375e+01
-1.237614635618160541e+01
-1.210806040319334009e+01
-1.113794182956506518e+01
-1.050859176904437042e+01
-1.078189086855211798e+01
-1.096268370982984308e+01
-1.073064846915049486e+01
-9.156128969209358814e+00
-9.571070756787189993e+00
-1.117944279645779382e+01
-9.191483093025981432e+00
-7.160426597669566462e+00
-8.856720866176857498e+00
-9.983490456777614597e+00
-9.421439165958165773e+00
-8.028131674538460771e+00
-8.993690580915394861e+00
-1.244833200490031899e+01
-1.333464314439466847e+01
-1.354599231499841316e+01
-1.375853291848910587e+01
-1.342660579883658478e+01
-1.419102606140797640e+01
-1.431659890743933339e+01
-1.375418655994153383e+01
-1.388230480275056244e+01
-1.361866447113319012e+01
-1.129806091034028448e+01
-9.684971498892799957e+00
-8.180004214449047240e+00
-7.348892308923000272e+00
-8.528997698838439945e+00
-7.289352233409619686e+00
-6.421470489335454168e+00
-8.739595509791961092e+00
-8.319511188755980058e+00
-7.146425835481675648e+00
-1.007939450796840575e+01
-1.137600580205431733e+01
-1.192518571534761485e+01
-1.318920246603416935e+01
-1.371156588536078580e+01
-1.360909836748561119e+01
-1.363094682690480219e+01
-1.263730035140520691e+01
-1.186293019165113449e+01
-1.252281359215189660e+01
-1.379477817939161888e+01
-1.384547646529012432e+01
-1.401440325426500522e+01
-1.359627968272591048e+01
-1.210732549942237490e+01
-1.336784972156261730e+01
-1.467118283279112667e+01
-1.488208304461991460e+01
-1.434354434482785656e+01
-1.345964056743576620e+01
-1.230402779236171895e+01
-1.203666392245682815e+01
-1.205610422409709237e+01
-1.128667615451061401e+01
-1.048693636422279774e+01
-1.190381699516670722e+01
-1.284295486952501797e+01
-1.318510103114939902e+01
-1.410197168825997416e+01
-1.332704313460535772e+01
-1.057226790249602644e+01
-9.572432090675066618e+00
-9.466128410934414816e+00
-7.977632384960346101e+00
-6.419894424772258468e+00
-6.710913768235775123e+00
-9.212233433975978159e+00
-1.059424075116340624e+01
-9.704534504083270008e+00
-1.017301510870747805e+01
-1.299711324484962915e+01
-1.361400865380249137e+01
-1.281026154708242615e+01
-1.355488935134270534e+01
-1.465833948547091126e+01
-1.437372613262870402e+01
-1.425875957393316718e+01
-1.430205346324874860e+01
-1.433854496176027560e+01
-1.395545354473105704e+01
-1.354793767159576667e+01
-1.390991988450468142e+01
-1.325571271052669609e+01
-1.248048583680631474e+01
-1.379381524575073037e+01
-1.324173565784970030e+01
-1.201198503519284699e+01
-1.146240249366721820e+01
-1.187470883842139457e+01
-1.204034380630618450e+01
-1.016698283220707921e+01
-8.410523407404525642e+00
-7.342030634465011474e+00
-6.053624045672201248e+00
-6.858853346257490102e+00
-8.622817068894809367e+00
-9.701019189730294201e+00
-8.569475799842489749e+00
-7.216982793393607487e+00
-9.066016567595717390e+00
-1.129366809903790880e+01
-1.174991216514024295e+01
-1.322585122959800330e+01
-1.318122412591081094e+01
-1.168119868546573059e+01
-1.146054302983974260e+01
-1.249132564429764081e+01
-1.321808615031864242e+01
-1.383792219642123733e+01
-1.402796242975560936e+01
-1.354493542637328396e+01
-1.212593398499250341e+01
-1.046739061585324926e+01
-1.079970130349661872e+01
-1.107404854614002865e+01
-1.015771556318884628e+01
-1.055087604588074868e+01
-1.209522722590631183e+01
-1.285978044388323660e+01
-1.329477791009281340e+01
-1.436007212404228817e+01
-1.322222944921048615e+01
-1.310667427333146762e+01
-1.295010089026846600e+01
-1.367641955896021422e+01
-1.323759237805534816e+01
-1.375757693443360274e+01
-1.457434470426211881e+01
-1.415109481720200968e+01
-1.255151767822941444e+01
-1.192910835804869762e+01
-1.273053534709449686e+01
-1.354003531901390112e+01
-1.409841482293525239e+01
-1.411913175081861738e+01
-1.377663584509718397e+01
-1.444820011155253070e+01
-1.453836166226738946e+01
-1.332704313947019337e+01
-1.324920952651874906e+01
-1.417006516649921721e+01
-1.471361414159261116e+01
-1.455950434197802679e+01
-1.485729784022749556e+01
-1.473667378844733022e+01
-1.449369623672840213e+01
-1.487237421399490245e+01
-1.487315672244586828e+01
-1.439113842385154385e+01
-1.412140290144101051e+01
-1.465968800884512824e+01
-1.490289955129644817e+01
-1.459563253310624376e+01
-1.418278802972661623e+01
-1.478713472874275681e+01
-1.508465902383620794e+01
-1.502433859155896556e+01
-1.491458728433451597e+01
-1.458871186739929016e+01
-1.477630492248868777e+01
-1.496251586123023358e+01
-1.490088113710967832e+01
-1.425560325334252809e+01
-1.368986715952216215e+01
-1.394017863701428439e+01
-1.443346073654192629e+01
-1.421773847189468221e+01
-1.368946943183704512e+01
-1.437098374630616426e+01
-1.413715516016212170e+01
-1.307885640702810903e+01
-1.188235689924117722e+01
-1.093585648232166463e+01
-9.341996015572481937e+00
-1.002056799215264782e+01
-1.210507325313508709e+01
-1.256200947663849377e+01
-1.058828078219610802e+01
-1.166737956242272567e+01
-1.236115544772285801e+01
-1.131261333647566936e+01
-1.150487910936283775e+01
-9.671263176095113323e+00
-7.058436879184043278e+00
-6.864545255512995325e+00
-6.960025392711457926e+00
-6.359119031601629501e+00
-5.482399746165735444e+00
-4.874544044409705457e+00
-6.523067610443334274e+00
6.470665775920301233e-01
6.470665775920301233e-01
6.470665775920301233e-01
6.470665775920301233e-01
6.470665775920301233e-01
6.470665775920301233e-01
6.470665775920301233e-01
6.470665775920301233e-01
6.470665775920301233e-01
6.470665775920301233e-01
-1.042370433533281826e+01
-1.187592498336745805e+01
-1.073938533235733672e+01
-9.822522968306101276e+00
-9.348538050256403054e+00
-1.035366345127175514e+01
-1.196848504026307047e+01
-1.242797606484159445e+01
-1.337115837813048280e+01
-1.285236194046242986e+01
-9.576157833020069177e+00
-5.966484032023039674e+00
-5.154569115717840155e+00
-6.837807331272586886e+00
-6.980346526196359314e+00
-5.686551838256959535e+00
-5.234070525717732458e+00
-6.347645931929370988e+00
-8.094389389952143077e+00
-8.299729729449273563e+00
6.470665775920301233e-01
6.470665775920301233e-01
6.470665775920301233e-01
6.470665775920301233e-01
6.470665775920301233e-01
6.470665775920301233e-01
6.470665775920301233e-01
6.470665775920301233e-01
6.470665775920301233e-01
6.470665775920301233e-01
-9.092470664428921268e+00
-9.556837521903625898e+00
-9.167430676048923033e+00
-8.155228312707407667e+00
-6.078129635132754061e+00
-4.550947313738046063e+00
-4.164623055824547393e+00
-5.518459102776093417e+00
-7.014784338121338614e+00
-7.985293734503284391e+00
-9.515553824568337760e+00
-1.062576645688128707e+01
-1.224866614892200545e+01
-1.281320705235122759e+01
-1.267466989538742972e+01
-1.324676674173757718e+01
-1.282344326938462586e+01
-1.091414807705250922e+01
-9.701401589166277262e+00
-1.063270281588427757e+01
-1.332383740387574456e+01
-1.461189390433877833e+01
-1.357514056611728215e+01
-1.246799247173685288e+01
-1.352431381512075426e+01
-1.388007619110018176e+01
-1.251473475578523953e+01
-1.313338287796904780e+01
-1.401177691476564924e+01
-1.292367333105110561e+01
-1.247587365939921966e+01
-1.221116778393604285e+01
-1.081218598409159881e+01
-8.011717887054135900e+00
-5.641937648126505778e+00
-7.574314022757674181e+00
-8.589546423064025049e+00
-6.729302460092681848e+00
-8.264553500816324672e+00
-1.079990678323184561e+01
-1.179529011432367014e+01
-1.228096652528317456e+01
-1.351263515572435558e+01
-1.473552307230894165e+01
-1.421766893356188710e+01
-1.258614478416927440e+01
-1.238977707962762587e+01
-1.395457346798823473e+01
-1.383687073916990506e+01
-1.277095313892002615e+01
-1.123888679464458562e+01
-9.018768827140062783e+00
-9.146607520538493574e+00
-8.338418086498929682e+00
-6.154773983923535141e+00
-6.323251446873223713e+00
-9.246615553511100316e+00
-1.115183251787496665e+01
-1.257668601506389017e+01
-1.377326329459626919e+01
-1.312635793511033455e+01
-1.278509119078456990e+01
-1.092646537938662554e+01
-7.172926525375350693e+00
-7.848964300393817872e+00
-7.106298811300828966e+00
-7.067523191791389436e+00
-8.762070349385840728e+00
-9.350569960985685825e+00
-1.094499531212922783e+01
-1.309056419764545254e+01
-1.337712048161886358e+01
-1.283305993525230093e+01
-1.347757946834628129e+01
-1.208781453480887791e+01
-1.085437044376903870e+01
-1.150459834384434465e+01
-1.143612256391931581e+01
-1.089015327322329618e+01
-1.060224398633881648e+01
-1.146814070038594302e+01
-1.073037681692394685e+01
-8.551319252873383903e+00
-7.638184104169824629e+00
-1.060411070408650858e+01
-1.205179175953527881e+01
-1.222476227785140246e+01
-1.264856390494386318e+01
-1.310682143432835645e+01
-1.372200052132169468e+01
-1.356530320210626073e+01
-1.195505052273728630e+01
-8.729404788961272033e+00
-8.396742315712835136e+00
-7.546293765880832893e+00
-7.822311262785995645e+00
-8.494825889715007960e+00
-8.431935990685071047e+00
-8.610731395671827215e+00
-9.170701048113476972e+00
-7.992881030552629440e+00
-8.460589507799948450e+00
-8.863690056425758357e+00
-5.475382965912738875e+00
-5.739535449477902951e+00
-5.595294835862287819e+00
-4.061555844653600644e+00
-5.682072482331204988e+00
-9.487238244096673156e+00
-1.046152060061829125e+01
-1.214246505688807076e+01
-1.266874561419561829e+01
-1.264440506620307580e+01
-1.231900291228340727e+01
-1.077719233377666086e+01
-9.196778607469369149e+00
-7.858623720379740440e+00
-8.434784677358246441e+00
-1.175113803435561444e+01
-1.270899360620271068e+01
-8.812592229999884452e+00
-5.835786966177843205e+00
-5.911541878464965372e+00
-6.823267395411566127e+00
-6.556952650404894278e+00
-5.448886395363050639e+00
-7.926486949999666187e+00
-1.038125048413985319e+01
-1.002437651502815719e+01
-8.852417336195930631e+00
-9.633099133892647714e+00
-1.064825133544067626e+01
-1.049863711597976490e+01
-9.319296541751979746e+00
-7.817473436668743503e+00
-5.804424565737733133e+00
-3.580886225085398333e+00
-7.291400885413935384e+00
-1.110826957102433354e+01
-1.076752611936401216e+01
-9.926806902262924837e+00
-8.772129162633905963e+00
-6.990467546043625191e+00
-6.432083526018167241e+00
-8.213274473076392468e+00
-7.958418729432191085e+00
-6.800520514282766271e+00
-8.928790313615678542e+00
-1.090214910720618491e+01
-1.045667031116276036e+01
-6.658796913699279507e+00
-3.261265458916473126e+00
-4.262142574242511195e+00
-7.378084952349083459e+00
-7.507552023279344233e+00
-6.064916952758288460e+00
-7.096927443218980613e+00
-7.812321867507855622e+00
-5.546508296000735250e+00
-4.294568041526909852e+00
-5.542245029736798223e+00
-6.573112015992594870e+00
-6.654933072228982560e+00
-7.862538198853754601e+00
-6.811884962888386852e+00
-2.332193756262698425e+00
2.487390877289588909e-01
-2.313160090520903989e+00
-5.006483448710874917e+00
-6.583653504488161445e+00
-8.174319086417707325e+00
-7.268723929798548866e+00
-6.917210668282221420e+00
-6.675782416902815264e+00
-7.765565268774375696e+00
-1.011729026463294367e+01
-7.542745033109990338e+00
-7.418741439569545904e+00
-8.827915046208337557e+00
-6.564535448984633703e+00
-4.333586552819961746e+00
-5.137428979441772015e+00
-8.203138498617031260e+00
-6.990453232490869695e+00
-4.441942112555015143e+00
-4.852258242549974732e+00
-3.785963016434791495e+00
-2.490762204201775187e+00
-5.440465295127186351e+00
-7.221201421641409546e+00
-8.281162546471886543e+00
-7.200474581768188109e+00
-5.854295213628700090e+00
-4.822060118706354537e+00
-2.965777609343319909e+00
-3.623004298587850780e+00
-4.040802421178692150e+00
-5.373475904806314318e+00
-6.423964301876472938e+00
-6.961837404377096306e+00
-7.827304572807731731e+00
-9.696343200591638123e+00
-1.088480598912111752e+01
-8.804970428917288316e+00
-6.072127784192473676e+00
-5.898205039957459483e+00
-8.433987956093154992e+00
-9.018221277334351527e+00
-8.658653236240414941e+00
-1.003791254973697811e+01
-1.060982514930740628e+01
-9.961722125387970195e+00
-8.881142992260338431e+00
-9.840104737289111725e+00
-9.139524084806536663e+00
-9.374613706502378463e+00
-9.780313855101692155e+00
-8.119880175746434503e+00
-9.900405353978785072e+00
-9.911728807504060157e+00
-8.434346839850874744e+00
-8.153154313695054611e+00
-7.165543365020965005e+00
-4.428206357344361521e+00
-2.068744512302864269e+00
-1.956873180898409226e+00
-2.649067327868740218e+00
-1.321394032404295205e+00
-8.948008557007398889e-02
-1.584937836807148948e+00
-3.338850919227648983e+00
-5.100391320380219362e+00
-7.412552869043754988e+00
-8.969353093550170186e+00
-8.448523276093499845e+00
-6.423014524122532265e+00
-5.155849475750811983e+00
-3.853758729263986993e+00
-5.788442791560608924e+00
-7.525642149363886979e+00
-8.332950965697754953e+00
-9.281216760391036047e+00
-8.921011594408252421e+00
-7.620776333343009412e+00
-8.195014056383049805e+00
-1.050997656781323464e+01
-8.854807041631927333e+00
-8.788758757717671344e+00
-9.786775677982612720e+00
-7.891879579766280628e+00
-7.936986062158599253e+00
-8.419688287333684684e+00
-5.916433766521421056e+00
-1.817149198846903513e+00
-9.394955050392193030e-01
-3.300996815601807022e+00
-4.435818221002241657e+00
-4.409834941377964945e+00
-5.385396693978950822e+00
-4.524161641943832635e+00
-2.904356884165215202e+00
-1.015311913011581524e+00
2.394317608312344969e+00
2.046403600755065000e+00
-2.583905529582056992e+00
-5.337373548901250153e+00
-4.056143638067394086e+00
-2.251062176066866982e+00
-7.067393584250516447e-01
-4.872015069919332086e-01
-4.392396234062597493e+00
-7.329282357126681191e+00
-7.165602548868435839e+00
-6.596411480420326434e+00
-7.778960632323276059e+00
-5.836064075929199291e+00
-5.772068914158891673e+00
-8.048342832544278735e+00
-8.228349052398906238e+00
-6.347921628791376669e+00
-3.724436297637364390e+00
-1.411571711153168041e+00
3.056905551631522999e-01
5.214952602829692196e-01
-8.419053427975606851e-01
7.184606979198440713e-02
3.651244076829853302e+00
7.914320271355365088e-01
-2.925453139416299031e+00
-2.591545424595760316e+00
-1.240963475837686625e+00
-4.904488439386258114e-01
1.356516546968829395e+00
3.778366046419700197e+00
2.738945508816352792e+00
1.635994817453321426e+00
4.644648163793959839e+00
6.588424047790723215e+00
3.343908293505458929e+00
-1.237144130243951867e+00
-2.674378140373085966e+00
-4.664683067249907999e+00
-3.366772510878949465e+00
-3.382079419954101551e-01
-6.166484826282717657e-01
-1.115432729462411565e+00
-3.887020243815552778e+00
-1.996035557004462335e+00
-1.258729072878846500e+00
-4.074641266111139970e+00
-6.252389943756471169e+00
-6.452229416983419341e+00
-3.829151230137174622e+00
-4.016199107614546904e+00
-3.770909185917688422e+00
-3.472654306997229767e+00
-4.756128793353608053e+00
-4.424098895071161941e+00
-5.632719289429714671e+00
-3.990644928573040318e+00
1.269341638402037731e+00
4.200285901242902575e+00
2.643903813373133627e+00
3.081419682836228358e+00
3.371835522951597497e+00
2.262212656085152762e+00
3.968070840869025062e+00
3.440549053381474653e+00
5.850550857205043531e-01
-1.528689638961137964e+00
-8.428500299481395119e-01
-7.274285429021257743e-01
6.641558503018543114e-01
-1.280328293547171314e-01
-3.519418451825605754e+00
-2.818520778931826065e+00
-3.676718763246488830e+00
-5.470462361535910034e+00
-3.168239262980246274e+00
-7.598016575652427607e-01
4.177601889675209290e-01
2.270959804545181981e+00
4.035195370935814374e+00
3.129985520468995475e+00
-2.022089032718895063e-01
-2.445603410674256128e+00
-1.968766369459271637e+00
-1.506199136090378587e+00
2.311089527420651546e+00
3.259530168696344710e+00
-1.085306356329747812e+00
-4.562621756911808824e+00
-4.926612113142381233e+00
-2.509669470943870273e+00
-3.992847265391769707e+00
-5.182295930831869235e+00
-2.371478476290088899e+00
-1.713620193331035324e+00
-2.874507606199778298e+00
-4.789561542842045938e+00
-3.435790650279206826e+00
-2.011421338505879230e+00
-2.956130554810294520e+00
-3.202442854545671125e+00
-1.963661706441658605e+00
-2.167338793085435533e+00
-1.805795017781756995e+00
-2.899829103411617037e+00
-6.678649654630461896e+00
-7.326848349745654687e+00
-7.102866146524174695e+00
-5.331960774952158033e+00
-3.324059456807681112e+00
-3.688508577812227962e+00
-4.176893775612833259e+00
-3.534349985995786092e+00
-1.266986879698016821e+00
-3.935753832838663757e-01
-1.367093818719895326e+00
-8.861946877852070470e-01
3.369858609721250620e+00
6.808394065775178916e+00
5.230311200707080665e+00
3.753938862801424303e+00
6.324936324936225596e+00
6.134243352835092367e+00
2.439890752775090377e+00
-3.588191868350873448e-01
-6.237756154555296195e-01
8.290671317740478941e-01
9.844650977802492653e-01
2.975888316543090717e+00
3.713727223942655087e+00
3.253028738215986593e+00
5.400497692515499715e+00
6.086053983211886731e+00
4.307511822829670933e+00
2.051715964032407413e+00
4.308943646123911009e+00
8.589443899642027702e+00
7.562940563597399191e+00
3.757632967490299070e+00
3.785695197406971246e+00
5.392901205205342663e+00
3.253766621671819070e+00
2.989490677186898537e+00
4.380739420744142798e+00
2.293459915607306332e+00
2.475202963167484060e-01
2.110285004905926298e-01
-5.665161235940809059e-02
1.977682798376375617e+00
3.767285685368763737e+00
4.859650916873013315e+00
4.480858986538170718e+00
3.968693032165399037e-01
-2.189357560161585781e+00
-6.840791172535694020e-01
2.407995586917852648e+00
3.321450747278905880e+00
4.686387707156418614e+00
5.410580563292434420e+00
5.154415524991083686e+00
4.741527106465971642e+00
4.344142169683908428e+00
5.460961498842129558e+00
5.190881103880784941e+00
1.715038373091316126e+00
-9.034742688879391359e-01
-5.112986646988032513e-01
-1.249473812289729091e+00
-2.299357762304118091e-01
3.784504854104899341e+00
4.246082805372366487e+00
4.501781097492679962e+00
6.460316794979477528e+00
4.454013291717554779e+00
1.795149353926006164e+00
1.488703522407704150e-01
1.131643491334251017e+00
4.681079534815646426e+00
6.725427693389288031e+00
7.992203121416273426e+00
9.838886935003870349e+00
9.557799444906295960e+00
8.607338367522219258e+00
8.990194549492708020e+00
9.520508997203632973e+00
1.070081320381080658e+01
1.019094140515877811e+01
8.425357219095445771e+00
6.300587501639546950e+00
4.043206574740249692e+00
1.530132866494263055e+00
3.754344489736328061e+00
6.517966016237478399e+00
7.697670732314337627e+00
5.631526483996727173e+00
3.105732584061894119e+00
5.520916779894774251e+00
4.745801509633861492e+00
2.600472174156013061e+00
3.859066837666134120e+00
4.024535164086856298e+00
4.556887956415359042e+00
6.504763453605816537e+00
6.593930242922700025e+00
6.634024551289736671e+00
7.145808774636929428e+00
7.038200187162558130e+00
2.805486153619289436e+00
-1.353703471159978466e+00
-1.766443815472706014e+00
1.773935664756490227e-02
2.557367291196682935e+00
4.406316797491775183e+00
5.628546488446387386e+00
3.423472807229123394e+00
1.124639016082985554e-01
1.719877912870434455e+00
4.425303621801538689e+00
7.091433677336067554e+00
6.830745161093245699e+00
5.129698800113572155e+00
3.228537892977878965e+00
1.356810806865998087e+00
5.469835827236672721e+00
9.293670907649509871e+00
1.078849784784751087e+01
1.120279518280539754e+01
1.076495092120590513e+01
8.454158878544953737e+00
5.673959031297882483e+00
7.224601612716754495e+00
7.774019598668956199e+00
9.332499635893482193e+00
8.790385599607214218e+00
7.624435278476585864e+00
7.524647915516108121e+00
5.771155887357235947e+00
7.426896579611192095e+00
9.150143157458821008e+00
9.152804081684298154e+00
8.344292037916575921e+00
5.576967680763633695e+00
3.519881346928938282e+00
3.731885633873004871e+00
8.259040053181111674e+00
1.245217738979846267e+01
1.263922331177160352e+01
1.020787415616047156e+01
7.688455966764558447e+00
5.506949412995622239e+00
3.695972021631339643e+00
2.199409279244902038e+00
-3.548684702548089986e-01
5.489155987614700027e-01
4.504629716988049815e+00
5.194096544670324889e+00
4.963016986567305722e+00
7.268869999194821574e+00
6.434047642535593248e+00
7.398025219304037670e+00
6.773722112328505851e+00
4.832525918162658307e+00
8.143305313931872291e+00
9.630708923385514098e+00
8.426305070497260630e+00
9.992020713083922701e+00
1.129680648623662265e+01
9.422916600642494700e+00
8.887600413956215917e+00
8.393869518397981011e+00
6.377612739016121246e+00
6.870119278822098607e+00
9.459044841899848066e+00
1.066401905946872830e+01
1.020779609157321133e+01
9.924335701010045696e+00
8.784907249198669277e+00
7.646601598303075065e+00
6.884575299173855356e+00
6.921367468851155280e+00
7.129836310343576677e+00
5.660656231687545947e+00
3.703388696992036877e+00
5.219999707874386274e+00
8.486664489119352339e+00
7.464888312289315486e+00
6.436255857617857679e+00
1.005767920231080659e+01
1.252602742682101855e+01
1.193798619036547137e+01
1.099978096759273427e+01
1.066859321402573357e+01
1.015160840943882370e+01
1.250193206642896548e+01
1.246420903664921553e+01
1.302537370729940669e+01
1.492244304939706723e+01
1.499811734498014637e+01
1.390200170523676704e+01
1.306566976745824959e+01
1.220639466498882797e+01
1.137375795783085763e+01
1.261888575389544442e+01
1.390121938573900451e+01
1.449871301316686711e+01
1.532871308126455467e+01
1.343206693408454200e+01
1.101486741624149168e+01
1.049585643064474816e+01
9.293092968940344534e+00
5.745828439356260198e+00
3.513687302237211263e+00
6.280707088849610820e+00
6.932459210837973451e+00
6.355194604205927078e+00
6.545813409897794699e+00
6.530357554761168970e+00
8.980591183523863208e+00
1.147760919955707060e+01
1.031390095020226383e+01
9.287078596074035630e+00
8.588426745409849516e+00
8.354176405932907556e+00
1.107573325053288649e+01
1.272669584342117410e+01
1.284610072831728189e+01
1.107679768647643570e+01
6.638265742273762093e+00
2.801374283893631745e+00
2.710116077670833512e+00
4.985232492746462185e+00
5.331599047396989199e+00
4.211855445308255952e+00
4.659499334857637010e+00
7.191672772046618256e+00
6.870945764512306653e+00
2.721578726941491055e+00
3.728475002125239079e+00
9.334969770565420433e+00
1.080275978378782220e+01
8.371611296153256276e+00
8.160541866623470142e+00
8.634008476872422122e+00
9.342957090263768194e+00
8.271145939358202526e+00
6.490631821657119715e+00
6.961824179880176544e+00
6.839807007697446650e+00
7.931757341064515465e+00
7.254668484483058677e+00
6.376263756941061622e+00
8.229973648332695291e+00
1.027509120936744758e+01
1.161748450366094865e+01
9.138218529932128575e+00
6.761351559340102568e+00
8.018891569501493066e+00
8.777568022379426793e+00
1.011937145700514051e+01
1.023661097986505553e+01
1.063493267141844356e+01
1.266692266060553429e+01
1.218617194709373308e+01
8.631826143142715679e+00
7.457243234968977674e+00
8.004554504847181562e+00
8.538236061031421187e+00
1.112755029212259572e+01
1.162360400392130977e+01
1.086424488718865788e+01
1.230096511136170889e+01
1.243678830514405931e+01
1.151712876822927534e+01
9.817905830281869584e+00
1.017534527965218949e+01
1.138293617603697072e+01
9.055107227955552673e+00
7.152654920378201275e+00
7.736897620603757630e+00
8.304461828262585499e+00
6.369393319593955383e+00
3.871307372860989471e+00
1.900853620909312980e+00
2.101284444739340618e+00
4.478526756939336551e+00
4.533083939897990078e+00
3.022631535142092041e+00
7.952647496605454336e+00
1.243451710644540498e+01
1.211076033572396859e+01
1.156044605933643510e+01
1.195549230268228591e+01
1.299226369491767485e+01
1.254371487436332266e+01
9.946142076923999653e+00
9.580904822432049883e+00
1.089465681503909877e+01
1.070561375425340600e+01
9.443855831358620279e+00
8.540708816953575422e+00
7.544774375217727425e+00
7.269227287927399139e+00
8.666690382207576704e+00
1.149246125893636261e+01
1.418706680549379406e+01
1.459234320241312766e+01
1.328084606095624665e+01
1.151243382571450802e+01
9.243672818028242588e+00
6.202910977866704201e+00
4.900894049537261488e+00
2.646517670264775468e+00
-7.585246331734274428e-01
-1.450356139085048568e+00
-1.110208114563278059e+00
2.295669687617253596e-02
1.971297655130021198e+00
3.733410471017426069e+00
5.089732763235864432e+00
6.023194547007793886e+00
5.111112968858191330e+00
2.640483422274501280e+00
1.123243347005697279e+00
8.097642965666670412e-01
4.126115021035766439e+00
3.863296237909727537e+00
2.534058821283165841e+00
7.640306635267153368e+00
8.207388329657714365e+00
7.962121635551335785e+00
8.659174605459600826e+00
8.017959735966167401e+00
7.566665170049197364e+00
7.642336779854510986e+00
1.060443638679835487e+01
1.282532076772521279e+01
1.314269569169053931e+01
1.137717731862205284e+01
9.448102037656536112e+00
9.952784603136253239e+00
8.381789605978699598e+00
9.695237305044452469e+00
1.028907793213009292e+01
8.159941090095001570e+00
7.407372820988582518e+00
1.000080975604688760e+01
1.378683123857926063e+01
1.566207867897252726e+01
1.643281738003319603e+01
1.726347452002738692e+01
1.675092482680771866e+01
1.633388510864436682e+01
1.582794214027103585e+01
1.641808508260033506e+01
1.816484806586862177e+01
1.831833750631952640e+01
1.738277157919390348e+01
1.656034816864631054e+01
1.591279091164614634e+01
1.516124781539964417e+01
1.642108659612322796e+01
1.712735359775499688e+01
1.608974598003400658e+01
1.667790424724905307e+01
1.777876582845088649e+01
1.804752242289962894e+01
1.789772345155769884e+01
1.675875025468788948e+01
1.298281209941085912e+01
1.267431070515816671e+01
1.484011474058515390e+01
1.598719316279406044e+01
1.554674128607124395e+01
1.337472519438430929e+01
1.343839155987859968e+01
1.302511694478062587e+01
1.465248527415268498e+01
1.409938521357109309e+01
1.363508503909426217e+01
1.403772100200473716e+01
1.146995332019371183e+01
1.135570921228235974e+01
1.417275865748242403e+01
1.417054321848617704e+01
1.389599835522830595e+01
1.542183952033434835e+01
1.353306405306706139e+01
1.208725701323516510e+01
9.820202500225956754e+00
8.733846648836246729e+00
1.144075501225530722e+01
1.326048023180411839e+01
1.394808919495573640e+01
1.443667254042699710e+01
1.276194607249102297e+01
9.310496630799615758e+00
1.339272823017151737e+01
1.793399923411306673e+01
1.753630953789565794e+01
1.804108620264684859e+01
1.808244171517960197e+01
1.753510435897986142e+01
1.820681267560592076e+01
1.790758068769400069e+01
1.752743278829805718e+01
1.815508106259671095e+01
1.700193798311154936e+01
1.592207703904433558e+01
1.684168426484584558e+01
1.774433237684280584e+01
1.749860351593076757e+01
1.714839233374824801e+01
1.748371663424295974e+01
1.821788063554705062e+01
1.848835521874852006e+01
1.818479693951438492e+01
1.815112009254639602e+01
1.850508650825523560e+01
1.807022389215483926e+01
1.768596280912297303e+01
1.803150171654558775e+01
1.748861345895668151e+01
1.644021752648858481e+01
1.614187220178398618e+01
1.602539706017129362e+01
1.628226617222762940e+01
1.642818282722142698e+01
1.553058027052161982e+01
1.468866661996794676e+01
1.511812670415832294e+01
1.534953571142611395e+01
1.493522945809356450e+01
1.476319422414723448e+01
1.600847837141960284e+01
1.755573491207961467e+01
1.728961767144123485e+01
1.675748229411917478e+01
1.687364619918440667e+01
1.575049447254646751e+01
1.388387056094575556e+01
1.534961718812364140e+01
1.603764607430279554e+01
1.475280449212050726e+01
1.530602045812345580e+01
1.649502836728957433e+01
1.600039267993706815e+01
1.589415639665040025e+01
1.805305773186967500e+01
1.803994580107034906e+01
1.714511359519691425e+01
1.805223118580913066e+01
1.823546689574379442e+01
1.736929469355607836e+01
1.805516206575950733e+01
1.841269204166384199e+01
1.836053669515231235e+01
1.818220104595992481e+01
1.834357954144656588e+01
1.834850678218495190e+01
1.814422775842563240e+01
1.832194166314347328e+01
1.837084234021980222e+01
1.847846526336750728e+01
1.821263192743118609e+01
1.822427488291888054e+01
1.807434365890840766e+01
1.760523126647664327e+01
1.623707766679113007e+01
1.504275464894994663e+01
1.379477210104744600e+01
1.257258322461019340e+01
1.321251144843127889e+01
1.420414135952346513e+01
1.439068306667143027e+01
1.493284804919420061e+01
1.559003312213459758e+01
1.570073612543666286e+01
1.626296881087198543e+01
1.661551890465412029e+01
1.659330044292273243e+01
1.675874020582997304e+01
1.637867100467032344e+01
1.551941824910182355e+01
1.417041296741984624e+01
1.317405134587863458e+01
1.502630395462310986e+01
1.603975378183750777e+01
1.424870154248443122e+01
1.398095101739208523e+01
1.319266485086917662e+01
1.108757151891462200e+01
1.155711023188630371e+01
1.258572623490528741e+01
1.145116201769358533e+01
1.150493774864564500e+01
1.325291298181702437e+01
1.413442959744257799e+01
1.623111237419458419e+01
1.717562289443000267e+01
1.698225238435556861e+01
1.769726923076452607e+01
1.771583339453642481e+01
1.643161984971031941e+01
1.628753975455882497e+01
1.606643682442918930e+01
1.697863872299757304e+01
1.727409299980658020e+01
1.702628548135489339e+01
1.689715452806472840e+01
1.684173707955391563e+01
1.670289216597431547e+01
1.566771158627824789e+01
1.499951961642910625e+01
1.603086009244807997e+01
1.756772902332332364e+01
1.812435630062838854e+01
1.805636531304127246e+01
1.717414882261678244e+01
1.593168770030302639e+01
1.591456141059785523e+01
1.658888851497630412e+01
1.736022747572888392e+01
1.690220265786502551e+01
1.557950675109209016e+01
1.475480150006336544e+01
1.519393836407364340e+01
1.629065147936490021e+01
1.559262720200618091e+01
1.265791326882757950e+01
1.142278110171717564e+01
1.307354438123977403e+01
1.446019585339490199e+01
1.539327030157851972e+01
1.575137049927606903e+01
1.505339551717571744e+01
1.595271912182635177e+01
1.699757675774030474e+01
1.718443290043498450e+01
1.719846227856998766e+01
1.688548346864764582e+01
1.670285359473334097e+01
1.594929188632513828e+01
1.660159662727070184e+01
1.654106243746493377e+01
1.461619687864185302e+01
1.365813055118464447e+01
1.433026279373325629e+01
1.558068273322199282e+01
1.656924466407281926e+01
1.721639626430334147e+01
1.637455405416792331e+01
1.558682342758072181e+01
1.683975500951565962e+01
1.672869207596585284e+01
1.582387888805533471e+01
1.507825106946495808e+01
1.436625178791645929e+01
1.485742219177034862e+01
1.563309972237994216e+01
1.604800893811410845e+01
1.538553999172900966e+01
1.393698193481452741e+01
1.369798147247434095e+01
1.317555280914114313e+01
1.384544231891453947e+01
1.648580101925637109e+01
1.682140023165204568e+01
1.630848000357235961e+01
1.586077513100422465e+01
1.531525493881680156e+01
1.379060535451655944e+01
1.320290387335584015e+01
1.167227010470461224e+01
1.067132495984030349e+01
1.039537862728782258e+01
1.278246871490287440e+01
1.485334813483926553e+01
1.530462185117954377e+01
1.484598329015209650e+01
1.375605161781749963e+01
1.285550903676599432e+01
1.418629434195827166e+01
1.475616066170581497e+01
1.329157355773887694e+01
1.502636495854187260e+01
1.611717177509295240e+01
1.499490436586377839e+01
1.075743160836888102e+01
6.530201875391104416e+00
2.680009054520949618e+00
2.190586415272098186e+00
3.851723925230657208e+00
1.059032263437735377e+00
5.061806805666870801e-01
3.244096396857319764e+00
5.881283632515949655e+00
1.012166779412697437e+01
1.594174899206355356e+01
1.771490302053988941e+01
1.784568919841495216e+01
1.704041823126974009e+01
1.713270979289664098e+01
1.744270580600508680e+01
1.795034592484375224e+01
1.767267419343751556e+01
1.577610900863148125e+01
1.600854790268052241e+01
1.508934646662217993e+01
1.292271036006490981e+01
1.397490864217260409e+01
1.600625464480782156e+01
1.692029065642751107e+01
1.624799129181496582e+01
1.546613627576336647e+01
1.460825993273718559e+01
1.250863987089379847e+01
1.266709935347465610e+01
1.402732055710481163e+01
1.322889544638342407e+01
1.108947556854362126e+01
1.196312353556418451e+01
1.369147737153748778e+01
1.398470440606603304e+01
1.368950997383923784e+01
1.459401421901249130e+01
1.400829592900135978e+01
1.321042673992461580e+01
1.554026603512219751e+01
1.624976531151169468e+01
1.707069019904325557e+01
1.745528374092045354e+01
1.781031547463596709e+01
1.794323769616909914e+01
1.807381926783347126e+01
1.815000364734313720e+01
1.788834877691405012e+01
1.749766324043413945e+01
1.816702756281000575e+01
1.808026937963454017e+01
1.788384557650665130e+01
1.758014384807185237e+01
1.795191514396879029e+01
1.820995810099651990e+01
1.777279910807090246e+01
1.774184642799905021e+01
1.790711590561890176e+01
1.643172838475168618e+01
1.528637458755197542e+01
1.369723541151956780e+01
1.448913903315649598e+01
1.645140883806035959e+01
1.643054836687367271e+01
1.606007370053194094e+01
1.396245825508635896e+01
1.082423820754758026e+01
9.969652903507929764e+00
1.161036500512642355e+01
1.475328663778454086e+01
1.607537237012366660e+01
1.617360305662244357e+01
1.703028564100164033e+01
1.724695750645474845e+01
1.657282900633126843e+01
1.704102589077722030e+01
1.780229969718613248e+01
1.803428155213995154e+01
1.757123831913580858e+01
1.644560801910919778e+01
1.344935151434252951e+01
1.297819768820098396e+01
1.494923961172539073e+01
1.452182450644890288e+01
1.273810512759561675e+01
1.399844511987248552e+01
1.404346980992640148e+01
1.380441145786236312e+01
1.526223382990978372e+01
1.599914063633802641e+01
1.643924971234105215e+01
1.560569392522217314e+01
1.567092285631569482e+01
1.638036997679767026e+01
1.571030284956574441e+01
1.402909047265278275e+01
1.351323066019327790e+01
1.577407351261567747e+01
1.588323034702482772e+01
1.212989883465137630e+01
1.118633368606599809e+01
1.122129671897496728e+01
9.901354753785250651e+00
8.162886823093156607e+00
8.098774605230156354e+00
1.063675480182007504e+01
1.038549189576936094e+01
1.029749366843101832e+01
1.247556262656221904e+01
1.385702954456913716e+01
1.444118468018505652e+01
1.391363282620532793e+01
1.354368916869237616e+01
1.276632474053257660e+01
1.170579952257852518e+01
1.200161491500749200e+01
1.404372199896092610e+01
1.420502077184817935e+01
1.205291605483533068e+01
1.003999079089485669e+01
9.287175268772596581e+00
1.093871526031397323e+01
1.251827938189487810e+01
1.286793059576388032e+01
1.170029104008256837e+01
9.492726859093881586e+00
8.560381480501121132e+00
8.672260048086720019e+00
9.348907688722745135e+00
9.347095852895488832e+00
9.346471368657192968e+00
9.360737140159965719e+00
7.567932628974749498e+00
8.332535655309905920e+00
1.136266190469813253e+01
1.061787870679604318e+01
8.082034358984126143e+00
7.688110095272486788e+00
8.590107663406625349e+00
1.007664357188351012e+01
1.136598310491819852e+01
1.162389054926087084e+01
1.075555048784890211e+01
1.124620795650797689e+01
1.195313086048754414e+01
1.224610173508285094e+01
1.332004491595102635e+01
1.285330979233611259e+01
1.175058532327351557e+01
1.036238159881208354e+01
9.475602869655503468e+00
1.043632748281983424e+01
1.027025465700504903e+01
9.098464278444955866e+00
7.741102176296733361e+00
5.857402308034080463e+00
6.682811663479007791e+00
6.964564289964865651e+00
5.111993883695365781e+00
5.907107514494919220e-01
-1.866557697777169844e+00
-9.712977837798957292e-01
-1.827315949653910421e+00
-1.801049608601414054e+00
6.579870464772894501e-01
9.721779562360675087e-01
-9.707842413442929752e-02
-2.200917404881345796e+00
-4.267171591353606797e-01
5.056634242321379702e+00
5.960013206758258519e+00
6.553965184471064909e+00
6.379198034057897537e+00
6.110805013900390215e+00
6.022804729696915160e+00
4.782931571660756553e+00
6.322350411226574707e+00
6.408478224351771502e+00
7.420564101955823944e+00
1.054441060371619265e+01
1.074538875301987240e+01
9.624970920135501373e+00
1.062021232715534147e+01
1.262446124928126601e+01
1.187689298583395470e+01
1.018968142119987697e+01
1.102948456935240529e+01
1.197321161100375875e+01
1.278010668069033606e+01
1.439198607257605644e+01
1.419225643023940009e+01
1.477828997642498976e+01
1.485861674484375250e+01
1.452077132795330705e+01
1.590007979438949093e+01
1.602023359232969213e+01
1.510110930919383243e+01
1.423180310247553315e+01
1.397032623430637521e+01
1.434144343005154276e+01
1.533516345182518492e+01
1.536056758734846639e+01
1.442988618168194037e+01
1.466659892419616540e+01
1.551815311615154691e+01
1.497830867278342204e+01
1.490838237892652529e+01
1.609946952431279854e+01
1.587364016386014676e+01
1.319957510070681828e+01
1.027200320686009505e+01
9.441293163127689070e+00
1.099084243707990716e+01
1.238953814446823110e+01
1.156714700816312380e+01
1.112066140449231710e+01
1.094013268269061712e+01
1.157686273485224682e+01
1.183364876338622018e+01
8.970681717894834151e+00
7.829656368154984669e+00
8.292686681790533143e+00
7.349580099994804883e+00
1.116449634501044486e+01
