-7.731728473668217028e+00
-9.863104891550976916e+00
-1.057902790123581838e+01
-9.955487700293154774e+00
-8.928231062067002455e+00
-1.020059236928313595e+01
-1.188356625986266657e+01
-1.094710276289814210e+01
-6.543699335871336231e+00
-4.108692003566637219e+00
-4.640339423736308255e+00
-5.095114094137585425e+00
-3.300453664370285090e+00
-3.012093309535301078e+00
-4.312116582806513776e+00
-2.318833630473765783e+00
-2.545580328654938107e+00
-3.347124628486892739e+00
-4.417194546567083435e+00
-6.681941461246331038e+00
-5.541054057773155073e+00
-3.875433826442659768e+00
-5.213762700676146444e+00
-6.168998342790652067e+00
-5.893044753695780180e+00
-4.616736712191779723e+00
-4.494296986529407789e+00
-5.178324373113190937e+00
-6.861344195273566093e+00
-7.995425147764184892e+00
-8.334844881382709403e+00
-8.552821168080924963e+00
-7.771600437434007524e+00
-5.662440237801620313e+00
-6.805631167400689741e+00
-9.212644617004231762e+00
-7.988076472448471854e+00
-5.749590047156551087e+00
-4.473356980147014106e+00
-3.986245962555922784e+00
-5.085029079796434814e+00
-5.544898026906604827e+00
-6.146894442082487586e+00
-6.298948960838749223e+00
-3.404133569106420065e+00
-4.156482170136967191e+00
-5.662813540731334250e+00
-4.787780861619512329e+00
-3.814896897075442439e+00
-2.122768889213016319e+00
-1.986112001508392400e+00
-4.169939103768898647e+00
-5.457352944613067081e+00
-5.248624957270421554e+00
-4.687375133202703381e+00
-2.762630696708450184e+00
-3.038697460921102600e+00
-3.707477124957701431e+00
-1.735059564812197586e+00
-8.496047668191343272e-01
-1.452718897677644394e+00
-2.434598128991005694e+00
-3.557583487128497257e+00
-1.878173295735367176e+00
-7.250167408614878461e-02
-7.970190406146919759e-01
-1.749780109470201461e+00
-2.450975025815448571e+00
-4.127777380892818648e+00
-3.889571497155143831e+00
-2.334316964649215453e+00
-1.839588627851472813e+00
-2.582650841279488407e+00
-3.474432568763131446e+00
-3.502117647282500634e+00
-4.759547589260734846e+00
-4.400937416486814691e+00
-3.026139280141701970e+00
-2.955300785569749955e+00
-2.267596869001375914e+00
-3.278649917332703279e+00
-2.492138189075594923e+00
-8.920217137423509524e-01
-3.279753935089510630e+00
-5.040848337181952132e+00
-4.905494153840457727e+00
-3.957389270307674067e+00
-3.677566552573296565e+00
-4.762156155663223700e+00
-5.276397741487909521e+00
-4.194963457763215331e+00
-4.178148039071077235e+00
-5.018242921348984531e+00
-4.305021667693481824e+00
-5.201989295949548620e+00
-7.194984110494814900e+00
-5.250477477276184857e+00
-3.291033910465302803e+00
-5.787948516808360644e+00
-6.056984741537246641e+00
-5.034198282605392372e+00
-5.367899072159983298e+00
-6.188893075828632462e+00
-7.833534061060825948e+00
-8.126179266249422994e+00
-5.657052165807904487e+00
-5.801727820071506336e+00
-6.510091310248085072e+00
-5.339552683400124344e+00
-5.103404025212351591e+00
-5.368654473304999897e+00
-4.675004759070049865e+00
-2.431783359474943840e+00
-1.984547703099121430e+00
-2.711353452828102917e+00
-2.164573565689275725e+00
-3.140642652168838200e+00
-5.553796021544392225e+00
-5.685627858353496933e+00
-4.865620098271287830e+00
-4.162946346440969947e+00
-4.948772945132465573e+00
-6.105533566820910529e+00
-4.837868928902736343e+00
-1.585707579971775694e+00
-4.434452929154406031e-01
-1.327769551157194750e+00
1.010033716569282841e-02
1.866777887020269810e+00
1.080329197119480389e+00
-3.022661743948519830e-01
3.181535950139950941e-01
-7.571950394532837025e-01
-3.001982592924093751e+00
-8.868827928628894020e-01
2.449266095986661618e-01
-9.165853592832989838e-01
6.165417629971704783e-02
-6.993864630971579066e-01
-1.900051211207994806e+00
-3.635675708223623515e-01
-6.341644535149593143e-01
-1.096845192735982910e-01
-1.434411146705011131e+00
-5.750976807715172612e+00
-5.941470944343001825e+00
-6.536856131805059533e+00
-7.560388278107358140e+00
-7.504555975500482035e+00
-7.739626535938612939e+00
-7.374198139391935136e+00
-5.758877378109188427e+00
-6.289135982231139010e+00
-8.627104591042407122e+00
-9.004145548464007831e+00
-9.131649419673461665e+00
-8.353679546682970525e+00
-8.887573565134827547e+00
-9.520697923001355534e+00
-1.026033111966691003e+01
-1.053858827350107674e+01
-8.913776074864623311e+00
-8.612744420476682095e+00
-9.387415446783297313e+00
-9.776173950156456627e+00
-1.005357537639901722e+01
-9.587768409541055803e+00
-8.205188497664996916e+00
-7.937989552912857683e+00
-7.583021759785221860e+00
-8.911936426947429268e+00
-1.140468168250368208e+01
-1.032837470707216099e+01
-7.329179392407762172e+00
-6.996737576615160492e+00
-7.076204328654666753e+00
-6.312247073737783154e+00
-4.776450990303056088e+00
-6.238221762409176030e+00
-6.050832257572149153e+00
-4.109521947249905161e+00
-4.303464184814410842e+00
-2.985668047231246902e+00
-2.007977559029413772e+00
-3.066276497645085364e+00
-3.133274710662798945e+00
-4.531226956036395137e+00
-6.134490319129486835e+00
-5.101184027360594619e+00
-3.710562091434376430e+00
-1.554358287467850763e+00
1.137408435620232139e-01
-1.418171572848416107e+00
-3.960726847311045962e+00
-4.535710149599232466e+00
-3.414053362957802040e+00
-5.229477006677019091e+00
-7.300247738039415069e+00
-7.471076885659558187e+00
-8.391202609620080466e+00
-9.363950231650893130e+00
-9.129125121793224551e+00
-8.632193152236494527e+00
-8.419162367082723364e+00
-7.612311920638457075e+00
-6.960312255759562916e+00
-4.341969685931401202e+00
-2.133950193026858511e+00
-2.111969439765469136e+00
-1.956757771341128604e+00
-1.792749635601592617e+00
-7.663475153066788836e-01
-6.125064387170170432e-01
-3.211483816987914963e+00
-5.615343616483016831e+00
-6.678106086382176620e+00
-6.161549893562606961e+00
-4.504211846207623715e+00
-5.680079329986535974e+00
-8.643775668738326701e+00
-9.374185713724173752e+00
-8.714993613206235779e+00
-6.758877123366120898e+00
-5.244079676250314570e+00
-5.968639956281667658e+00
-5.533129721565364534e+00
-6.153906370784844704e+00
-7.611116755591075922e+00
-6.607339556662457092e+00
-7.415794974269311446e+00
-8.511653118517747529e+00
-7.083422262307414563e+00
-4.361058644199097500e+00
-4.217804164489581176e+00
-5.693806906883542851e+00
-6.684867363751659575e+00
-8.335018196964389503e+00
-9.824290550689473989e+00
-1.045729364977938936e+01
-1.116809272850398216e+01
-1.157307170848818423e+01
-9.501305037415063381e+00
-7.714378769525445989e+00
-8.021816121673033706e+00
-9.124212819253937568e+00
-8.922894216265390810e+00
-6.412595349019385438e+00
-6.196807183333795876e+00
-6.098626283933771930e+00
-7.310900778537739342e+00
-9.390786921073676297e+00
-1.077168543219355001e+01
-9.700812757671599229e+00
-7.674345738880938406e+00
-7.997257490944110536e+00
-8.023597114105664119e+00
-5.868761837418059457e+00
-6.889227566558453475e+00
-7.753946235512706231e+00
-6.284098036097865325e+00
-6.305479237760441613e+00
-6.188133482446461997e+00
-6.399067113912479954e+00
-7.455932265184605612e+00
-9.391230271819505759e+00
-1.085071593822756597e+01
-9.951107882542682859e+00
-9.258379093395106452e+00
-1.077374530006094311e+01
-1.007827061102114996e+01
-9.751192213577150270e+00
-1.009813023555667932e+01
-9.226296336848898605e+00
-8.824331635684846020e+00
-9.607797514724103038e+00
-9.823050759253304065e+00
-1.069823802391017153e+01
-1.130652903230016193e+01
-1.117780281440811940e+01
-9.919802187458664378e+00
-7.031660184289098225e+00
-7.653067683745763183e+00
-1.030134558032006709e+01
-1.162443335535808764e+01
-1.095353664972813945e+01
-9.632355341724599285e+00
-1.037702846426375203e+01
-1.022283790517003865e+01
-1.057501632360961530e+01
-1.128238563650588588e+01
-1.169851338050492018e+01
-1.189560947185702489e+01
-1.110441914908276217e+01
-1.053944987092630647e+01
-8.506433128122123932e+00
-7.973191118166708335e+00
-6.097509285873398355e+00
-2.264465792318952619e+00
-1.453578523658492161e+00
-1.967190630207025448e+00
-2.973085189115373339e+00
-3.704114541733318777e+00
-3.357373932819359474e+00
-3.731027896773642549e+00
-5.991401335658324001e+00
-7.516311414717513628e+00
-8.499529872803325503e+00
-9.683027786415243199e+00
-9.360859306201732011e+00
-8.929272207717763976e+00
-1.063875758040471098e+01
-1.099450222598112958e+01
-1.104441860731310854e+01
-1.027749010154552067e+01
-7.593100084281530826e+00
-6.038116683384673777e+00
-3.355630756251544611e+00
-1.390999128424554199e+00
-2.048461697856419850e+00
-2.876598570493545282e+00
-4.040567805379302158e+00
-3.689042682233582671e+00
-7.910495428267292350e-01
-7.099736782933701029e-01
-3.638769460799473610e+00
-4.742694711131568930e+00
-5.297437051477777992e+00
-7.155867228589273488e+00
-6.379828687614921279e+00
-5.644716804390269793e+00
-5.635851556823086916e+00
-6.207977693938768304e+00
-8.263972174954673733e+00
-7.567764806892079754e+00
-5.185006146520794168e+00
-4.499704422939055704e+00
-3.615658052880830642e+00
-8.697100880910810794e-01
5.468886319830394971e-01
-2.358784684066468351e+00
-6.121180779717627196e+00
-5.381154004792535694e+00
-3.469714438833531478e+00
-4.001038103011763880e+00
-2.339123390783396594e+00
-1.715593931536658623e+00
-1.763990352913638926e+00
-1.071181429548113961e-01
1.284992610186756590e+00
-1.474513220243982126e+00
-3.070099417031058930e+00
-3.461274938987173033e-02
3.477002127564455258e-01
-3.332189932557605871e+00
-3.499074699283164946e+00
-4.821523670026464536e+00
-6.772722942992335682e+00
-6.710037038957475275e+00
-5.942644090320510664e+00
-5.298524173672971571e+00
-6.282039985868402177e+00
-5.050511985976668505e+00
-4.182236377748238532e+00
-2.687997310567614928e+00
2.058600776784481390e+00
4.340541977997506073e+00
6.768402369166585331e+00
6.983956245562660925e+00
5.255045914358619896e+00
4.378827338972885563e+00
4.943174304154852372e+00
7.799647099672467832e+00
5.447960049734924759e+00
1.911055005798019568e+00
3.309471570936789231e+00
1.941936148664970663e+00
6.772463582433214668e-01
1.246801531493834991e+00
9.252509638008716841e-01
-8.376565499739500043e-01
-3.567467876051867659e+00
-3.225229796191811715e+00
-3.787744726844286980e+00
-4.580692748069530751e+00
-3.124431079931381028e+00
-2.179385158735266614e+00
-3.461373564835765304e+00
-2.569690296533705620e+00
-3.359810545877390808e+00
-2.654171048362618635e+00
-2.884394606249177873e+00
-3.815096894442323805e+00
-2.083426217743295172e+00
-3.431300307553696083e+00
-4.521557848051619644e+00
-3.752254969467756496e+00
-5.091315870870430693e+00
-7.831252120451759779e+00
-8.618047467811937423e+00
-7.874256496209252276e+00
-8.149192712006838590e+00
-7.140643771877070556e+00
-6.783096435209855279e+00
-7.498449060155856216e+00
-8.195024944065069761e+00
-9.414246351730053419e+00
-8.483379914773523822e+00
-7.766082124222138283e+00
-7.586278100987692063e+00
-6.136137440801617160e+00
-5.013580252903366841e+00
-6.957246548281017517e+00
-7.322715121731464549e+00
-2.926678144082624833e+00
1.381133715411282825e+00
3.903553031383230287e+00
2.509952821177072302e+00
-2.369544996686717697e-01
-1.855074348932794992e+00
-2.305190290330727532e-01
2.656721541376429130e+00
4.781141524173689206e+00
4.131051121754826916e+00
2.234119769004305311e+00
-1.591595880423165021e-01
-4.058026896628063263e+00
-4.289109317515874764e+00
-3.607417231952234182e+00
-6.503967337182694486e+00
-6.953018608634646824e+00
-6.096280601075386052e+00
-4.775743283237782855e+00
-2.597731493864143815e+00
-6.898342118483765661e-01
-1.424264600391811797e+00
-3.455868760771327430e+00
-3.748040094925177534e+00
-4.010220762204234290e+00
-3.410085210920383414e+00
-3.949166814300420381e+00
-7.412562346945693825e+00
-9.354404457124102734e+00
-9.547615023049697669e+00
-8.398758036115001602e+00
-5.424824343992701081e+00
1.712537003933803925e-01
1.455999185365439041e+00
-1.061702422264520163e+00
-1.661546994871550442e+00
-6.105707362700230068e-01
-6.861694817255067358e-01
-9.238305563273512266e-01
-7.812121790017150236e-01
-1.975686829336362471e-01
-2.305538516460328591e+00
-5.223728848224332921e+00
-3.797299853900075739e+00
6.915016551877086748e-01
5.490873002036680273e-01
-1.581580163916898041e+00
-4.672558814466926336e+00
-4.875497698320687689e+00
-2.223680138526874295e+00
-1.261914061025062761e+00
-1.921930141418186189e+00
-2.558586392445625357e+00
-3.239814659368290162e+00
-2.365010636627066898e+00
-1.929158551766969598e+00
-6.968085692849829149e-01
-1.083069480585087119e+00
-3.366918100801864266e+00
3.292367931959458427e-02
1.333345263765707209e-02
-3.757939718677079988e+00
-5.085050829294923247e+00
-5.507441183364982784e+00
-6.673027192141087305e+00
-6.637417043993298016e+00
-3.441143440781184282e+00
-4.148763268140129412e+00
-5.987953340043000061e+00
-5.427168858225365433e+00
6.470665775920301233e-01
-6.079277554510230885e+00
-5.918835383306215725e+00
-3.503533435118340478e+00
-3.832747091620483992e+00
-3.417385921097702450e+00
-3.537026186988604159e+00
-4.436422904514417453e+00
-4.161682956328107252e+00
-4.174664265155253240e+00
-4.594330038294360818e+00
-4.161695830013537822e+00
-5.721191752657060370e+00
-7.932007675657784418e+00
-6.293128129218418465e+00
-4.673052347761584180e+00
-6.184818805531769215e+00
-5.755754126508153767e+00
-4.527797532904465072e+00
-4.643599015986862533e+00
-5.154774761646219616e+00
-5.811495368897527491e+00
-5.024057293894476750e+00
-3.320581421616311868e+00
-3.193533266880082433e+00
-6.032953222559683581e+00
-7.464067464625069981e+00
-7.124609073279216886e+00
-6.991310762241469412e+00
-7.499530312897245032e+00
-8.138385897639210498e+00
-7.945733509075853185e+00
-7.583788559585724620e+00
-7.959514299980888552e+00
-7.531443886192792370e+00
-8.100660705794471284e+00
-7.954894037754231206e+00
-6.602145233246349498e+00
-8.628432921923131715e+00
-1.025363373306631232e+01
-1.000685428923557119e+01
-9.337758892372034936e+00
-9.989433009904546523e+00
-9.325639058742710930e+00
-7.696160618762210248e+00
-7.238133040957438702e+00
-6.413212689940452016e+00
-8.089151466113904121e+00
-8.673986322607969868e+00
-9.070535367426542095e+00
-9.237891987911256209e+00
-8.498962806191523001e+00
-7.475679666380641741e+00
-6.780967556798896290e+00
-6.185385296019149770e+00
-6.548480488569401459e+00
-7.051041684761862882e+00
-8.542851383543869304e+00
-9.851910655199946021e+00
-7.236674937323856582e+00
-4.494063419376766788e+00
-2.908428753105024356e+00
-1.047945693374440657e+00
-1.451308269745931412e+00
-1.685855349760305710e+00
-2.747512505436355834e-01
-6.710237546957910082e-01
-2.995945745766548374e+00
-1.844277534807565733e+00
-1.821590348399320325e+00
-6.661165534552558221e+00
-8.549377426360912580e+00
-8.613243322858563644e+00
-1.007388920218240536e+01
-1.006324494646780288e+01
-1.010448286367841497e+01
-9.956058078980348114e+00
-8.358521749236587084e+00
-9.086758763326356458e+00
-9.671250788153974653e+00
-8.681182342754214076e+00
-7.896257704041624415e+00
-7.599948192901320176e+00
-7.749381396506536568e+00
-8.179820780420770987e+00
-7.359004474411275254e+00
-5.322950220852551872e+00
-7.645652143272215540e+00
-9.639095921590399740e+00
-7.922802585464602032e+00
-5.362818767924928842e+00
-3.219197374804624534e+00
-1.050923776531083265e+00
-5.005295041075876750e-01
-1.744132305297420915e+00
2.656118178461693846e-01
1.113194448162965866e+00
-1.181570086915634477e+00
-2.470014699764968569e+00
-3.393544671525698053e+00
-4.473297198532320884e+00
-5.835330040464293155e+00
-4.680975349367495930e+00
-5.022941695572727738e+00
-6.069971347985045007e+00
-7.019552341913605886e+00
-6.826308626077657316e+00
-5.358609302953156295e+00
-5.726097155603057764e+00
-7.213341662206958382e+00
-8.345348470973124932e+00
-7.644330405297704800e+00
-6.595120785969522892e+00
-6.486004258449072246e+00
-8.167118633029241792e+00
-9.666017358264625159e+00
-8.868306421483687529e+00
-6.670276400417210816e+00
-7.916153020175613619e+00
-9.266229558342645944e+00
-9.354363298742580213e+00
-9.546351497531457397e+00
-8.143844833926172200e+00
-6.136756430567094966e+00
-5.166363686415894385e+00
-6.434811382107860744e+00
-7.494745809402266090e+00
-8.133437994885030164e+00
-8.414309422864755916e+00
-6.378597139814904615e+00
-4.965040975516231470e+00
-4.831578993758086860e+00
-6.290835161312273272e+00
-5.546002728128776482e+00
-5.172216530949421021e+00
-6.356495796298282208e+00
-4.691654488654722677e+00
-2.468704877444394263e+00
-2.386095491378113387e+00
-2.474740788391439850e+00
-1.606889551993442300e+00
-3.609341027471937302e+00
-6.110734718403067589e+00
-6.444821110843527379e+00
-7.174436496939932795e+00
-6.880388083619269679e+00
-5.542697056610916384e+00
-4.996187437055368719e+00
-5.477194158414916636e+00
-7.065318046428197718e+00
-8.940341129540190224e+00
-1.045740011694791427e+01
-1.013746696949651138e+01
-9.598889286498170748e+00
-1.085531051045928308e+01
-1.127230548152978251e+01
-1.004585850873404418e+01
-1.029020217126418402e+01
-1.103670871345372539e+01
-1.165593606412886629e+01
-1.186722788742187618e+01
-1.182551551063522410e+01
-1.207169129220383574e+01
-1.162714112856238557e+01
-1.106643906494121232e+01
-1.202529855045466611e+01
-1.232645197271879134e+01
-1.213731672815306695e+01
-1.207332762374835866e+01
-1.175764921167140820e+01
-1.067898153291967844e+01
-1.080022976068209495e+01
-1.133745402495000398e+01
-1.172309235516095249e+01
-1.189512798738533483e+01
-1.069081058786486871e+01
-1.012080174017393475e+01
-1.054344608185148147e+01
-9.877708497580320213e+00
-9.821410196420899297e+00
-9.805825473296611250e+00
-8.613401579354444948e+00
-6.758044624954210100e+00
-6.954783805475015512e+00
-6.956834067528937737e+00
-7.099995843035515009e+00
-8.941944895047937436e+00
-1.030839781539309286e+01
-8.924149585022952635e+00
-7.804090181141081217e+00
-8.631671148994335852e+00
-9.493212849731792247e+00
-9.031336505550328297e+00
-9.106345191034629138e+00
-1.087892710690649345e+01
-1.094960138681839545e+01
-1.004515720982987048e+01
-1.066643127420983284e+01
-1.090909443447630167e+01
-1.107668242363286382e+01
-1.135752681078252380e+01
-1.112779784597047872e+01
-1.144760381485794376e+01
-1.216147031261352751e+01
-1.226035668453195981e+01
-1.159897943737120585e+01
-1.107171779255307875e+01
-1.120006500604451283e+01
-1.115063915926811511e+01
-1.078626835673054707e+01
-1.077622761600680867e+01
-9.619662643981198968e+00
-8.617260183686699548e+00
-8.708816358581461969e+00
-8.281514902106144049e+00
-8.750448681783119298e+00
-1.034874686600573668e+01
-1.102228373248805759e+01
-1.094687464008535471e+01
-1.043108756216088473e+01
-9.417105891612594704e+00
-1.072202819248008154e+01
-1.182059765720273781e+01
-1.180991619944532012e+01
-1.100222742086134886e+01
-1.067158004445350272e+01
-9.450135377943615467e+00
-8.184690451336049222e+00
-9.804065195095024166e+00
-1.164519201160206308e+01
-1.169918103042911639e+01
-1.175852789991904856e+01
-1.157043807826491744e+01
-1.079250631104639879e+01
-1.035000127495347755e+01
-9.883263860764099462e+00
-1.050149285239288588e+01
-1.195996928361538458e+01
-1.174926931070542935e+01
-1.037218894460218443e+01
-1.054238807895775487e+01
-1.171745651514770437e+01
-1.214837277309764296e+01
-1.247382382839592019e+01
-1.255791715960156729e+01
-1.248655259692522357e+01
-1.243438558735501509e+01
-1.219564266229087046e+01
-1.143073624137265121e+01
-1.179955724458948119e+01
-1.201543114162639725e+01
-1.235495545025516151e+01
-1.210891497649558701e+01
-1.218871642219612994e+01
-1.168404570941646803e+01
-1.115776741461814758e+01
-1.216335478169904505e+01
-1.251374487860104701e+01
-1.214785700645661315e+01
-1.173859712760204665e+01
-1.186415656350727943e+01
-1.228682293237583600e+01
-1.251407775629423647e+01
-1.177170447853178636e+01
-1.059233071223193612e+01
-9.548583751333195480e+00
-9.513853790806384936e+00
-1.129343702015147777e+01
-1.218096776512060408e+01
-1.172384063365616313e+01
-1.141311066602990643e+01
-1.163012743589029796e+01
-1.186861101680196029e+01
-1.112240532824861639e+01
-1.026867105650816470e+01
-1.002648372173222846e+01
-9.453418029694054425e+00
-9.336607111809637871e+00
-9.126722707400102053e+00
-1.028869503452656708e+01
-1.130085587131096503e+01
-1.164704689059054310e+01
-1.176384740672653528e+01
-1.170207153661951338e+01
-1.109223594085337083e+01
-1.179100966625501279e+01
-1.228959455664815259e+01
-1.148795081158394460e+01
-9.776273644431022092e+00
-8.873946970942332868e+00
-1.001557969486536948e+01
-1.190916754029667501e+01
-1.135111290187450628e+01
-9.364154488101831930e+00
-9.586658642609792835e+00
-1.018047703704159446e+01
-9.700588007783846223e+00
-9.935397101624978689e+00
-1.111158414441039710e+01
-1.059127239910924878e+01
-9.673590503512471628e+00
-1.038715590795152011e+01
-1.001184057259000859e+01
-1.078329691521293476e+01
-9.949715610465723614e+00
-9.764950906906559425e+00
-9.739330441799806337e+00
-8.938266428711825640e+00
-1.046182768724206014e+01
-1.125144826045214685e+01
-1.149134512163816879e+01
-1.181857345221779099e+01
-1.185446433005527567e+01
-1.221875277122496328e+01
-1.256080446830355690e+01
-1.251495302300421031e+01
-1.190628980440899554e+01
-1.258563990838831259e+01
-1.289359099454591906e+01
-1.248114475676539570e+01
-1.122926891778458725e+01
-9.344099685079379825e+00
-7.433010182270381350e+00
-7.828376135452520757e+00
-9.567110994150212377e+00
-9.699590039239222250e+00
-9.218536151681707480e+00
-8.509074254220823974e+00
-8.525435348549775583e+00
-9.628610426623383844e+00
-1.017075619027170497e+01
-1.050526519508793832e+01
-1.101611251431337735e+01
-1.177495009499708267e+01
-1.224165874642129204e+01
-1.114448702661323942e+01
-1.007432516921636534e+01
-1.090989022625994487e+01
-1.197903990066368252e+01
-1.140023051034111390e+01
-9.787879663981305711e+00
-8.426029905363579431e+00
-6.118744106147034678e+00
-5.551887420391928174e+00
-6.515527028380502905e+00
-6.941663228489705517e+00
-6.577664165132472540e+00
-4.690323728920164470e+00
-6.586221021058362268e+00
-9.991609545349572130e+00
-9.565752589394653782e+00
-6.832459196268564128e+00
-5.160544968367021035e+00
-5.245549699147943556e+00
-5.778470956560647132e+00
-4.453659262649334316e+00
-1.680980181146348729e+00
7.656305264113927311e-01
-3.455910091446031007e+00
-6.592504035823909980e+00
-6.111438286820098931e+00
-5.797894558562464162e+00
-5.357656217563992129e+00
-3.210738221477265508e+00
-2.125420083985746000e+00
-1.613413511992826344e+00
-6.716494326404914839e-01
-2.755077142208933960e+00
-4.979921114820895056e+00
-2.883179463964163247e+00
-2.887491970235258165e+00
-7.185008855186832299e+00
-7.656207141007172368e+00
-8.035058771322560744e+00
-8.249206844438898401e+00
-8.092104746261910009e+00
-9.082196484118732371e+00
-7.781540672712322859e+00
-9.281692158848562357e+00
-9.372631617470130294e+00
-7.077600562327996059e+00
-5.847544617647979059e+00
-2.764997234202402066e+00
7.900425111655294819e-01
2.197973901173203348e+00
8.057448812621079703e-01
-2.248819247288204703e+00
-2.855258129159153224e+00
-1.437979077141469109e+00
-2.095672672190086239e+00
-4.286930389892421367e+00
-4.834639977776594932e+00
-5.143638337309372588e+00
-6.274536870265542632e+00
-5.374341149739819024e+00
-5.279899121291880881e+00
-4.508954343049042635e+00
-5.357883501505605217e+00
-8.602533290722115922e+00
-7.620907352126859990e+00
-7.281093978817963830e+00
-1.038829760217368303e+01
-1.217100559736668153e+01
-1.202645255303924543e+01
-1.160965315277752197e+01
-1.202091060667916089e+01
-1.224689062870498368e+01
-1.045561143582371422e+01
-8.405485362534490079e+00
-1.010698613916534505e+01
-1.014448990920011617e+01
-6.484033733213731665e+00
-4.642647169750939717e+00
-3.686654461122853554e+00
-3.694523219760644128e+00
-5.493478878479450600e+00
-4.136653619020441930e+00
-3.935082986089756929e+00
-6.802325232221630102e+00
-6.150010510367791561e+00
-4.218606173466318054e+00
-5.100003520431449999e+00
-4.581787454118858349e+00
-5.969722908303738862e+00
-7.085741260568316768e+00
-5.436647896126746815e+00
-5.158480098453806839e+00
-6.252988918209980262e+00
-4.867293016356033952e+00
-4.788820436628576260e+00
-5.073795810552126362e+00
-2.884179594153059245e+00
-1.646689658305907855e+00
4.741980366702879812e-01
-6.217197172965540641e-01
-1.764270034637268614e+00
1.089853747687061114e+00
1.822651272678808221e+00
1.349578941225249018e+00
1.724062648605608983e+00
7.512847368959230110e-01
-2.984965455393421951e+00
-4.611801597378358153e+00
-4.328585245097798406e+00
-5.530329033437843655e+00
-6.063315731540397380e+00
-5.557613788219431861e+00
-6.939478997592124720e+00
-5.237565973849680923e+00
-2.590357584201603558e+00
-2.587597821426222300e+00
-3.030822643997957311e+00
-6.245426911262256908e+00
-7.559121399153118759e+00
-5.722140540640967110e+00
-6.511375555029619733e+00
-7.223292505902745297e+00
-7.427449010318905920e+00
-7.268445017489921334e+00
-5.229741208156325705e+00
-4.094606048901469286e+00
-5.269406879016389489e+00
-7.146820379024921621e+00
-5.877839602753304860e+00
-2.960597866511061049e+00
-2.208913228883144786e+00
-3.714309038115250150e+00
-5.389778906225985544e+00
-6.705358535533465059e+00
-7.382442465372062834e+00
-6.620915742847387264e+00
-5.743241745708603574e+00
-4.342240696789131604e+00
-2.466176064774123322e+00
-4.337607117679138646e+00
-6.976657490224634550e+00
-7.057413118257286122e+00
-6.154300568134444482e+00
-3.554670478536307687e+00
-4.370463106781539153e+00
-5.170914073306720482e+00
-3.525896411305992739e+00
-1.007510766105998545e+00
-1.911935712639671214e+00
-4.115366497892579467e+00
-3.861123214460131070e+00
-2.872044371363795534e+00
-1.718325849238538927e+00
-3.896884279913293891e+00
-4.046499892370176710e+00
-2.748945297155707124e+00
6.470665775920301233e-01
6.470665775920301233e-01
6.470665775920301233e-01
6.470665775920292351e-01
6.470665775920292351e-01
6.470665775920301233e-01
6.470665775920301233e-01
6.470665775920301233e-01
6.470665775920301233e-01
6.470665775920301233e-01
-4.610693975196979544e+00
-6.646262477784697253e+00
-6.970259469036307109e+00
-6.219116232661889399e+00
-7.876284737754265741e+00
-7.292280284795213952e+00
-6.315966163814156431e+00
-6.858089683975499895e+00
-7.922235583710052431e+00
-7.390386069628733345e+00
-3.813089701908789042e+00
-2.019752756474267663e+00
-2.527290677111167394e+00
-2.238487470562047221e+00
-2.467074299030078244e+00
-3.963944252717926275e+00
-1.912552723700177149e+00
6.048446096265351901e-01
-1.267009191446677729e-01
-1.361840937628883585e+00
-4.025428086219497992e+00
-3.540053425496537454e+00
-1.118000121284589810e+00
-2.572354753945027550e+00
-2.970896343966881403e+00
-2.144147395355633368e+00
-2.404067120697567894e+00
-3.902475976674098845e+00
-6.189649373385399223e+00
-7.099460225046081874e+00
-7.028458584292224920e+00
-6.613670681962203091e+00
-5.658086986848095634e+00
-4.395024101966404473e+00
-6.110475841518852924e+00
-5.941412854221955087e+00
-6.000647539084376980e+00
-8.357372052052548739e+00
-7.436169043176491300e+00
-4.033808881446404371e+00
-2.342222504939622141e+00
-4.473225682866726949e+00
-7.240533329694557096e+00
-8.641293575261290272e+00
-8.335295710004768210e+00
-8.466413973206172727e+00
-7.073859559320334611e+00
-6.643243047660963185e+00
-6.303433702885281598e+00
-4.056017115492378977e+00
-3.159941424484832950e+00
-2.438956996748833816e+00
-1.011011569276736743e+00
-4.180916891617393882e-01
-3.013232721457303143e+00
-2.597041428743243952e+00
-1.066081764114290120e+00
-3.540301222786068180e+00
-2.250898536745473688e+00
-2.518727668012589460e-02
6.470665775920301233e-01
6.470665775920301233e-01
6.470665775920301233e-01
6.470665775920301233e-01
6.470665775920301233e-01
6.470665775920301233e-01
6.470665775920301233e-01
6.470665775920301233e-01
6.470665775920301233e-01
6.470665775920301233e-01
1.653371526678798220e-01
1.665111903047036934e+00
2.375781056421879534e+00
-1.071994024778297971e+00
-4.282545272018557725e+00
-3.153502136719269711e+00
-1.202147874001967542e+00
1.830482294418275480e+00
3.883622125661729374e+00
2.623588138585212448e+00
-2.052181518844006514e-01
-2.378193548279273095e+00
-1.236131965386149778e+00
8.168632247961593595e-01
-3.258571509500310381e-01
-4.588652824917956452e-01
1.001017138662900763e+00
-4.023024950799532484e-01
-2.245038041469713974e+00
-1.362743824507699486e+00
-6.096155783716928900e-01
-1.048311744161000592e+00
-2.505373297740530081e+00
-1.802833978679070637e-01
5.716431646427596602e-01
-2.967678054301130519e+00
-1.194144740709124131e+00
-1.113208503214847322e+00
-3.126692081057122596e+00
-1.828258255630028195e+00
-1.038189260888479959e+00
-1.968146482205609393e+00
-3.326019439297623226e+00
-1.097104648740298005e+00
6.956164722592691474e-01
-1.311711471987418332e+00
-1.003660258629720747e+00
5.089138533515146223e-01
-2.031672154766957394e+00
-4.029605341758000669e+00
-2.170878270166729074e+00
-1.184232070707417872e+00
-7.664497942790903240e-01
-7.662015321611131968e-02
5.900845014919862130e-01
1.813980326243348928e+00
2.427595914537151067e+00
-6.120060215336310394e-01
-4.319101445650171733e+00
-3.566023353402149709e+00
-7.066567384797488582e-01
9.979679960250061876e-01
3.857612685616110149e+00
5.111018975422910060e+00
6.911008544395064845e+00
7.020794746672150310e+00
4.508078429303246537e+00
1.300801342988201936e+00
-4.314138651411739689e-01
7.690576752247213488e-01
1.095570438228561816e+00
1.817153781234531085e+00
2.594873025589045756e+00
7.426571381509647907e-01
4.955103537724278029e-01
3.515103975563539151e+00
1.736606206119687634e+00
1.516841815767806079e+00
2.487539862900169485e+00
9.292351155060899481e-01
2.895513922283782904e+00
2.679165064935238316e+00
-7.866858649309803608e-01
3.269690482898249262e-01
2.216357097472594351e+00
3.149466894436455888e+00
2.403857824753050654e+00
8.790802471355629866e-01
-1.062978895476425878e+00
-3.837361161352636163e+00
-3.939700549218301706e+00
-3.344070177275408451e+00
-3.195698564554165344e+00
-5.231821938724821486e+00
-5.072988377987893927e+00
-3.713900297597718225e+00
-2.332462296060854978e+00
-6.117213799936215279e-01
-3.642051479530657776e+00
-5.722431029958860549e+00
-3.651166370300293895e+00
-2.207071514845171833e+00
-4.341661497894990340e+00
-5.386815939311076384e+00
-5.767535700685258782e+00
-5.456953467265133639e+00
-4.686732145078780221e+00
-4.757045719497799752e+00
-3.317709903273523775e+00
-1.040849071283303173e+00
3.890380886872909727e+00
7.286319258903239060e+00
7.143959900078536762e+00
7.015060983937486228e+00
7.040675581800456939e+00
6.985012241689341650e+00
6.093756126137260587e+00
2.312485906831005078e+00
1.057706240888204086e+00
1.250365343280176456e+00
2.056976234293919514e+00
3.783784174955813651e+00
5.756755667379944263e+00
6.568518829263369163e+00
4.241734811693188334e+00
-2.961525294009156178e-02
-1.575696067927098598e+00
-2.401442488871713632e+00
-2.994871105632328501e+00
-2.156683790312604376e+00
6.470665775920301233e-01
6.470665775920301233e-01
6.470665775920301233e-01
6.470665775920301233e-01
6.470665775920301233e-01
6.470665775920301233e-01
6.470665775920301233e-01
6.470665775920301233e-01
6.470665775920301233e-01
6.470665775920301233e-01
-1.549493199440690860e+00
2.997144384650444193e-01
2.157379081363742568e+00
1.893983584354033134e+00
2.514908595762224586e+00
5.591615809403047699e-01
1.036006632805734906e+00
5.741929404410219817e+00
5.988013196287941042e+00
5.076387927843340364e+00
4.177229563172657478e+00
4.761635553050512115e+00
5.585903603061921352e+00
5.805221533483912566e+00
6.994595919224876113e+00
5.292667110448364909e+00
1.903864387116031676e+00
4.201504212907047453e+00
7.316405755984876969e+00
6.642894670955804770e+00
5.213022951605778665e+00
5.139239075527553879e+00
4.915318951703635975e+00
3.919159839326471495e+00
4.918076387852321041e+00
5.154848907374438127e+00
3.658002368187983855e+00
4.427607031649611891e+00
5.456987285342761673e+00
5.836844987186837308e+00
7.425797685515001412e+00
6.723041853278611590e+00
5.426012578962564170e+00
4.895620291639753319e+00
4.772926420410045445e+00
7.617915425173753086e+00
7.027984851077145656e+00
6.751235771945180986e+00
8.782304788824381703e+00
8.491529458623814364e+00
6.470665775920301233e-01
6.470665775920301233e-01
6.470665775920301233e-01
6.470665775920301233e-01
6.470665775920301233e-01
6.470665775920301233e-01
6.470665775920301233e-01
6.470665775920301233e-01
6.470665775920301233e-01
6.470665775920301233e-01
7.006328390201057132e+00
5.370776392981036373e+00
5.197500237858158734e+00
4.917356852989377636e+00
7.185340962828914435e+00
7.233935354754993163e+00
3.778602331857290775e+00
5.697738755093451957e+00
9.021040148124068736e+00
9.209837755163054140e+00
1.057154620632199027e+01
1.025634107305670817e+01
1.018577819964190212e+01
1.129456556394953459e+01
1.004689854561860862e+01
8.209919840404200642e+00
9.303384742865967283e+00
1.160558731942735022e+01
1.154526117061612389e+01
9.146621486664511025e+00
7.079783104667465743e+00
2.917028969739227318e+00
2.426181527540973271e+00
5.208508183836430661e+00
4.757229612096346649e+00
4.253785902573705258e+00
3.879849464400701109e+00
-7.744019085395662527e-01
2.118790002091691882e+00
6.638015161038218537e+00
7.531817759274493262e+00
7.130526053536291542e+00
8.079968877992362408e+00
9.106826201382292041e+00
8.600122723573875305e+00
8.496945249458146776e+00
9.861898632688934185e+00
8.993975623561995647e+00
8.513697719933722041e+00
1.090999488620136582e+01
1.112269048120992565e+01
1.138108789904191909e+01
1.261944661779461541e+01
1.253869794604973897e+01
1.052132943935989218e+01
7.750445203783995041e+00
9.503081949493932257e+00
1.029999020203806737e+01
9.085236172295772406e+00
8.718861307597819632e+00
9.178456395322131200e+00
9.695685103517881487e+00
1.056850232599667905e+01
1.138860891467005487e+01
1.231598649704475967e+01
1.145041891816898705e+01
9.148956738294561575e+00
8.741945774437658301e+00
7.804806226754315901e+00
7.617241769162895970e+00
7.038486004295426923e+00
5.643975727563885769e+00
7.954067950749002414e+00
8.597513909989553227e+00
8.206326448223704162e+00
1.017758838441093872e+01
9.642380876183118232e+00
8.331452701841321584e+00
9.022642673138953739e+00
8.856159859111643939e+00
7.510875376920566282e+00
8.649892795530190526e+00
9.780326851582422876e+00
9.777661814020065734e+00
8.125599736068323864e+00
5.945417625329843858e+00
7.803292015935933357e+00
7.811091099513231661e+00
6.623667653696675650e+00
5.547204415118082821e+00
5.322154627422539086e+00
4.902156327330203567e+00
5.751435916868175013e+00
6.636991183631205438e+00
7.712889906003607798e+00
8.763852369246723839e+00
6.099941568521226820e+00
2.813958047000060247e+00
3.541197481674969172e+00
7.786736428979375013e+00
1.088113960805559799e+01
1.198179711100129019e+01
1.281205793348515343e+01
1.273905234217060567e+01
1.221773206168841064e+01
1.289642407899323828e+01
1.345661540619864560e+01
1.290531313230377997e+01
1.308581786359933297e+01
1.265637183571749169e+01
1.169213567482907656e+01
1.034186208106432758e+01
1.041750844128825726e+01
1.105251918074539219e+01
1.092329566057033574e+01
1.013931096000187182e+01
9.955523900781459545e+00
1.138905580294798625e+01
1.262127858935343561e+01
1.250816657277268362e+01
1.238947359635289480e+01
1.163443174386659962e+01
1.181992655264491354e+01
1.192654135258215931e+01
1.122349144856026193e+01
1.215770333282393167e+01
1.176404997588644541e+01
1.131433378665534839e+01
1.213519574813648738e+01
1.229594306913015700e+01
1.229855681677833878e+01
1.258944463096070443e+01
1.181076645662908398e+01
1.208123407244415048e+01
1.276937244779026237e+01
1.300887153703108012e+01
1.362169061097640999e+01
1.388657084196894154e+01
1.293791617109310010e+01
1.130112963522868164e+01
1.055153894456337760e+01
9.575621130459751384e+00
8.746914425515157632e+00
9.335451693998013667e+00
1.001444224747650225e+01
8.898114148406691015e+00
9.424816584853710211e+00
1.054723555763400356e+01
8.510790348096900715e+00
6.082649267184010888e+00
6.857255816132479254e+00
9.176794690345140282e+00
8.380502410849148376e+00
6.825959988668516942e+00
5.349742881319121679e+00
4.377053479381117995e+00
5.654620271147977384e+00
7.676302181684448556e+00
8.806684676581653548e+00
8.967463421588417916e+00
9.698310615886343911e+00
1.033442960867889049e+01
1.031441146735661363e+01
9.062691743269137845e+00
9.164010565974184175e+00
9.914357750414110271e+00
9.010463547474634183e+00
9.747883037430982611e+00
1.000263988556784689e+01
8.278198810891993276e+00
8.172683967964653462e+00
8.465439928675223769e+00
8.348261337547159044e+00
7.546799035650534115e+00
6.683601816839929377e+00
6.335577537837632001e+00
5.686551483138507557e+00
7.493885543877745192e+00
1.056366368230808739e+01
1.172054959103910221e+01
1.302556823398576036e+01
1.249265386355167706e+01
1.202935164424373760e+01
1.311094868900874566e+01
1.334548455719275140e+01
1.282563924999905858e+01
1.239681776179675943e+01
1.159103386552734349e+01
1.270044130829675311e+01
1.369431246865588747e+01
1.347164643954469376e+01
1.254399968493623341e+01
1.154826571784990108e+01
1.199650659547027942e+01
1.135945578356401597e+01
1.094712584304292946e+01
1.133003898390800934e+01
1.121464292568302845e+01
1.040525475867913485e+01
1.010247783465592164e+01
1.014298223702573942e+01
9.697965246834151287e+00
9.130593540606570357e+00
8.080388512521372135e+00
8.966999249438961428e+00
9.968143618207200518e+00
1.093540374883321320e+01
1.230375133801650023e+01
1.150005293874323264e+01
1.025590615991775145e+01
1.093992244166123307e+01
1.125603303281026157e+01
9.524054425003040336e+00
9.622061897136477526e+00
1.091437249879484206e+01
1.048688168585074365e+01
8.716481960130852968e+00
8.374094872967436487e+00
8.766725901246424257e+00
7.843680908651649020e+00
6.589627967613451709e+00
4.797799078888294488e+00
4.063788730045501119e+00
5.755585874885145614e+00
6.151515888252879094e+00
4.344133138041738285e+00
1.519405806098484302e+00
3.927256065872212876e+00
5.196200666991150463e+00
3.815560786643901192e+00
5.751586854655351466e+00
5.239832803534234529e+00
3.913565878349796190e+00
5.516384685938667154e+00
5.250266489772644540e+00
5.834699413118256572e+00
7.177636406828430182e+00
4.997794359975010536e+00
3.434369974825524530e+00
5.388786203211910930e+00
8.754230074125487704e+00
9.948254065553198799e+00
8.805171864898406753e+00
9.066552244641252756e+00
9.185027775069864120e+00
8.565264426584278112e+00
1.018374152941799338e+01
1.110042242060075779e+01
1.069763716170468371e+01
1.099277642251865572e+01
9.233587864211646234e+00
7.585507034362698242e+00
6.869444251505645305e+00
8.265068760669139536e+00
1.018722768925701772e+01
8.955422199371986025e+00
8.699408678955181884e+00
8.989346507232079730e+00
8.958515351236748359e+00
1.027050701699934443e+01
1.037027507081577227e+01
8.575911429337628178e+00
9.346089420154900296e+00
8.419805784811359217e+00
4.114112241435187833e+00
3.720003536155214618e+00
5.159718275042070701e+00
6.933303183792896895e+00
6.720188111900980310e+00
5.307306395164510526e+00
4.838833672172026645e+00
2.577505040104829614e+00
2.062732451130083522e+00
4.410324752821615846e+00
2.735439715782624237e+00
1.183407633052174113e+00
4.805597537225950511e+00
4.857880387789972332e+00
3.607953094880409939e+00
5.745572222890428016e+00
9.088712669025634128e+00
1.097322949707226236e+01
1.094560453221438756e+01
9.743712604134968203e+00
8.268796887967640785e+00
6.977430508846395263e+00
7.615448361485500861e+00
8.836091265243828374e+00
1.064458062044073650e+01
1.078136715541263690e+01
7.111419262047191658e+00
3.971948077720660386e+00
3.535513345541291041e+00
2.852634637845318455e+00
2.262950544012085063e-01
2.635405011314137513e-01
-2.434921054481898606e-01
1.331323629568823330e+00
3.035879348336456562e+00
2.585048870074441840e+00
3.847770828698960255e+00
3.744174153965926788e+00
3.173784961836479734e+00
5.689281748599185562e+00
6.609388945602482579e+00
5.880872518550925854e+00
6.697378001588474739e+00
8.411854167703554097e+00
9.937647877182053335e+00
1.087214109773603177e+01
1.163435423025959281e+01
1.163267104748768510e+01
1.189600241924552293e+01
1.181624860950129730e+01
1.254138472455071529e+01
1.348522197229298669e+01
1.310620460035232959e+01
1.190083773096280062e+01
9.727789202281055481e+00
8.703364785561868544e+00
8.920955843996104306e+00
7.234222410033660289e+00
5.654026974488029822e+00
4.773791502094371531e+00
2.875454215723908913e+00
2.959590209221161672e+00
5.365707773864815344e+00
8.420880767513070353e+00
6.935181378705131294e+00
4.334293088044630871e+00
7.207306034250609450e+00
1.107780931021587101e+01
1.178671725133111181e+01
9.963549458429358907e+00
9.063725459628516390e+00
1.071654011253911953e+01
1.045702389121861486e+01
9.388412308982754695e+00
9.851659253164111618e+00
9.607369470055788341e+00
9.733022759529170287e+00
8.900932445458863640e+00
7.903410173473449873e+00
5.800752956277865913e+00
6.754339368462710880e+00
8.268784788582248524e+00
4.884011982927884965e+00
3.112825714202007266e+00
1.942720967641270224e+00
3.284869127283478463e+00
9.624451662426096732e+00
1.002176820178999783e+01
7.400468057177885584e+00
8.341909846990441579e+00
9.991243136768556354e+00
1.016748693694167649e+01
1.053588845928100426e+01
1.041771947069148396e+01
9.429215472742065174e+00
8.981670883836502028e+00
9.731497368515443114e+00
1.055055485994016706e+01
1.124090089025137473e+01
1.256927929583341808e+01
1.353345536790636316e+01
1.325102087063351242e+01
1.330501772814081285e+01
1.326740135459424685e+01
1.335304003316523591e+01
1.328438639732335247e+01
1.288445234613325852e+01
1.227970684744916063e+01
1.248746518020606011e+01
1.202126263051352062e+01
1.095566630547557629e+01
1.167946642536602297e+01
1.185262328940447318e+01
9.752611439158615170e+00
1.094962547383609142e+01
1.181193992273500015e+01
1.161674726184456219e+01
1.093206710530549941e+01
9.916084293740267341e+00
1.110484347901243041e+01
1.121287884622070408e+01
9.592261603162514305e+00
8.632978731091954572e+00
8.202144755587461589e+00
9.214238515982643207e+00
1.080360032724172825e+01
1.152514331949691062e+01
1.218410563886529374e+01
1.193715958964924795e+01
1.061611201674692850e+01
1.093931773965008070e+01
1.121358832084973578e+01
9.901939947121464414e+00
1.070417110946822348e+01
1.288563684872648984e+01
1.324629633310041577e+01
1.212865265904437351e+01
1.096924265225098161e+01
8.984105040671003906e+00
8.499267399334323514e+00
8.657267362201874761e+00
8.659966535446303126e+00
8.883659387621305470e+00
8.299801136204859375e+00
7.394628417739214754e+00
7.989298352404416548e+00
1.075863482910903990e+01
1.165576110288867540e+01
1.057469099631834553e+01
9.763049695005342699e+00
8.789341974600759499e+00
6.767042416188034260e+00
6.663780514539889843e+00
9.310910879161390596e+00
9.695964165926969969e+00
8.390589258373166714e+00
7.855294146768811103e+00
6.983862497218552789e+00
7.657260514135007412e+00
7.314830214549539633e+00
5.493405498494546180e+00
7.149058605753975115e+00
9.147310497980031485e+00
1.042672128906993656e+01
1.004489403934089253e+01
8.164614365680289865e+00
7.886057252846049970e+00
9.087450358983151233e+00
1.121920426080459521e+01
1.208957997160209530e+01
1.199380850370817519e+01
1.123025480216791827e+01
1.152188941984373649e+01
1.190138956820287497e+01
1.166709875017563114e+01
1.139278193087679192e+01
1.088758097963583715e+01
1.022240869217586479e+01
1.025320386206692547e+01
8.910909065013932207e+00
1.019685922533839673e+01
1.222003774321672687e+01
1.343705700233254596e+01
1.363512797243816621e+01
1.303903336391208967e+01
1.368351187112587830e+01
1.380561537433608166e+01
1.376422582812979023e+01
1.398478318243046203e+01
1.373130388322578987e+01
1.342346574701129747e+01
1.289874108833791766e+01
1.346276931193915161e+01
1.333264298926499158e+01
1.369449144069438340e+01
1.348736197182199348e+01
1.022275365292409077e+01
8.572287048759998029e+00
8.090795764039588889e+00
8.570473654322125157e+00
8.951473997018172923e+00
9.031004271074561274e+00
9.741241773801593951e+00
8.860128615057528023e+00
6.998623806190193086e+00
5.377793452981707745e+00
5.839642625506577645e+00
5.619362164123794301e+00
7.052677232848338917e+00
8.987455809986432342e+00
6.789320478809757198e+00
4.245175740851560242e+00
4.627005657451831233e+00
5.743501014263709514e+00
6.869266044427169149e+00
7.996961615759727415e+00
9.681107517516782224e+00
9.593839454976896164e+00
9.832937037258112412e+00
9.086984868323911613e+00
7.463455054032041680e+00
9.245654553884310900e+00
9.298280304865198076e+00
9.257025344105302977e+00
9.626131866471439480e+00
9.483970298983287250e+00
1.156531170637659045e+01
1.292962129721138353e+01
1.211718326604147400e+01
1.152150054542575397e+01
1.162279030432907945e+01
1.081892859209009217e+01
1.143599719130947179e+01
1.167354499853392014e+01
1.198683381164880757e+01
1.172779370214914429e+01
8.805807134457610985e+00
5.899993318469170411e+00
7.767677309707051947e+00
9.173962847351702976e+00
8.672055900784767957e+00
8.207397018615097295e+00
7.265522049004544236e+00
7.467714689018718488e+00
8.108122797819854455e+00
9.824101425747731042e+00
6.470665775920301233e-01
6.470665775920301233e-01
6.470665775920301233e-01
6.470665775920301233e-01
6.470665775920301233e-01
6.470665775920301233e-01
6.470665775920301233e-01
6.470665775920301233e-01
6.470665775920301233e-01
6.470665775920301233e-01
6.470665775920301233e-01
6.470665775920301233e-01
6.470665775920301233e-01
6.470665775920301233e-01
6.470665775920301233e-01
6.470665775920301233e-01
6.470665775920301233e-01
6.470665775920301233e-01
6.470665775920301233e-01
6.470665775920301233e-01
1.021902101156155851e+01
9.654123379827568741e+00
1.060759832101559752e+01
1.113784424931389339e+01
1.008043118177454289e+01
9.684851861794895100e+00
1.027222023414479501e+01
1.167608206402241322e+01
1.145251634432115218e+01
9.481776938855290382e+00
7.997347875815217222e+00
7.344589501572916568e+00
8.091567670721135030e+00
7.272918631781231547e+00
7.401781005727151808e+00
9.296990587963987807e+00
6.849159945434984742e+00
6.157885061149024786e+00
5.821848672589165830e+00
5.003479797686984476e+00
8.609199034045007082e+00
1.181379430824268262e+01
1.215955357557806593e+01
1.106163328832830572e+01
1.086959993785103151e+01
1.039534688938986839e+01
9.498490141671428688e+00
1.100521954765779498e+01
1.125480975158206398e+01
1.101588578852193656e+01
1.069082841211506185e+01
1.115434425463059753e+01
1.071393061794779022e+01
1.046980837563848254e+01
1.062358110393955712e+01
1.092896346939097540e+01
1.010758048731739400e+01
8.878588477070131546e+00
1.060345812947499411e+01
1.105267161858765412e+01
1.146584547854011760e+01
1.189680634610221155e+01
1.258575731052763125e+01
1.203934794071442838e+01
1.138521366896521059e+01
1.094461565785210411e+01
9.673254254416111309e+00
1.115856322971875869e+01
1.089219397255076061e+01
1.029237797906016283e+01
8.829089365863174166e+00
7.009897504688393788e+00
8.923054854857666029e+00
9.806497146607803472e+00
7.819099906397125821e+00
7.578258031136803297e+00
8.709917412669875958e+00
9.297598130255934734e+00
8.570842704979932947e+00
6.782404985720377866e+00
5.896722200208256659e+00
5.396867743536024165e+00
4.322812094048992471e+00
4.295905119364753944e+00
6.631831244282989424e+00
5.617835715282779141e+00
3.599380071564638239e+00
5.422575507354029156e+00
7.242162904076488772e+00
7.971144428723174968e+00
9.020226525910434390e+00
9.926899628525449160e+00
8.860816256868298879e+00
7.185840785288018395e+00
6.081994117582222970e+00
4.922937182991526051e+00
5.698433810583693138e+00
8.292365208350171102e+00
8.925722157659834011e+00
9.326332929693094798e+00
1.004529231624342067e+01
8.707775269834010956e+00
7.513133227694876126e+00
9.839807903266022393e+00
1.174453913817229633e+01
1.075670653531032706e+01
1.184112347628293449e+01
1.256553062313472502e+01
1.212425928995269864e+01
1.252287587048959949e+01
1.150669679484945185e+01
1.094209648682881841e+01
1.064715298349921113e+01
1.090359085716664289e+01
1.044058518050343132e+01
9.532051861195144582e+00
1.038731798091279579e+01
9.840343058020334155e+00
8.874770578104914875e+00
8.785009446397697985e+00
9.836619609835029365e+00
1.138529309721194949e+01
1.267794645470699066e+01
1.233010569386941313e+01
1.172051679221440601e+01
1.176264574765303195e+01
1.210048904230083977e+01
1.223651262937423922e+01
1.231030583457035554e+01
1.158775412790412851e+01
1.216811034281337989e+01
1.219291400233788103e+01
1.219913450288328427e+01
1.207952786173165194e+01
1.242602308391799149e+01
1.268395148529795158e+01
1.138705793736160743e+01
1.187178445243839953e+01
1.203926577298284606e+01
1.090627929105573024e+01
7.532342131116895878e+00
4.854789511429846272e+00
5.470531340686624056e+00
7.350288775752796155e+00
8.538107843266841357e+00
6.438745292706625989e+00
3.630674894892315319e+00
3.053200818010991302e+00
3.991463198560016856e+00
7.530652411080224873e+00
8.308017163955804918e+00
8.754928925101472359e+00
9.180413446818681322e+00
8.930524345682281151e+00
8.659002986778547850e+00
8.125014900673912521e+00
8.608400527962343673e+00
7.579200579743964106e+00
6.130625527628335014e+00
5.974560197443322451e+00
4.850412460897609357e+00
3.628215419890920224e+00
4.183980991159644169e+00
4.589630231883818468e+00
4.316717517126600789e+00
4.129758123779090795e+00
3.279252995328316711e+00
4.821449421192952833e+00
7.345532867094780372e+00
7.714903659370468070e+00
7.682403843679047384e+00
7.583775395966338984e+00
7.834219799613112656e+00
8.762410540080685095e+00
8.553771260077015270e+00
7.685154549032043647e+00
6.505923487315128817e+00
4.953809355459176444e+00
6.665257542699939641e+00
8.862832237698873072e+00
7.357511138453089572e+00
6.573830814105044773e+00
7.221598408955677506e+00
7.274720189434096262e+00
5.817956755828220139e+00
4.850462630390015129e+00
5.896391026638568178e+00
6.288877955816418286e+00
6.919560599252632116e+00
7.732214200139031490e+00
5.484392433748777052e+00
2.480315733442607584e+00
8.972154345473764003e-01
3.324342378352209249e+00
3.924988125185650656e+00
3.915417877824630022e+00
4.486187748442378442e+00
3.954814898204013662e+00
4.646744378500153871e+00
5.307886109104778427e+00
6.260247995379372377e+00
7.231225229177486113e+00
5.266681491750070165e+00
-4.591251120234912109e-01
7.354758562069116046e+00
