-3.429784678015863175e+00
-6.558894577248071123e+00
-5.682587702892955228e+00
-4.639203680172809818e+00
-5.527499076451868554e+00
-6.496148808127123253e+00
-7.345402263022177358e+00
-9.291423434349509236e+00
-1.003079519539050146e+01
-9.971447895546104334e+00
-1.063144172034946422e+01
-9.311423806463887232e+00
-7.254871572949914693e+00
-7.832077909091455403e+00
-8.217285184228524386e+00
-9.013491532637472048e+00
-8.253119669713951723e+00
-4.233873286402312530e+00
-1.831306884095400989e+00
-1.233440465701227895e+00
-3.450818104483888593e+00
-5.332752494069623594e+00
-4.664546874690440603e+00
-4.971559722976123474e+00
-6.235537544760342499e+00
-5.077254061217377767e+00
-2.547438158039070366e+00
-1.842967333082603743e+00
-4.655884704080034631e+00
-6.230368581803626071e+00
-5.814792137514443127e+00
-5.842690944697566557e+00
-6.498977226504938365e+00
-6.141125991766698711e+00
-4.064281007584622962e+00
-4.817734027843567191e+00
-5.451487822157419671e+00
-2.857559212958991512e+00
-1.576285807814929774e+00
-1.146632832437837868e+00
-2.583423191044585732e+00
-2.986271084364744866e+00
-1.821854456014689594e-01
1.430241012867994765e+00
2.932131708961775107e+00
6.209210433025257325e-01
-3.443503472793040920e+00
-2.012098184841152992e+00
3.027792148428440910e+00
3.580018430426385123e+00
1.852722090107737252e+00
2.029373075623145617e+00
1.006319344913239711e+00
-2.208050179709207250e-01
3.162479221014907083e+00
5.399836438402537020e+00
6.777163753020365000e+00
6.300194696235873693e+00
2.559910022581338485e+00
-1.411665276252333234e-01
-1.795614971970680984e-01
1.171409568789065769e+00
3.228817554951779911e+00
3.024661366786994598e+00
1.452426677228432217e-01
3.266479479089322568e-01
-5.064170112019736880e-01
-3.362279529561625679e+00
-4.895152356394040893e+00
-6.336814586354676315e+00
-9.285847458611931060e+00
-1.147665880322443144e+01
-1.192324209369049370e+01
-1.057282224725250863e+01
-8.509733603594060725e+00
-8.677806327685939181e+00
-9.086757270569306044e+00
-6.666751698141853311e+00
-4.098301687957419226e+00
-3.938746994813971281e+00
-3.408342226853393164e+00
-7.722693293182179008e-01
5.969749041166497738e-01
-1.857947337723253045e-01
6.781932248051530943e-02
-1.577009255122132858e+00
-3.840566498034287513e+00
-3.378785551191468617e+00
-2.281334424883369127e+00
-2.442053256348245771e+00
-1.413369276820384490e+00
-1.740732479047173875e+00
-1.449425702204161670e+00
1.137774459460104470e+00
-1.658590355468218869e+00
-2.332404795079337845e+00
-1.863521343082436221e+00
-3.633716024204617590e+00
-5.097195314946604050e+00
-7.131661500456335290e+00
-6.482692080185883832e+00
-5.479201487358128730e+00
-7.559604121888677142e+00
-7.347807770351801437e+00
-6.626632898210171874e+00
-4.965506436542963087e+00
-3.997999414024457909e+00
-3.566072938226171107e+00
-9.280646430149881443e-01
-1.611372691662553480e+00
-1.228205364454703297e+00
3.522445415992658813e+00
5.223880335401496211e+00
5.236616060707450337e+00
6.135953287343854257e+00
8.197628045024071497e+00
5.879956936959757741e+00
9.702669970736814697e-01
9.030172458235419253e-01
1.351942536795571526e+00
-2.818758032100242339e+00
-4.913501715085804911e+00
-4.936447799702434303e+00
-4.304178979362776936e+00
-3.464998917521069366e+00
-3.327595187518705533e+00
-5.245406918128851181e+00
-5.689725515344346007e+00
-3.523057886976789010e+00
-1.306538210875825445e+00
1.390791544110753453e+00
-8.051910704553286724e-01
-2.936805322997340539e+00
-1.718424590839378263e+00
5.418313857993457550e-01
5.764513471360062369e-02
-3.711083371031402400e+00
-1.484046608038438686e+00
3.870446363014700353e+00
2.796229056277290237e+00
2.138626619354991210e+00
4.531357081195875658e+00
6.795955811689460724e+00
4.128637312259808567e+00
-9.505725779253701990e-01
-4.528632701359063262e+00
-8.431161445603629900e+00
-8.935570832993183998e+00
-7.538277849340597747e+00
-9.778371143539814625e+00
-1.073154341825224023e+01
-9.798881080536446575e+00
-7.611547172548836393e+00
-6.787327242876867395e+00
-8.440092666811983335e+00
-8.760027246212708008e+00
-9.442018536769179349e+00
-1.036948227263756550e+01
-9.969459281697002240e+00
-9.981867970925231148e+00
-1.073101819889322073e+01
-1.257484957989178476e+01
-1.303838774003857814e+01
-1.260587185123306853e+01
-1.249278193134447434e+01
-1.077750478000120360e+01
-8.189494465307816995e+00
-8.485551061467322853e+00
-8.918738576120190942e+00
-8.796369294495564262e+00
-1.021027669536734273e+01
-1.176613001066515984e+01
-1.108164422036144714e+01
6.470665775920301233e-01
-7.720799480312240171e+00
-7.231989476111253090e+00
-9.107242552952167003e+00
-7.073022131542505697e+00
-4.905823326800027750e+00
-6.193505577758864789e+00
-6.265605754705704911e+00
-4.770580070676870399e+00
-4.057527043221750063e+00
-2.336713853108388861e+00
2.916231192901654334e-01
1.566690311861588469e+00
4.485033235970204979e-01
-1.289682164448817225e+00
-1.643134476735250038e+00
-2.201205638006068277e+00
-4.126780000502032308e+00
-1.594001050097375138e+00
1.789992064159003915e+00
1.269215490619403752e+00
1.830013404463515514e-01
-3.434658290551038662e-01
1.106196681536678383e+00
-1.070383962243492082e+00
-4.718195208760647574e+00
-3.830858791234724947e+00
-3.152070706974409386e+00
-3.097226817974043200e+00
-3.861818233311802295e+00
-5.455268490229144618e+00
-6.238931273086741669e+00
-8.699153834107479000e+00
-8.879126280017700878e+00
-9.440388645464413031e+00
-1.025593860448873329e+01
-1.009746142365596100e+01
-1.051147509430892235e+01
-1.137026261119629211e+01
-1.218236297725962380e+01
-1.093208390437378874e+01
-1.008287803551137074e+01
-8.884978519244155493e+00
-5.932358752376114097e+00
-4.967572026892683290e+00
-5.037543212524396630e+00
-3.939571988806190195e+00
-5.476658760107855350e+00
-7.779955676179758584e+00
-5.245063444249177920e+00
-3.235500181057200830e+00
-1.750179342138078020e+00
1.849235217958634936e-01
1.395946196703433895e+00
2.092710032473473092e+00
-1.799370204305175136e-01
-2.876348961934560577e+00
-2.136123897351892342e+00
-3.187700500315512553e+00
-4.610986191054540662e+00
-4.912394883072377816e+00
-3.369573955100851670e+00
-3.364551346843076551e+00
-3.604205320172934268e+00
-9.890646156481429641e-01
1.229853817372868363e+00
-3.033273501159122199e-01
-3.793594140707940099e+00
-1.694381433642851320e+00
1.972167826246795430e+00
2.107851227957508566e+00
-1.051717512118630182e+00
-6.220582258376984086e+00
-9.106295705003255136e+00
-7.130509572755699743e+00
-6.556275000096796646e+00
-5.612988234487004569e+00
-5.628073052771989992e+00
-6.297690606030350580e+00
-4.781338157884337470e+00
-2.893904623104480045e+00
5.717192833079616232e-01
4.745439039860508856e+00
8.779046657942377152e+00
8.108867046923357691e+00
7.915574784487612980e+00
6.426073265643184484e+00
5.805624474444798899e+00
5.730932747741599442e+00
4.507519573951072722e+00
5.400413310241775733e+00
5.872075770653043536e-01
-4.024555757060137573e+00
-1.757408203457991425e+00
-2.609413967655827560e-01
-2.647674474390591115e+00
-1.483340577886711920e+00
9.198746024152810730e-01
2.695058895128925158e+00
4.223742233351355679e+00
7.433985618546689045e-01
-7.001601393612815194e+00
-8.707634108247720661e+00
-7.300217539460827076e+00
-9.217973555772868366e+00
-1.103999478192231720e+01
-8.590533339218938025e+00
-5.203611498409111746e+00
-7.488693374469320041e+00
-1.030256952683831528e+01
-1.096698805193467585e+01
-1.243078628402342289e+01
-1.403739159545786741e+01
-1.316682398273797183e+01
-1.165581859819124055e+01
-1.115487693227461641e+01
-8.588246995700664854e+00
-1.062067360472961397e+01
-1.319077953496939770e+01
-1.226676644611126754e+01
-1.096638452036039446e+01
-1.084649788669977433e+01
-9.909563080305519023e+00
-6.916957464380629084e+00
-4.994185882890906036e+00
-7.377792477340381794e+00
-9.265139255624637471e+00
-7.757289692618090982e+00
-6.283292312490436515e+00
-8.003444225471678664e+00
-9.721648236651118324e+00
-9.948385041001587936e+00
-7.838472739354910956e+00
-5.747629653867668331e+00
-5.811331988263513715e+00
-4.911836812783379358e+00
-5.194786875900455847e+00
-5.308993557595020896e+00
-4.868767958545390684e+00
-4.867064931019263518e+00
-4.408643319885774403e+00
-5.882246928417607379e-03
4.442528116080943335e+00
3.425865159683139094e+00
1.383758707466231197e+00
-9.333144559515443861e-01
-3.070835595484096014e+00
-1.974138579335152910e+00
-9.978811285703684253e-02
2.709050847732212386e+00
5.428325796652284652e+00
4.281207056562564617e+00
7.147991836717978442e-01
-3.530556706414714196e-01
1.370860625860087278e+00
1.960002310453833108e+00
4.430889089321622620e+00
6.649683155210414753e+00
2.887693735900302983e+00
-1.183657900328780377e+00
-1.201480566910687831e+00
-2.849712131601092935e+00
-3.999645552266530846e+00
-1.721544911187006255e+00
-7.903766514180611269e-01
-3.117839465220102024e+00
-3.119409952949974141e+00
-1.699692806952336488e+00
-3.567306817402249752e+00
-4.893545297963053820e+00
-4.583827920632947972e+00
-3.594230576710128577e+00
-4.382943161316801728e+00
-6.422100630768767360e+00
-7.392742815950751556e+00
-5.563236168547844862e+00
-2.521921106934506440e+00
-2.655717189219804819e+00
-2.261838104608256739e+00
-2.689489476970566839e-01
1.103720934874814041e+00
9.612294919075584088e-02
-6.462759601408603061e-01
-1.011211075004875282e+00
1.018524493720311730e+00
1.390447846732238313e+00
1.742317998788031730e+00
1.422965480825827189e+00
2.632106369553332215e+00
6.501680215173965216e+00
4.003688468050585314e+00
3.172443027919999992e-01
-4.654530922389867875e-01
-8.916455118647307332e-01
-2.733373461878648047e+00
-5.513530167480546140e+00
-7.873618566159393595e+00
-7.979741575017856192e+00
-7.992562112470388946e+00
-8.309192242294329844e+00
-8.541305670098640945e+00
-7.722218682074772467e+00
-6.506823533869363629e+00
-7.528854628180052799e+00
-8.601197014486146486e+00
-4.964389267065047129e+00
-1.345655772691908947e+00
-2.865827821333798653e+00
-3.091756764306829108e+00
-1.953080314017048735e+00
-2.265871070171916024e+00
-3.571864789709488175e+00
-5.455981545328424609e+00
-7.644097130667709905e+00
-6.453379260536774353e+00
-6.721762267129109070e+00
-7.396230060213341062e+00
-5.905282745721757820e+00
-5.729965448783933546e+00
-3.532882720258733844e+00
-2.162301794051243231e+00
-2.665712178763399276e+00
-2.982292427751209285e+00
-2.435413666919354903e+00
-5.886399909724001622e-01
-1.293891081336593585e+00
-4.251939472599741698e+00
-5.875440363887927120e+00
-3.792398515051643493e+00
-3.554686690535893145e+00
-5.309762566935988914e+00
-4.917355238834924869e+00
-6.048136883180592172e+00
-7.173184723280155772e+00
-8.240766925349129579e+00
-9.361893482953147938e+00
-8.810004605807757017e+00
-1.006947445896177129e+01
-1.083168566966546642e+01
-7.832584332484145762e+00
-5.524117807859811435e+00
-4.376900826072586348e+00
-2.290030066628605088e+00
-2.329219615366898033e+00
-5.675341404716191640e+00
-7.876332908449982462e+00
-6.750958124878120081e+00
-6.215974954435434796e+00
-7.316761402228622480e+00
-8.762531827276818674e+00
-9.418224998098933654e+00
-8.686232585803471906e+00
-8.884402265873017512e+00
-1.074736371949100366e+01
-1.254635452882265056e+01
-1.105775705234495199e+01
-8.723239211273060789e+00
-9.558959842425418074e+00
-1.109843830117044483e+01
-8.424535992896862169e+00
-9.039821857384344739e+00
-9.457478516380321665e+00
-7.907421005144644077e+00
-9.659323610754299239e+00
-9.958655210164092608e+00
-8.685494944968858988e+00
-9.642993770663453645e+00
-9.736104642133081910e+00
-1.058359151303235635e+01
-9.974478808649644535e+00
-7.393181060029206719e+00
-3.520457885909847651e+00
-9.444216828685461085e-01
-1.754794169827524897e+00
-3.454452915539037772e+00
-5.550543428222620257e+00
-5.097315761708907544e+00
-3.904785916398860746e+00
-5.339793602003921613e+00
-5.705758192818597863e+00
-4.695331207329974887e+00
-4.564548646497963880e+00
-4.978032109245214443e+00
-4.650561089537338155e+00
-4.664804962663005483e+00
-6.017346881084304933e+00
-7.226111155197484592e+00
-8.043397912738967648e+00
-5.616274953191032537e+00
-3.454075171248114917e-01
-1.800149412878011113e+00
-6.705900274811912531e+00
-8.953973532605415286e+00
-9.556366125684625956e+00
-7.723368639904739652e+00
-6.609738295946712583e+00
-8.231140546366638944e+00
-8.051332029557247694e+00
-5.925600550165330382e+00
-4.367648926877135906e+00
-5.257794508477704021e+00
-8.637088653777205138e+00
-9.638100989724938117e+00
-9.763495014790802173e+00
-9.464374669442181087e+00
-8.907868610976931834e+00
-1.044159778623197354e+01
-1.217229997518020035e+01
-1.242601110312392088e+01
-1.060313980998991568e+01
-9.173132395926954175e+00
-7.132475929505323720e+00
-5.379009225794152194e+00
-4.505921736491122154e+00
-5.558273719106520794e+00
-6.679926418424097179e+00
-5.703529677498625716e+00
-6.226914453325814058e+00
-5.110766507018152716e+00
-2.229849391631581135e+00
-3.414295272205144727e+00
-7.283180790775202418e+00
-9.350839736772304178e+00
-9.717467601816524692e+00
-1.009123461891944018e+01
-1.000482144794553818e+01
-9.077900848841885306e+00
-7.467975148252763873e+00
-8.415491363261308422e+00
-9.696373122087234009e+00
-9.168264408002688270e+00
-1.151760467866736803e+01
-1.181603275247727503e+01
-9.660320766401957471e+00
-1.107199022750154249e+01
-1.207113745340218713e+01
-1.173820547232523559e+01
-1.124547001088464704e+01
-1.146165327149344293e+01
-1.229772245130973651e+01
-1.270680572649940743e+01
-1.183444965630156709e+01
-1.002225659140855996e+01
-8.711341827197850662e+00
-7.648484957599006151e+00
-9.228508804246111197e+00
-1.096904019986330781e+01
-1.236153484444065143e+01
-1.201558780996031217e+01
-1.108817052673262360e+01
-1.160716923375402843e+01
-1.075519037931104371e+01
-1.133326759899446579e+01
-1.120888308059551797e+01
-1.023925331167265540e+01
-1.049658209197633774e+01
-1.050011656222383571e+01
-1.143345392017330120e+01
-1.023443226067576539e+01
-1.052974475542989907e+01
-1.141986277674729422e+01
-1.069970157301508351e+01
-9.352878781029010824e+00
-7.856214112570340191e+00
-7.246899061903040007e+00
-8.022005270781367159e+00
-8.944843502863410123e+00
-9.909258994461767500e+00
-1.105698742489550490e+01
-1.171938670274989036e+01
-1.049280338583770344e+01
-5.865459569439146925e+00
-3.590134111397660366e+00
-4.344537122750893765e+00
-2.541658670567930933e+00
-2.451390386264998167e+00
-3.421531500941858095e+00
-1.757686077335349317e+00
-1.677973819038526271e+00
-3.813933210209857094e+00
-5.985743635442599242e+00
-8.250975423398653419e+00
-1.016185381035539237e+01
-1.010320996622563605e+01
-9.537200917821589741e+00
-9.460936643742686059e+00
-9.408180513509401877e+00
-9.533476096017064805e+00
-7.837850593418187017e+00
-5.952852778823151780e+00
-7.154438417055162702e+00
-1.010935475473472422e+01
-1.058895301468199612e+01
-1.013497142213054047e+01
-1.127505752130021222e+01
-1.221720163602196507e+01
-1.107530215699144627e+01
-1.057713562759727566e+01
-1.185250135131429339e+01
-1.175489364137863824e+01
6.470665775920301233e-01
-1.043229841760543586e+01
-9.881093787629152914e+00
-1.093818438612503918e+01
-1.212594522288751442e+01
-1.177581574230706529e+01
-1.069800499007489769e+01
-1.058462621707773188e+01
-1.047771328446638783e+01
-9.630235368562434672e+00
-1.081529269088836109e+01
-1.387910658745134462e+01
-1.422413807991391721e+01
-1.375083979138018364e+01
-1.371017049777669072e+01
-1.366984843158048335e+01
-1.388487522842352995e+01
-1.391673376449934985e+01
-1.417957313702053135e+01
-1.400168989279409004e+01
-1.338075678656763401e+01
-1.251535039459964338e+01
-1.304079690581341922e+01
-1.283974155302239950e+01
-1.229978423378769570e+01
-1.258062432959367705e+01
-1.122435351493976441e+01
-1.112489371144163819e+01
-1.245588325688863307e+01
-1.155870897715171353e+01
-1.091804798401422261e+01
-1.118143508644580919e+01
-1.191153443674878787e+01
-1.131700918916152787e+01
-1.029024193847338253e+01
-1.160502806427561318e+01
-1.299722986050318418e+01
-1.329234162496967819e+01
-1.193342322371070274e+01
-1.133562220900221362e+01
-1.259587471651522428e+01
-1.329923788095183212e+01
-1.378010795775222164e+01
-1.391400082418729944e+01
-1.344328297416830686e+01
-1.369279672181070850e+01
-1.428853246385345699e+01
-1.395802761668684333e+01
-1.325427424467931736e+01
-1.276156297487553104e+01
-1.173661709673899978e+01
-1.235428420948547590e+01
-1.260562148507693259e+01
-1.325380174838009673e+01
-1.333059254423255346e+01
-1.245895388097230594e+01
-1.227186849287576820e+01
-1.196954822058997259e+01
-1.205012985629152311e+01
-1.347240630721550048e+01
-1.409883038986859560e+01
-1.370959312704516897e+01
-1.308014813596790660e+01
-1.314722424360514097e+01
-1.346968045639611766e+01
-1.409343837977566238e+01
-1.361276864235106743e+01
-1.289998024100398943e+01
-1.369604525385275551e+01
-1.364558155312527710e+01
-1.301477913973242018e+01
-1.185831720907571629e+01
-1.071439904859758840e+01
-1.160498971916877409e+01
-1.273593917727963465e+01
-1.264421250313121803e+01
-1.185503440901224437e+01
-1.084960560627427206e+01
-1.069775936267206973e+01
-1.084807176980181076e+01
-1.205000561554984273e+01
-1.415861097454193462e+01
-1.336922447531090441e+01
-1.378316851474015792e+01
-1.404141870490641786e+01
-1.363923156169639839e+01
-1.385857848801305892e+01
-1.328308657819777672e+01
-1.212957828762051093e+01
-1.240521809481191795e+01
-1.290933523260095228e+01
-1.262096625483966505e+01
-1.197008685181699761e+01
-1.281041933410941702e+01
-1.216069404564777123e+01
-1.108082265699180802e+01
-1.018122282169629678e+01
-1.098706599035493703e+01
-1.250336518280162679e+01
-1.282545978402210096e+01
-1.291270778869688307e+01
-1.357244959768876136e+01
-1.314784497075788572e+01
-1.323491717068017337e+01
-1.386558302206383786e+01
-1.405111635248596968e+01
-1.391634067232139849e+01
-1.400535407407920019e+01
-1.379096091989671358e+01
-1.371506455466805185e+01
-1.350222595142037463e+01
-1.371399971485558211e+01
-1.321355106047343320e+01
-1.183138628195274222e+01
-1.231395419768162114e+01
-1.280612939236255166e+01
-1.226509081191828621e+01
-1.053085540796711506e+01
-1.146621568647305622e+01
-1.293478121909456746e+01
-1.292063457480551136e+01
-1.236409838299946706e+01
-1.098009407751625943e+01
-8.658977100528693072e+00
-6.689546337549267641e+00
-7.844612145568201633e+00
-6.215772951294964876e+00
-6.388014957168088870e+00
-8.168196231878827263e+00
-7.414465886684185492e+00
-7.886380293528840291e+00
-1.131214567298217588e+01
-1.277923802089974181e+01
-1.270084630958452898e+01
-1.264813266658803137e+01
-1.322859008836718786e+01
-1.338220218533691330e+01
-1.281086701906909298e+01
-1.226152659935321410e+01
-9.701464724697281383e+00
-9.927761897429407512e+00
-1.314082285087419955e+01
-1.386092575200799892e+01
-1.364867969111665680e+01
-1.387758058758289259e+01
-1.395329865276495163e+01
-1.388925104473474015e+01
-1.377861133114447156e+01
-1.407178135551542297e+01
-1.404195313829100122e+01
-1.414767777018470873e+01
-1.419923944731509025e+01
-1.384056370876625586e+01
-1.406948305935422994e+01
-1.427495541656931977e+01
-1.419990827144296475e+01
-1.430145088041871659e+01
-1.409574820248514193e+01
-1.433545329710519134e+01
-1.383783315442043715e+01
-1.347738055443392646e+01
-1.394843966677434466e+01
-1.383424828987634747e+01
-1.400323368212731445e+01
-1.414702398425911767e+01
-1.371652561809666437e+01
-1.401350550799239336e+01
-1.452633006067741661e+01
-1.458637713137689573e+01
-1.452546762115554557e+01
-1.458556070202200239e+01
-1.424300987751167114e+01
-1.360506774112680262e+01
-1.359458772596473786e+01
-1.304489008010649975e+01
-1.192457972401709121e+01
-1.185128773474591135e+01
-1.157813581620768595e+01
-1.194352400664039848e+01
-1.330225582540502138e+01
-1.365950316946129206e+01
-1.301405086569512903e+01
-1.167405957023848906e+01
-1.089860241141772512e+01
-1.009929896726334242e+01
-8.927198146347430807e+00
-9.842844514940479073e+00
-1.191090258701360938e+01
-1.281232611586020020e+01
-1.109220025124628606e+01
-1.181602817699461561e+01
-1.345149212167419428e+01
-1.351747639638893794e+01
-1.350265805766988869e+01
-1.407156662926837853e+01
-1.472943166703528384e+01
-1.475110254938257981e+01
-1.440840485511143498e+01
-1.415672400462174707e+01
-1.422333980167262268e+01
-1.367170046008481776e+01
-1.215835010552521211e+01
-1.078086315601985490e+01
-1.021752653860367843e+01
-9.703251576553562074e+00
-7.992941757239687917e+00
-7.485141803843063713e+00
-1.025457216311943576e+01
-1.283419764479624270e+01
-1.130671947732544957e+01
-8.495430680203066132e+00
-9.577432621569457183e+00
-1.120200397167603334e+01
-1.221217356376820362e+01
-1.284537412124309164e+01
-1.327205335919496498e+01
-1.364608305398017229e+01
-1.289814511682605946e+01
-1.194674909184282541e+01
-1.087086458147262746e+01
-1.098876424419094455e+01
-1.278212659244298877e+01
-1.207049171095710172e+01
-1.187900064196361072e+01
-1.180851612940093354e+01
-1.070411621045487216e+01
-1.144095330200517324e+01
-1.275452928425150567e+01
-1.358597305367250385e+01
-1.316694420151027956e+01
-1.282558348739050480e+01
-1.238677956814498060e+01
-1.135985873636629329e+01
-1.223930394286306544e+01
-1.366776425033003051e+01
-1.314593094250335703e+01
-1.232236083861878839e+01
-1.346588166686548682e+01
-1.387555728026685387e+01
-1.236502651130620301e+01
-1.192927299597441326e+01
-1.044243303718493365e+01
-7.831022948439356313e+00
-7.691901955818887693e+00
-9.598943686556701493e+00
-1.029893130496671994e+01
-9.489416885730252105e+00
-9.816489499239180461e+00
-1.016525990464427309e+01
-9.476655735652993684e+00
-9.977457626917733080e+00
-1.119994051033976312e+01
-1.215595396972766373e+01
-1.146217006544668315e+01
-1.011904218134102784e+01
-9.063455098239730390e+00
-8.161585420173031125e+00
-8.734733758919666968e+00
-9.929698190869148178e+00
-1.055111326261211424e+01
-1.171262165588505333e+01
-1.268185951224320895e+01
-1.336743908664262648e+01
-1.353004001939208933e+01
-1.265999956820644634e+01
-1.308319379990883391e+01
-1.387903545081370993e+01
-1.473169797844417239e+01
-1.413056307071536999e+01
-1.139348474316346582e+01
-1.079249317524830154e+01
-1.097942751308408127e+01
-1.104525401920361283e+01
-1.034184933381198412e+01
-8.946211943195747196e+00
-9.929956536205288842e+00
-1.159238624976402932e+01
-9.981239314000308838e+00
-1.061453454990542333e+01
-1.202992372047018144e+01
-1.153885188370453996e+01
-1.164078191858647493e+01
-1.043085597457793945e+01
-8.621614765228718724e+00
-9.342992802298699218e+00
-1.162568576071008586e+01
-9.789633842465171654e+00
-5.815654598463128266e+00
-4.646999720452440918e+00
-5.500582075908582169e+00
-8.311401222777245579e+00
-8.218942892865545247e+00
-8.863223804428505659e+00
-9.528819187155132653e+00
-8.575459927358128454e+00
-9.959566753772229220e+00
-1.180957418509437318e+01
-1.239030504598710891e+01
-1.071934715305157226e+01
-7.903681636270583510e+00
-7.998630498188886051e+00
-9.890772966186984760e+00
-9.533379008819293787e+00
-7.727087430967296555e+00
-7.988162277267109701e+00
-9.281585510313067999e+00
-8.510996717872476580e+00
-9.169803312239334758e+00
-1.247329035130735519e+01
-1.322255391841354921e+01
-1.082016632502503839e+01
-6.685074431088241731e+00
-4.531029952715711850e+00
-1.748586322329283238e+00
1.050727452274631712e+00
9.000070991478017479e-01
5.118304994512307832e-02
-1.270312778420310984e+00
-6.700568541445538484e-01
2.203033588677789367e-01
-2.757805467006450240e+00
-6.898773071565146964e+00
-7.658989124389864678e+00
-7.229007116510632436e+00
-7.241436272455346490e+00
-7.824204951800473928e+00
-9.749379384101301227e+00
-8.746699354798549209e+00
-5.871923992759906952e+00
-6.742287507978080185e+00
-7.848205444958786359e+00
-5.118262547260389539e+00
-5.190391026138109432e+00
-4.139818704700320318e+00
-2.736500846813362253e-01
1.152886445558373607e+00
-1.717234561502311851e-01
-2.241604703218273098e+00
-3.751338498895094187e+00
-6.289754144363525867e+00
-7.675110243244784414e+00
-1.065794058383729670e+01
-1.116595608679979712e+01
-1.081419863611328580e+01
-1.254954774160210462e+01
-1.155855041916466952e+01
-1.063906391336585600e+01
-1.064914806057507413e+01
-1.059079417013110636e+01
-1.195573243325502233e+01
-1.149692140978771882e+01
-8.009548008001869945e+00
-5.436976304468672083e+00
-4.045970858942896875e+00
-4.291246316670738636e+00
-6.141473941492315625e+00
-5.665707275602624549e+00
-4.833111475194947104e+00
-3.990668729201350295e+00
5.751525207845581411e-01
1.440908518136048144e+00
-7.773100782681222620e-01
-3.807444072094463117e+00
-3.442944368064226879e+00
-1.067571680463141215e+00
-3.198824680225213490e-01
-1.167748451667396381e+00
-4.157454461859882322e+00
-2.600900811294721837e+00
2.443072169419657325e+00
1.957353783540741299e+00
5.435524848728358061e-01
-3.253188347836015737e-01
-2.491622595464474954e-01
-2.365088172547817447e+00
-3.329392350154107394e+00
-2.372753232178651306e+00
-5.351542297331342013e+00
-4.725679438833266133e+00
-9.392768782841122155e-01
-1.538205630429252846e+00
-6.732768586521664211e+00
-8.121706304000186449e+00
-9.314216912159476891e+00
-1.095589936250912899e+01
-9.922581769058545831e+00
-7.568713554852939396e+00
-7.926212893524075653e+00
-8.794475951483024190e+00
-8.108519749873817517e+00
-9.124915363763260956e+00
-7.761613890780780345e+00
-7.330343235684986247e+00
-9.596734273516970504e+00
-9.080497203632537762e+00
-7.272703772544541145e+00
-8.225579802926532125e+00
-7.859280704277875174e+00
-5.617387680855019383e+00
-6.518169280242628538e+00
-7.896092017426547649e+00
-7.244108892594771199e+00
-7.567344127996442182e+00
-9.170706639543189098e+00
-9.890865854236785992e+00
-7.435572597831401787e+00
-4.186089200611723626e+00
-5.614649668839293284e+00
-9.617404094465634046e+00
-1.032648634164356416e+01
-7.727565613968969238e+00
-4.559765004834967606e+00
-2.774296466819436979e+00
-8.602213107575462647e-01
2.854060310381061338e-01
1.470640073701909412e+00
3.201052686689208393e+00
-7.622733364478356810e-01
-3.944094850817368769e+00
-1.441830060888742437e+00
8.525408166525011433e-01
1.138250389638099325e+00
8.338384243866285850e-01
-1.699414076869243395e-01
-3.463567913302285639e-01
-1.657839108370376513e+00
-3.081237799584506942e-01
-1.082191019172943358e+00
-4.692686855483852781e+00
5.354029106776060365e-01
4.619503902898093983e+00
3.156133657000816495e+00
1.866429731247952750e+00
1.539029739071668512e+00
-1.399261392575963825e+00
-2.499263717673094742e+00
-2.475318751588415633e+00
-3.309040662299376656e+00
-4.330354288390578787e+00
-5.331829993800360157e+00
-3.990460639515332364e+00
-2.698881002356703807e+00
-5.624987147407197519e+00
-6.748105580414661020e+00
-5.811719261142155979e+00
-7.297921346777207496e+00
-7.589545171948131497e+00
-6.430041970602871970e+00
-6.445902408585743260e+00
-8.627115456438426477e+00
-9.100750132621570287e+00
-6.070795248071238603e+00
-3.587707367555452720e+00
-5.703052038415681757e+00
-4.693720100453011135e+00
-3.561608377899611710e+00
-7.255942860939663674e+00
-7.791593157438916784e+00
-6.544938664259275285e+00
-5.227083908053973715e+00
-2.277184355857440057e+00
-8.410373850048005195e-01
1.406645874191096990e+00
4.642934204926658204e+00
1.574624238232350093e+00
-2.921817849947399015e+00
-3.976322589854526246e-01
2.668027538937003396e+00
3.350750073183374145e+00
5.408964653030608360e+00
4.152165750919307285e+00
-9.347149993244839861e-01
-3.219750221121140843e+00
-3.432238968686604608e+00
-5.806994245955339196e+00
-8.382783278210196087e+00
-7.355628685648022191e+00
-5.070363343443291981e+00
-3.290000974303457948e+00
-4.954491175151354732e+00
-7.206231745382618570e+00
-4.400805779541008711e+00
3.563866538436077230e-02
4.140035500534869684e+00
3.539266032405278928e+00
1.180145898875896826e+00
6.725938790472063555e-01
2.571246261999108884e-01
-1.415141552720801776e+00
-1.540991955295691218e+00
-2.446943823939422558e-01
1.469314875110306895e+00
2.588096407402781463e+00
4.789918561095293015e+00
7.984844632195389202e+00
5.830120319041490085e+00
2.701284185277990524e+00
5.389047099245697359e-01
9.141168235571014433e-01
1.264513410435947671e+00
3.661634193994232067e-01
-1.849820295575453022e+00
-4.673250893694651076e+00
-4.175457412315989991e+00
-2.645918267587280770e+00
-2.804939798529983541e+00
-3.817755903803869533e+00
-1.805310345537478600e+00
-2.514350883232345346e+00
-4.941233013998275858e+00
-3.789603339159103967e+00
-3.044446626902076236e+00
-8.391712527400304600e-01
6.995106495882565945e-01
-1.364159291645490990e+00
-5.335035434010093613e-01
2.514200332117838776e+00
2.502991202687975925e+00
-3.246288515369019079e-01
-4.071850034716574029e+00
-4.384906840907857983e+00
-1.876911703867522485e+00
-3.043150863973743903e+00
-5.222651730139428849e+00
-4.949613032525594036e+00
-3.177677620958050397e+00
-3.708627485587178141e-01
-1.077082343980511503e+00
-3.479591013192694593e+00
-1.948824041482700720e+00
8.332444577409454656e-01
1.275819557355497791e+00
3.074316217161027209e-01
-2.566385210416941121e+00
-4.119251544197323867e+00
-3.576491328364682420e+00
-2.779535199141082380e+00
-2.464096950233967576e+00
-1.012084578970876780e+00
-2.089995038921065529e+00
-9.835967176775234355e-01
6.364360205376352830e+00
8.387525697898404076e+00
9.807576077703894057e+00
9.911407718064914718e+00
9.733864331145003490e+00
1.150766611974372111e+01
1.217271027225443092e+01
1.306489518888943024e+01
1.131218615966657559e+01
7.450557603044229538e+00
7.208309215402104009e+00
4.759258307164778934e+00
1.441692570433444454e+00
4.100694053239068104e+00
6.302991357882438805e+00
5.103274553306113681e+00
6.906928656317746551e+00
7.895032419715364291e+00
5.900230276410318275e+00
3.661798018527540943e+00
3.738108650147592193e+00
5.363781260980105436e+00
5.074452661827114852e+00
2.739140960693312365e+00
2.986871448564862863e+00
2.679093360599810403e+00
7.424868356587897011e-01
1.277702224223958849e-01
2.231335630328363795e+00
4.740875940545436151e+00
4.394153147774397361e+00
4.299169646880108608e+00
4.672169596139572612e+00
5.316974997996175567e+00
2.747495945187611088e+00
3.635483816531656753e+00
7.509757547592729843e+00
7.094126776606539231e+00
7.453775176195169827e+00
6.065199435703153341e+00
1.294918114331540249e+00
-1.531217931206929617e+00
-4.699637750936323854e+00
-4.810554473894050886e+00
-2.943729429276777054e+00
-4.419070609191240173e+00
-2.301733982811035251e+00
1.692271104831072071e-01
-4.396991624481648708e-01
6.195459983814592952e-01
1.716687659589498871e+00
4.546007633315068297e+00
6.688168316258300550e+00
5.633874461687495838e+00
4.442455763747208408e+00
5.736742725470842075e+00
5.023929028648513651e+00
5.894877431118961120e+00
8.611687322310931592e+00
7.316941983463862265e+00
5.745077280074392334e+00
4.567456678235396694e+00
3.396462506811883220e+00
2.870064474246791786e+00
8.535118935332799417e-01
-1.762975261409549743e+00
1.747720397466608899e+00
5.064073328577641142e+00
2.547895991342501887e+00
6.961967743693617816e-01
3.049134163421926669e+00
5.794093536557273438e+00
7.212715542561888071e+00
6.079806256621476557e+00
2.338843810439666271e+00
6.745854178031955861e-01
1.615696458289854531e+00
2.839885944998475686e+00
3.712804322065290208e+00
5.286210090263068651e+00
3.650921906461650490e+00
3.296050558906150840e+00
7.955007161024509443e+00
6.266324035308461049e+00
2.372883690835175141e+00
3.782201544384274694e+00
4.745581915185163702e+00
2.748650956695541492e+00
3.103059612080482310e+00
5.537221417342910179e+00
5.950702297917461969e+00
5.192713776512249524e+00
2.485108711359149236e+00
1.848126955499241664e+00
1.848266794122721768e+00
3.198551605620418847e+00
4.663777181798381299e+00
4.855836250645722885e+00
4.817375591055530926e+00
5.046677113662568104e+00
9.130372170673629384e+00
1.185822594417956388e+01
1.128043189535016388e+01
8.762120790471188414e+00
8.930219432082806108e+00
1.140000579764151212e+01
9.744583777502104027e+00
7.138337865830859386e+00
6.806799606577870421e+00
6.167975731153975794e+00
4.919902077359637360e+00
4.475733524970541666e+00
3.697728710645703742e+00
4.771859650994419333e+00
6.678658226870989090e+00
5.511137978524889292e+00
4.603307052104502084e+00
5.909438420915273049e+00
6.724244370614947286e+00
5.895551347337643300e+00
4.186015589034890461e+00
3.972622973795555179e+00
4.838832035846794888e+00
1.676128085741607654e+00
-2.748730514369153610e+00
-2.741569868875628480e+00
2.035426515503992562e+00
7.139251815066101070e-01
3.970993379199019846e-02
2.904599974778874216e+00
4.332478686244345845e+00
6.367129817627638744e+00
8.958946722366551541e+00
9.443792609221201673e+00
6.737024183555792689e+00
1.364477336480661718e+00
9.455529409747576164e-01
2.460225002174289077e+00
4.290148016106438256e+00
4.570149767933166629e+00
5.229233668539376545e+00
6.279722834098015127e+00
5.717013241770698251e+00
7.450400607920563800e+00
9.690924664577956094e+00
8.880087549883619147e+00
4.663729606714486664e+00
4.123940489563663547e+00
5.902302537586307629e+00
5.835406372458959545e+00
6.580034942220541083e+00
7.797770639714763696e+00
8.949568612214934049e+00
8.431463989035320239e+00
7.501777995456184733e+00
5.587159967160446605e+00
4.047003261314210398e+00
4.158057758672010884e+00
7.020703117115829173e+00
9.285321983374451804e+00
6.096007198694387341e+00
4.742376834615982695e+00
5.741497469380061780e+00
4.474580625427800662e+00
4.390070644919608966e+00
6.529150877637438732e+00
6.502797278346702292e+00
3.455289024202218506e+00
1.736113363257400621e+00
2.194839862672041786e+00
1.820020862256911842e+00
1.138782752966668532e+00
1.307461070994112795e+00
-9.727195604680842766e-01
-3.888460145761901132e-01
2.557078072525324597e+00
1.706239617426799082e+00
3.372529715939661443e+00
2.126412569612603942e+00
-1.142840031252165822e+00
1.521648687678954337e+00
3.452166991701437926e+00
3.687602953858963861e+00
6.447633340715151817e+00
6.082301056802782213e+00
3.479984328468229027e+00
4.832072623021885782e+00
6.693450283069719120e+00
7.248250860968097342e+00
5.481060314395509003e+00
3.189060044832102925e+00
1.872654485833841642e+00
-1.674003474011960924e+00
-4.157555078981809871e+00
-2.671057099899219356e+00
-1.978309938721678707e+00
-3.838776607542076835e+00
-5.358127176770540068e+00
-3.305559778545185345e+00
-1.071947338552563744e+00
8.298120837738535149e-01
3.552980403538630316e-01
5.092170447538711953e-01
3.482369231730197523e+00
1.468101596958566457e-01
-1.545796691036328774e+00
-1.501837337799046823e+00
-1.814543692187414736e-01
3.535715693067991605e+00
4.149179925850341455e+00
2.685910684944147420e+00
1.161234170194026083e+00
-1.954566369155635031e-01
-2.324712360350306373e+00
-3.541818768604340306e+00
-5.000124508270868517e+00
-6.991118634819608602e+00
-7.423461927287409168e+00
-6.396287042992343963e+00
-5.730619447465491234e+00
-6.141941184351790817e+00
-6.644933244618021817e+00
-4.290152045077252119e+00
-1.773966813920570651e+00
-9.044031148494653394e-01
-7.194840309085063224e-01
-3.185565873436171813e+00
-3.155443963595620183e+00
-3.784244448478315981e+00
-3.344241336709585344e+00
1.020163455110496331e+00
3.419262854669176122e+00
4.989840238974392328e+00
5.682992673502024417e+00
6.803959071838446171e+00
8.567966969542958111e+00
7.805230736607034814e+00
5.511420356615581717e+00
2.422236154051484736e+00
3.478409186108242235e+00
8.972164651409896052e+00
1.227528793522388639e+01
1.363292532744980790e+01
1.408953478717106478e+01
1.185915984446833527e+01
9.318673203010197525e+00
9.198046163524278285e+00
9.935135181403587978e+00
1.127163701703471510e+01
1.038726284419325907e+01
7.152621754972488866e+00
3.423353356529809766e+00
2.620521039854800005e+00
5.665062361003919911e+00
6.221537977353830406e+00
3.432324669923299876e+00
2.857723292690451000e+00
2.795295496955437109e+00
3.159132935322301883e+00
4.305966766345259877e+00
7.429232430402818999e+00
9.630119940585419869e+00
8.172774769499229208e+00
7.729910726991260361e+00
9.214729530206978936e+00
9.291901912669866093e+00
8.968149868519338597e+00
1.133151756469721505e+01
1.137647858655027910e+01
9.692115651785947250e+00
9.828452399060831013e+00
8.420249826040578256e+00
7.293795475427434560e+00
8.985650049226418190e+00
9.981866468556088279e+00
7.340780632457510890e+00
6.458415282150634873e+00
9.699716232663861959e+00
9.941054745730422582e+00
8.384399686940733787e+00
7.958588296026995579e+00
8.753953323058780711e+00
1.074440315779027344e+01
1.150019002297928594e+01
1.029134574362699084e+01
8.293017708004970956e+00
9.009901482770464654e+00
1.015347352299187023e+01
7.911173682677992147e+00
5.634656885850148456e+00
2.795445807729640464e+00
1.111692341915729410e+00
3.263945246980092030e+00
5.300600949012467034e+00
2.687334418450378681e+00
9.071218729343873965e-01
3.363083552971264378e+00
3.770214708431034012e+00
1.340350129309008986e+00
2.187382622034205415e+00
5.207255245375700170e+00
7.683611794401446815e+00
8.465298290952368632e+00
9.581340833322544270e+00
1.046726991813222440e+01
1.044717272560671795e+01
1.104731752396020994e+01
8.395129629441424157e+00
6.251703657881170884e+00
7.338820871142018198e+00
7.635860610467467779e+00
8.624452990908327621e+00
1.073913188393273188e+01
1.030732108597443464e+01
9.586315416789974009e+00
8.453482699735445749e+00
5.541825934834943901e+00
6.619980801765106726e+00
8.581997035139314889e+00
7.906806437532594600e+00
7.288845844868099277e+00
5.888770010422689438e+00
5.190055929068654095e+00
7.636916496092972295e+00
1.111820086844442379e+01
1.109894385980618914e+01
8.902286321624776733e+00
9.277965825140318756e+00
8.436459349761227244e+00
8.346327697884960983e+00
1.062182306770169227e+01
1.191962633612944344e+01
1.258593020225978698e+01
1.238491672949779421e+01
1.284324869523566548e+01
1.228169928573289482e+01
1.084385997182261185e+01
1.309000552242791215e+01
1.524874224161592373e+01
1.554162351064066350e+01
1.539008302770125347e+01
1.540605457786201882e+01
1.445534170504579485e+01
1.397023595162584542e+01
1.160524444494959972e+01
9.372487407629410683e+00
1.029948367634583484e+01
1.229074858034687701e+01
1.157305087279659794e+01
1.200564279543715784e+01
1.456619502470079119e+01
1.457475938929122350e+01
1.501773072459471869e+01
1.489624080136114515e+01
1.487451264754047209e+01
1.446867796723650912e+01
1.390654772532356453e+01
1.590186716086651408e+01
1.679559391904110299e+01
1.622686004789418845e+01
1.616594469935803247e+01
1.626308690230800380e+01
1.641729904534005513e+01
1.598432118377015776e+01
1.576532453699682534e+01
1.622170862906914124e+01
1.561317568591654847e+01
1.617982801766815371e+01
1.608381672913661120e+01
1.495382563865792491e+01
1.602091966710440474e+01
1.665991510958256683e+01
1.702044053104524579e+01
1.646810243281301567e+01
1.558322850893238787e+01
1.600334644578303056e+01
1.700086570132760500e+01
1.661507138085354640e+01
1.581560593054673269e+01
1.571404635851374465e+01
1.593850528786465404e+01
1.455297898919159749e+01
1.395720862325540068e+01
1.507781581687315331e+01
1.640305245231346021e+01
1.634513212616512945e+01
1.505390294453125577e+01
1.381690575533867715e+01
1.501903236490408133e+01
1.521280642644892289e+01
1.421133968115249679e+01
1.402374100796446577e+01
1.499086589964637817e+01
1.455236058631508733e+01
1.249902957411772420e+01
1.231775311243006676e+01
1.132983310175734637e+01
9.503739076737598879e+00
1.207394352189865927e+01
1.432962072958423327e+01
1.487560837195396601e+01
1.542445084197741245e+01
1.550913810845627694e+01
1.508046547522840442e+01
1.368433127544210315e+01
1.440605572825990244e+01
1.490613899867537739e+01
1.436398795976549003e+01
1.544108695274356968e+01
1.507613577664845828e+01
1.101328303140416587e+01
7.876322439366943762e+00
7.177687268364896234e+00
6.984472861837176971e+00
5.349911034116525244e+00
6.405941763406193701e+00
1.021790994234476280e+01
8.252631578221752306e+00
5.526607268754611724e+00
8.138066287900883822e+00
1.170445238417120493e+01
1.227016588614880810e+01
1.217978683568117582e+01
1.332261089207825755e+01
1.508258487412660642e+01
1.616211291788426863e+01
1.609477719488038261e+01
1.655672968251407440e+01
1.647570077568925839e+01
1.552282303249144313e+01
6.470665775920301233e-01
6.470665775920301233e-01
6.470665775920301233e-01
6.470665775920292351e-01
6.470665775920292351e-01
6.470665775920301233e-01
6.470665775920301233e-01
6.470665775920301233e-01
6.470665775920301233e-01
6.470665775920301233e-01
1.389911564908599040e+01
1.359496145843014325e+01
1.396492548363159969e+01
1.181728964195078291e+01
9.801024169321012280e+00
9.626546252241602986e+00
1.079829538257263088e+01
1.163924042891973265e+01
9.111274327703226206e+00
8.528357581225877837e+00
1.023695012265730497e+01
1.078672880656059796e+01
1.112879713409468962e+01
1.035264178569424232e+01
9.998419674941445123e+00
1.146536290586467999e+01
1.274638073216301670e+01
1.388827362228232509e+01
1.231066896148395529e+01
1.221718229269966649e+01
1.458764091993311496e+01
1.520191094138389509e+01
1.531252135645335954e+01
1.591541863568563997e+01
1.671203289176888163e+01
1.648453374594083698e+01
1.545619847457532892e+01
1.466398937955078985e+01
1.568362164422028826e+01
1.621891976256574708e+01
1.640044508848059834e+01
1.565837623337684370e+01
1.475198265451277280e+01
1.525157242465651386e+01
1.447183109264319789e+01
1.314792001745221484e+01
1.289392146118681026e+01
1.309107821347652489e+01
1.360653386946494336e+01
1.349726444762158195e+01
1.332092235676507208e+01
1.306991848004450674e+01
1.301492904245609239e+01
1.395295466960928010e+01
1.500679673310494522e+01
1.441526518705252258e+01
1.446840245179587470e+01
1.428840941982070056e+01
1.110078721083685416e+01
1.182263687664593022e+01
1.489749723215608768e+01
1.633625115649462245e+01
1.606226295956417971e+01
1.600338795966562344e+01
1.658072410419405074e+01
1.641412941929186786e+01
1.651829402607045338e+01
1.697913439070378416e+01
1.725614798166408548e+01
1.715385852697860258e+01
1.678992420030071386e+01
1.561964562379634280e+01
1.512241203050087712e+01
1.507105263508963766e+01
1.530678307287284667e+01
1.622766514765373103e+01
1.636226510055378824e+01
1.540023545183356468e+01
1.439046603673923208e+01
1.383431179825710622e+01
1.520175108507737427e+01
1.601751846469416662e+01
1.640583810156348221e+01
1.627138767224815652e+01
1.561243745430002150e+01
1.602421408378675238e+01
1.573464825831811176e+01
1.441206260065497347e+01
1.468160701693185466e+01
1.518147505891675841e+01
1.473385607485852233e+01
1.328840957108072551e+01
1.118019896151525927e+01
1.063506593926787858e+01
1.310116081699239743e+01
1.409195641315748304e+01
1.253094790910908607e+01
1.047159984572190261e+01
1.118870389044829494e+01
1.205360480964517045e+01
1.139109058652339357e+01
9.315356948562145689e+00
7.016224354545718356e+00
7.051495241307817352e+00
9.728650486031247269e+00
1.007866447414794031e+01
9.352693932493242102e+00
9.824012914880308145e+00
1.049689984471086035e+01
1.032437835325909425e+01
8.879992162621196172e+00
7.876928462424765520e+00
8.416056081239988274e+00
1.125583112422966892e+01
1.338009150716653828e+01
1.242713820874113395e+01
1.074941303754621025e+01
8.736123296695923912e+00
9.115107129087890669e+00
1.123702675787556338e+01
1.204520768889593008e+01
1.263370499283759330e+01
1.247995971261852333e+01
1.302045774849681692e+01
1.432003968437645547e+01
1.404010571874895597e+01
1.438821130110452629e+01
1.554425967701942213e+01
1.414539338137981517e+01
1.202653704906153465e+01
1.475574199090653416e+01
1.453377302061260323e+01
1.496738188674700609e+01
1.478530410275192608e+01
1.412354088811413000e+01
1.567061490977737748e+01
1.544515212712689944e+01
1.417864714707861751e+01
1.504977264895153510e+01
1.548620651964554717e+01
1.506828885848122290e+01
1.550172776604975589e+01
1.627177466229925429e+01
1.635325320666422400e+01
1.605315763412399832e+01
1.633287614466355464e+01
1.595401474338857462e+01
1.638069423076897380e+01
1.701904237592790636e+01
1.673648953505566084e+01
1.600012665261060363e+01
1.429442042280578562e+01
1.523699341672588048e+01
1.434109178606224511e+01
1.233208402603727016e+01
1.140737222058784539e+01
1.111327202470449649e+01
1.260025073775720372e+01
1.304806169141154015e+01
1.288710873634117959e+01
1.403144136423309263e+01
1.386656715430938647e+01
1.278662609480327284e+01
1.350626658737658836e+01
1.475586349648928852e+01
1.443916853771527542e+01
1.169370423580875240e+01
1.091717246365823613e+01
1.257460775575273182e+01
1.421290409940028532e+01
1.456587939543786270e+01
1.376089814671212785e+01
1.102781886423375113e+01
9.496922867912399369e+00
9.370957614113056167e+00
8.617593195835198117e+00
8.583282443313219545e+00
9.800414011534096304e+00
1.015570746717147976e+01
1.096272452027968569e+01
1.212942648838486015e+01
1.222777186086749701e+01
1.307892339552092231e+01
1.439824831577229780e+01
1.590964428339236392e+01
1.525934133594835984e+01
1.466809949853584705e+01
1.348883171195063646e+01
1.324040235418382316e+01
1.457829969876840615e+01
1.310981842920337748e+01
9.269889309694272939e+00
1.000575875759799516e+01
1.161168180501002389e+01
1.307105053206692347e+01
1.166131089729636194e+01
9.854596817240903306e+00
9.641794592030221267e+00
9.615447984854638364e+00
1.251355726045547456e+01
1.311237092244629743e+01
1.267355475460761127e+01
1.214233097793499816e+01
1.236616743953304010e+01
1.285887452562210242e+01
1.238943095526997418e+01
1.255367917284442214e+01
1.174648425854959299e+01
1.264895578043248214e+01
1.414957588506100272e+01
1.503677642046626239e+01
1.578465425607228845e+01
1.596943761975075482e+01
1.538884560121446121e+01
1.558026349370347674e+01
1.565958583904391510e+01
1.565871262648398066e+01
1.560524155158622861e+01
1.579464360000666190e+01
1.544321398881288232e+01
1.411840946098042338e+01
1.394599685291142777e+01
1.392013617567399386e+01
1.340914002403282446e+01
1.466792541999859090e+01
1.551654266931995352e+01
1.506548053355366079e+01
1.441814386072013576e+01
1.224460066860415353e+01
9.913288806687010180e+00
9.505004273747696075e+00
9.692946233900732622e+00
8.943324479232801494e+00
9.226500352833699736e+00
1.186317814027677997e+01
1.382710801446576099e+01
1.341166644092829685e+01
1.267730891258853809e+01
1.151823829208628069e+01
1.205236268994299031e+01
1.478905575748233048e+01
1.633544896747921982e+01
1.653990622880326811e+01
1.628253709830595142e+01
1.657795444419841147e+01
1.638160418697277265e+01
1.561975145427763856e+01
1.627947175662010437e+01
1.640322640695438849e+01
1.589951867826795784e+01
1.354466435647784195e+01
1.037621863764663388e+01
1.100141514120027253e+01
1.245004140654516611e+01
1.338041536195594006e+01
1.469257963930670208e+01
1.369897594611546943e+01
1.007212590168370347e+01
1.187627529197579079e+01
1.354746975094544581e+01
1.295307559823560517e+01
1.160775779968042620e+01
1.025449426640862072e+01
1.213895670159144480e+01
1.448834276685718159e+01
1.439441533237547333e+01
1.311282690872684142e+01
1.250374920790604349e+01
1.309474206517336192e+01
1.304818872230786653e+01
1.071523530722359929e+01
9.423701613462593940e+00
1.029814231519893042e+01
1.139745776652894094e+01
9.688379332188681303e+00
6.768916303393989864e+00
9.283329688415465242e+00
1.014232296793571741e+01
7.505389071992586203e+00
6.122789315996446824e+00
4.680153578336258668e+00
2.310729623309918157e+00
3.502588660881028604e-01
-1.532205052501974807e-01
-7.408104767531280554e-01
-9.266097640186412576e-01
-1.788346299080474600e+00
1.005496753755145134e-01
1.776675258694521142e+00
1.368207192993376564e+00
2.999360130136881075e+00
3.699497393937818401e+00
6.759030979222016455e+00
7.966962763091153477e+00
4.505812316635282144e+00
7.497624806753168114e-01
-5.037265431898827472e-01
3.429829548731196720e+00
9.328590908939917270e+00
9.625134479830171230e+00
5.127109396320763679e+00
3.734282373012064227e+00
4.370250769289525827e+00
2.820900053563670351e+00
1.892254509101778615e+00
4.938312425081019086e+00
7.784194068121426113e+00
8.486618533311570900e+00
6.537366226064324159e+00
5.178448690796413345e+00
7.815476983518262699e+00
8.195594411237616228e+00
8.808447717421723056e+00
1.086594372764010075e+01
1.095129297150442760e+01
1.066883263393507697e+01
1.227589890697026398e+01
1.321340263020707972e+01
1.321684745823155538e+01
1.112648448991156158e+01
9.150712862872952158e+00
4.698215812509408451e+00
2.506199940474783450e+00
3.885211667590235951e+00
6.641812656097447309e+00
6.832601480880168943e+00
5.762539729264826605e+00
6.914810552109264208e+00
4.648236604073785472e+00
5.335752703095137051e+00
9.124968475991449779e+00
1.118934797970509543e+01
1.134728868612150876e+01
1.047255672278909167e+01
1.106685641757245619e+01
1.054232094192112434e+01
8.369001547205744629e+00
8.189111280388885916e+00
1.016920178622614657e+01
9.703357639533731316e+00
6.863742964626171172e+00
5.414599184279786037e+00
3.024545950809563344e+00
1.304179289706743627e-01
-6.108431275548172890e-01
1.072703200553991376e+00
1.952667103955865846e+00
2.955863698333712541e+00
3.580147849376727809e+00
4.811712498121650583e+00
8.046902501383407014e+00
9.906098056522619544e+00
9.558779995536408336e+00
7.969753454103005730e+00
8.367663637078456063e+00
7.731710530329030995e+00
5.574286382454870292e+00
7.555491075962351033e+00
8.987705436009697735e+00
8.412458204473391987e+00
8.670150878685596751e+00
8.294986123558572899e+00
9.856883248547774201e+00
8.404425371977914949e+00
3.188413716990399660e+00
4.426039301875981380e+00
6.291770627336587651e+00
6.612646606701783725e+00
5.887900283355910425e+00
5.115778691563372504e+00
5.142696731967440371e+00
7.039217893409922766e+00
6.680303829571689000e+00
2.519104182859818852e+00
3.859096546446171949e+00
7.606739568510707983e+00
7.005452227907285057e+00
5.902250340414057383e+00
5.691268110307386330e+00
3.850295315860148726e+00
4.148548112802893151e+00
2.547142390277718604e+00
7.290919031447680165e-01
4.498566292106914055e+00
5.687214832653981311e+00
2.427946973911939033e+00
-4.963298900022665716e-01
-2.180309535803143017e+00
-2.937008905660747349e+00
-9.111974025483778883e-01
1.900270922216757974e-01
-1.839837682558424170e+00
-3.053682090660509996e+00
-8.512985406338883232e-01
5.925007955138740456e+00
