-8.310744306947434268e+00
-8.916504972116541694e+00
-8.998014892634682127e+00
-7.966271234355747133e+00
-8.659208280719061790e+00
-9.021073706756222776e+00
-1.063866966750632237e+01
-1.184912650639654608e+01
-1.144002836583701388e+01
-1.101499898383927878e+01
-1.040669976003515984e+01
-1.005066463082681949e+01
-1.087827165642038807e+01
-1.224273267189561842e+01
-1.348506393922295565e+01
-1.436854563900038073e+01
-1.437757472156031824e+01
-1.323764631610155895e+01
-1.141356551463560187e+01
-9.118685244055630079e+00
-7.760170734644577628e+00
-7.383098868524620606e+00
-5.681453908353576665e+00
-3.323965561205851404e+00
-2.001478554505822238e+00
-1.995400210930689200e+00
-7.680112649318103779e-01
-2.392955909605886333e+00
-6.345090979836120582e+00
-8.256165046680823849e+00
-9.193473662306992367e+00
-9.306282146381755993e+00
-9.479227668108052285e+00
-1.009662453662771675e+01
-1.108872266167648668e+01
-1.207789374569430230e+01
-1.258433470330144388e+01
-1.209791607902352162e+01
-1.106018538855020417e+01
-9.267051586449248646e+00
-8.119750779867954904e+00
-7.856638363778650103e+00
-6.422075137226010533e+00
-6.816945294847833736e+00
-7.577769987645181615e+00
-7.119090281715513946e+00
-6.511138944213991309e+00
-5.338846184384999916e+00
-4.261794063041824288e+00
-3.052421206019604316e+00
-3.635140006019386139e+00
-5.327221128179946419e+00
-6.473438073399762516e+00
-7.743249407447286181e+00
-9.167842186394649318e+00
-9.348207808073492942e+00
-8.248313477058371035e+00
-7.719375264070678533e+00
-8.185546931065719178e+00
-7.814456316921558177e+00
-6.648205586026445069e+00
-6.418950074821827556e+00
-8.016265657976136438e+00
-1.002183488833279945e+01
-1.176995786250367360e+01
-1.295059680185803330e+01
-1.320415566480853187e+01
-1.238310612075298600e+01
-1.100565267175544193e+01
-9.173763316109180721e+00
-7.211422529017351479e+00
-5.980301533202732500e+00
-5.367744417621032049e+00
-4.463785849309553910e+00
-5.124303880052107907e+00
-6.571816396622367051e+00
-8.181413304788916818e+00
-9.473350328957678812e+00
-1.057550527108489113e+01
-1.158193028651369794e+01
-1.091087691580845309e+01
-8.999464419093389012e+00
-8.818939366988113093e+00
-8.623116845473173697e+00
-7.767343628369909325e+00
-8.671579247336529406e+00
-9.605722538479666284e+00
-9.933833479740561856e+00
-9.879387862791535468e+00
-8.727292206585126166e+00
-6.671269347965244734e+00
-4.476403340823739363e+00
-4.741790504902026804e+00
-7.654944937480725464e+00
-1.019962113701422979e+01
-1.194237371448289586e+01
-1.233610341565510460e+01
-1.171843937154008408e+01
-9.932953400226207208e+00
-8.182763404591270273e+00
-9.317616910041943257e+00
-1.117779460157017901e+01
-1.176579033272379249e+01
-1.011314860874893640e+01
-7.539985142553502051e+00
-6.952286151556394067e+00
-8.760178660055101929e+00
-1.006309653185893183e+01
-1.076255557824823228e+01
-1.186962407117716189e+01
-1.246207566471132466e+01
-1.220406602401491014e+01
-1.115739004277082103e+01
-7.401791693380059378e+00
-4.612330338028391985e+00
-3.361530183556867613e+00
-8.920034374442509240e-01
-2.297823018124656169e+00
-7.001760607853560359e+00
-1.038643735196381535e+01
-1.184040569810566446e+01
-1.096987085530979300e+01
-9.593039551816893606e+00
-8.952171880969862272e+00
-7.790485800966327368e+00
-6.386413677773195019e+00
-7.596480840293595271e+00
-8.790598763647565761e+00
-7.597556113960940216e+00
-5.716088642757519267e+00
-3.452564663538552736e+00
-8.316198759036549371e-01
8.535469230062980861e-01
1.178956666729642055e+00
-2.241930847312699093e+00
-7.857067262816441300e+00
-1.035249544474407202e+01
-9.867487965369139857e+00
-7.719123171767437341e+00
-4.735231469068166277e+00
-4.414873262764608342e+00
-6.327656203639624444e+00
-7.106203206528384442e+00
-7.471470519516548059e+00
-8.331171092237875442e+00
-9.772532953814433654e+00
-1.153336329662420390e+01
-1.299180285737439355e+01
-1.328593794605692224e+01
-1.103724506897062341e+01
-7.929599358013083688e+00
-1.079652793751428064e+01
-1.125810659636793787e+01
-8.124200811512972464e+00
-6.995546719785310508e+00
-6.625171166687617408e+00
-5.740497396158787957e+00
-6.199349324821741725e+00
-8.048757494774058330e+00
-5.338112575417184757e+00
-2.248769223364029735e+00
-3.194019649215509293e+00
-1.775862540425034553e+00
-1.908340789485473366e+00
-1.129092230012890941e+00
1.237005030847852405e+00
1.513850934913728574e+00
4.400691918146229398e+00
8.073441787437520389e+00
8.635344190710585011e+00
9.602014804218626409e+00
1.056031244263431645e+01
1.158575502892291276e+01
9.138179172757034507e+00
3.840736989979364413e+00
-3.441341046041103760e-03
-6.716366511752907442e+00
-7.907589394325480470e+00
-7.264847189767663416e+00
-8.288188177306095028e+00
-1.013510736055278016e+01
-1.182807137618519455e+01
-9.939644105960974585e+00
-7.632215959249654347e+00
-9.580629538670098810e+00
-1.192711295213183931e+01
-1.179844957801245720e+01
-9.534663705661341027e+00
-6.004244320732971651e+00
-5.007584070813209109e+00
-7.521286919557184980e+00
-1.035733283899855373e+01
-1.293250886347022544e+01
-1.271379809293091157e+01
-8.812640601608807245e+00
-6.819123497228549269e+00
-5.707686581753432797e+00
-5.502220044210043959e+00
-4.666649893241262781e+00
-2.549386440395580600e+00
5.690085838986842781e-02
5.853407719116348468e-02
-4.015646408976021320e+00
-8.172713231480202012e+00
-1.115461726151053057e+01
-1.146629610630083995e+01
-8.713353559796566117e+00
-8.475855756886232939e+00
-8.654530748365823811e+00
-9.985967571343671523e+00
-1.067048608303982427e+01
-7.834235132104291566e+00
-4.277554300582010249e+00
-3.417123656554202249e+00
-4.391558086717832765e+00
-7.399589203473468935e+00
-1.080300715796270872e+01
-1.264348133973869537e+01
-1.266439685214299615e+01
-1.081238252148862244e+01
-7.611326896902850692e+00
-5.842100641449805565e+00
-5.945123932886569484e+00
-6.903094079787417847e+00
-9.348361218742510914e+00
-8.919577382764376949e+00
-5.265634903615834084e+00
-5.582793383266787757e+00
-1.033026405419679072e+01
-1.283295631690147687e+01
-1.331942510232293664e+01
-1.289306111007827482e+01
-1.036067579677704842e+01
-8.306330491967617746e+00
-6.128422334162746843e+00
-3.091290738919480585e+00
-1.766134829194030198e+00
-3.969358998414576511e+00
-6.734904606330951893e+00
-5.501720885453742049e+00
-3.292120341155454710e+00
-5.923342765056267112e+00
-9.451681092944220097e+00
-9.980381749411851189e+00
-7.924160574933358347e+00
-5.175248982906342832e+00
-6.174056333461289015e+00
-8.556686584805820672e+00
-9.122835577597520285e+00
-7.819814202452073815e+00
-8.987573110848384061e+00
-1.159374050671428336e+01
-1.356796239189924158e+01
-1.399347722304145591e+01
-1.207694910753701301e+01
-9.547504866380007726e+00
-4.621435610809432326e+00
-1.844465895106219833e+00
-3.570352152609280516e+00
-4.114478768581678381e+00
-4.235000273211791288e+00
-4.506111882712483308e+00
-3.326928701332652949e+00
-2.877229762922953960e+00
-5.289120504720123073e+00
-6.909563889805871995e+00
-2.738577419262564039e+00
2.284806907496223172e+00
3.709064548313711907e+00
4.113490665553662495e+00
2.442313849638256151e+00
4.477317483439273715e+00
9.622223697725900138e+00
8.183136909270890769e+00
4.970726762640332863e-01
-5.904343308175377558e+00
-9.297041338883627049e+00
-8.974532865175905982e+00
-7.054714576821677241e+00
-7.820442200866255966e+00
-6.564175978056758787e+00
-3.609249244992723593e+00
-4.994993776777707950e+00
-7.677978071898249546e+00
-8.525363005907099279e+00
-9.219119169884336884e+00
-1.102999561654087302e+01
-1.254954962035490063e+01
-1.269075652112385733e+01
-1.302681603479656225e+01
-1.516508585335333770e+01
-1.574742367812923760e+01
-1.427606056485907615e+01
-1.198802078322239772e+01
-8.391514214938325722e+00
-2.942336558748681163e+00
1.085253194585887648e+00
-1.360949062732895953e+00
-2.364420695518397508e+00
-1.505167632200248073e+00
-3.577514742834690065e+00
-5.664333187555545379e+00
-7.141963168384672933e+00
-8.568426304343178757e+00
-8.320371973342348682e+00
-1.086298789193737413e+01
-1.253362735415682572e+01
-9.966919343474959447e+00
-1.088521313199317930e+01
-1.168603070887228235e+01
-8.194465459993352852e+00
-4.255290334338496905e+00
-4.777733990133730124e+00
-9.033736177657409883e+00
-1.377362565332970945e+01
-1.484331512017323895e+01
-1.353920648336266197e+01
-1.161795013770719720e+01
-9.725645085955189728e+00
-1.040949981035353034e+01
-1.085917041592934140e+01
-9.345242695779894859e+00
-1.043986888279753522e+01
-1.270820807219666904e+01
-1.349327829677488921e+01
-1.160895770731642784e+01
-9.603199485226854293e+00
-1.037887076711664847e+01
-9.848621895900711465e+00
-8.646158144219072028e+00
-8.866665633979668115e+00
-8.002521462824827125e+00
-5.134044157792748919e+00
-4.558844110108887016e+00
-5.667969532110707753e+00
-7.762511821437466430e+00
-1.000366418261259049e+01
-1.142759163501765762e+01
-1.001474356307662816e+01
-5.580119252770975535e+00
-1.331258526296182909e+00
-1.724933884049487665e-01
1.340749607847460112e+00
3.920941869982510042e+00
2.156564899831929782e+00
-4.707732289633326239e+00
-3.670528597627692680e+00
-1.580240377172275945e+00
-4.795461958778442835e+00
-5.617993922639183069e+00
-3.246364672715565725e+00
-2.444710077037719032e+00
-4.948240582211206551e+00
-9.061710528602830550e+00
-1.207648073435245450e+01
-1.290210431881125963e+01
-1.349308197742206517e+01
-1.241812467651712204e+01
-1.165832933806413507e+01
-1.374888804011096610e+01
-1.471170004281964516e+01
-1.439317969969059341e+01
-1.518091553953662931e+01
-1.501569835037104816e+01
-1.233737057055419406e+01
-8.069024724913889557e+00
-4.480466995554327703e+00
-5.224816014011130605e+00
-6.971563417569750065e+00
-6.442775096429736337e+00
-8.559851057159535870e+00
-6.536745744847967998e+00
-2.050309550169667983e+00
-5.549485313077155091e+00
-8.862290543842645363e+00
-1.166693952494524034e+01
-1.166555027757658003e+01
-9.823826200741288872e+00
-9.044359010365104368e+00
-8.607254911815465093e+00
-1.014994948466839908e+01
-1.388893885890307267e+01
-1.482198366184855409e+01
-1.485352999662367424e+01
-1.319238601873161620e+01
-9.998235529689646128e+00
-9.822308987429765992e+00
-8.855065541266236906e+00
-8.949557357433164384e+00
-1.170097890059857448e+01
-1.291641779669203594e+01
-1.250410780047519665e+01
-1.263568547424776689e+01
-1.274585906085926723e+01
-1.150919668525354567e+01
-1.170513005702377995e+01
-1.081737308635969796e+01
-8.922780171213359424e+00
-7.229141555325806934e+00
-5.790673524705075792e+00
-5.941846116588044069e+00
-5.265970722034540863e+00
-3.639220253401630689e+00
-5.840701058805733759e+00
6.470665775920301233e-01
6.470665775920301233e-01
6.470665775920301233e-01
6.470665775920301233e-01
6.470665775920301233e-01
6.470665775920301233e-01
6.470665775920301233e-01
6.470665775920301233e-01
6.470665775920301233e-01
6.470665775920301233e-01
-1.262010247576618127e+01
-1.527797837280148308e+01
-1.520119702333541767e+01
-1.274686447249025356e+01
-9.056937414826656152e+00
-1.018997449110410969e+01
-1.088915304525033179e+01
-1.041492246212467343e+01
-1.087911914381849954e+01
-1.083136664227923163e+01
-1.099196546878407332e+01
-1.165198547113624095e+01
-1.375307613677993324e+01
-1.282824998663704541e+01
-1.334614369119918642e+01
-1.500785208025611439e+01
-1.294192225411022612e+01
-1.186208739162829673e+01
-1.432615465205562266e+01
-1.575411696574204434e+01
-1.465728626022566417e+01
-1.300610165206435731e+01
-1.190428937286669075e+01
-1.075093042962123668e+01
-1.187989963770641744e+01
-1.527788070576306723e+01
-1.618876756697524044e+01
-1.518435501004798205e+01
-1.477308465805033322e+01
-1.477519951142917165e+01
-1.358384156888371130e+01
-1.254748508826484255e+01
-1.344261379658210309e+01
-1.363312183979901882e+01
-1.208122191176407867e+01
-9.991373529297748135e+00
-1.034197074728835020e+01
-1.133114689167810774e+01
-9.815653114952915814e+00
-9.075053575110571202e+00
-9.638557770143204806e+00
-1.068341734593416881e+01
-1.234436315101129900e+01
-1.182338697808096661e+01
-1.046847052795451560e+01
-1.108286200632471008e+01
-1.261671183554245701e+01
-1.463332838333042929e+01
-1.489802798229873737e+01
-1.459852989801956191e+01
-1.303021686266870915e+01
-1.006680419354906775e+01
-8.901292835989845997e+00
-9.811693428023488650e+00
-9.282986008198351513e+00
-7.112293506006756694e+00
-4.587470318170971062e+00
-3.307160978597315726e+00
-5.606235948960542004e+00
-9.481860815819889154e+00
-1.072477989670442433e+01
-1.097532344017951189e+01
-1.084560085140558527e+01
-9.164954305736422668e+00
-9.578222685295305183e+00
-1.222433111955866458e+01
-1.308735025177557532e+01
-1.290016736888178173e+01
-1.462820388237186719e+01
-1.467997138216232855e+01
-1.127636287573281670e+01
-6.294262562513510240e+00
-3.481392867466009289e+00
-4.276740214400557960e+00
-3.918932896943394528e+00
-2.821196522744996216e+00
-4.885544688082859466e+00
-7.005110413088352139e+00
-7.303803543649618923e+00
-6.932345868739796302e+00
-7.226695639541984129e+00
-7.488044397515731809e+00
-8.707259015696584115e+00
-7.469586255792406426e+00
-4.661988774682925829e+00
-4.537935878203923856e+00
-5.279838575944310719e+00
-6.275497468131423062e+00
-4.927385789792918303e+00
-4.926558614129031177e+00
-8.477692487035691116e+00
-1.027322666257939154e+01
-1.086415172308763388e+01
-1.138282984144215071e+01
-1.233585730575201111e+01
-1.226974966887213903e+01
-1.142577020185602343e+01
-1.196516825068167300e+01
-1.016621809509755359e+01
-9.651297580132668585e+00
-1.119476031104613156e+01
-1.380370823783576917e+01
-1.519173121780697322e+01
-1.525537790712840547e+01
-1.557553525483359458e+01
-1.532329839030650120e+01
-1.526639233147797370e+01
-1.523338127105004958e+01
-1.503608565034063460e+01
-1.368239860213199499e+01
-1.094084786177672086e+01
-8.506711199883694619e+00
-5.620493828452684859e+00
-5.617676168501590794e+00
-7.371234391624877702e+00
-5.736914022042169492e+00
-3.452586499799962905e+00
-6.476826806574141671e+00
-8.604943355924399739e+00
-8.931319198265091686e+00
-1.161389398552971919e+01
-1.266652711990593083e+01
-1.247403930135663686e+01
-1.327528187662589509e+01
-1.328170936935642032e+01
-1.404396920719954345e+01
-1.331814986671608025e+01
-1.140224401938501053e+01
-1.206115545613215012e+01
-1.119704353014858711e+01
-9.817821320566526566e+00
-8.174607704096874983e+00
-4.298604177805009030e+00
-2.822463101855584577e-01
-1.676441722875051388e-01
-2.533514567594327804e+00
-2.531293075184474439e+00
-9.308748096740188105e-01
-1.664884345468900628e+00
-3.850969026405609785e+00
-6.197021904987753516e+00
-7.723493572953358033e+00
-1.064277034033858271e+01
-1.233201997449847021e+01
-1.295061565074052723e+01
-1.335392706468231516e+01
-1.307600433513180249e+01
-1.243598346381410025e+01
-1.157223091117142388e+01
-1.107025879065855456e+01
-1.229587519455995270e+01
-1.351067123607273324e+01
-1.388429929192033541e+01
-1.401686782046938617e+01
-1.355195891386988372e+01
-1.427029671213585971e+01
-1.420458405814691716e+01
-1.373481787796718478e+01
-1.490309399996105277e+01
-1.472008589731867012e+01
-1.327685050976534953e+01
-1.025187170295494887e+01
-7.035317657188531193e+00
-8.563115339104570012e+00
-9.716337863465797753e+00
-9.236649919290954358e+00
-7.502577777395280201e+00
-6.354714273490503551e+00
-6.134851599846076198e+00
-7.008687215710313723e+00
-7.575776360795147824e+00
-7.104757337176224041e+00
-8.358350702281050815e+00
-8.136058159996169437e+00
-9.989155468862030318e+00
-1.203182868993982524e+01
-1.203559134146971132e+01
-1.198486877427477104e+01
-1.087037560485181942e+01
-1.160953007051887020e+01
-1.470372394476488864e+01
-1.475000587338711533e+01
-1.536763943820353973e+01
-1.627490367728376341e+01
-1.626353516129771037e+01
-1.605879230964813331e+01
-1.609527182368352172e+01
-1.576186706933428106e+01
-1.514752963998977542e+01
-1.494035151744829903e+01
-1.491538970755732585e+01
-1.347715570956043329e+01
-1.129272932810747321e+01
-1.031045000506388476e+01
-1.154526768506839396e+01
-1.223993285205247084e+01
-1.178043326486827347e+01
-1.360590293159378028e+01
-1.349169234137767681e+01
-1.138499510788919800e+01
-1.202476918842056541e+01
-1.357616615082656608e+01
-1.311228857100016931e+01
-1.063122027989671459e+01
-8.202921643051126921e+00
-8.542018078343838638e+00
-8.479866816037686661e+00
-5.999122804762408556e+00
-5.597796895555940289e+00
-7.295234520023019087e+00
-8.609875892132595965e+00
-6.681634276911413650e+00
-7.043859246942736796e+00
-6.952762420430538270e+00
-5.883858233815239203e+00
-6.554933641880532846e+00
-7.266874759370153924e+00
-9.543253388466814258e+00
-9.751606614011333107e+00
-9.676654570657570176e+00
-1.265561637927761218e+01
-1.431434252506705640e+01
-1.437965542933333474e+01
-1.416342891402015702e+01
-1.416298716428542370e+01
-1.527995943940687162e+01
-1.579710589118947439e+01
-1.607177457980834845e+01
-1.628270917058785727e+01
-1.619409544844729609e+01
-1.598679502969538113e+01
-1.583499175205634479e+01
-1.494700163931648795e+01
-1.424630802360367099e+01
-1.473258498213325218e+01
-1.512655360604128596e+01
-1.509044189060995045e+01
-1.414075851085917712e+01
-1.326254428246888928e+01
-1.279909142820978651e+01
-1.305782423926503988e+01
-1.415453699014138422e+01
-1.530114617625167384e+01
-1.559279927339598792e+01
-1.486950120467613878e+01
-1.470090231263426794e+01
-1.449060775580125870e+01
-1.235759321907841723e+01
-1.276723009578295098e+01
-1.405533082145401558e+01
-1.404400842514780479e+01
-1.154408433576258552e+01
-1.047020463015815750e+01
-1.219368773658347038e+01
-1.338130144071289607e+01
-1.273201597979243260e+01
-1.272483191383273571e+01
-1.424418000267282558e+01
-1.544185521176064846e+01
-1.526316877947866146e+01
-1.474766531072864950e+01
-1.468217081520423761e+01
-1.384531884720144390e+01
-1.254197882646355211e+01
-1.115740123135942596e+01
-8.890014907331323712e+00
-6.346063107783317392e+00
-4.314624424947531622e+00
-3.138332123481597957e+00
-5.581193902247132854e+00
-1.180977445339153675e+01
-1.402109915769812609e+01
-1.336160482942651306e+01
-1.429627968093516088e+01
-1.462485662136089637e+01
-1.459398963874892807e+01
-1.563159693426695362e+01
-1.608939662839610563e+01
-1.545948111801195246e+01
-1.262019947716853174e+01
-1.327287056901190709e+01
-1.434560385912795866e+01
-1.439058931377679507e+01
-1.330753854030068162e+01
-1.180101602289265550e+01
-9.512259914737880351e+00
-8.561815100598716199e+00
-9.261585158118801786e+00
-7.884943358731050012e+00
-6.979112065792883790e+00
-7.084831448439016910e+00
-9.118010414283576281e+00
-1.168776118303413192e+01
-1.391283443587438384e+01
-1.488090680179562320e+01
-1.523549313104681779e+01
-1.544775009186678361e+01
-1.503830040247079936e+01
-1.398543266065693125e+01
-1.343539633568052061e+01
-1.367024916935081080e+01
-1.164940736974778801e+01
-1.274256974783157759e+01
-1.498157397489005938e+01
-1.412255024879952003e+01
-1.238665397694347092e+01
-1.244058073141863296e+01
-1.318892738144282539e+01
-1.310258682817810083e+01
-1.192476582576289879e+01
-1.291477814768862231e+01
-1.253893789628059530e+01
-1.052457602473879739e+01
-9.800554986926140799e+00
-1.130288771448931939e+01
-1.340332285068783946e+01
-1.483136561041797741e+01
-1.546379801235519658e+01
-1.421912749786606867e+01
-1.319611519312122816e+01
-1.324742695058842656e+01
-1.134912720254552099e+01
-1.168370192854649936e+01
-1.090863372717719848e+01
-1.191951351553760752e+01
-1.212948759156451750e+01
-7.829909728219891285e+00
-7.672533043907788119e+00
-1.305623586258198721e+01
-1.456576743051588885e+01
-1.409355490832519209e+01
-1.260412394234548827e+01
-9.917563731747602418e+00
-1.119599273509242110e+01
-1.189340482371815710e+01
-1.278195112326105409e+01
-1.448466191957144211e+01
-1.537582508336104503e+01
-1.536006679622914461e+01
-1.507512110289418850e+01
-1.578285581626374245e+01
-1.577659651460035661e+01
-1.495826760528472654e+01
-1.489442565213641601e+01
-1.540774902184798201e+01
-1.625497806993702454e+01
-1.537328414796984077e+01
-1.429667777873049417e+01
-1.437018043495046804e+01
-1.444357225303344094e+01
-1.379959142071568579e+01
-1.336462369808620565e+01
-1.451516735722428741e+01
-1.534102988394879397e+01
-1.608694176668227627e+01
-1.646685756079687124e+01
-1.609245677730130808e+01
-1.455155306571293217e+01
-1.398238539617572052e+01
-1.480304484445119684e+01
-1.559557477036297612e+01
-1.440264228290940451e+01
-1.296801021152129429e+01
-1.319136812465676911e+01
-1.283105308196759253e+01
-1.172390742266559904e+01
-1.158683166370321871e+01
-1.367819284066044183e+01
-1.448650169113209785e+01
-1.314039305062064678e+01
-1.252415124846789141e+01
-1.346643607541768262e+01
-1.301849102916224865e+01
-1.023499074651452645e+01
-9.289296360412413023e+00
-1.190274915751741602e+01
-1.374422055806190457e+01
-1.225924667166240667e+01
-8.880209258390559413e+00
-9.381771024930250391e+00
-1.327553299305110457e+01
-1.454409013093506431e+01
-1.382833096626133873e+01
-1.235937880635462527e+01
-1.123055496780729001e+01
-9.384642056406706345e+00
-8.989687424487160072e+00
-1.077440579750492056e+01
-1.142072725459313531e+01
-1.294720525815762358e+01
-1.585699889246006222e+01
-1.554503609825651012e+01
-1.607941300204680246e+01
-1.617725658387257681e+01
-1.460847142024843670e+01
-1.197099259661013093e+01
-1.101726896699342362e+01
-1.154235517113658815e+01
-1.367372021565204676e+01
-1.461161420640292619e+01
-1.442815650448509146e+01
-1.330856881027536787e+01
-1.026337938381872483e+01
-1.179697092181959128e+01
-1.339532938194533607e+01
-1.377465881662760161e+01
-1.538629646839267195e+01
-1.502359258128062436e+01
-1.233910290873838100e+01
-1.106712049889456395e+01
-1.092238151152765191e+01
-9.541135173106702894e+00
-6.754590964170043677e+00
-8.196918445550398502e+00
-7.492192706807208502e+00
-3.658061936098577771e+00
-2.425741992302975270e+00
-5.107342662890979490e+00
-8.152271877583935122e+00
-9.167614741699962266e+00
-9.833815764527694014e+00
-9.190210580841451815e+00
-7.517949867830504118e+00
-7.954177685371027984e+00
-1.030026460671277633e+01
-1.158317604359860198e+01
-1.108045899351941443e+01
-1.200954581837010338e+01
-1.066181689611890349e+01
-8.288563194530658151e+00
-1.059368971211293164e+01
-1.246237264383950638e+01
-1.377140048453275334e+01
-1.459955834815713338e+01
-1.456659187355626095e+01
-1.279929024120322723e+01
-1.063512452254689400e+01
-8.070806725902983203e+00
-6.589938429228294758e+00
-7.996057403873675362e+00
-8.933691335036259673e+00
-7.331815010984255920e+00
-6.535780535173151051e+00
-5.282365257994075414e+00
-1.845029825079701924e+00
1.355221179449784374e+00
5.565827219921131164e-01
-3.796594078697796082e+00
-7.052128902260366594e+00
-7.899682528014171368e+00
-8.589832929769581682e+00
-7.451536078417519526e+00
-3.571547767074356283e+00
-3.232455533571387374e+00
-3.673842813990547906e+00
-2.313110570240989983e+00
-3.710326031453501816e+00
-4.726442558425929086e+00
-4.998718659119449015e+00
-8.303337553324842801e+00
-1.024637290947733526e+01
-1.267086584090796109e+01
-1.421104000056254613e+01
-1.308297847953662796e+01
-1.014796423263367409e+01
-7.887209902970334419e+00
-7.283721665205047380e+00
-5.804291537294372638e+00
-8.291500066804507796e+00
-1.163295613066462053e+01
-1.149331780216694909e+01
-9.282305747705288823e+00
-5.743273669225152034e+00
-4.909104212557081404e+00
-3.044555257546845972e+00
-1.064104932111235913e+00
-2.170477399995345724e+00
-2.297266610105165086e+00
-3.460161350311439232e+00
-5.645160764273370546e+00
-6.487172359684439726e+00
-8.176810738128972744e+00
-7.538302925464387627e+00
-7.616532438742246391e+00
-7.200497423103769279e+00
-7.199976972724973834e+00
-8.759976331976005781e+00
-7.245221598968398347e+00
-5.379941077409848837e+00
-4.809636007594853879e+00
-5.592049245320665385e+00
-6.118980588194888881e+00
-8.466405576441834668e+00
-9.670583386678986315e+00
-1.097137742096232671e+01
-1.322190827615185071e+01
-1.411677426904886090e+01
-1.287497589122630437e+01
-1.034205666402281842e+01
-7.394533117015407164e+00
-5.443966484713725684e+00
-5.303496902277982983e+00
-5.921542528221256596e+00
-8.552300316132425806e+00
-1.030538317267872550e+01
-1.017092934922117031e+01
-1.101950785725724913e+01
-1.053114256228058565e+01
-1.019717748944394842e+01
-1.078377949185765594e+01
-1.066712396436809485e+01
-1.134333164378928416e+01
-1.105659162466591106e+01
-9.253394909799906642e+00
-1.061111830683623403e+01
-1.380672178503295555e+01
-1.421117219673848275e+01
-1.442158564851844282e+01
-1.456641874776159717e+01
-1.245954212722729970e+01
-9.845467521815050915e+00
-1.005989723800005997e+01
-1.370609117718175440e+01
-1.440188883998325942e+01
-1.245128132320229497e+01
-1.065352321086135134e+01
-1.228053692060286295e+01
-1.420777707051005656e+01
-1.269976955013574127e+01
-1.178031109188204617e+01
-1.162893981154753931e+01
-1.064508902509202315e+01
-1.019007647536445837e+01
-1.152880034110441798e+01
-1.202137410768285264e+01
-1.008447453686073736e+01
-1.125288836122773084e+01
-1.420674678335787178e+01
-1.317037716443951822e+01
-1.060236798518386792e+01
-8.986771145409310435e+00
-6.712382832273703137e+00
-5.921783019553910066e+00
-6.429829219558155451e+00
-4.741491681969399075e+00
-1.138541807793892024e+00
1.470140619701586271e+00
2.404511763232868748e+00
-6.616661616385294264e-01
-4.773252315988738559e+00
-6.906311674520875243e+00
-5.932854027089436322e+00
-6.522373720692102417e+00
-7.814198295995096188e+00
-9.386962936015796899e+00
-7.571216968417893156e+00
-2.423197656466472782e+00
-1.429191733963375510e+00
-2.146159152250010749e+00
-3.283183638124997028e+00
-7.850173474034888299e-01
1.862362672666714625e+00
2.841102221283658302e+00
-4.214437572601088533e-01
-4.994898160731498393e+00
-4.857171060534393625e+00
-2.616543437623628066e+00
-9.005493768663384024e-01
-3.113503454995039110e+00
-6.122945984953963361e+00
-9.153356581913561385e+00
-9.261426357411423282e+00
-8.746136744188275358e+00
-1.034357424850307794e+01
-9.306742396788770577e+00
-5.861721449842789866e+00
-3.647284812311891500e+00
-4.884390416303525662e+00
-8.907760766966319466e+00
-1.197803884990768886e+01
-1.305485341165958424e+01
-1.187798350124001523e+01
-8.827217427245097170e+00
-7.620894009780853295e+00
-5.537813468583613563e+00
-2.433759803680440648e+00
-1.206860301801481183e+00
-3.073610184567646453e+00
-6.501739778386375512e+00
-5.922291483108835131e+00
1.648880594617746498e-01
5.763870199154979446e+00
8.278982079907407865e+00
6.422217226932636969e+00
5.024340828690107230e+00
6.248143582480145675e+00
4.151379481566308982e+00
1.222917300439434252e+00
-2.034949046715917476e+00
-4.604772984705387096e+00
1.905281510289904418e-02
3.630600196466749807e+00
3.080126071267057064e+00
3.478951497639471313e+00
3.248455581211403320e+00
-1.908497076712725615e+00
-4.988900165256780816e+00
-2.620066898991380011e+00
1.407720360716917085e+00
3.061305949840245955e+00
2.883286320430904492e+00
3.387399316069284794e+00
1.692285442430768727e+00
-1.164928238188510205e-02
-2.587750513904699012e+00
-5.385100878026532811e+00
-6.999360003177753420e+00
-8.234860892251742115e+00
-8.002240099343444157e+00
-6.909661181613015124e+00
-5.232618322323920879e+00
-2.725484693626739841e+00
-5.524392205199208483e+00
-7.127987235880314465e+00
-5.728492908573766584e+00
-5.713476711783953554e+00
-3.578212571485527960e+00
-1.820813927775377650e+00
-3.160157097130433357e+00
-5.245586210774865421e+00
-6.211313739020443592e+00
-8.171283604035737724e+00
-1.045614731602474201e+01
-1.209689407906772907e+01
-1.140232776665280312e+01
-8.677912704116522491e+00
-5.898052378670322504e+00
-4.401268611287515675e+00
-4.325559131863076168e+00
-6.248282997421437557e+00
-1.021837084833564369e+01
-1.325164159500366523e+01
-1.304864478228392599e+01
-1.269362989000767428e+01
-1.380986827848194487e+01
-1.349274053880940549e+01
-1.172709164381375579e+01
-9.598983878642263434e+00
-7.368654570897102296e+00
-5.918141731048267573e+00
-5.998365059993824744e+00
-4.471120050252848976e+00
-1.741434817515588485e+00
2.018356055644943581e+00
4.665078715227299888e+00
5.537102146467208996e+00
7.423798284168503514e+00
6.984608144607094005e+00
4.267492814841148174e+00
2.211122757781940784e+00
1.943406418507227285e+00
6.317157870267898767e-01
4.435808208704126732e-01
-6.719571040415779350e-01
-3.811907217784774371e+00
-5.791628283390400256e+00
-5.480711243360623541e+00
-2.480620686462397639e+00
-3.656778186344266324e+00
-5.126988880929042480e+00
-5.514390820284820194e+00
-6.228966058430003727e+00
-2.879060458711473203e+00
3.597181925482889064e-01
3.918856771760150792e-01
2.746120463431208636e-01
1.710464282776854805e+00
2.746218406677868096e+00
2.559580175870435070e+00
3.045738465078846158e+00
3.431318365292528316e+00
1.358927226120975273e+00
-1.418959761797874641e+00
-2.753499133927856946e+00
-5.038508644373506762e+00
-5.729130087902415625e+00
-3.081930530838572935e+00
-3.652198235335443410e+00
-7.314994395662458793e+00
-6.326159538250131220e+00
7.836599676138095161e-01
6.592584435679501809e+00
7.955048111063257821e+00
5.674152270378652219e+00
1.596385603056267755e+00
2.788447674691352240e+00
5.297155215041685850e+00
5.514077564586829183e+00
6.392822204949275999e+00
7.368968636135419636e+00
7.993472005544164816e+00
7.289504465670067823e+00
6.853973001587189806e+00
5.726194451760803439e+00
3.196303585172151518e+00
-6.583711445053974654e-01
-5.142012613831861145e+00
-6.794962392912343496e+00
-5.667879244540788619e+00
-3.864446484126531800e+00
-7.082116036650735191e-01
1.765748269595374786e+00
4.786047328800375311e+00
7.556209459774818171e+00
4.430776611155367917e+00
-6.480844713442101002e-01
1.603534467209888348e+00
6.028434547080370187e+00
4.125953232808881488e+00
1.331733952282654565e+00
-1.649464873749728888e-01
1.736289924397944162e+00
5.931835906892382049e+00
7.182772660770045725e+00
5.258571070188365226e+00
2.383604089334575349e+00
-5.609196426321359785e-02
-3.701418207961618467e+00
-2.212607930729821870e+00
1.368483244783682329e+00
2.797851479589616441e-01
-3.505164110585994752e+00
-3.850081603302589084e+00
-1.406595845084111396e+00
-1.661757736270524921e+00
-5.223451612244993214e+00
-7.430977575735660423e+00
-6.710326864407290870e+00
-3.658043908826017709e+00
-2.191544991583467272e-01
3.395816031047863781e+00
4.255466583003129522e+00
2.861670732862279909e+00
4.355520901034315440e-01
-1.326599325967269927e+00
2.741841405147837918e+00
6.248541947610025460e+00
6.592809667168697096e+00
9.412511263325763267e+00
1.107685709993422307e+01
1.015878275818979226e+01
9.986093468754365432e+00
7.930929113117646700e+00
3.976351425340391099e+00
1.825801030583586115e+00
1.855282805692950454e+00
3.418448990480979610e+00
5.068756373324765363e+00
5.224642554335248157e+00
4.215256798141029826e+00
4.875618261542063792e+00
5.770707519333045710e+00
7.664300115744119957e+00
8.497938422871428088e+00
9.700317596497718853e+00
8.924138285702689188e+00
3.070783959739151303e+00
-1.036529705964164494e+00
-2.417471623839722028e+00
-3.021805331202729317e+00
-2.679147150124635779e+00
-1.749876666297677907e+00
1.679815360969119376e-01
4.303957260853958466e+00
6.557735764225752106e+00
6.951284279047931669e+00
5.783284948413446536e+00
2.157132129101182905e+00
-6.901627390589408495e-03
1.623244389569617807e+00
5.306466645948652250e+00
9.366968683689878006e+00
1.094632517933463234e+01
8.909119636017868160e+00
7.852363392865288283e+00
7.017233143008206220e+00
4.280290737409245594e+00
3.729076434261899831e+00
2.343487528822310484e+00
4.828840334031800019e+00
1.159718213340286930e+01
1.645407106803030928e+01
1.702022235012450224e+01
1.451334314252887125e+01
1.279817569738044902e+01
1.383391700434872540e+01
1.402239736985149143e+01
1.528224287178173668e+01
1.692135287290430412e+01
1.650178806014294253e+01
1.408099454357981628e+01
1.117693462840406760e+01
8.595181495939247185e+00
6.745647158536406174e+00
5.361929704901374549e+00
5.228220816310654051e+00
9.525164062398269849e+00
1.362948017301239467e+01
1.496245865323303903e+01
1.317596178590339484e+01
1.028172780229586358e+01
7.603016428237442170e+00
4.880612199921664285e+00
5.107198586489097636e+00
6.448528440981268872e+00
5.709582746353063065e+00
3.735314551288257512e+00
5.749770907852560953e+00
8.362620126665021303e+00
7.386907222102287562e+00
6.005962216417500166e+00
5.395509022551989275e+00
4.387620751390825191e+00
5.346679820615944934e+00
9.215436513735205892e+00
9.763720999847883775e+00
5.467937607345407791e+00
-4.076962218222512924e-01
-4.258983119473314538e+00
-2.578348731419342954e+00
1.727273898956001918e+00
3.368007452424762960e+00
5.599484494718159233e+00
9.533669114705677572e+00
1.215438121683926198e+01
1.211255137807431304e+01
1.227435184459807793e+01
1.333741522637140164e+01
1.457995546538105813e+01
1.376032159231701435e+01
9.956589433733991967e+00
6.739584745632099860e+00
3.420953246953125415e+00
1.520814852015860641e+00
4.020688417507867207e+00
8.451579720036750842e+00
1.091910570509576672e+01
9.388348421944916922e+00
5.316011455400345476e+00
3.552014797937637969e+00
2.053025508929170240e+00
1.916701854706073904e+00
4.186625369254998397e+00
4.199823621746603841e+00
4.305033048504097515e+00
2.905451935305688238e+00
-1.983609224028881846e+00
-3.749822784824396127e+00
-3.004029535654852090e+00
-3.099806602524635135e+00
-6.445274882838398778e-01
3.032650572162689073e+00
2.262435756674825438e+00
2.883201065468528501e+00
5.403510351383615351e+00
2.927794395181564369e+00
-1.816673279914162276e+00
-4.574118564349264338e-01
2.588261753269164078e+00
8.179107665398325233e-01
-1.971373900395023471e+00
-1.668909307097372619e+00
1.197440663885921852e+00
9.172105736028067779e-01
-1.551597161701665062e+00
-1.214287913712031458e-01
3.748418830282993941e+00
7.121581554295543626e+00
5.919076004019333759e+00
3.740003293127673878e+00
2.514042156001154993e+00
-1.289252708431035677e-01
-1.706020613096694172e+00
-1.830233548508628960e+00
2.804901104622906649e-01
4.426579158315203877e+00
7.113805787392806224e+00
7.630834429121764906e+00
8.066249174391744603e+00
8.162000084455154791e+00
4.909111507143118835e+00
1.147462772993981694e+00
1.883741318814058818e+00
5.074177064230746659e+00
3.242097131786803921e+00
2.044941517010343990e+00
3.539746496071806803e+00
2.539162609367880741e+00
3.594316373268483300e+00
5.125363917030646199e+00
5.442626550082683146e+00
5.826585596776905795e+00
7.279509750348354125e+00
9.130391608123504810e+00
6.391055712111777254e+00
1.994707908193089629e+00
3.279239695357210049e-01
2.734232265568237175e-01
-1.208430987251153166e+00
-1.871005738531056117e+00
-7.493851002733135092e-01
-2.627525424867990900e+00
-6.518991719982162536e+00
-8.660125239709666189e+00
-5.264586978930906547e+00
-2.014391595200256013e+00
-1.088927987343381032e+00
1.445834053645111972e+00
4.104948185568467522e+00
4.741013984796558667e+00
4.579641417726346475e+00
2.399934227934116482e+00
-2.537073237459959163e-01
-4.671332371852247034e-01
1.002462144431987667e+00
1.849543841661539512e+00
3.246757426560360926e+00
3.238232816407375925e+00
-5.589111971441784732e-01
-1.688843967395715406e+00
2.986800397154176778e+00
8.744397211497997091e+00
1.197216829256986337e+01
1.022480897123834076e+01
9.124137375616106382e+00
7.535679766648174294e+00
3.279988833661832359e+00
2.297411028026490776e+00
6.121256115633612715e+00
8.745781804134402648e+00
8.426625715810349249e+00
8.463398094800501426e+00
8.600371139817100996e+00
7.707031409631484919e+00
5.929272111496959319e+00
2.985404624419090602e+00
8.416105190182799900e-01
-3.810785257762558942e-01
-2.569845531096130564e+00
-1.814819411665826721e+00
2.307544310409562982e+00
5.987403772852661454e+00
8.698115215537633560e+00
1.100063940781895688e+01
1.290643678767312430e+01
1.389118472291585427e+01
1.320257599768704893e+01
1.267803114208553872e+01
1.139168141005743173e+01
1.042393533814623829e+01
1.009998480028373002e+01
8.018447781537497931e+00
5.650977686600536565e+00
8.416982158962024840e+00
1.237935632757083582e+01
1.146891198844844695e+01
1.059320804052724263e+01
1.091437022812366031e+01
9.810489350170119138e+00
9.322614874384345995e+00
6.553588345465628962e+00
4.393853066216404812e+00
4.749100859953530929e+00
6.467412468371638745e+00
8.292914269844802178e+00
6.731860879493305028e+00
4.426109404885267828e+00
5.262388821890684021e+00
4.125546904960915917e+00
1.799150385640462924e+00
4.330071836048067446e+00
8.386277550426445515e+00
1.168465326249505232e+01
1.311059878463747985e+01
1.171095381808908265e+01
7.204624617473299075e+00
3.862290880998841658e+00
4.317094929320143493e+00
4.321078288999169459e+00
5.466994734862047345e+00
8.060355642080770266e+00
1.043641955304587299e+01
1.319883067299761592e+01
1.503358693936735335e+01
1.628386540662724968e+01
1.565010487285760554e+01
1.510300974937700502e+01
1.443339076768558371e+01
1.340793509668757366e+01
1.368653538904553457e+01
1.356630305254823021e+01
1.416144405465739275e+01
1.299949518302245188e+01
1.255652972625294339e+01
1.148991028435914963e+01
9.618333124298294123e+00
9.588154061832826258e+00
8.978099490079046063e+00
8.760858010507520888e+00
9.539500951296050246e+00
1.102825304621081415e+01
1.154656199723135401e+01
1.368049832274638256e+01
1.643946971831976711e+01
1.755044096889883321e+01
1.786583017105010285e+01
1.873531144000254400e+01
1.810496324657668410e+01
1.703915422975881810e+01
1.614238068301579787e+01
1.301404653387325006e+01
8.916215026540241340e+00
9.354163002444760622e+00
1.133296808022241109e+01
1.063499752988981584e+01
7.557281386230675579e+00
6.303965665915145955e+00
6.425255877772498181e+00
8.031376737086818096e+00
1.121018567918839359e+01
1.409597161108985475e+01
1.521652298373241585e+01
1.375798003507765799e+01
1.047356943098791149e+01
8.773564084835642873e+00
6.158199289868439230e+00
6.250529751937204281e+00
8.951598436679914172e+00
1.147398364133817594e+01
1.240229992556266403e+01
1.332902484145357036e+01
1.585016685515169321e+01
1.676931651715770855e+01
1.680561603683949201e+01
1.803588668631571323e+01
1.896430240219244467e+01
1.872686501252243119e+01
1.776088129648337954e+01
1.638504334820011721e+01
1.564812705727355002e+01
1.592208814352536450e+01
1.580033778650635412e+01
1.567178385889732084e+01
1.525593241916457288e+01
1.408099320981231806e+01
1.300049377524229577e+01
1.306790304859586271e+01
1.516248593988418492e+01
1.790540606113789579e+01
1.905549635314244838e+01
1.898136240038174449e+01
1.763981877504881624e+01
1.692883982463883186e+01
1.672102537282906809e+01
1.566845096451684682e+01
1.321017710052886329e+01
1.411293407945616174e+01
1.766573355701383008e+01
1.850161248242611123e+01
1.820652762469092423e+01
1.764309633594967508e+01
1.522396264562475565e+01
1.188278859103200880e+01
1.303453995345931737e+01
1.542873698135051086e+01
1.613179602038540494e+01
1.592841560374263565e+01
1.462238383249095008e+01
1.404425829747473387e+01
1.592412849658980711e+01
1.759016488717389848e+01
1.587971239081566566e+01
1.378282256154961871e+01
1.495603970814751271e+01
1.639233350523949895e+01
1.612196271218981281e+01
1.295826104750409513e+01
1.182397929838684547e+01
1.453379385313083105e+01
1.664810718722441507e+01
1.844137552042532491e+01
1.879521294472347392e+01
1.893653873229986218e+01
1.811582133142647422e+01
1.673683056668287961e+01
1.602679333141088591e+01
1.567620132551493661e+01
1.687767341624956074e+01
1.874805596931160778e+01
1.840702592890893996e+01
1.051494269436586215e+01
3.913195180103751447e+00
-1.470819843036391683e-01
-4.629381267683095658e+00
-3.977922161924779765e+00
-4.121623072816218425e+00
-4.200282918917116248e+00
-1.210010661257668652e+00
5.955349396138404083e-01
2.310690514599968104e+00
5.401956628067376087e+00
5.724703698273711616e+00
2.884005309233836023e+00
2.768443289389254769e+00
5.822492316712426508e+00
8.831231750666953317e+00
7.751672862160208233e+00
8.929824964190522962e+00
1.027648496396818345e+01
1.072526148441862937e+01
1.344644456151032763e+01
1.514866381249178318e+01
1.585452520801934817e+01
1.638448472085423546e+01
1.688085946449012198e+01
1.639098117769954399e+01
1.663564316508339047e+01
1.723376401554273585e+01
1.787253412327201829e+01
1.870644930191689070e+01
1.868805322217401255e+01
1.757020547092667329e+01
1.710946852065256252e+01
1.746068420588359160e+01
1.815497968700912779e+01
1.756316469410716152e+01
1.602467856380537370e+01
1.634432388745325682e+01
1.650494925331875962e+01
1.695604498312887642e+01
1.782924571519029655e+01
1.706297632401905062e+01
1.671583657859088845e+01
1.729637782301091775e+01
1.681614533975759329e+01
1.627242235295543438e+01
1.482426907719227493e+01
1.397094337979371304e+01
1.327612442881233434e+01
1.251365716725055321e+01
1.391187953864380589e+01
1.373790294310154536e+01
1.352214689078705234e+01
1.599636748210013693e+01
1.694412196894488432e+01
1.669459534431144476e+01
1.766611380314060398e+01
1.700576861186572231e+01
1.337059310657149958e+01
1.261007336853742622e+01
1.507356714916455331e+01
1.723546002999273341e+01
1.823049641915879704e+01
1.848232758634976491e+01
1.831850680017901922e+01
1.820537142838836786e+01
1.770815533484229931e+01
1.632892763131001601e+01
1.631759757761820850e+01
1.797238177618024579e+01
1.808700238133075899e+01
1.594965329046946501e+01
1.383795720356049941e+01
1.372976441898539868e+01
1.183487952500671092e+01
1.277929582935300168e+01
1.552148887827575940e+01
1.516250407100301523e+01
1.448854009688475841e+01
1.715554000948015911e+01
1.769149621193636435e+01
1.703070029732596424e+01
1.768454632302521290e+01
1.798438412094392191e+01
1.730433701567565308e+01
1.739337154715655132e+01
1.663995590639183675e+01
1.474858672932226789e+01
1.302266039354794991e+01
1.355158345577698142e+01
1.563586658835920318e+01
1.557800106344158486e+01
1.420687967408897379e+01
1.392615418338588107e+01
1.358093257737591131e+01
1.424111911237838690e+01
1.612284684728511763e+01
1.767929344643007639e+01
1.775753741714658673e+01
1.773506259246673267e+01
1.785904260673663302e+01
1.822790994862265634e+01
1.705308972237028797e+01
1.528823178827778762e+01
1.338157269897635082e+01
1.415550665332340152e+01
1.626618462637510021e+01
1.581078946084510406e+01
1.438302289844232007e+01
1.503160240129094838e+01
1.661855860085963599e+01
1.766300330476180491e+01
1.806105767639050086e+01
1.770365816202257037e+01
1.686453400584588636e+01
1.581442993130280250e+01
1.562382040051624443e+01
1.731103067933838702e+01
1.849003716669659170e+01
1.860726666585572886e+01
1.808424821316080866e+01
1.697607487704225804e+01
1.717170421865862906e+01
1.846471055861024624e+01
1.835499741036322519e+01
1.738131920164471467e+01
1.636588437231992543e+01
1.639937127242954418e+01
1.738794738489275105e+01
1.807733986502311296e+01
1.840989605555189002e+01
1.756020405477191204e+01
1.633043405481444665e+01
1.656677573087420186e+01
1.567292758062094471e+01
1.427725941977359625e+01
1.482021507090066414e+01
1.662396232007719377e+01
1.851777480976606682e+01
1.894922600530313161e+01
1.890874863393864658e+01
1.781023834544030393e+01
1.677245125987813879e+01
1.714982580775659926e+01
1.670066821680502755e+01
1.537740863607568187e+01
1.524597684932028407e+01
1.486524477012801881e+01
1.481997600061148646e+01
1.656853793423922383e+01
1.791349486596291740e+01
1.853641159235875335e+01
1.897372240048600034e+01
1.886294540336482939e+01
1.857658586896049258e+01
1.880562088170674073e+01
1.899088152047474054e+01
1.879505651005560551e+01
1.749339500773711720e+01
1.680542344063825055e+01
1.786670493827438122e+01
1.793469947831879452e+01
1.632904773840135348e+01
1.513304115436094754e+01
1.321776566956993193e+01
1.125713493895135642e+01
1.124454394258349410e+01
1.331304424368710215e+01
1.530779778980411798e+01
1.590496115703004776e+01
1.611175112438187895e+01
1.578675120630553330e+01
1.602553745936238627e+01
1.784412558196171616e+01
1.895552341355588055e+01
1.912044671162206910e+01
1.862781746346995959e+01
1.707757278741000562e+01
1.546103169889572015e+01
1.485171036113996479e+01
1.586702125622951165e+01
1.363268956762391682e+01
8.966459441001413566e+00
9.255940704130873442e+00
1.090084394142148128e+01
1.034066939431855836e+01
1.041885732629809880e+01
1.136033322250942312e+01
1.213668017174943792e+01
1.382268359811243919e+01
1.493537469006810525e+01
1.427035061447338293e+01
1.539446527038693269e+01
1.694782111074163922e+01
1.709421921830221081e+01
1.615103562284969030e+01
1.667594807020617864e+01
1.672983805572205185e+01
1.476438993627023777e+01
1.406009869796095479e+01
1.255928069736842545e+01
9.860659564455335868e+00
9.102757700055144952e+00
8.747865204798634053e+00
8.499628316844114906e+00
1.057000590268945572e+01
1.289135234308277234e+01
1.241772074364223855e+01
1.167345554186571022e+01
1.310859027411985700e+01
1.379620775236280394e+01
1.314388669526857356e+01
1.295627452866084006e+01
1.489248143467675689e+01
1.591238942503763631e+01
1.630107692844623202e+01
1.724670092172656766e+01
1.759742409567247634e+01
1.806441947794894887e+01
1.814439032347592828e+01
1.747090087360882649e+01
1.688835420299537660e+01
1.719132498237315687e+01
1.672044543640822667e+01
1.465242328283870599e+01
1.297665026982656755e+01
1.252246575585759025e+01
1.276698981781073705e+01
1.269786365702762154e+01
1.295829505938820603e+01
1.350674847538567569e+01
1.394052055236339704e+01
1.468971630691176955e+01
1.624960369295410700e+01
1.641027599608249687e+01
1.652610086154255242e+01
1.755069059607224347e+01
1.855307303741081171e+01
1.876673009735261388e+01
1.836629437949373411e+01
1.670368710303208459e+01
1.569630285486789845e+01
1.439622091566638851e+01
1.241415328445974353e+01
1.104297250004838737e+01
1.052503144239311972e+01
1.083916240008697329e+01
9.893412044731041632e+00
7.856365465893679456e+00
8.518219536381211654e+00
1.051512770608328040e+01
1.295058989552747875e+01
1.520217241151534715e+01
1.691296974953382559e+01
1.787197489447310161e+01
1.774073862278399005e+01
1.691105416164019459e+01
1.564624862137308092e+01
1.380118660842927270e+01
1.351920149101862378e+01
1.408696491357019198e+01
1.567027450163603319e+01
1.570251501755485535e+01
1.503028422867303249e+01
1.503228834362106880e+01
1.425847859731346112e+01
1.293418055658902865e+01
1.069129223978599796e+01
9.100328121995756803e+00
9.075285170203066798e+00
1.000690055446393778e+01
1.060727380914341467e+01
1.151196648290801150e+01
1.256415089754969650e+01
1.395193634307122998e+01
1.545895549295460114e+01
1.681532324812870627e+01
1.700533400890522628e+01
1.621625438834931998e+01
1.597986241555736520e+01
1.503639838379512916e+01
1.230925476755427717e+01
8.483590518203653730e+00
7.501437865911060321e+00
9.506232172265354663e+00
9.318869428379176867e+00
7.711461828304306820e+00
9.289839440874782639e+00
1.036549179892465133e+01
1.052268888198386243e+01
1.276533645035318365e+01
1.478883276476142683e+01
1.563636622774019891e+01
1.559111886337127473e+01
1.387781352961165915e+01
1.112825310357434283e+01
1.043876228101665582e+01
1.041351039924400190e+01
9.707832962036858859e+00
1.112517968933812007e+01
1.420328764971041124e+01
1.542432938172447798e+01
1.566915742581225324e+01
1.594632605830553729e+01
1.621664234580952169e+01
1.554071662442854773e+01
1.436726423945613895e+01
1.318676182989442580e+01
9.849052415256329240e+00
1.102663327867359122e+01
1.375401598684606697e+01
1.435971620587406150e+01
1.411281347258631946e+01
1.462603825039884953e+01
1.561124279739319931e+01
1.637795363076800470e+01
1.689355374577615265e+01
1.741577697425913129e+01
1.785721131247148108e+01
1.785957248793444663e+01
1.744026551691831983e+01
1.666701858503155620e+01
1.563834819123823294e+01
1.562625264402323566e+01
1.595624194908138982e+01
1.392912676087954793e+01
1.354816113184311810e+01
1.506342850024629954e+01
1.643264143359953522e+01
1.679411611775619662e+01
1.598850670533994744e+01
1.345524606810763402e+01
1.035255428554352441e+01
9.631964206107561211e+00
9.338221858610319615e+00
1.067835241964582060e+01
1.098559959342865255e+01
1.107980539792306729e+01
1.288663022130804592e+01
1.438576203022535971e+01
1.281142690063694012e+01
1.038612447808245243e+01
1.019484877230094533e+01
1.124310605584659228e+01
1.178302694450052357e+01
1.225383261371038124e+01
1.325025367912418695e+01
1.253667109773879318e+01
1.010451174497881688e+01
1.082684395717340564e+01
1.278911224976726047e+01
1.369063395434359265e+01
1.455717270925573459e+01
1.540095156254466069e+01
1.531146365356609529e+01
1.447844174476301760e+01
1.531599755772216476e+01
1.646907186678345170e+01
1.663517667708162762e+01
1.570846805104272015e+01
1.415874429223306663e+01
1.256917937882413483e+01
1.256951761247018950e+01
1.265064689102015194e+01
1.104775964371521546e+01
1.054036219711939459e+01
1.158607363450420102e+01
1.143553781065016750e+01
1.203575299171729363e+01
1.292085893515804429e+01
1.298289687228737144e+01
1.307095500011882905e+01
1.077262662129172455e+01
8.571143470455645286e+00
7.973834426453170643e+00
8.336610141148886655e+00
9.126341311165498738e+00
8.703635488157045685e+00
8.853991985726592517e+00
9.520625810634557595e+00
1.011886046187003352e+01
8.291166048209474226e+00
7.642364569688922415e+00
6.867455332139607016e+00
5.441065334782993368e+00
7.657250923159877765e+00
9.325500102906691069e+00
9.714242002050099245e+00
9.138097735213301931e+00
7.416109894438009498e+00
8.364641376490631330e+00
9.539312411422905313e+00
8.186532939840583722e+00
6.962941580476398329e+00
8.718784074423467700e+00
1.129920096328527457e+01
1.228416702622521584e+01
1.097496062703835840e+01
8.339940403758156151e+00
8.346959718283425644e+00
1.073539380550455746e+01
1.333100273964740978e+01
1.450191266804615431e+01
1.468327665685562522e+01
1.503801280773594939e+01
1.434580488562892775e+01
1.465778977630479218e+01
1.505106205549300569e+01
1.292892485399438485e+01
1.108633887351079217e+01
1.072966351264002682e+01
9.527798055696390378e+00
1.116450684923954029e+01
1.240416888219000491e+01
1.153697779594897099e+01
1.086345613546458289e+01
1.174114803098686899e+01
1.346839595859832528e+01
1.460153367891255094e+01
1.433725442600017175e+01
1.105789259728173946e+01
8.542210071853075348e+00
6.493959874222664297e+00
2.916382319836228199e+00
6.742556485182817916e+00
