-1.506924611216591359e+01
-1.370806213539259844e+01
-1.275723130747654288e+01
-1.384717119425037879e+01
-1.372408416114407537e+01
-1.227192336478485934e+01
-1.194966667015122752e+01
-1.300638086877950172e+01
-1.335143725549158766e+01
-1.294082261004825796e+01
-1.246229471221435503e+01
-1.267382070614845802e+01
-1.362030319232715492e+01
-1.487659046319804190e+01
-1.554090593566793466e+01
-1.570159833803742089e+01
-1.575123822215267921e+01
-1.534388789203893921e+01
-1.425014955393699090e+01
-1.286494118884011861e+01
-1.071523843143993027e+01
-8.091425030838307109e+00
-6.390772002204209379e+00
-7.517730756291588712e+00
-8.879210164278509509e+00
-9.755815494246222741e+00
-9.341735969180797738e+00
-7.500335774685552792e+00
-7.668601605046393210e+00
-7.403082932422564433e+00
-8.216192257176167857e+00
-1.154620676665780898e+01
-1.159498257949607769e+01
-1.087130024871364675e+01
-1.060612428325120682e+01
-9.504728201912607588e+00
-9.691827035936535495e+00
-9.684110622202362961e+00
6.470665775920301233e-01
6.470665775920301233e-01
6.470665775920301233e-01
6.470665775920301233e-01
6.470665775920301233e-01
6.470665775920301233e-01
6.470665775920301233e-01
6.470665775920301233e-01
6.470665775920301233e-01
6.470665775920301233e-01
-6.472598449254379993e+00
-4.079686524447486029e+00
-4.923407781832712438e+00
-6.120250026795303278e+00
-7.758976202197585437e+00
-8.501257334914383179e+00
-9.283178586110127029e+00
-7.857016443516321225e+00
-3.938486384140965413e+00
-6.348955644997542613e+00
-9.938707502083731882e+00
-1.146658589156622199e+01
-1.260437166200883574e+01
-1.417830672608427811e+01
-1.504481411505357080e+01
-1.523616703481344636e+01
-1.498885860950848858e+01
-1.399428996362400035e+01
-1.302496921337641744e+01
-1.189974107341282483e+01
-1.146222008568513395e+01
-1.111491236817361461e+01
-8.917570915891753103e+00
-5.938931179182158182e+00
-5.922254819819430693e+00
-6.580721175523826183e+00
-6.636754374292857861e+00
-7.696783145985926389e+00
-9.651876608769963894e+00
-1.261566353663472206e+01
-1.314054131422660454e+01
-1.126510161636156049e+01
-7.407611930721502702e+00
-5.139613405026416615e+00
-5.438773150095989273e+00
-7.081164830975100521e+00
-8.217398567894338868e+00
-8.461254671872556088e+00
-1.021237680144867177e+01
-1.203781951198360822e+01
-1.305616583018638543e+01
-1.303206563813388819e+01
-1.170061070486550925e+01
-9.404919063950325508e+00
-6.759806672565891184e+00
-5.879208908797131095e+00
-6.128568444082486799e+00
-6.616601077782171991e+00
-7.934627707477821978e+00
-8.926491647675584673e+00
-1.019396893815661009e+01
-1.095343563947942833e+01
-1.063008690041519166e+01
-8.571560256586534976e+00
-8.063860881057328456e+00
-1.017879412142880291e+01
-9.213743517679670703e+00
-5.761314326173622824e+00
-2.494567093519094669e+00
-2.736931732145517771e+00
-5.510966268561218406e+00
-8.669357835299843273e+00
-1.023860074933094033e+01
-1.015293219561393379e+01
-1.032096046825750513e+01
-1.063820654900394480e+01
-1.111286479374689584e+01
-1.286622742486204274e+01
-1.435314003058406307e+01
-1.396778055873437907e+01
6.470665775920301233e-01
6.470665775920301233e-01
6.470665775920301233e-01
6.470665775920292351e-01
6.470665775920292351e-01
6.470665775920302343e-01
-1.255958635385338518e+01
-1.280849581058915554e+01
-1.280865017665887429e+01
-1.241012947259214805e+01
-1.287669011818801401e+01
-1.114947892843876254e+01
-9.645499195116075342e+00
-8.956427911616954063e+00
-6.019220933451831179e+00
-6.870688828309160279e+00
-9.451611663903433325e+00
-9.937520271394571836e+00
-1.113291261163045220e+01
-1.250185866903990117e+01
-1.269332399493618269e+01
-1.132655461486997339e+01
-1.182127091520785278e+01
-1.312408520125062061e+01
-1.405119110052777209e+01
-1.427865061473221253e+01
6.470665775920301233e-01
6.470665775920301233e-01
6.470665775920301233e-01
6.470665775920301233e-01
6.470665775920301233e-01
6.470665775920301233e-01
6.470665775920301233e-01
6.470665775920301233e-01
6.470665775920292351e-01
6.470665775920292351e-01
-1.190687050144073034e+01
-8.283833697851848754e+00
-4.042542526399770964e+00
-3.520900277656006772e+00
-6.148294982275229081e+00
-6.662872581810892925e+00
-5.767263546893565795e+00
-4.963642135473993910e+00
-3.291203725998332441e+00
-4.729008607955832666e+00
-7.427642419899769699e+00
-1.040871823727114709e+01
-1.352617764181138682e+01
-1.505845208666085355e+01
-1.495530938242591468e+01
-1.490448404067624288e+01
-1.431630864409967074e+01
-1.291626063318176953e+01
-1.221802631812471951e+01
-1.166873475067197141e+01
-1.040603943423213806e+01
-9.762647738106645434e+00
-9.491615015011346301e+00
-8.591620008443472400e+00
-7.122056403381033185e+00
-4.044471963895193589e+00
-6.181500321433774925e-01
4.350555739587595450e-01
-1.062081476646992373e+00
-4.835488437552380780e+00
-9.377246264097356843e+00
-1.179484162434526162e+01
-1.112801678373254433e+01
-9.052829481968501568e+00
-7.281240915617670062e+00
-7.662172929622617978e+00
-1.096590490891926528e+01
-1.349011524974950937e+01
-1.320384146159292982e+01
-1.268298493617537837e+01
-1.251780265050202168e+01
-1.227079400379473384e+01
-1.152878822541624793e+01
-1.153603670645557422e+01
-1.125921040385530603e+01
-1.063070281401950190e+01
-1.044646252554215593e+01
-8.700470215306635779e+00
-9.000839224637234182e+00
-9.775419448119786026e+00
-9.042892367210553672e+00
-7.239553591066223426e+00
-5.263995686839619381e+00
-4.488509757892050978e+00
-3.946137745113285078e+00
-5.230821584468034580e+00
-7.075192309914468680e+00
-8.303605272909146962e+00
-6.636462345956898545e+00
-4.426089218795229208e+00
-4.118417326816765645e+00
-3.584034299577434357e+00
-4.642040378662575684e+00
-6.270626446414065747e+00
-7.082759091769459836e+00
-8.219256971273452450e+00
-1.027089521414474049e+01
-1.085473569666390148e+01
-1.071290407595216898e+01
-9.839669824167089018e+00
-8.062428990879633162e+00
-4.543370267578761279e+00
-2.791158377660737600e+00
-6.331652122960654161e+00
-8.595326926409173396e+00
-7.565939276426166593e+00
-4.857710938068982465e+00
-4.938778655513476501e+00
-7.456489835454569892e+00
-9.183861293468160270e+00
-8.581189580282019946e+00
-5.579499837394697792e+00
-3.126514456055244029e+00
-3.667863768361780963e+00
-3.687883000653017440e+00
-2.752130997255716416e+00
-3.333859682126953938e+00
-6.020571345533697105e+00
-7.098945044385742698e+00
-6.567152247482035854e+00
-7.576828359005213009e+00
-9.051269547295669682e+00
-8.271078607482657219e+00
-8.135708614606283362e+00
-8.429808122145841409e+00
-7.063084900622140339e+00
-6.449257328071920092e+00
-6.262400220809151818e+00
-4.559825310019653521e+00
-3.456784857856474602e+00
-7.660324711625491112e+00
-1.122288102142531763e+01
-1.125181766682171158e+01
-9.981068022086025948e+00
-8.221700210729297353e+00
-7.173335719478090233e+00
-7.347344116261109725e+00
-7.967009150834413411e+00
-9.415406011816150667e+00
-1.061937710312271044e+01
-1.150011579309712673e+01
-1.247717157793850085e+01
-1.157919755372931192e+01
-1.035756958601653288e+01
-9.680027956716545035e+00
-6.977843559443571486e+00
-5.887054520426290516e+00
-7.580138693599042909e+00
-9.429233295352119626e+00
-9.473436713056170078e+00
-1.083764847838372170e+01
-1.253816650750811412e+01
-1.307760249364094740e+01
-1.307962582209151847e+01
-1.189208785700658844e+01
-9.710874882642444916e+00
-7.001118585696873176e+00
-5.938680173260181050e+00
-6.426348097902295997e+00
-7.481543337947287320e+00
-7.151360152952967120e+00
-5.697869724551048343e+00
-3.286694127003916499e+00
-1.590005803604661150e+00
-2.189337769025949676e+00
-1.992647051051763318e+00
-3.406010223555508087e+00
-6.008386591317594672e+00
-7.575572197848575939e+00
-8.366842276632306508e+00
-8.558240540228640114e+00
-7.462431980263094289e+00
-5.544835307236732902e+00
-3.843766383273819365e+00
-1.640138015196966670e+00
4.329564172861317117e-01
2.808797061217647162e+00
3.121088421779675492e+00
2.026332937569740977e+00
-3.330106741393305536e-01
-2.308268052103321644e+00
-3.163233220183100158e+00
-6.428808829655004331e+00
-8.938486360295060607e+00
-9.792400885227250384e+00
-1.055353712361121943e+01
-1.089223315966299133e+01
-9.591901725062458084e+00
-7.100887191260834008e+00
-7.194039565572102113e+00
-1.088168172793531241e+01
-1.209177522313425257e+01
-1.271192344553641540e+01
-1.356686907964716049e+01
-1.439359610079650587e+01
-1.516599686906457300e+01
-1.446388172022814622e+01
-1.278687459419421835e+01
-1.218518491927562941e+01
-1.291809810107899459e+01
-1.248062691701914595e+01
-1.095916691852799474e+01
-1.112154054450803109e+01
-9.676161439819123800e+00
-6.582534903320222952e+00
-6.983370966208596542e+00
-8.647006836928126106e+00
-9.693023528546037326e+00
-9.947416502735906718e+00
-9.214532441660422180e+00
-8.052099173945311605e+00
-7.597685850217180459e+00
-8.047451045122382851e+00
-9.240712165979406478e+00
-1.032875047906181365e+01
-1.102062889149867608e+01
-1.238766314035032856e+01
-1.318332919295960615e+01
-1.378125541550258681e+01
-1.374552022191751099e+01
-1.208203058820054387e+01
-1.069265234239446372e+01
-1.007514968545741318e+01
-1.033170413413357203e+01
-1.055383425382145468e+01
-1.078957688963675032e+01
-1.188027102701034465e+01
-1.133754481915386947e+01
-9.040712349872103815e+00
-8.386483112128429340e+00
-9.131571075165931362e+00
-8.725417023814658890e+00
-8.682095947335486841e+00
-9.791291999516150923e+00
-1.112267122816153098e+01
-1.233026794072028842e+01
-1.114953450943472291e+01
-8.447062740998859454e+00
-7.182007553811827094e+00
-8.223962156630259202e+00
-1.094017507434918990e+01
-1.294072459083683313e+01
-1.216907226741527204e+01
-1.038958488913184297e+01
-1.042410697371577122e+01
-9.879263793071222821e+00
-1.052677355264695613e+01
-1.240271445014155915e+01
-1.094870985743540537e+01
-8.390494043758630838e+00
-6.956772527816703189e+00
-5.589460568835693977e+00
-2.600700402391086907e+00
-3.068971728384647157e+00
-4.801447404391481655e+00
-2.703602835201635468e+00
-4.605317797134269031e-01
-1.231593695555702750e+00
-3.458092966768799847e+00
-3.354282833388112728e+00
-2.302897639297909471e+00
-3.025062531142125977e+00
-5.606479978959560739e+00
-8.004313385355217747e+00
-8.360461278894307569e+00
-6.453027485034048105e+00
-5.823577980185532077e+00
-6.726466025245239955e+00
-5.815545898424222315e+00
-6.370202704037949637e+00
-9.392630023008914364e+00
-1.104876949045341128e+01
-1.086317762917449947e+01
-9.219401071168345396e+00
-9.018833296637456698e+00
-1.031117083800762302e+01
-1.152726839443730888e+01
-1.156548783259633240e+01
-8.820121732094023059e+00
-7.364956863194814574e+00
-6.509553613705060471e+00
-5.444606470203400939e+00
-5.700076777816360796e+00
-5.651323265423098263e+00
-7.148857449148878551e+00
-8.606975711332664147e+00
-9.544846026516232484e+00
-1.113048486196646181e+01
-1.192541633148869096e+01
-1.069615376904059012e+01
-7.962219251311743129e+00
-7.160591087732467663e+00
-8.510882983283886816e+00
-9.293634955340943193e+00
-8.972764986744182991e+00
-9.651955813747139956e+00
-7.917054146293227568e+00
-4.858781312041286604e+00
-4.892058627351566713e+00
-6.555462780976216486e+00
-7.999588324670532380e+00
-6.740043759546982649e+00
-5.273797381776057058e+00
-5.451900880441354680e+00
-7.108317293287014671e+00
-7.699563816875838462e+00
-6.740742140800998428e+00
-8.940181386238350569e+00
-1.048416314190655108e+01
-1.066955797945024642e+01
-9.995247715211680983e+00
-8.750581610656906761e+00
-7.736512669332331171e+00
-7.340274057231948923e+00
-8.913433155691771859e+00
-1.082034412638539678e+01
-1.092346582424562840e+01
-9.656764031494226685e+00
-1.054283597113219528e+01
-1.260362617838185528e+01
-1.257675393323517099e+01
-1.334191268819577303e+01
-1.389712228652188664e+01
-1.451271262568607590e+01
-1.463223938840741845e+01
-1.320111190415613400e+01
-1.134429250927146171e+01
-1.008122900091833607e+01
-9.563710502410096126e+00
-1.060354788929191550e+01
-1.220860577538986114e+01
-1.228765938472797181e+01
-1.144372135689487813e+01
-1.185059312490118977e+01
-1.298563103444974587e+01
-1.349614168077288490e+01
-1.426040507664922963e+01
-1.446711969832198186e+01
-1.414216955407409593e+01
-1.358780639342741203e+01
-1.244763172305223620e+01
-1.180113463497575133e+01
-1.007698263358463642e+01
-7.729605889603129221e+00
-8.244002103532240611e+00
-8.539024722448024463e+00
-1.069504322184926437e+01
-1.241768223634120538e+01
-1.145609915918864452e+01
-1.055659810320322123e+01
-9.620040067983451237e+00
-8.097155293054955294e+00
-6.680072565769815007e+00
-8.313609701374579330e+00
-1.174669878101788711e+01
-1.239561155869690445e+01
-1.011180383374546743e+01
-7.880046371086843138e+00
-7.200885369035181505e+00
-9.452280556562008940e+00
-1.104041365373236694e+01
-1.221855473689469029e+01
-1.217130227721554014e+01
-1.166395437961076986e+01
-1.159022662670474269e+01
-1.008072184112432801e+01
-9.528974322999204105e+00
-1.008270096251163395e+01
-1.157544960620490748e+01
-1.234464770652836307e+01
-1.068518062020620363e+01
-7.962522953636328005e+00
-7.335573000125052090e+00
-7.310480951240549530e+00
-5.218485558717221195e+00
-4.721642462778850913e+00
-4.822251907116682723e+00
-3.118683587627071763e+00
-2.600350488038827290e+00
-4.381541537317233725e+00
-5.828103534932467689e+00
-6.527991028741163326e+00
-7.838439909277589379e+00
-7.233598766773332578e+00
-6.466164573708954144e+00
-7.339777373775253189e+00
-8.824084515005390372e+00
-1.037401689879232158e+01
-1.021536584613338050e+01
-9.386853181220089937e+00
-8.053484099330644241e+00
-6.187902673187028135e+00
-7.450042147416696459e+00
-9.416790927327854277e+00
-9.827318327652792007e+00
-8.166483054599551039e+00
-6.535418797912486255e+00
-4.948533878268034591e+00
-3.421897240783726701e+00
-5.740513063795592785e+00
-1.028410844036388916e+01
-1.197240915921746485e+01
-1.278423627279821240e+01
-1.319260652424493685e+01
-1.341367942666097157e+01
-1.390728619662850285e+01
-1.425084822238562055e+01
-1.368891232306649286e+01
-1.367406336190141225e+01
-1.383872759494766491e+01
-1.368236608708816426e+01
-1.439286910837217981e+01
-1.465538972487739144e+01
-1.438044571500378588e+01
-1.464466008031629762e+01
-1.485111421622236172e+01
-1.478083023429796938e+01
-1.464766123786232122e+01
-1.441661303565029506e+01
-1.449244950896630968e+01
-1.446924926134919254e+01
-1.395832427699239275e+01
-1.332339762853788123e+01
-1.312293073611099281e+01
-1.264994645713422017e+01
-1.340194987516158065e+01
-1.349078020575765002e+01
-1.406670093723788106e+01
-1.455551087289256706e+01
-1.379545923295020415e+01
-1.148362644344759254e+01
-1.037736247696741820e+01
-1.047359258287507977e+01
-1.060793252363008143e+01
-1.164028399513521173e+01
-1.274115964086294106e+01
-1.224730303808360254e+01
-9.566958502271807774e+00
-7.622910945107602920e+00
-8.199525950792768469e+00
-8.002416539164473264e+00
-7.614336606405843533e+00
-7.957799297313803422e+00
-8.021906356710557517e+00
-7.229829871709406497e+00
-6.823173325302868797e+00
-8.649892676302110672e+00
-1.114979328519812896e+01
-1.170303422640155944e+01
-1.159478520240397081e+01
-1.207883078496235107e+01
-1.136410593143489578e+01
-1.023168400050917448e+01
-1.109319209822240104e+01
-1.208298114211932273e+01
-1.150949105080505852e+01
-9.685532130108407856e+00
-8.437481436710525529e+00
-7.959503380797330330e+00
-9.232397131831389103e+00
-1.242683077014377524e+01
-1.396646778665370903e+01
-1.424985688098619896e+01
-1.410806264890815065e+01
-1.439346060511571856e+01
-1.459951468398032759e+01
-1.410896118069966398e+01
-1.416776507593275802e+01
-1.452698327196497097e+01
-1.444030910498063491e+01
-1.408627063818784286e+01
-1.317444287191107755e+01
-1.160495061642097880e+01
-1.116451345035422982e+01
-9.629527924633608293e+00
-7.385736090337725379e+00
-8.475769194684044550e+00
-1.048427934128396721e+01
-9.715606323874423467e+00
-8.440668684629633489e+00
-7.986469984751615847e+00
-8.659063888968395517e+00
-1.114159485833273600e+01
-1.192339788392532007e+01
-1.216244243034105033e+01
-1.248199953136637141e+01
-1.241144589430592404e+01
-1.148602379106188387e+01
-1.001883032931484507e+01
-9.649505829812412117e+00
-8.791820478686076967e+00
-9.056620723787702332e+00
-9.769045218832216548e+00
-9.200757987101932045e+00
-1.039178772410536133e+01
-1.226505618980286449e+01
-1.280726776609636453e+01
-1.300032812650160885e+01
-1.326391194395050555e+01
-1.321074484111398561e+01
-1.318827205258681090e+01
-1.338946209084666528e+01
-1.284683117296768984e+01
-1.241152962567154105e+01
-1.196079118663959839e+01
-1.103389210330065318e+01
-9.889746111343924895e+00
-8.521357808288188451e+00
-7.865856778004973293e+00
-8.670189045741745204e+00
-9.924307802671272327e+00
-1.114817824249072054e+01
-1.261263123796836716e+01
-1.335343643880904629e+01
-1.370375083307137487e+01
-1.350635250030333090e+01
-1.266396466860192938e+01
-1.168528485476632106e+01
-1.031126903564104857e+01
-1.003537579412684444e+01
-1.053910960804765828e+01
-9.506229945336878373e+00
-9.814276952321515424e+00
-1.138373094968269506e+01
-1.187203273657045877e+01
-1.268408863197909575e+01
-1.310512105535832994e+01
-1.292718867015230622e+01
-1.206317688390001486e+01
-1.131852933549635587e+01
-9.806522213342310224e+00
-6.555402237007258215e+00
-9.594406242560719278e+00
-1.059142456081587191e+01
-9.020758646302214245e+00
-7.536465899890703923e+00
-6.802343945789250945e+00
-6.605377201788260599e+00
-9.138106659691720424e+00
-1.104891558826765596e+01
-1.210424787522056000e+01
-1.105182403438035799e+01
-8.444523023176893517e+00
-8.440644210241535106e+00
-7.978911680114181060e+00
-9.273053630516782775e+00
-1.101526937571953013e+01
-1.132405054101725916e+01
-1.080383025260964125e+01
-1.145228699664179750e+01
-1.383082114197647350e+01
-1.443955925337603574e+01
-1.444334911388768283e+01
-1.427319857608087084e+01
-1.364803536098565395e+01
-1.326665348364302766e+01
-1.245609536664533223e+01
-1.187531059704008385e+01
-1.191737964928248594e+01
-1.334363783181859731e+01
-1.418353502371639507e+01
-1.414420760360538587e+01
-1.330703621039310569e+01
-1.270661049875946169e+01
-1.345914661656484768e+01
-1.321009898851889197e+01
-1.175924642286169153e+01
-1.053387046853124609e+01
-9.654447849506835766e+00
-1.056194528896494766e+01
-1.096942033204491196e+01
-9.905884544707662442e+00
-1.148926078110303273e+01
-1.164731274732744915e+01
-1.028825980570590382e+01
-1.091957396413632431e+01
-1.149029448523059393e+01
-1.048035865160436586e+01
-7.470696738539473358e+00
-7.472032074761751907e+00
-8.604483173389811057e+00
-8.846528146031163331e+00
-1.039822222197271273e+01
-1.093477959172549241e+01
-9.308541544684414859e+00
-9.302706172825141451e+00
-1.115172951975321247e+01
-1.172972981486399213e+01
-1.169740579286646387e+01
-1.234100734318825410e+01
-1.343274699592335786e+01
-1.388376983286376110e+01
-1.317803697323306444e+01
-1.293264724022865408e+01
-1.254893326875766313e+01
-1.062892666863591451e+01
-9.208535387045754916e+00
-9.483863673625686275e+00
-1.053702912156541949e+01
-1.194754918029605939e+01
-1.301910368042073607e+01
-1.427340324880755595e+01
-1.459169116123100274e+01
-1.458667498736205737e+01
-1.463990325816516247e+01
-1.469233868703105905e+01
-1.453382957607259307e+01
-1.412852718417223308e+01
-1.366798377087689076e+01
-1.390015701379025082e+01
-1.434727908602423874e+01
-1.433621606589124120e+01
-1.442202589682443836e+01
-1.397397977216188991e+01
-1.439381171796671843e+01
-1.439184599047816171e+01
-1.390723280380289850e+01
-1.388629523359113627e+01
-1.404022756600881650e+01
-1.411183149765083655e+01
-1.396417862632600837e+01
-1.312590300560994372e+01
-1.124688814041015483e+01
-1.042975864084955973e+01
-1.127262382239220173e+01
-1.238746844886636467e+01
-1.231593570325221698e+01
-1.167785796924623831e+01
-1.034309963175844338e+01
-1.082521220762344250e+01
-1.283885458722443573e+01
-1.248174940882024941e+01
-1.163620516827204021e+01
-1.240972457923382599e+01
-1.224696328631716469e+01
-1.131599471126417278e+01
-9.896813154688723912e+00
-1.085321389753311649e+01
-1.300027750061912002e+01
-1.365357061057645716e+01
-1.358957184488037839e+01
-1.311050172484501353e+01
-1.316357456904360923e+01
-1.240190942425286202e+01
-1.154963246559306178e+01
-1.176308321413358726e+01
-1.144232904003935225e+01
-9.732307834372388555e+00
-8.360863440363003107e+00
-9.374073046257686670e+00
-1.087248175299288810e+01
-1.173349007120180865e+01
-1.081717306044339644e+01
-8.420230143272808832e+00
-7.328461258948649082e+00
-6.971804691007518429e+00
-7.315379819604276967e+00
-8.231622700983118435e+00
-9.676032261401191548e+00
-1.154171774748429335e+01
-1.079429547262337330e+01
-8.480228270730437501e+00
-9.013519821309682101e+00
-8.857622040264303109e+00
-7.997160210827995996e+00
-1.037884279442268998e+01
-1.055475586157225543e+01
-8.839903163749879056e+00
-7.060499068989892102e+00
-7.416489698456171453e+00
-9.494187136485688683e+00
-1.215146710821767329e+01
-1.299265939371962553e+01
-1.153519153919607376e+01
-1.068920306586991309e+01
-1.190345798065988348e+01
-1.338822896038073296e+01
-1.359861936784235503e+01
-1.342938236586589262e+01
-1.314360287697512497e+01
-1.276110876460362142e+01
-1.165197290410791808e+01
-9.950723013800628181e+00
-7.817816799235619563e+00
-9.461123543997652874e+00
-1.161784251923982048e+01
-1.059555725379679991e+01
-8.515740008384147686e+00
-7.789388133494511202e+00
-8.915294798124987707e+00
-1.087947621313174729e+01
-1.108572305279932557e+01
-1.103828090725704492e+01
-1.043986308945101626e+01
-9.139687085355774343e+00
-7.876111413450636256e+00
-5.830843330136128877e+00
-4.217431795702076158e+00
-5.214157894402634774e+00
-7.856468264705181781e+00
-1.048814467735792455e+01
-1.105934440224376836e+01
-1.065127624109172721e+01
-9.248968479442675417e+00
-7.988131848121354572e+00
-9.949896800479628212e+00
-1.065257141751182068e+01
-9.371797774161093386e+00
-1.090162414349444653e+01
-1.161467304213490870e+01
-9.720024128119932882e+00
-8.168936339830317195e+00
-8.155433208496768671e+00
-7.368216904536006417e+00
-6.416332262768730921e+00
-4.740059160204560307e+00
-2.931997925131111238e+00
-5.046070433252503484e+00
-4.558351764659376748e+00
-4.492717167597214178e+00
-8.305764374056522570e+00
-1.019713584063586254e+01
-1.154623954855459900e+01
-1.199711484197960765e+01
-1.061610729646075590e+01
-1.035502026782960705e+01
-1.163333092955848080e+01
-1.194268156217568944e+01
-1.169557800603982578e+01
-1.087340910454168252e+01
-6.876705904599224262e+00
-3.634540171437138589e+00
-2.754753768404490266e+00
-3.928321096288076131e+00
-4.844569442541609483e+00
-3.142143910471699719e+00
-1.165910593590640865e+00
-2.034724870094017035e+00
-5.305978316885575197e+00
-6.407261985829340922e+00
-6.225246558345811643e+00
-7.425423073849431788e+00
-9.328004568313984279e+00
-1.032743851122758905e+01
-1.008356614409878027e+01
-1.094593340459736730e+01
-1.218262372394825377e+01
-1.147406045995866997e+01
-9.112823576536646542e+00
-7.315749259144058492e+00
-7.436525322419003992e+00
-8.350888233429332175e+00
-7.988731340641726852e+00
-7.122186956228403254e+00
-5.247778105977715768e+00
-4.881376026379611766e+00
-4.688963546329208754e+00
-6.448250589071878203e+00
-1.046881401855798366e+01
-1.108771652242740835e+01
-9.250672375765995881e+00
-9.465166085770476911e+00
-1.045334636745510970e+01
-8.896974596646044731e+00
-5.767298102643274582e+00
-2.804380931277378863e+00
-3.045656795190609500e+00
-5.364170791418755080e+00
-7.917105445803453101e+00
-9.205759504478590927e+00
-8.571113450798529598e+00
-6.627598667026043167e+00
-4.812856262315982292e+00
-3.277912369827762795e+00
-4.012369652295355138e+00
-7.988219059441858505e+00
-9.046959725257615048e+00
-9.173915637792473987e+00
-1.061707223047633697e+01
-1.032203585224757525e+01
-7.856143231099138369e+00
-5.837921806763641364e+00
-5.392306755651149253e+00
-4.452756880974292564e+00
-3.393283781288348067e+00
-1.581182822620161410e+00
7.063744164146597004e-01
8.298999939586475527e-01
9.063834552934630917e-01
9.858058663895761242e-01
-2.311808084412351860e+00
-5.747646820539635826e+00
-5.142131023066702333e+00
-4.649156305000990308e+00
-6.690669060621520892e+00
-7.905363598829704408e+00
-6.946658077572291923e+00
-4.652833883492453637e+00
-3.483855052453353807e+00
-4.177516338267474261e+00
-5.122598870019621664e+00
-4.912923713369695022e+00
-6.064536718940009230e+00
-5.675913970807029862e+00
-4.618880528179960088e+00
-3.804964818778864721e+00
-2.434993061241202739e+00
-1.714681982127919557e+00
-1.898621986051210131e+00
-3.089728434861479300e+00
-2.287379261569823186e+00
-8.641044165330645788e-01
4.494301941403607836e-01
-1.268693761579168022e+00
-4.244835733411547185e-01
3.053019467721408642e+00
2.570047705641082203e+00
5.257258176958179430e-01
6.879876547181660307e-01
-3.663749454429194308e-01
-4.992334629373046617e+00
-7.711741846513069376e+00
-8.685867226202887537e+00
-7.760838708712113565e+00
-5.822600804001791808e+00
-6.098031652903098454e+00
-7.258402647334155411e+00
-5.052534045300668630e+00
-4.026520953835677652e+00
-4.344957871299481411e+00
-5.096217248433398517e+00
-5.639416485985175420e+00
-3.116679149499828494e+00
-8.819856803972475623e-02
-2.308058152726200074e+00
-4.429092662165973415e+00
-3.762948012477416171e+00
-2.546327886479016200e+00
-2.213187909859485547e+00
-5.098271716408294019e+00
6.470665775920301233e-01
6.470665775920301233e-01
6.470665775920301233e-01
6.470665775920301233e-01
6.470665775920301233e-01
6.470665775920301233e-01
6.470665775920301233e-01
6.470665775920301233e-01
6.470665775920301233e-01
6.470665775920301233e-01
-6.461902040123505664e+00
-5.597692595543283467e+00
-3.681630204467003509e+00
-3.947540408501791553e+00
-2.780782776105924725e+00
-7.794939808707177509e-01
-4.360742974340114375e-01
-1.394598561840312723e+00
-3.480732845278989629e+00
-4.483013269147380520e+00
-6.280670807351556917e+00
-6.763485947820002231e+00
-4.854122591511917051e+00
-4.890036535760017067e+00
-4.017826545478470734e+00
-1.558315811124477923e+00
8.844739561479065815e-01
1.629305937590960873e+00
-2.702310220044574329e+00
-5.528435153812906400e+00
-6.448735818701789135e+00
-7.564952061957115781e+00
-7.754043942438422654e+00
-7.533994717162296517e+00
-5.625474751589352174e+00
-4.825438276722839426e+00
-5.649205060813799584e+00
-7.372677625432973336e+00
-1.007920135066905054e+01
-1.080694008906999137e+01
-8.727189526280989540e+00
-5.943964314777019808e+00
-5.421280143672349006e+00
-6.943861771115535042e+00
-7.435901461758919417e+00
-6.696804826004300715e+00
-3.961752494741318742e+00
-2.855780333317486264e+00
-1.836846926015072379e+00
-1.402687983005161509e+00
-3.224497154299765800e+00
-5.799705352775576195e+00
-9.246018363818956587e+00
-1.057996705700021600e+01
-8.966428701305140692e+00
-6.358420592767930479e+00
-4.784194732915993065e+00
-6.144912760266705298e+00
-5.960198332031196422e+00
-4.619335496212581660e+00
-2.758438313047787638e+00
-4.145673946564144008e-01
-4.451491846907915106e-01
8.590157104467994742e-01
2.102384005283230994e+00
2.247219127322684695e+00
4.891831011558148146e-01
-1.216374762039058144e+00
-1.792439471945847185e+00
-1.895122956788129143e+00
-1.303249066842016912e+00
-3.274065560627374083e+00
-6.565935479444394929e+00
-6.609391988112511385e+00
-5.074729370729238909e+00
-2.815254314145268832e+00
6.245600204143720857e-01
7.700704140499058381e-01
-9.821070237391060775e-01
-9.697515644720938743e-02
4.748297261565784244e-01
8.761160883211036587e-01
1.100781911067529317e-01
-2.404064320024496659e+00
-6.065241257252691476e+00
-6.385244019892183154e+00
-4.888087712186861999e+00
-2.505154720840623739e+00
9.548380708243475734e-01
1.372291844981596842e+00
-2.822155817619732332e+00
-5.758705394038496017e+00
-6.287174845963960479e+00
-4.622370767993897012e+00
-2.366818928760700214e+00
-3.753469880754205512e+00
-5.281363155327975178e+00
-5.716206668054742757e+00
-7.454026358214472125e+00
-8.165053736812705409e+00
-6.478637309195278249e+00
-3.732628024121662502e+00
-3.336229106405356859e+00
-2.600156425230999879e+00
-1.370929768423854833e+00
-5.198957060639528116e+00
-6.257578602297907189e+00
-4.932760831523956391e+00
-6.080768444564846220e+00
-5.557039707798145933e+00
-5.453195318265236402e+00
-5.058037222326331239e+00
-1.756986505041642443e+00
7.661039678759492544e-01
7.202544542903499547e-01
-3.701908764304754906e-01
-2.851791384608419744e+00
-4.101950169745568253e+00
-2.146893233758157660e+00
1.608794862136604831e+00
1.626403245994564761e+00
2.287334959798809353e-01
7.166789609184687215e-01
6.696729842211357302e-03
-3.844458758363445416e-01
-1.663608270737919836e+00
-3.138645844520854489e+00
6.141354168480728237e-01
7.859137690713251523e-01
-2.555570959783904250e+00
-3.071835236114188739e+00
-3.040010036545242045e+00
7.507728695419385589e-02
2.404546328798454979e+00
4.325005243503923097e-02
1.127505820888202503e+00
4.766593683186523656e+00
6.753100365439998143e+00
6.432501480187728049e+00
3.862522394103605539e+00
-5.165307352978043554e-02
-3.201241842534960025e+00
-3.893939577696598597e+00
-4.240135529589237784e+00
-2.431550216890078442e+00
1.180425650236489599e+00
2.020100711998006116e+00
-1.548955955002609963e-01
-1.741444238773411257e+00
-1.859670098553614759e+00
-2.363539172928610377e+00
-2.699549630461066108e-01
2.261732443433824180e+00
3.007859442843410225e-01
-2.217155080715665250e+00
-5.252229020013984062e+00
-8.204354870098070407e+00
-7.966131235026117530e+00
-6.672153213443149156e+00
-5.823518559117807136e+00
-7.491579864964132085e+00
-1.017252527425664255e+01
-1.143933453920464061e+01
-1.000233574843468709e+01
-6.290255985842118314e+00
-2.016257100305803185e+00
5.787244337724245513e-01
-4.345582469921852042e-01
-3.453744768179271674e+00
-3.029731269631357193e+00
6.470665775920301233e-01
6.470665775920301233e-01
6.470665775920301233e-01
6.470665775920301233e-01
6.470665775920301233e-01
6.470665775920301233e-01
6.470665775920301233e-01
6.470665775920301233e-01
6.470665775920301233e-01
6.470665775920301233e-01
-1.350501009913081862e+00
-1.336207300108328999e+00
-1.039731795378800339e+00
-7.579364648397761695e-01
8.626237501388358542e-01
3.492235960710226905e+00
5.384814060261557955e+00
6.412690108781658793e+00
7.346379403604547775e+00
8.056932113083801639e+00
6.470665775920301233e-01
6.470665775920301233e-01
6.470665775920301233e-01
6.470665775920292351e-01
6.470665775920292351e-01
6.470665775920301233e-01
6.470665775920301233e-01
6.470665775920301233e-01
6.470665775920301233e-01
6.470665775920301233e-01
8.572971340186677836e+00
8.006917656904134262e+00
6.653029080460313160e+00
6.979369372019682771e+00
6.760725642047791695e+00
4.157870810132886952e+00
2.328918270695743864e+00
1.321619961820940770e+00
2.063715557690493974e+00
3.166491312717926387e+00
3.158976513222113702e+00
4.462956736240490052e+00
5.267508526901849564e+00
3.979470418265766973e+00
3.140948183719057263e-01
-3.143284548330793626e+00
-3.716060351949103335e+00
-1.863202957553190542e+00
-1.240257081356174323e-01
1.891203975056046538e+00
4.330492976333546018e+00
4.702788004696565771e+00
6.285467925438004144e+00
8.132021404413071863e+00
9.636250882040007681e+00
1.067376090663507604e+01
8.702287846302054319e+00
7.659050965998242866e+00
9.499261491333832907e+00
9.446693759434086957e+00
5.720101879282584179e+00
3.184249881966834117e+00
1.167637754051272125e+00
-3.775893190440252400e+00
-4.505326641655766906e+00
-1.909899007710970542e+00
-1.125514740688112081e+00
-3.084487904892943000e+00
-3.987818006194701059e+00
-4.593438653487955214e+00
-6.930618902287148053e+00
-9.097972257456861556e+00
-8.863517153586213837e+00
-7.620193222384814113e+00
-7.466089253267797154e+00
-7.911839315707027254e+00
-8.934339778836326573e+00
-7.706652284452257362e+00
-4.843725208566648455e+00
-3.571685836351239374e+00
-2.915488920450089338e+00
-2.987526714160672725e+00
-4.071127450934354464e+00
-5.417838281017096413e+00
-3.184049015776517777e+00
-1.572887144576439855e+00
-1.406710324264563550e+00
4.935717022213043093e-01
-1.365637416466918275e+00
-2.676765788674299706e+00
-7.046333085089435677e-01
5.148950082893319902e-01
1.609648092233140204e+00
2.770650205464154858e+00
2.835391557687914066e+00
2.052050680009194217e+00
1.349800874023193487e+00
-5.298183135805194510e-01
-2.595789751861981465e+00
-2.674043936786477893e+00
-6.741220793550484203e-01
1.151862837244967519e+00
5.040291892061965484e-01
1.201897773886827503e+00
2.755517149967035895e+00
3.316993068291916202e+00
2.736551978451057465e+00
-2.620057096635731497e+00
-4.547701963873950426e+00
-1.780090972574396968e+00
2.300990341681078633e+00
3.127841812343291394e+00
1.120630410513548059e+00
2.985117203305494904e+00
5.041726940911686938e+00
5.488491461686962225e+00
7.773919741748279044e+00
9.028742234125699540e+00
7.329724207412643189e+00
6.512239777227958548e+00
7.946437529364616559e+00
7.191959195599446630e+00
3.396005638798063497e+00
8.879833971635833212e-01
2.292770867587840211e+00
1.870846646113438316e+00
2.096574787525887551e+00
3.623656873254218702e+00
2.835752652553090059e+00
2.856134731038239671e+00
6.768436884892821581e+00
1.001641342785197075e+01
8.020459242264150745e+00
4.039854637963515849e+00
2.084706832061495874e+00
3.540424114055282345e+00
5.108874438201202572e+00
6.846880530020230005e+00
9.708826499891257455e+00
1.094449917055900379e+01
9.649260202998025449e+00
7.851563605790018663e+00
8.830173379435970915e+00
9.561100872636869141e+00
1.040178377864287818e+01
1.178856375782441113e+01
1.098264129560450719e+01
8.503246414533759179e+00
6.774618975792352060e+00
7.051182133156184584e+00
7.980091874403542285e+00
8.866063006823621251e+00
9.167838050924029147e+00
8.128845331037881650e+00
6.769846742256385497e+00
8.145853487404265181e+00
1.119352498172970023e+01
1.311631217035875174e+01
1.349182525603310800e+01
1.191368844804333982e+01
7.791418295990834686e+00
3.845633895112575917e+00
2.872013866834215889e+00
2.667193100457148969e+00
2.301008638195434663e+00
-1.615513005000764668e+00
-4.226008913979043768e+00
-3.801490029686478866e+00
-2.031467087676048777e+00
1.030289696778506237e+00
3.518382045733202013e+00
7.493088329659998159e+00
9.957460130605207738e+00
1.045438801982000321e+01
9.779053865074534002e+00
9.703730923640842221e+00
1.025635898313116456e+01
9.533418974899591447e+00
7.472092877307182412e+00
5.224802297448891686e+00
6.010024351708387336e+00
8.037281655777146483e+00
9.812207394018995998e+00
1.121420128390288440e+01
1.220186547131669919e+01
1.333551689586334632e+01
1.387945277938033684e+01
1.223951652911779142e+01
8.754543112949933814e+00
6.975858201076018617e+00
5.433442696739761324e+00
2.332549980741512652e+00
1.868225473540269022e+00
3.660362002427646200e+00
2.989240610518939523e+00
4.337017800840600401e+00
7.686173239540769586e+00
8.273992674267789837e+00
7.242786084669682545e+00
6.477848361169393776e+00
6.275659600495376189e+00
7.083542162855944291e+00
9.291567447676012392e+00
1.022938604807796814e+01
9.568378413728600762e+00
1.091201972179963953e+01
1.027676082432188842e+01
6.585006047278067598e+00
7.301779634547150621e+00
9.005555408997244271e+00
1.000269347146105758e+01
9.566342297282959706e+00
7.210482527375771333e+00
7.671923392348606541e+00
9.217590365491082238e+00
8.407336700404030694e+00
6.524928871299414901e+00
4.809900794072111019e+00
4.214236800454366438e+00
4.980596233826975805e+00
4.773380294804661972e+00
3.536601154473950182e+00
3.470701505961326205e+00
4.233101300869177130e+00
6.533074379381181629e+00
8.614062940522783762e+00
1.093239626047456348e+01
1.197685616741689607e+01
1.084123930020928306e+01
8.279763840675098407e+00
8.415266594718238125e+00
9.125286870723522625e+00
9.874079394676776644e+00
1.090998103573778799e+01
1.048568486877551109e+01
1.086136931554037588e+01
1.035135456999204173e+01
7.587890478345136636e+00
9.604331526986209511e+00
1.235972110496077114e+01
1.387775936259575182e+01
1.558853909226502132e+01
1.423343690717234011e+01
1.291635624135117943e+01
1.489729257378511385e+01
1.538106771632485348e+01
1.380148873053956926e+01
1.209847298932417381e+01
1.173102677415221962e+01
1.047396301897913951e+01
9.204647019444914591e+00
9.446582292545892656e+00
1.172707701789950185e+01
1.142755883260494087e+01
9.720272015493371498e+00
1.036628764870401298e+01
1.275220482708982495e+01
1.388089472655566858e+01
1.372001982603258341e+01
1.330371429966351116e+01
1.339103746664652839e+01
1.379928669150212350e+01
1.261587296252754520e+01
1.125615585013347619e+01
9.566360960695609705e+00
6.861989787129117779e+00
8.436626642026981315e+00
9.906751057107859637e+00
8.850105986800231861e+00
9.045344560260476285e+00
9.828506950057592562e+00
8.198096948502959336e+00
8.001752480011612434e+00
1.189111586457769398e+01
1.391507881736229280e+01
1.315841639642246363e+01
1.051322727959972525e+01
9.616349446292435488e+00
1.103259532521258457e+01
1.192590090898503696e+01
1.244387065347856236e+01
9.898462613859619452e+00
3.979970952660635497e+00
2.646642417752234966e+00
6.108328199186311203e+00
1.014341228497938907e+01
9.074948709435064487e+00
7.381261706617396001e+00
8.152808940639515001e+00
9.992238748231491385e+00
1.143018322644265794e+01
1.161853946061673781e+01
1.142950592692702116e+01
1.273010877780080996e+01
1.483837609754931641e+01
1.529551763757796579e+01
1.430257826305994762e+01
1.234507007195927919e+01
9.831767372983483355e+00
8.906074383925036031e+00
9.790547658657112962e+00
1.143305581083650146e+01
1.337653802930494784e+01
1.374855970242399295e+01
1.408588073294269982e+01
1.315275804866492315e+01
1.109219145879310808e+01
9.335758688852946463e+00
7.156823319453305743e+00
7.931935842167504802e+00
1.274125060905739559e+01
1.519605081834429150e+01
1.583296199212252731e+01
1.668912157787301354e+01
1.701586808288909580e+01
1.631494987774460625e+01
1.547855326944215903e+01
1.534723335207332262e+01
1.482716730922221871e+01
1.473766856503794287e+01
1.506117506215535506e+01
1.431885111137151334e+01
1.318826087745520326e+01
1.193165517851166690e+01
1.148696330789334574e+01
1.133208425209767078e+01
1.085138969864838110e+01
1.116428796984101446e+01
1.362839841449636147e+01
1.531549970853894216e+01
1.537078260588614853e+01
1.511487271622408279e+01
1.535208840343011616e+01
1.643087661079742290e+01
1.688244901729153113e+01
1.627637245742291938e+01
1.566822798519147675e+01
1.654020272301597316e+01
1.682498021282561496e+01
1.668259137786416346e+01
1.652596058433296733e+01
1.559345615036076005e+01
1.512175702817897793e+01
1.529578853364126623e+01
1.486047403119471610e+01
1.443524167156295412e+01
1.514977111962188339e+01
1.634875522523170588e+01
1.669393129502504536e+01
1.627989499047897937e+01
1.553278352330975487e+01
1.451115255632074685e+01
1.293535374175740671e+01
1.179274038182216877e+01
1.233825455994877807e+01
1.358397402910128626e+01
1.549108829588840486e+01
1.641900707364731105e+01
1.608497072220193402e+01
1.525210697402020266e+01
1.506635188686287030e+01
1.562092984500134030e+01
1.604130746997176615e+01
1.552584740049378098e+01
1.383234672571922097e+01
1.148367069290768505e+01
1.090499989176900186e+01
1.031268443462199791e+01
1.036963259357595568e+01
1.128523287780486051e+01
1.117929358641204196e+01
9.673486069215998739e+00
8.962668306956269149e+00
9.283068688561067816e+00
1.046808676034949137e+01
1.248717732154702098e+01
1.354659043572562460e+01
1.376347784867768631e+01
1.397308246373502705e+01
1.425482238153014514e+01
1.454613916461213563e+01
1.324014657735361844e+01
1.053875871967032118e+01
1.193280464420991827e+01
1.389238691812711224e+01
1.350789686755278751e+01
1.169386265634723365e+01
1.188269122241412568e+01
1.191280638971030115e+01
1.083258627912830185e+01
9.216972476454349916e+00
9.402553233489799211e+00
8.111722460144834557e+00
5.823025331239881197e+00
8.087045596145399529e+00
1.059034905593318676e+01
1.094402859729418687e+01
8.831220459587065363e+00
6.165202492187097150e+00
4.507577654939455947e+00
3.454721599009519473e+00
2.811350078500713501e+00
5.037745138506804388e+00
5.857918587362351381e+00
5.886808260662433234e+00
7.519339107801362054e+00
8.738077756890783476e+00
1.083740657415187236e+01
1.198611713573069792e+01
1.255474251859321200e+01
1.304177117615225789e+01
1.191705168000573600e+01
1.049380396382366776e+01
1.088187140561695720e+01
1.280277858753274955e+01
1.448722920801266589e+01
1.566181037183916835e+01
1.498800594749796034e+01
1.388950631269292835e+01
1.373239175897535169e+01
1.106263811093972471e+01
6.638279026182742015e+00
6.324189827513778006e+00
6.719384232592847006e+00
7.636441941529884758e+00
1.004128117608984105e+01
1.194411292041671224e+01
1.059375662064343437e+01
7.925246469584034337e+00
7.458294114365433991e+00
8.855469339383745364e+00
9.297624068750192095e+00
9.211812880784544078e+00
9.375391497727511236e+00
1.045503333044004357e+01
1.283062910101704723e+01
1.453865783527030331e+01
1.463676246911677659e+01
1.371358064999071580e+01
1.257572913526076341e+01
1.298393438935390698e+01
1.427928168165625422e+01
1.367090955480442993e+01
1.331464678180179284e+01
1.368710057086903653e+01
1.231249896087234497e+01
1.134123428340352469e+01
1.323160636699351755e+01
1.359182456701744712e+01
1.433019205228260518e+01
1.581180835858282663e+01
1.560597327389963418e+01
1.495070957323982341e+01
1.549376189422882710e+01
1.688630335114200420e+01
1.712492981186099072e+01
1.662192693439331492e+01
1.679302547270085810e+01
1.685185789081696939e+01
1.638020080593691929e+01
1.588316802536168559e+01
1.502343071335667091e+01
1.466672266369214306e+01
1.483848016265469205e+01
1.398959002894307169e+01
1.218537473724662412e+01
1.095485562504550181e+01
1.127574615916453915e+01
1.041148740426303121e+01
9.998407871130863711e+00
1.086835462297028343e+01
1.154970512670766603e+01
1.194174278105001541e+01
1.169444648504456730e+01
1.033846835733095837e+01
1.178681924405890236e+01
1.246027977005627640e+01
9.490683768961414302e+00
1.018079781980768317e+01
1.177262586683941947e+01
1.094391377971228074e+01
1.083692476972298380e+01
1.004397938632471643e+01
8.846031641175940763e+00
1.205884883035590427e+01
1.453380476618764483e+01
1.445321882562661031e+01
1.423191165690565718e+01
1.441678019496069929e+01
1.418987020477757710e+01
1.402023115110551998e+01
1.321525728317829795e+01
1.379361742097220933e+01
1.351723178702676442e+01
1.333302535967712643e+01
1.409497349277495282e+01
1.394006308597335497e+01
1.277259549142086925e+01
1.010162018244404614e+01
1.298141323092720434e+01
1.671159975791022845e+01
1.610044927808871051e+01
1.557130109163008491e+01
1.629235357990640054e+01
1.637287867011807663e+01
1.654286688203488964e+01
1.705331328968989624e+01
1.697518966661934670e+01
1.701898811423439994e+01
1.693837811239358615e+01
1.676130959844124035e+01
1.668428344801619190e+01
1.695987316148227109e+01
1.724066110823608966e+01
1.736831339623372727e+01
1.668600455801255578e+01
1.577173999649347458e+01
1.624553289187027971e+01
1.684260718889623831e+01
1.717650909925589531e+01
1.576285475408862524e+01
1.348467570547621008e+01
1.277382807143560761e+01
1.125771136505202641e+01
9.174214578288550470e+00
8.702629246512911365e+00
9.340443432631170495e+00
1.215368686911989293e+01
1.386304323632376878e+01
1.420997302957702146e+01
1.489987889744624283e+01
1.510488867340427532e+01
1.586144637406378699e+01
1.670249032167832226e+01
1.632855953932224580e+01
1.647559078793749521e+01
1.712929334137651693e+01
1.685949307522017548e+01
1.692009845353038244e+01
1.652066548215000807e+01
1.619069666421878395e+01
1.637469534380786840e+01
1.591108085350979984e+01
1.501297387692450336e+01
1.400215683386097787e+01
1.365366938998229962e+01
1.445526051126397249e+01
1.590182947260720958e+01
1.665873211418778155e+01
1.686696556400413627e+01
1.636589289037620532e+01
1.614524597728755495e+01
1.658180099752782155e+01
1.668766238805197588e+01
1.598432867169681693e+01
1.441905956648498410e+01
1.275930099253598904e+01
1.261152163065032816e+01
1.294214677441703287e+01
1.304912532414578052e+01
1.308874758526041227e+01
1.344980569424347117e+01
1.290504478444187342e+01
9.986299726003649013e+00
6.594644545150059045e+00
8.451589280925388081e+00
9.639387497530821136e+00
1.036349647103659777e+01
1.169602363884730245e+01
1.198488762285910525e+01
1.162637408924004312e+01
1.254209149814020385e+01
1.317264873670142045e+01
1.270610994096110780e+01
1.298407893942840019e+01
1.227638098878853690e+01
1.117973286274292732e+01
1.164214909551165178e+01
1.379519313801422520e+01
1.415028947726627528e+01
1.436646886357374697e+01
1.506310521693996129e+01
1.565588638625629692e+01
1.635156126247560238e+01
1.640337771003624212e+01
1.592785054194279049e+01
1.668496223625211528e+01
1.745658760035124146e+01
1.742300413131404824e+01
1.745842215780501405e+01
1.708577453553759540e+01
1.600094305604924827e+01
1.350805568185191952e+01
1.269156358579793142e+01
1.490491195914676403e+01
1.438527978169214272e+01
1.155481290351202439e+01
1.139704140601936011e+01
1.269482238540327934e+01
1.422035446704991202e+01
1.596596269903538179e+01
1.674100181049389491e+01
1.687376490060834655e+01
1.593977314427683289e+01
1.631662387439357076e+01
1.704290197217639502e+01
1.729498815333971251e+01
1.723020340317418331e+01
1.684664395241562218e+01
1.668583819222693165e+01
1.651462537811621445e+01
1.559258679304849515e+01
1.502719356253607152e+01
1.447538389551189830e+01
1.336685408121412699e+01
1.311766251913438275e+01
1.570519170669195042e+01
1.642403436814712592e+01
1.536227146278680955e+01
1.632071209295850167e+01
1.711298220526830249e+01
1.716547077710864500e+01
1.644368772644973475e+01
1.583206214430558667e+01
1.541673730643890217e+01
1.519210783697620570e+01
1.512951545564204459e+01
1.553423849434838822e+01
1.615493345567035632e+01
1.641930915391023049e+01
1.688371288051508046e+01
1.725136528492758714e+01
1.745605417096210843e+01
1.743891636096268982e+01
1.733307631971921126e+01
1.688788008685578745e+01
1.684313322022319070e+01
1.629219903810356485e+01
1.559786490253063640e+01
1.578944784676282076e+01
1.460758520445921071e+01
1.356173840229723737e+01
1.400851473681096770e+01
1.373254776377429742e+01
1.340433070054210063e+01
1.406321547560574992e+01
1.413370317323363423e+01
1.185838121125123656e+01
1.159429524709530313e+01
1.323210548484990490e+01
1.433397143885186686e+01
1.518941972266524409e+01
1.619837699350195592e+01
1.652813334663343880e+01
1.684058596713850520e+01
1.667391030061070722e+01
1.526191700517867922e+01
1.286881401729531404e+01
1.130231649047156672e+01
1.327088082664081448e+01
6.470665775920301233e-01
6.470665775920301233e-01
6.470665775920301233e-01
6.470665775920301233e-01
6.470665775920301233e-01
6.470665775920301233e-01
6.470665775920301233e-01
6.470665775920301233e-01
6.470665775920301233e-01
6.470665775920301233e-01
1.564970082775809601e+01
1.605005998798169387e+01
1.660590153758317911e+01
1.685838781910003448e+01
1.689157254323216151e+01
1.626659721503186518e+01
1.409997997692984306e+01
1.437664746006380234e+01
1.527079822685384514e+01
1.464057936809750338e+01
1.499054204521633160e+01
1.613891957877174121e+01
1.622498469861866965e+01
1.646878341823915548e+01
1.599933661760083048e+01
1.516240441379751225e+01
1.606776399580381920e+01
1.652309109783022478e+01
1.575813133403202038e+01
1.527249376119740454e+01
1.508770725487604025e+01
1.437754617690423231e+01
1.424173679565499739e+01
1.519349032067228578e+01
1.555816241683235113e+01
1.621103285424192109e+01
1.686017988780922749e+01
1.653815185073115757e+01
1.659383008815939320e+01
1.687828634090766400e+01
1.659963930649221453e+01
1.594863911435018800e+01
1.390328568529743869e+01
1.133839293383612024e+01
9.250971892128236007e+00
9.265723392047153339e+00
1.027445115984161639e+01
9.674004428106707465e+00
1.002362361814054559e+01
1.193102050852979268e+01
1.344504307294234735e+01
1.474193274312635360e+01
1.400219262769448569e+01
1.076003064100943085e+01
1.246863591801269955e+01
1.359108731935564229e+01
1.180856253046518312e+01
1.193576735023856195e+01
1.296927755545419103e+01
1.386155927113165021e+01
1.489930127503365576e+01
1.518336178436186046e+01
1.634051015055893430e+01
1.699959961527329355e+01
1.711921462070959521e+01
1.703554701754802991e+01
1.707351829953746503e+01
1.704155500192399586e+01
1.679126116346325759e+01
1.684326091070149545e+01
1.676427408701173860e+01
1.556511195507254897e+01
1.489077382985748343e+01
1.438950527315659933e+01
1.501525498869433584e+01
1.467226979478899374e+01
1.473061725914227971e+01
1.584793224751173035e+01
1.620681031303005781e+01
1.611317541484496019e+01
1.625088167225268521e+01
1.602336209478513140e+01
1.582769977943565287e+01
1.497183247590234423e+01
1.371492950596786820e+01
1.454822624031559108e+01
1.535995552522856933e+01
1.579040357970064434e+01
1.572342933403380449e+01
1.496493783583092352e+01
1.584253408908497107e+01
1.678688536204127502e+01
1.683502123315551557e+01
1.659891510627114997e+01
1.604002938639959552e+01
1.539877870902961909e+01
1.553716116303159289e+01
1.520810932517981762e+01
1.574638077539037262e+01
1.618735916485639947e+01
1.639359710452491115e+01
1.609741604868033349e+01
1.577158863727467875e+01
1.504679907815912365e+01
1.513742353542135710e+01
1.509286506645395853e+01
1.588952825162842863e+01
1.675443894765654207e+01
1.628597112968181548e+01
1.545439748787651801e+01
1.573831540666935958e+01
1.511481524079984595e+01
1.515979039619250912e+01
1.606567049038002537e+01
1.641640116998145871e+01
1.634168337338476817e+01
1.631381640871549266e+01
1.582116795103537932e+01
1.473129840340711993e+01
1.359621406891099760e+01
1.394460143002891606e+01
1.489981747464267947e+01
1.579499903373809744e+01
1.552286630911495635e+01
1.548725871813052457e+01
1.609744898777461586e+01
1.619714192759663973e+01
1.552581778922931122e+01
1.436695819103350225e+01
1.390237644933478300e+01
1.491020018235835387e+01
1.582528270704448836e+01
1.554727059653065524e+01
1.556273141669842452e+01
1.605836021153322335e+01
1.623655626365540883e+01
1.616301579503909380e+01
1.555311771086893025e+01
1.308397265204351889e+01
1.372087779619929826e+01
6.470665775920301233e-01
6.470665775920301233e-01
6.470665775920301233e-01
6.470665775920292351e-01
6.470665775920292351e-01
