-4.187503542283020685e+00
-6.452644168801237257e+00
-7.092178120270258290e+00
-7.937087749365705491e+00
-8.669334994754867907e+00
-7.242738846630543570e+00
-5.153492328338644235e+00
-5.055605257451781576e+00
-6.024508789938402664e+00
-6.754181528593966810e+00
-7.657447415168377347e+00
-6.959472398659481307e+00
-6.357618574708339132e+00
-6.999636327133853975e+00
-5.795337692233911930e+00
-6.177783935721051556e+00
-7.655836769257652108e+00
-8.208303715723857863e+00
-8.649664220575292717e+00
-9.414848734824039056e+00
-8.965798813588039096e+00
-7.784988012938282687e+00
-7.140581943105700269e+00
-7.389191660063160860e+00
-8.000500508480302031e+00
-8.481246354366113849e+00
-9.029918161936139498e+00
-8.361161356968432656e+00
-8.125968994681478819e+00
-8.580416324613896251e+00
-7.463872489190118920e+00
-6.286872815279811455e+00
-6.004230334640796585e+00
-5.017213647115127628e+00
-3.606780097992889011e+00
-3.682002843983525953e+00
-4.113402977480665079e+00
-4.186333459146872826e+00
-5.171123396440336251e+00
-5.977578881820837964e+00
-6.474300067033136763e+00
-7.356150543700465505e+00
-8.347751519349557725e+00
-8.396406699659326733e+00
-7.663027061149983332e+00
-6.121228974401133449e+00
-5.444151349910971938e+00
-4.738614838664422457e+00
-3.622535262020123437e+00
-3.352181254464023930e+00
-3.758645670138891504e+00
-4.408917523012831907e+00
-5.358954336807925323e+00
-5.483900004419230534e+00
-3.902076007188672424e+00
-1.804573004235078049e+00
-4.032194461388750817e+00
-7.551744832406192209e+00
-9.072549624787631828e+00
-9.934948858625640256e+00
-9.902562824363089433e+00
-9.020929702947428908e+00
-9.356107778621392868e+00
-1.014906527690174798e+01
-9.385794276964624316e+00
-8.713570553039517108e+00
-9.599587952643947375e+00
-1.027161390885816949e+01
-9.690728780966384903e+00
-8.186133334468737033e+00
-6.359283224444861382e+00
-7.307797850783935623e+00
-7.638522074107345183e+00
-6.909036090062982360e+00
-7.732505115411647978e+00
-8.655888350900720951e+00
-8.898829139544806921e+00
-7.823122941639875094e+00
-5.745032166223604797e+00
-4.456628547313137290e+00
-4.098668901575404533e+00
-4.472650985377941701e+00
-4.297655775414266799e+00
-5.199785316849655281e+00
-6.548681104222199956e+00
-4.503715621599866381e+00
-3.908646726909660973e+00
-6.599565392804019659e+00
-7.759240504390172433e+00
-8.344124547343927389e+00
-8.896851751273210596e+00
-7.910277109964602538e+00
-6.264108325512732556e+00
-7.769732897207151545e+00
-9.942506226015083826e+00
-1.003858826707815233e+01
-9.761949910288274523e+00
-8.974521436742769254e+00
-8.071883600310453488e+00
-7.992217763581593637e+00
-7.942581882027433871e+00
-6.662215992902292605e+00
-7.747591270226690696e+00
-9.400318098378347642e+00
-8.599014092687770727e+00
-7.516710962822941156e+00
-6.872661276193428037e+00
-6.533183127170662630e+00
-6.236489758606966305e+00
-5.288196702769846880e+00
-5.228983956322495352e+00
-4.253521139714508514e+00
-2.109350373621576846e+00
-3.365527004565471270e+00
-4.115760789977350065e+00
-5.711128452763642116e+00
-7.902767567098059942e+00
-8.338601093066907666e+00
-8.716224605819611781e+00
-9.064483998255193242e+00
-8.398414362171543246e+00
-6.533472802197214158e+00
-5.769131953897685072e+00
-5.730995801582993820e+00
-5.017397885671792679e+00
-5.402373111415927909e+00
-7.634531079162727885e+00
-6.221806358704633055e+00
-3.740789535726340542e+00
-4.496045663641735857e+00
-5.758959291662216984e+00
-5.767137257568087705e+00
-5.783120423931752185e+00
-6.368941978483567468e+00
-6.830472717822046569e+00
-7.162503707625902827e+00
-6.757858553029195470e+00
-7.657982633258641592e+00
-7.473638547213961481e+00
-6.160736009825722448e+00
-7.793124632323164214e+00
-7.561931426835838188e+00
-4.547475864828830261e+00
-4.847670639107039214e+00
-7.139031727978766284e+00
-8.436808425563571134e+00
-8.218397714963005640e+00
-8.923172864761289347e+00
-1.035953913611016297e+01
-9.547501695034450009e+00
-7.692485829405601550e+00
-8.194420120685430575e+00
-6.886994897697605644e+00
-3.740923396886005392e+00
-3.518783596463710861e+00
-2.089851473524455994e+00
-5.504305993135818476e-01
-1.599326909296711063e+00
2.744310864074265832e-01
1.372081518332227246e+00
1.171287307637574493e+00
-3.939324011092237288e-01
-9.926274380725386148e-01
-1.447231046860107284e+00
-3.818464328674336716e+00
-5.321887526334332819e+00
-5.696418218109936760e+00
-5.040290220057074499e+00
-3.977482976803047077e+00
-5.091711595028836079e+00
-7.916480477356858891e+00
-8.262382344032083381e+00
-8.439306763153542335e+00
-7.640526703060477764e+00
6.470665775920301233e-01
6.470665775920301233e-01
6.470665775920301233e-01
6.470665775920301233e-01
6.470665775920301233e-01
6.470665775920301233e-01
6.470665775920301233e-01
6.470665775920301233e-01
6.470665775920301233e-01
6.470665775920292351e-01
6.470665775920292351e-01
6.470665775920302343e-01
6.470665775920301233e-01
6.470665775920301233e-01
6.470665775920301233e-01
6.470665775920301233e-01
6.470665775920301233e-01
6.470665775920301233e-01
6.470665775920301233e-01
6.470665775920301233e-01
-3.096549130575483311e+00
-5.001457873963996992e-01
-2.590738212029185306e+00
-3.962675682623372442e+00
-1.043698865558779776e+00
-1.274433210798141092e+00
-2.651840710880200014e+00
-3.593148171360019738e+00
-4.965586292139887448e+00
-5.097827843644304302e+00
-3.630086174480559258e+00
-1.071542537060882067e-01
4.523203639434031587e+00
5.777029550239904943e+00
5.638426553235302841e+00
3.378713499471563519e+00
2.681866579860680000e-01
-1.697553868977355607e-01
2.261675855865031171e+00
2.489503735497368808e+00
-2.590541309000932824e+00
-3.759957955619833481e+00
-2.998068963468949022e+00
-4.028556822433987605e+00
-4.693106261634382825e+00
-5.998969839577892316e+00
-4.971990210267335009e+00
-2.967716269369959914e+00
-4.300066253943279904e+00
-7.096067985208805773e+00
6.470665775920301233e-01
6.470665775920301233e-01
6.470665775920301233e-01
6.470665775920301233e-01
6.470665775920301233e-01
6.470665775920301233e-01
6.470665775920301233e-01
6.470665775920301233e-01
6.470665775920301233e-01
6.470665775920301233e-01
-8.307234244075438312e+00
-9.889358994634081412e+00
-9.232403252128518645e+00
-6.213730836796713675e+00
-6.024173008937420803e+00
-6.964985142746813906e+00
-8.535691040500285709e+00
-6.338118459090773094e+00
-4.797730525670619528e+00
-5.544539655095981345e+00
-5.617862103071926683e+00
-6.453227904891589262e+00
-7.936992081712161529e+00
-5.047115998626325428e+00
-4.580966656935150816e+00
-7.554686788868871794e+00
-5.410049771487774883e+00
-2.106379218291535516e+00
-2.168565334690989221e+00
-1.417034984980908741e+00
1.157812667304868037e-02
2.061663582917012683e+00
2.005350739357186995e+00
2.868326837287344500e+00
2.659416223709508476e+00
-1.259184566972227692e+00
1.162793093353587937e+00
4.500683239768078714e+00
6.728841647900027922e+00
6.699782269372731136e+00
7.153126223441023113e-01
-3.592723800101556897e+00
-4.615821102693613120e+00
-4.656219040441315293e+00
-5.978936699397440435e+00
-6.639208462000836697e+00
-4.223938694464710153e+00
-3.329817265856751529e+00
-6.061980523520689168e+00
-8.062299993762149342e+00
-8.480743431698158474e+00
-6.027733187065200227e+00
-3.650084260610242382e+00
-2.394191186634227808e+00
-1.521253827231295430e+00
-2.677249207897374195e+00
-4.853229077335768693e+00
-7.364534675315749013e+00
-5.461659141512789972e+00
-6.675535716766870520e-01
3.964094311966768758e-01
3.262615799767811353e+00
6.872415292225323213e+00
7.118701045402445970e+00
7.714580912653962841e+00
8.150098812649273938e+00
7.164588181613706475e+00
5.113969456125307289e+00
3.121234387638864405e+00
2.381426381603783504e+00
-4.739824158295402046e-01
-3.800053688670060215e+00
-3.104446239412550490e+00
-2.339166148152721281e+00
-4.356856096587218730e+00
-2.634742042379166982e+00
8.321929303652142451e-01
-6.182532759799810318e-01
-1.427041264662049169e+00
-2.421935130342973252e+00
-4.897714420635848498e+00
-6.136720184663496447e+00
-6.243065535767771124e+00
-6.818271882445907650e+00
-9.687894150083232958e+00
-9.558180304847951447e+00
-8.686770536485223460e+00
-8.922469922638960327e+00
-9.796232089072104188e+00
-1.100156986055862163e+01
-1.054906845170198437e+01
-8.808799186316392138e+00
-8.242150814762911892e+00
-9.806862565161713619e+00
-1.073452078060937254e+01
-1.109848669985210812e+01
-1.210249064712431988e+01
-1.284408714444970201e+01
-1.187483493259193779e+01
-9.742572149559906691e+00
-8.084493691616513544e+00
-7.419389063690388753e+00
-6.195581684081506779e+00
-4.381066390801771071e+00
-5.587865788521533261e+00
-7.445481421706701575e+00
-7.790341210031962227e+00
-7.467989013694352529e+00
-5.786441803713797682e+00
-2.973120731010935103e+00
-3.927572157202565251e+00
-5.420842878279128030e+00
-5.293151425484825090e+00
-3.668700138878049355e+00
-4.311066180746305321e+00
-6.549749373426521082e+00
-8.415596921731129498e+00
-8.890716163709484476e+00
-7.013482607313342498e+00
-4.953843052965997806e+00
-4.897331485437319998e+00
-4.371908832080698915e+00
-3.137326345929653204e+00
-1.770791012292377564e+00
-2.288374539278975828e+00
-3.039905195422713202e+00
-1.789450013657573058e+00
-3.887412136747475877e+00
-7.007637661983173061e+00
-7.698367724141217394e+00
-9.499846954982578140e+00
-1.051331803595574854e+01
-8.820760737870481094e+00
-6.730333431275487222e+00
-8.511446448312661062e+00
-1.039091770780586721e+01
-1.015743545099230438e+01
-9.532791592910058398e+00
-8.298063057031244583e+00
6.470665775920301233e-01
-7.818964838843139198e+00
-7.534547544484345494e+00
-5.793401643247962696e+00
-3.216728886310420421e+00
-1.819960154189273371e+00
-4.129952271151420717e+00
-6.575070317975744594e+00
-4.117302209288667747e+00
-5.355667781558667961e+00
-8.920755662053879931e+00
-7.727855799514377289e+00
-6.420587592262664067e+00
-4.438723150733822287e+00
-1.584076307699730179e+00
-3.818018186637601730e+00
-3.931752840746657984e+00
-1.970862787503996350e+00
-4.038134671155198419e+00
-5.767500657254132079e+00
-5.626217809857625873e+00
-5.048392348739384694e+00
-1.073669586741933024e+00
2.741873414018922261e+00
8.324952828110461223e-01
-3.967245225309242729e-01
2.738073792862631972e-01
7.390555321522471743e-01
2.676827491710849216e+00
2.874329809185162787e+00
1.746414746332969781e+00
1.845915518556173196e-01
-1.478089370947929471e+00
1.875587298952195447e-01
1.870982918780477178e+00
5.418315178764728790e-01
2.003424073445895459e+00
3.399824813951640490e+00
3.976477835869807187e+00
3.919137109844275546e+00
-9.077240559317910629e-01
-4.342398358047105056e+00
-4.433354517202812595e+00
-5.679786112706169732e+00
-6.998202988108526590e+00
-5.621597734097007582e+00
-5.762095189917549654e+00
-6.854456538034421342e+00
-7.483710741089215190e+00
-5.678493425780440695e+00
-4.394956761585619098e+00
-8.119566683733639323e+00
-9.453147012841666808e+00
-9.014944538659410256e+00
-9.120861038992750025e+00
-8.108412417569818231e+00
-8.591945234558655997e+00
-8.710518479398658087e+00
-7.943591721694216012e+00
-8.902677175723203717e+00
-9.174708462382643148e+00
-1.007418134827159051e+01
-1.161351190883685014e+01
-1.253481049582614126e+01
-1.240133992560487997e+01
-1.193424355670205017e+01
-1.201789112593625397e+01
-1.209802748982163401e+01
-1.206737333945967272e+01
-1.125306776606402970e+01
-9.515625370112218206e+00
-8.108435742258750523e+00
-5.797569372074168115e+00
-3.542926865134513381e+00
-6.017852746482047266e+00
-8.522652418472874913e+00
-7.518143379637681534e+00
-5.205635096290023078e+00
-4.693855449603242747e+00
-3.660208029996651735e+00
-3.407199295609561140e+00
-4.520076549902989349e+00
-4.507490412968055971e+00
-3.148943139972821381e+00
-2.036028197344473600e+00
-3.377407611418446809e+00
-5.480369664910402783e+00
-7.812368283441545991e+00
-5.850878266266994032e+00
-3.732118770516692496e+00
-6.232399407126490765e+00
-1.002521119155694151e+01
-1.219346571641641752e+01
-1.215006520616034180e+01
-1.151386852896424884e+01
-1.172433945781433806e+01
-1.188881788176711929e+01
-1.176136436413492525e+01
-1.130713138183589273e+01
-1.069268978501876255e+01
-1.064193827148431737e+01
-1.095998356932486573e+01
-1.058570907223051272e+01
-8.547134094207804011e+00
-7.580920693639260577e+00
-8.830151986475449633e+00
-8.615137011503884779e+00
-9.026516755683443805e+00
-1.011837039504345448e+01
-9.792277705164767809e+00
-9.348317040957743629e+00
-8.813339796123198511e+00
-8.748189770614438032e+00
-9.228117496688527766e+00
-7.727394818103767271e+00
-5.784976187591824193e+00
-5.639429038554808926e+00
-4.417681422220205434e+00
-2.371707841732219713e+00
-1.629310284938978670e+00
-2.986796772153474500e+00
-4.169555308938237559e+00
-4.602600454529979679e+00
-6.534104969138229357e+00
-8.333863763346069931e+00
-6.483954017110698409e+00
-3.369399201310024683e+00
-4.279368333662306512e+00
-4.047895017385583216e+00
-5.123121414582085364e+00
-8.114372965819825367e+00
-9.588935426250682070e+00
-9.528582617659022702e+00
-9.169067122630769617e+00
-9.194975097870536018e+00
-9.801791322763845571e+00
-1.072389677506450845e+01
-1.036274711076761434e+01
-8.728336456520571218e+00
-7.754644366464356509e+00
-8.330944983057770870e+00
-8.310873730667966086e+00
-9.249734428981795986e+00
-1.024036584732066935e+01
-8.969674961747548636e+00
-9.869982349949069089e+00
-1.138024689192393168e+01
-1.167203968080862708e+01
-1.113328599626920479e+01
-9.351326013087740918e+00
-8.569704780349752582e+00
-8.120103890059517937e+00
-7.369943519790242981e+00
-7.969348865562215778e+00
-7.223450603805910752e+00
-5.289722444723057748e+00
-6.459752300002340242e+00
-6.553355947771576595e+00
-4.551099048735006924e+00
-3.149058682508614204e+00
-2.381042917576136730e+00
-3.089565536194558870e+00
-2.977809818032058242e+00
-1.475696094054564034e+00
1.085273966399852963e+00
7.688005747271526857e-01
-1.418940047684185579e+00
-6.976935708546700976e-01
-2.010326579817123704e+00
-5.218332793810017911e+00
-5.918529388855232831e+00
-6.764962658225043945e+00
-5.004527529252351670e+00
-2.040008847544166670e+00
-2.304521231957637806e+00
-4.576847434486835731e+00
-3.998704006971390168e+00
-3.983200734742291971e+00
-5.428749677615310354e+00
-6.898373513868597762e+00
-7.982845813557751136e+00
-7.648690486166296765e+00
-8.469517898536038203e+00
-8.681933195300057804e+00
-7.970800939183123823e+00
-9.692769607727715453e+00
-9.935911607829044812e+00
-1.037433553103679529e+01
-1.033594048179157454e+01
-1.017869592064873707e+01
-9.917336736204541481e+00
-9.055779610684016490e+00
-8.147919741348331968e+00
-6.260353662774503114e+00
-7.424115352048799465e+00
-8.164483938883943637e+00
-7.795349093178439936e+00
-8.498953683725783748e+00
-7.791845046304082700e+00
-7.505274573030883190e+00
-7.647331323079328946e+00
-7.284522805009799207e+00
-7.266858056223378881e+00
-6.244181551793858809e+00
-4.562760698824390282e+00
-5.498722665234621942e+00
-7.240655330061137818e+00
-6.651045289247756287e+00
-5.272204511833528784e+00
-6.751773522668294447e+00
-8.819085903338374166e+00
-9.708046935423427115e+00
-9.934259857659235138e+00
-1.143703596428231073e+01
-1.156779433743421137e+01
-1.156861420726018075e+01
-1.161615046339732338e+01
-1.091043409057871116e+01
-9.166716826526556616e+00
-8.211957956196714647e+00
-5.823106783678795750e+00
-2.670804118844979147e+00
-2.807047825895626847e+00
-3.557621314572081417e+00
-3.452820507240027759e+00
-1.985407532934263974e+00
8.443953655271551062e-01
1.256740945165194301e+00
-1.842527000868922293e+00
-3.922721538909293759e+00
-3.235598658878078293e+00
-2.121329816555154846e+00
-1.124098717763811095e+00
4.293238513492883546e-01
7.571604387357304677e-01
1.495095737031268412e-01
-9.835460771583544037e-01
-3.002510072925423490e+00
-1.036342908210871716e+00
-1.099188518958405858e+00
-4.896525856215434125e+00
-7.075540895890306992e+00
-9.386193416487511598e+00
-8.074204410857396041e+00
-6.186841354137813553e+00
-5.342248048807066496e+00
-3.983474977365069947e+00
-4.857593863382745347e+00
-4.320109044942570087e+00
-4.470931076593544162e+00
-5.918324059615807542e+00
-5.041349412935178798e+00
-5.084380832083374990e+00
-5.630141647340829891e+00
-4.173533910864294150e+00
-3.421666637786008547e+00
-3.447620606570414026e+00
-1.488860693141155878e+00
-3.595511423207646384e+00
-7.243468658395300963e+00
-8.801402662075059169e+00
-8.204458484796797180e+00
-6.359541325889153107e+00
-6.128256371451986873e+00
-7.980489792079817235e+00
-8.714719716208033873e+00
-7.286767728509270903e+00
-8.286909828702475167e+00
-9.602783896595326496e+00
-9.686219584641373004e+00
-7.370848541035585733e+00
-6.042474188169224547e+00
-5.724077743416196462e+00
-4.373660962526821905e+00
-1.981141408838849483e+00
-1.025390241838612271e+00
-3.409186070553892556e+00
-3.877240655067925257e+00
-2.676049918022966878e+00
-5.060814355774520656e+00
-6.982674693939487476e+00
-9.365093627806041710e+00
-1.116762606449567308e+01
-1.062787028548827273e+01
-9.717839662737459250e+00
-1.011096196498299982e+01
-1.102496803374186385e+01
-1.081140063924744688e+01
-1.057152595096696501e+01
-1.054384289842875688e+01
-9.922051289635822613e+00
-9.533157631651420161e+00
-8.546295453310355228e+00
-8.570695326443962259e+00
-8.729481770629147874e+00
-6.812369497544518815e+00
-7.422526587909377582e+00
-9.227679147291853567e+00
-8.240359383827669859e+00
-7.034088590327900903e+00
-6.944996122006669381e+00
-6.766412602826369138e+00
-8.685692068479657024e+00
-1.051179461255703806e+01
-1.192110833283991767e+01
-1.134450991722254010e+01
-1.122619458946324400e+01
-1.223594400566326712e+01
-1.168235806850033143e+01
-1.041279460552004821e+01
-1.085516925601642413e+01
-1.223969257581557635e+01
-1.238071885885074863e+01
-1.246435808261634293e+01
-1.123067784061473695e+01
-1.212615494278466954e+01
-1.266424198028190595e+01
-1.206513664211907511e+01
-1.258172060437597395e+01
-1.250628373574484264e+01
-1.125220823063927433e+01
-9.598027692643157138e+00
-7.296629810816654071e+00
-6.934593546086682991e+00
-8.650272537197992051e+00
-1.070979312087695057e+01
-1.122103894105788768e+01
-1.002011802289047893e+01
-1.034235852482842510e+01
-1.032271271475647190e+01
-9.028347979475556784e+00
-7.866080551699191403e+00
-8.259245370395655428e+00
-8.472691750775272368e+00
-7.177437844095332586e+00
-5.271284404249592548e+00
-5.115588303727428787e+00
-6.981284563055695003e+00
-9.384990583912559359e+00
-1.089129393812349100e+01
-1.110534923192371437e+01
-1.195472091157709649e+01
-1.252543427552714483e+01
-1.242532436502378346e+01
-1.233409830183552991e+01
-1.273487785640886116e+01
-1.275517011776740972e+01
-1.249290570807625400e+01
-1.158085120701456283e+01
-1.040928547520178427e+01
-1.092919094739180785e+01
-1.216663951617226758e+01
-1.179128533613894980e+01
-1.146818142039139232e+01
-1.070088951329682558e+01
-9.979632602563908605e+00
-9.141758682423789750e+00
-7.355390153558531097e+00
-7.725669915601190318e+00
-9.481360678868297143e+00
-1.053011801688703208e+01
-1.067140657098313206e+01
-1.189901259556496349e+01
-1.279508567755445902e+01
-1.234705313890697376e+01
-9.701574022602381220e+00
-1.056914575285081526e+01
-1.207206814678694329e+01
-1.092671446721072925e+01
-1.044149238955371928e+01
-1.165343273158415194e+01
-1.211015360648874406e+01
-1.200286670419967194e+01
-1.157160189317881560e+01
-1.070581019239549292e+01
-9.496557606784000072e+00
-8.856241700781406934e+00
-8.405241390748386721e+00
-7.680684624431434848e+00
-6.253480426205636711e+00
-5.763403776421021973e+00
-6.129471024604489671e+00
-7.880832142371033022e+00
-9.044766583329110432e+00
-8.052790750356445315e+00
-6.449909445774688166e+00
-7.533233769003071068e+00
-8.665908200566152075e+00
-5.532942404488800037e+00
-6.356094428218400871e+00
-9.417629979905106197e+00
-1.010769891653243313e+01
-9.324370774473592860e+00
-9.986283418161303160e+00
-1.156216020906317254e+01
-1.158467479300910519e+01
-1.022841948180608362e+01
-1.026660939012138662e+01
-1.034731007684808191e+01
-9.253816341637806531e+00
-9.217498822048783680e+00
-9.467954414960058074e+00
-8.523038064394768298e+00
-8.548279377762407094e+00
-7.976953040269764372e+00
-5.650504686730595694e+00
-4.398828656894969491e+00
-5.089827892431987522e+00
-8.471650879870896489e+00
-9.801303164446355964e+00
-8.875737044654028907e+00
-1.071097726420766527e+01
-1.174084294853665078e+01
-1.090637683728275853e+01
-9.794968816836822967e+00
-9.382967308795086225e+00
-9.122474086698867168e+00
-8.004411744805313589e+00
-6.432051996816535500e+00
-8.274729150517909915e+00
-1.048770471050501740e+01
-1.079520662189770519e+01
-1.052056974647426557e+01
-9.617378450752360308e+00
-9.965980573816068500e+00
-1.073718814887020656e+01
-1.078097108231136581e+01
-1.055982527191313203e+01
-9.055135254135674217e+00
-7.200515307870037240e+00
-6.818170035549663055e+00
-8.366225747495365184e+00
-9.455388850464455430e+00
-8.786325483296542060e+00
-7.220323586797846360e+00
-7.404221102686180167e+00
-6.812091430301248529e+00
-4.757999479321415315e+00
-5.668519183761092428e+00
-7.701903565715126021e+00
-8.443925352246671068e+00
-9.075853350798498198e+00
-8.546209752315499841e+00
-7.810582274497668287e+00
-8.856758357085869449e+00
-9.297944253316721586e+00
-9.825191330836835490e+00
-8.272235705884760648e+00
-8.811705037545554120e+00
-1.133784301848179332e+01
-1.121495808633844860e+01
6.470665775920301233e-01
6.470665775920301233e-01
6.470665775920301233e-01
6.470665775920301233e-01
6.470665775920301233e-01
6.470665775920301233e-01
6.470665775920301233e-01
6.470665775920301233e-01
6.470665775920301233e-01
6.470665775920301233e-01
6.470665775920301233e-01
6.470665775920301233e-01
6.470665775920301233e-01
6.470665775920292351e-01
6.470665775920292351e-01
6.470665775920301233e-01
6.470665775920301233e-01
6.470665775920301233e-01
6.470665775920301233e-01
6.470665775920301233e-01
-9.352751600569188639e+00
-8.504984818719519168e+00
-1.004572931815494030e+01
-1.076007290318728060e+01
-7.897408207586935625e+00
-7.626121963093567047e+00
-8.406234491358890892e+00
-5.967691565090379235e+00
-4.760678386598801382e+00
-5.777477057820646245e+00
-8.498517269792097650e+00
-7.644306003315985087e+00
-7.653675399145607905e+00
-9.668479327437861315e+00
-9.528586976000939401e+00
-1.003803814025344110e+01
-9.919671844938827476e+00
-8.003629199183887266e+00
-9.568693765521812722e+00
-1.195093595397443664e+01
-1.243386949695755916e+01
-1.177090688065683999e+01
-1.259244926356430838e+01
-1.338077801618688589e+01
-1.323186564810896471e+01
-1.215067158576917805e+01
-1.261749157727944315e+01
-1.242494566095126451e+01
-1.050378209716153322e+01
-8.839746818224949010e+00
-8.764693865754713542e+00
-9.268475971285887738e+00
-9.144764585451472527e+00
-8.447598667481582169e+00
-6.984020002602867372e+00
-8.446794053697335158e+00
-8.628805091394095683e+00
-7.262368959389030820e+00
-8.431059683179235265e+00
-8.999460938909209062e+00
-8.287776737493153689e+00
-6.590004604007599021e+00
-6.131766928798159100e+00
-6.844818126992924689e+00
-6.136035169083937646e+00
-7.369738703984849870e+00
-7.639861977841959195e+00
-5.895921503214241355e+00
-8.675703965617778124e+00
-1.116505482192087406e+01
-1.136451239572797256e+01
-1.142421663598930870e+01
-1.048407527207905510e+01
-8.173769949992236050e+00
-8.905452134611442361e+00
-1.058140057721671923e+01
-1.056234084649878469e+01
-8.872131555267213088e+00
-7.807071659312711631e+00
-6.787422292279565283e+00
-4.571900333817097817e+00
-3.862567738251747151e+00
-2.889316425266896360e+00
-1.302912531913233973e-01
-2.157402607422212737e-01
-5.763090975453719622e-01
6.324181420163783596e-01
1.896973228599591332e-01
-2.207360560523927706e+00
-4.505332881174996196e+00
-5.968003220289913813e+00
-5.246276280043993268e+00
-4.687338077607033249e+00
-5.171586202878314609e+00
-4.086433147626967965e+00
-2.849071290887591701e+00
-5.117226097774731031e+00
-7.158925828563713623e+00
-4.852015832181456823e+00
-2.996589598605383653e+00
-5.620657409835204454e+00
-5.493271590269888982e+00
-4.721263341025932370e+00
-5.204497485312701954e+00
-7.142935837985591618e+00
-8.744995577527918229e+00
-8.102408255186183794e+00
-8.583736427829334659e+00
-6.644819215790254141e+00
-3.115372898286338454e+00
-1.093336122290525347e+00
-2.271801272307515385e-01
-1.296424401772243051e+00
3.272318240904891207e-01
1.373693372469086960e+00
1.764829299806383922e+00
3.104440888685025435e+00
-4.760850961153735295e-01
-4.389696412012219717e+00
-5.690782147636655353e+00
-7.734142425661333142e+00
-9.226549619141346525e+00
-9.984158082949651458e+00
-1.068047535046291507e+01
-9.584406053120186897e+00
-6.692181164912253344e+00
-4.378333298464323065e+00
-3.200839496468584677e+00
-5.264553883338997764e+00
-8.796803798510886452e+00
-9.836441917631987053e+00
-1.129074711170627232e+01
-1.250359818519610045e+01
-1.191658373989205622e+01
-1.113813496279253812e+01
-9.839435031960144684e+00
-8.138618884764877492e+00
-1.005255523639797310e+01
-1.147887263701839444e+01
-1.104661789445077602e+01
-9.442867358628271646e+00
-8.885574410664446532e+00
-6.953699136479901455e+00
-5.423641485277842733e+00
-5.692999726792325355e+00
-5.176137596025283116e+00
-4.523551630122922163e+00
-3.821027988854815316e+00
-3.526119782840365424e+00
-3.314625851076636653e+00
-6.014560394103579455e+00
-8.224740368395497825e+00
-8.718826669810049168e+00
-7.529650773763070681e+00
-3.420606743680357109e+00
-1.338992011106762137e+00
-1.460998782538574625e+00
-3.148742488186004440e+00
-5.825109372962799625e+00
-7.118044156045017168e+00
-3.480254669117800681e+00
1.491840669672478414e-01
-1.465282401924794975e+00
-4.384599213907959481e+00
-3.738512783012038820e+00
-1.223725706106661981e+00
1.319389390352762925e+00
-1.673336187684241638e+00
-4.212942911775712673e+00
-5.857958050411363082e+00
-9.289940604250698897e+00
-9.143915407130108974e+00
-8.833377162313002628e+00
-9.925692028112550247e+00
-1.048072824956648219e+01
-9.582917436706432923e+00
-9.026753512834734039e+00
-9.875971268642850021e+00
-1.154474780860708627e+01
-1.179830483287722132e+01
-9.558231867943197457e+00
-8.230990961908464243e+00
-7.438823299606888817e+00
-5.137056075204379013e+00
-3.726723078785350030e+00
-3.021047960165645918e+00
-9.408715229627834242e-01
7.032054450544730217e-01
-4.621661714703809709e-01
-2.452453541510214219e+00
-4.361786458452911575e+00
-3.197134298874247715e+00
-9.200841270295333496e-01
-3.936608913547951505e-01
-1.665822047651368765e+00
-4.453424706552172374e+00
-3.999100461368118253e+00
-2.439458580459479720e+00
-3.352005356034694294e+00
-3.896650012717723932e+00
-3.848037774937797195e+00
-2.800272326605544482e+00
-1.773865361045898315e+00
-8.630485172132552618e-01
-3.965931122220155425e-01
-3.391743104013847709e+00
-5.820985323074409301e+00
-4.018752250825158967e+00
-3.025319726435852452e+00
-3.655627306062369186e+00
-3.079801638518300688e+00
5.311702405706597574e-02
3.563000295986089139e+00
4.683597898614911159e+00
5.149466803664227932e+00
4.389989046944412721e+00
2.064031536332876726e+00
1.171001840102755764e+00
1.786914693046326441e-01
-2.669467925716868084e+00
-4.901961492574678836e+00
-4.353191166928771949e+00
-4.106529038924070285e+00
-3.148821974282671743e+00
-3.120567203510070886e+00
-4.380102164071261406e+00
-5.718745496463685463e+00
-7.990078222547433384e+00
-6.410036944977647089e+00
-2.536130137888211955e+00
1.598366048430208464e+00
3.510357150499714862e+00
1.235815585275074735e+00
6.127448224599892912e-01
2.471418833491378031e+00
3.564038472594738050e+00
4.514114334059908806e+00
5.085636848777395080e+00
4.516455982173545713e+00
4.351425940859892982e+00
3.097632643101997374e-01
-4.085107796135538649e+00
-2.031220794432636811e+00
-2.260114162101957369e+00
-3.735305652898441853e+00
-3.454590132171579064e+00
-3.521391334308699328e+00
-2.241116845561754722e+00
1.289230099170249888e-01
1.402194220312169115e+00
2.283013945987379945e+00
1.980759484478848087e+00
2.642079272640267096e+00
5.027560364438695473e+00
4.560116235702583509e+00
1.902986740676091859e+00
3.171419213143167770e+00
5.720452258264223211e+00
4.249028744890460452e+00
2.001729557644571056e+00
1.650469100774252240e+00
1.929314504884915293e-01
-1.505016905733895793e-01
1.027767092601714616e+00
-4.440220693111377598e-02
-2.367790121707551876e+00
-3.070910068559440931e-01
2.957219830834703078e+00
-1.525133800965163822e-01
-1.109306734436433572e+00
6.151396100501166364e-01
2.994937505830607360e+00
2.787593237636653232e+00
1.832310469833438704e+00
3.903701297755125754e+00
3.746915989456740093e+00
3.389798223097036267e+00
5.443487299838731808e+00
5.374745472496443632e+00
2.818867821709397425e+00
1.535565335593767955e+00
1.819846646461736883e-01
-2.517422815632087918e+00
-1.119451692189863623e+00
3.799491162305401293e+00
2.356504754815814451e+00
8.607905275377367715e-01
1.449473507971919872e+00
3.227766881017615774e-01
7.033582741491501977e-01
1.768576400163755391e+00
-1.969207233002930602e-01
7.222917579780327446e-02
5.312071574571791688e-01
1.154122928154063477e+00
5.285541891802314929e+00
8.398931083984233936e+00
8.762130994338171774e+00
5.837288057905169580e+00
1.002689228045832159e+00
-2.060212096207730603e+00
-4.023210239079628714e+00
-5.808926210760381181e+00
-4.212690482247900547e+00
-2.469796588516592006e+00
-4.188346323131543869e+00
-7.220782134373616934e+00
-5.488801100139758304e+00
-4.067888073591396925e+00
-4.531819314374084584e+00
-2.296316845122796657e+00
-2.082690906621557314e+00
-8.232407968997463854e-01
-2.010105927569209250e+00
-4.196924145619630231e+00
-3.653341807959557208e+00
-2.836224485246733984e+00
8.761240971683342815e-01
4.280162683176494731e+00
4.173335348094867392e+00
3.801929514366310325e+00
5.914627992046506577e+00
7.888015565216621283e+00
6.816141949251345089e+00
3.284260671267755338e+00
1.748430435042399589e+00
4.548839615212687093e+00
5.746485918083637401e+00
6.208268489785830013e+00
8.358421040653192691e+00
9.491280494173052418e+00
1.067129341750631788e+01
1.169048049097124142e+01
1.041527111035123987e+01
1.053438599429888356e+01
1.085874427503676465e+01
8.761891874994196527e+00
1.021989020006447291e+01
9.985372157787717029e+00
5.944128246905394874e+00
5.537353276364705756e+00
5.876170427490790438e+00
6.592562931094458456e+00
7.718025043006289110e+00
8.458085388723013409e+00
8.702346662489782503e+00
6.978571750996898970e+00
6.500521311125219803e+00
7.896269268235326599e+00
8.699134255085898104e+00
4.949524085843587606e+00
1.528185015145288483e+00
3.133414500741665609e+00
4.350623110260930737e+00
2.396074978261398147e+00
-9.879473428143457081e-01
-1.568043387451572679e+00
3.419794006303372935e+00
5.528665363347649020e+00
5.040211618137494298e+00
3.809943302726314318e+00
3.484112105749883170e+00
6.241778536827614410e+00
3.940858755627628884e+00
5.464434348267593888e-01
9.073403256774656978e-01
1.925981088276556008e-01
-2.139505478505655811e-01
-1.951257074976353867e-01
7.153249721549966855e-01
2.178313120793381685e+00
4.095555421678310104e+00
5.285173121362810811e+00
5.703190268307479549e+00
3.046761742242487081e+00
-5.862141958913770212e-01
-8.871906995715946043e-02
3.611432227198639211e+00
4.998779421267673051e+00
2.701954360683905598e+00
1.227223414387912825e+00
1.611896038278685661e-01
-3.532198673046615389e-01
-1.141699652613490823e+00
-3.956473939656125483e-01
3.661204537922634117e+00
5.833995284889691213e+00
6.466579799003905116e+00
5.722033776432087215e+00
3.675662107179710425e+00
1.258641523180129118e+00
8.086139915024125324e-01
-2.851325075929261321e-01
-5.409927136423572369e-01
1.837617738833209113e+00
2.728029648446221311e-01
-2.055509492677113137e+00
-2.758900769777657302e+00
-7.331905900428581369e-01
2.019162484729576157e+00
6.472565756968025497e+00
8.568962099287805501e+00
6.351326268957390830e+00
7.826769151579617834e+00
1.104259840443263130e+01
1.089613061227916013e+01
7.815024904427709806e+00
4.570533515436958183e+00
4.859523128284773286e+00
2.193582250567414516e+00
-3.172597842553241509e+00
-4.987935358290153331e+00
-4.984096631992933624e+00
-5.049997059711541780e+00
-5.361541530785552290e+00
-4.512412985934604492e+00
-3.007274121361774188e+00
-2.535580282071542069e+00
-3.882021177181791849e+00
-5.622141155243768118e+00
-4.714195889079007884e+00
-3.367693428230456920e+00
-1.019853829154051761e+00
2.753254247740907767e-01
-6.854165745466963555e-01
-2.529840175429805549e-01
-2.806223735431420785e+00
-5.052050626426470181e+00
-4.332933933754874456e-01
4.368181867705057897e+00
8.369523334840355488e+00
1.027871890048971437e+01
9.952923931925795387e+00
9.850367605333216758e+00
1.013444680702312617e+01
9.398087680421348011e+00
6.358283329829676589e+00
6.872234685140910848e+00
1.036833337187746729e+01
1.183908309790505697e+01
1.284405444476841041e+01
1.298951824680417744e+01
1.236834089090197075e+01
1.145753014285665827e+01
1.162465600269569244e+01
1.157246246435021853e+01
9.985049985057250055e+00
1.068274188742392994e+01
1.136982190901205136e+01
1.004009000746291846e+01
8.020956582105000621e+00
5.815152644838846641e+00
5.345062431408909021e+00
7.317171387233507573e+00
8.372023456211152848e+00
8.978332475302639892e+00
1.001428260608251897e+01
1.135378783152786220e+01
9.739780415058044483e+00
4.111804257397539963e+00
5.376708775582882183e+00
6.858807102531480737e+00
5.738777269910396939e+00
6.433937367892922587e+00
5.849778920828848428e+00
4.859730150485514599e+00
6.235647815752527912e+00
4.338626415674916359e+00
3.349744130272249265e+00
5.295163714998494697e+00
4.608686722063689345e+00
2.430772616527869356e+00
2.655859221445814100e+00
3.310274212809519057e+00
1.593630666229814974e+00
1.790266472560116950e+00
8.683494413558248137e-01
2.014233388614502740e+00
3.051573158872109559e+00
3.370222808213762633e+00
7.593759178040511593e+00
1.000617196323752900e+01
7.741361191446991974e+00
6.109155033729357420e+00
6.320791610313244213e+00
5.425144493998984352e+00
7.039228624028124770e+00
8.682862957179878549e+00
8.829212387644592042e+00
8.281062502004052917e+00
8.003731515589583623e+00
6.564228684072266340e+00
4.396353967339175384e+00
4.338717665329067330e+00
5.287914368552292466e+00
7.791464396299466522e+00
7.384134275556797355e+00
6.418520773884022645e+00
6.964474335535045135e+00
7.473079585689474946e+00
9.088200656833141267e+00
9.037562328961938007e+00
9.055355500824967763e+00
8.878465771343218904e+00
8.276770393033718420e+00
1.065979108192005320e+01
1.281860385950193226e+01
1.066888784972143966e+01
8.849084058935250852e+00
1.009320587955414439e+01
8.708770764729566238e+00
8.820205058453140623e+00
9.073039237655409650e+00
5.527476445430766105e+00
3.041890933823633514e+00
3.558511852511745843e+00
4.428860855006290898e+00
4.883314061484984592e+00
7.029025691913766138e+00
9.165905855474903774e+00
9.608503658600580977e+00
9.014720422074974593e+00
7.423412841425674813e+00
6.708552834977997925e+00
6.595793488952119255e+00
7.033730500857464207e+00
9.874540360613913492e+00
1.115057316365467344e+01
9.912909156520385068e+00
8.310253439893353189e+00
8.018205608962523101e+00
8.916070891106649299e+00
7.303300265880401376e+00
3.199923466956957174e+00
3.577390083677663313e+00
6.057394949001007944e+00
5.962299790353246642e+00
4.806016717496501833e+00
4.422840958047400406e+00
5.046177322452533254e+00
7.186369532658460457e+00
7.169983674100229187e+00
6.454658110705381979e+00
8.169183019494477449e+00
9.990417941809003111e+00
7.563004537124752957e+00
4.152793023377106429e+00
6.392001017656005146e+00
8.698869668713633985e+00
8.500118235031509428e+00
9.179603287338002460e+00
8.093075639487581796e+00
8.008507717590736874e+00
1.027400489151373009e+01
1.178101792957446925e+01
1.067445440593046690e+01
9.001647278951313780e+00
7.462514951707873045e+00
6.963829342458007332e+00
7.699364004824439611e+00
8.366609082769578265e+00
9.467382951473265251e+00
8.569153756074975092e+00
7.269374796407884531e+00
8.214148853189954025e+00
1.038925480716169147e+01
1.110616833101632572e+01
8.578516557167773726e+00
7.508442469606865899e+00
9.694029898193470274e+00
9.809109494953826669e+00
8.206039220943011969e+00
9.400644690486313237e+00
1.107873164772857066e+01
9.326828212512976890e+00
9.559147953815131160e+00
1.030016844893482464e+01
1.007544092035371364e+01
9.968954562012886100e+00
1.013735193302230897e+01
1.196740775011974023e+01
1.349964268730900052e+01
1.280985844386127503e+01
1.242752082278761350e+01
1.239542957493063646e+01
1.118945162605030319e+01
1.227489749276106679e+01
1.200838308559547585e+01
9.364774675926172520e+00
6.453530664808115880e+00
4.628783564110096727e+00
3.576758645397675185e+00
4.222083796157012792e+00
6.366364849495968592e+00
4.452215427823815297e+00
1.263410942183977426e+00
-5.561918381149747459e-01
-4.134109525450277989e-01
3.723207203960978706e+00
6.254575488177581910e+00
7.580949076209639870e+00
8.470447464123092018e+00
9.061571425523778700e+00
1.017574271790127760e+01
1.105186939015373326e+01
1.163838420677555163e+01
1.244954057020800953e+01
1.075316166194240353e+01
7.263463587501457042e+00
6.047886313915850742e+00
4.320900780261906604e+00
1.613694689769633817e+00
4.159032533116350017e+00
7.502570743312166002e+00
7.512146174479831018e+00
7.334400639155206569e+00
6.638005879806509135e+00
8.082398129222690741e+00
9.674858282289743983e+00
9.527259009958459757e+00
1.050021646976797562e+01
1.174741014359485014e+01
1.192406611634529945e+01
1.132021128312780256e+01
1.141365457960757723e+01
1.090343279668552334e+01
8.800420840625671204e+00
1.115984718660335240e+01
1.339207417550835721e+01
1.367542154012743083e+01
1.401610672720443240e+01
1.475572899739198718e+01
1.514162345414988486e+01
1.475513817741764910e+01
1.466104304371645206e+01
1.436531320457932814e+01
1.492898748365458239e+01
1.528940644987028996e+01
1.437674063807000024e+01
1.331228837564669121e+01
1.118699452783982728e+01
9.396512910186144651e+00
9.764917966897341373e+00
8.421306137163520944e+00
9.066855146598209458e+00
1.111998181609663128e+01
9.282415159651703718e+00
7.661364709594504774e+00
8.881712910557013174e+00
1.148576599171394363e+01
1.424621057779908995e+01
1.477444533323803277e+01
1.508539460108574559e+01
1.426036059503040576e+01
1.275049191258339754e+01
1.391208229429306087e+01
1.503855376464091975e+01
1.521920115798283213e+01
1.485660453572765327e+01
1.359884133217224544e+01
1.146214953705380957e+01
1.030281812148447074e+01
1.068568595536285315e+01
1.045761857766348513e+01
9.331337903700408276e+00
1.026418245141353047e+01
1.210469649592474006e+01
1.060325031565856158e+01
9.492209215338965222e+00
1.051337117671422838e+01
1.284599622658677376e+01
1.426464303767268582e+01
1.434840030503088215e+01
1.429198313405098197e+01
1.404566637741542401e+01
1.271242127111973019e+01
1.373598431055334324e+01
1.352576356997663254e+01
1.326303317934102211e+01
1.456281940884314530e+01
1.472265175250575986e+01
1.416478091100195158e+01
1.321959761772292374e+01
1.383829122655794208e+01
1.354992995916824228e+01
1.199609182169669630e+01
1.162532764668637952e+01
1.112799838417442544e+01
1.212395800630397069e+01
1.124147389852297074e+01
8.165051780464162690e+00
7.284590084340013760e+00
7.325201119435922337e+00
7.659895751201856839e+00
1.064692112534479662e+01
1.039451410601979475e+01
9.360251081967675191e+00
1.017437780961422433e+01
1.061807385194699371e+01
1.014050672956851429e+01
8.331798156255789678e+00
5.827629149496997840e+00
2.932461550088417468e+00
3.778182126226647064e+00
3.419322743510552876e+00
1.625909524016941443e+00
3.889244791580881433e+00
5.652691066120429930e+00
5.639213436952918990e+00
6.612408969762581634e+00
6.670313880161963027e+00
7.650707025651190207e+00
8.748429541344657778e+00
6.256230907411803877e+00
5.888586086076902149e+00
8.890517413798002977e+00
8.728798490414256150e+00
8.949667066791096914e+00
1.010875807984754360e+01
9.348442348331538199e+00
1.107870291904127846e+01
1.228887559448571309e+01
1.293301090357358696e+01
1.424824960312763267e+01
1.466624122632856597e+01
1.502278486167560700e+01
1.440043079221839051e+01
1.446009541808810361e+01
1.448361789295964108e+01
1.425478535733613583e+01
1.505283436230057248e+01
1.501005963080205774e+01
1.496550095788128232e+01
1.496519047549468162e+01
1.491856440487375934e+01
1.448097561526741650e+01
1.397476227906628843e+01
1.341640709667179010e+01
1.470870992250596920e+01
1.518842640069900440e+01
1.392081575824834694e+01
1.341399093236770668e+01
1.443882097645792406e+01
1.440518885603709975e+01
1.395901639189896670e+01
1.410752570830625707e+01
1.379956937002668127e+01
1.415342843178188836e+01
1.513807698284769820e+01
1.541358721681686639e+01
1.507755337475072643e+01
1.468362669542774412e+01
1.368689218562844268e+01
1.333434100391192523e+01
1.210344268062815409e+01
1.021077379264182028e+01
9.438994326333986606e+00
1.013815809476870733e+01
1.047374651209437957e+01
1.322839445880290832e+01
1.414448182976063251e+01
1.234027705245861029e+01
1.199099341988920564e+01
1.267917358517655302e+01
1.378612133921310523e+01
1.240117620927746067e+01
1.223562298990198904e+01
1.363953466942923853e+01
1.415954046037604641e+01
1.462973897059612938e+01
1.480332998121625110e+01
1.448512865383777459e+01
1.324812498003888628e+01
1.214161814975134668e+01
1.426071150221496886e+01
1.515295449228784008e+01
1.516386184140955251e+01
1.427199017700097805e+01
1.379830428982038448e+01
1.442558052286421599e+01
1.478038945741027810e+01
1.497447642760434938e+01
1.469257503374131169e+01
1.363653469626300385e+01
1.348861902257614531e+01
1.400907473255902502e+01
1.416287595062138571e+01
1.409722946375505792e+01
1.278752497317901771e+01
1.388409064850209873e+01
1.439252460421499258e+01
1.445881434824503486e+01
1.519419920073486452e+01
1.515369343210745789e+01
1.489663792017534938e+01
1.478537872965158861e+01
1.387455713270628088e+01
1.455061166455702804e+01
1.478461586620533197e+01
1.470031829766877962e+01
1.399213254791765060e+01
1.381082978522530524e+01
1.217009503310490359e+01
1.015872593957064929e+01
9.862944722614219728e+00
9.005223268413374171e+00
8.068747074562692134e+00
8.668084586831094285e+00
9.050474669318209209e+00
9.148305884491090723e+00
1.007135067918148330e+01
1.244068186419053212e+01
1.304518662036321430e+01
1.227342168896593932e+01
1.337967302151897009e+01
1.359228765653013937e+01
1.262964423571988704e+01
1.245186526864755017e+01
1.360020436027174462e+01
1.448186625695427487e+01
1.488632631736084200e+01
1.479726645700819176e+01
1.429145632169781699e+01
1.342146235785709329e+01
1.228073823342035986e+01
1.202479755658430172e+01
1.261879178186381445e+01
1.400675542590868972e+01
1.462484254888765101e+01
1.401990164307484399e+01
1.302213463872941546e+01
1.196529846358479077e+01
1.159091365440987076e+01
1.043337186599070243e+01
8.755053964657150800e+00
9.039303582571486473e+00
1.094635262421146393e+01
1.130286954936125454e+01
1.156466304816540358e+01
1.349998870319376465e+01
1.388022798422181303e+01
1.355755975321367757e+01
1.404187587494635814e+01
1.458578424593345702e+01
1.503004253115490485e+01
1.538149042488603691e+01
1.522509061096187821e+01
1.482119100605447315e+01
1.478222177026542994e+01
1.404987255318910577e+01
1.411393404281044717e+01
1.419086285395923852e+01
1.467687111442381465e+01
1.425446195612736844e+01
1.379545478176330597e+01
1.397926538274594321e+01
1.273292187884595350e+01
1.181345451535786850e+01
1.312425485466996200e+01
1.314956732936826356e+01
1.109786071728508361e+01
9.465162054380311218e+00
8.740478902978217945e+00
9.032265761128657644e+00
9.938359474552203920e+00
8.366266137720003826e+00
5.630273668553852140e+00
8.922500882796033039e+00
1.173342405513380271e+01
1.220645917397825109e+01
1.197894741329806934e+01
1.173042035403228667e+01
1.158837287139247962e+01
1.228121235406524470e+01
1.390262506752242544e+01
1.394850182753115497e+01
1.276268974709675241e+01
1.237361931039125729e+01
1.324562370493512553e+01
1.339665363238130347e+01
1.390519387838712184e+01
1.348463861104796990e+01
1.366918193093900946e+01
1.450469045136757451e+01
1.402951405479905134e+01
1.280972962629276246e+01
1.219930800378630664e+01
1.192333236516527606e+01
1.351788887586095811e+01
1.426072611275807311e+01
1.305950315976405740e+01
1.234607173054091511e+01
1.199359179552860155e+01
1.093770565282265750e+01
1.107890679146598600e+01
1.199158963366373953e+01
1.175802464229222011e+01
1.265718488558066745e+01
1.146315116394909950e+01
9.993168719922588039e+00
1.157385498562810966e+01
1.244170695000801352e+01
1.299386009345567317e+01
1.217249747998535803e+01
1.137148074334383629e+01
1.045856956078860200e+01
1.032492714094963127e+01
1.154377055022939835e+01
1.036413054038306214e+01
7.485097913308547568e+00
5.141106138892182820e+00
5.130257528020489843e+00
5.530172875100361374e+00
3.272293791513896544e+00
4.110660282296285217e+00
7.580121676485345183e+00
9.229996658066188076e+00
7.367248626407605805e+00
5.128025702104035410e+00
4.954511555462272732e+00
5.900950041859402972e+00
8.296443984810045080e+00
1.127743630521874785e+01
1.181253705365399753e+01
1.152507319970183453e+01
9.648306375460181883e+00
6.875197898733573787e+00
9.190664650365928168e+00
1.057542994454264829e+01
1.104835303762356702e+01
1.262016897239454849e+01
1.258109557513166266e+01
1.101237568425713675e+01
1.193578625907044000e+01
1.263048477836093575e+01
1.301790959353938426e+01
1.415018298138677011e+01
1.399742087680964708e+01
1.341608728725637967e+01
1.074767133758383331e+01
6.522011859177923476e+00
3.212359561128570906e+00
2.915770198067494379e-01
2.258902578076884549e+00
7.958212013729283107e+00
8.209764942433526613e+00
4.524815533901013431e+00
3.184037258676198689e+00
3.967168920685028688e+00
6.309769844896978341e+00
8.053164343635121014e+00
7.306794852361651493e+00
6.674894263602175748e+00
6.641715494110118634e+00
9.853608140571184393e+00
1.153473534364834840e+01
1.205058336639536165e+01
1.214968786476362261e+01
1.203539299292871867e+01
1.105035375787641883e+01
6.958930139951320371e+00
4.976587032682861178e+00
4.181463030013309989e+00
3.714960610710864142e+00
1.990682760183050570e+00
3.846733129634644310e+00
4.503317140603357416e+00
1.300926152773321590e-02
-9.040509949101300791e-01
9.059201464966385453e-01
5.212265923057756822e+00
8.006602876492435072e+00
7.036833402474476529e+00
4.396467572454158201e+00
3.663949170678993728e+00
6.227628964743154860e+00
6.292206949161097462e+00
5.998558577720566554e+00
7.838971426176170709e+00
9.969308162149381758e+00
1.126152519482442749e+01
1.181664739819649945e+01
1.114990714820578255e+01
1.002951556529624177e+01
1.011190316316483440e+01
1.143668917167909704e+01
1.133823883446493852e+01
9.342915327960316318e+00
9.837961985266080234e+00
1.133212103365905676e+01
1.124695219828375237e+01
9.295112507773854560e+00
9.688226590361987078e+00
9.384322235954901004e+00
8.079731539862915923e+00
1.108504089438270768e+01
1.270280667177199874e+01
1.249201855618093759e+01
1.288300097831015911e+01
1.290957694638518838e+01
1.150857331460883692e+01
1.018672466698932588e+01
9.355406050790028516e+00
9.401493021168818132e+00
7.339693106057863403e+00
6.101458163069207963e+00
7.939981628294097149e+00
1.037028076282713229e+01
1.147325309838006113e+01
1.067724934653033131e+01
9.781729552297402819e+00
9.358262338791252688e+00
9.641013689534741360e+00
9.988069798097681584e+00
9.043050885276391782e+00
7.238497239143828921e+00
6.987028922741234105e+00
9.365347913986111550e+00
1.112709863825856793e+01
1.071114414580466345e+01
9.805915937913507463e+00
8.476058863581179992e+00
7.607804627879110271e+00
9.013325485441205487e+00
1.031885608464546422e+01
9.253457827527714841e+00
9.038252999425456125e+00
9.910428813781027912e+00
8.523233454481589533e+00
7.040458875115743531e+00
8.479455298784534634e+00
9.669581088385816869e+00
9.853325753206590321e+00
9.430108105962949239e+00
9.059078470893631163e+00
8.243936860065058880e+00
9.591437919424473435e+00
1.115364886136516631e+01
9.485242913827592659e+00
8.755006790456279830e+00
9.637424677852479249e+00
9.391992665247599348e+00
9.799736707126029955e+00
1.111852779429686855e+01
1.159746090944967456e+01
1.024018315199158558e+01
1.045322555990933644e+01
1.098710358496774120e+01
1.131754226318542145e+01
1.231424952730322708e+01
1.176400643405246527e+01
1.112584374248961083e+01
1.121150123679539590e+01
1.094725068641384880e+01
9.668591173468092492e+00
8.903154783754649415e+00
9.654953009710599332e+00
1.075807102289529382e+01
1.073705777117528015e+01
9.925862561713854504e+00
9.352290560505263528e+00
9.806439204471892879e+00
1.013520551148597271e+01
9.460025103365753196e+00
1.029158521961038630e+01
9.871582835037647996e+00
7.390009946232126481e+00
9.038994427266896281e+00
1.058526761464753640e+01
1.009766502033582647e+01
8.533450411469358343e+00
8.410180700021566480e+00
8.722556212483583593e+00
8.554052997701246497e+00
9.210040472053913518e+00
8.705292766454382658e+00
8.296046796762821529e+00
9.337945134453184082e+00
9.542851106097748115e+00
9.569964916280213174e+00
1.062598801528907089e+01
9.491288883834039680e+00
8.519257903102637641e+00
7.577983839435039393e+00
5.454258589372029675e+00
4.968981684598610116e+00
6.056322647442476281e+00
7.502040572804697938e+00
7.986349621698797030e+00
8.134412050745551070e+00
7.731470326459848330e+00
8.187907518414505148e+00
8.615198253077982926e+00
6.509849258868958266e+00
6.505365440924148146e+00
7.603134641457008236e+00
6.997892559596689210e+00
7.585541897615012630e+00
8.692835783127744520e+00
8.438431627304595395e+00
8.063365025584593226e+00
8.496917359505522072e+00
7.179385336257349870e+00
5.306250390195027755e+00
6.331828144046203199e+00
7.247967694900862234e+00
7.318760741138060411e+00
7.454797257554462320e+00
7.014388086011710044e+00
6.778698057330393212e+00
6.444778313676163606e+00
6.448156702748320868e+00
7.169632424014039884e+00
6.622172496280769316e+00
6.612208125319849472e+00
8.587464456925003375e+00
9.606126986486716035e+00
9.276956665606450159e+00
9.279859558889421933e+00
8.851650582519718924e+00
7.132533916375064287e+00
4.626104735169342064e+00
3.622382054036271448e+00
3.516149983024366765e+00
5.571803575533593289e+00
