-1.184872828456915883e+01
-1.295149227095219757e+01
-1.277005746325212776e+01
-1.250414091123830040e+01
-1.270909560013419082e+01
-1.224269872798134173e+01
-1.117214298559676067e+01
-1.068989975783686397e+01
-1.055402897446755439e+01
-9.954280340910223401e+00
-1.018947952959753600e+01
-1.108463368131491222e+01
-1.080021870437681564e+01
-1.050953583838860261e+01
-9.300653057795997825e+00
-7.353854170338599339e+00
-7.153578047800374762e+00
-6.985382050598431647e+00
-6.732914591480352762e+00
-5.716718753528626351e+00
-5.526847615486867760e+00
-7.920025730751008908e+00
-8.458493544476334947e+00
-7.397665810167740830e+00
-8.595563274555836131e+00
-9.855418047060737763e+00
-9.972792313341095394e+00
-9.774377589236541652e+00
-9.261910247444614441e+00
-8.872657474886077367e+00
-9.138664285554416011e+00
-1.059527517266644558e+01
-1.163097373425832970e+01
-1.092978573347748750e+01
-8.559373500606222152e+00
-6.442951036081393745e+00
-6.586472462459997956e+00
-7.888399836344698990e+00
-9.141006269394571504e+00
-8.478670515056011325e+00
-7.327612432178529644e+00
-6.500706612225033432e+00
-6.671581785947455323e+00
-7.153031592436359887e+00
-5.442008200369881088e+00
-6.899562000792085925e+00
-9.220749302759525534e+00
-8.936286399083513743e+00
-9.854747728821395825e+00
-1.129685750696522817e+01
-1.141932494657755015e+01
-1.156880975209639928e+01
-1.088162836262041466e+01
-9.915934494675912703e+00
-1.004956869176265855e+01
-9.129015446667267497e+00
-6.684416416340632772e+00
-6.423024949004298989e+00
-7.702413671498581138e+00
-8.146299732615602807e+00
-5.698040587557530401e+00
-6.177543968521375106e+00
-7.187727342095530325e+00
-6.103412970863962173e+00
-5.506938178100001302e+00
-5.418926036198881135e+00
-4.230514387472942950e+00
-3.797983431993583014e+00
-5.051879210115108876e+00
-7.065306255924170387e+00
-9.001411263838177135e+00
-9.374999158548263267e+00
-8.610819216857791503e+00
-8.278330177591614714e+00
-7.691619382857362908e+00
-6.424940860065451176e+00
-7.988649289616542859e+00
-1.008128066932009048e+01
-9.939214988662977035e+00
-9.329830106868959305e+00
-8.317476010837184575e+00
-7.939585352295183363e+00
-7.196176578092731368e+00
-5.632325760393344538e+00
-4.960951279842353401e+00
-5.160465066007699164e+00
-4.430006761792950165e+00
-3.599083152173292888e+00
-3.024588693690696939e+00
-9.462285181096127262e-01
-1.882117723893897310e+00
-3.084869357787126898e+00
-3.650075037038432058e+00
-4.962433785528359564e+00
-4.220263921787070771e+00
-2.411994407454534084e+00
-2.715486046407761034e+00
-5.129221271158925788e+00
-5.385681405513668807e+00
-6.066873103079466922e+00
-5.806961249799664770e+00
-5.613906306328815710e+00
-5.075184310511843933e+00
-4.746311333647065922e+00
-6.302258542049562706e+00
-5.371860346774240291e+00
-3.502864287711324298e+00
-3.901292123136658851e+00
-5.093725546252908742e+00
-6.527453274241282521e+00
-7.899960310004436437e+00
-7.545077027636771128e+00
-4.867491700995846493e+00
-4.623241915074671304e+00
-5.581786546092925683e+00
-4.191941629346201736e+00
-2.946810198778381462e+00
-3.992701575481540477e+00
6.470665775920301233e-01
6.470665775920301233e-01
6.470665775920301233e-01
6.470665775920292351e-01
6.470665775920292351e-01
6.470665775920302343e-01
-6.359341712555901971e+00
-6.508220063015769163e+00
-5.740213150408309595e+00
-6.403186479206114612e+00
-8.639152754143683666e+00
-9.611700231871575184e+00
-9.800220291881474921e+00
-9.028994416154214164e+00
-8.679371108422252235e+00
-9.819718693502140994e+00
6.470665775920301233e-01
6.470665775920301233e-01
6.470665775920301233e-01
6.470665775920301233e-01
6.470665775920301233e-01
6.470665775920301233e-01
6.470665775920301233e-01
6.470665775920301233e-01
6.470665775920301233e-01
6.470665775920301233e-01
-1.125444542332837550e+01
-1.152319851514201332e+01
-1.123794317329586612e+01
-1.176926501346927445e+01
-1.075633396730305336e+01
-9.437482490103242583e+00
-1.126434749898262311e+01
-1.216183863185201730e+01
-1.188520236377719463e+01
-1.158045559886900122e+01
-9.789398884172110016e+00
-9.953325748484861180e+00
-1.082470166264700495e+01
-8.236421033223995991e+00
-5.617181318680787960e+00
-6.614269923690493158e+00
-7.953309954906681689e+00
-7.266242144484436949e+00
-5.209094412386219730e+00
-6.466667316961089540e+00
-9.323592730831245845e+00
-1.025470156939561228e+01
-1.115338541164459052e+01
-1.289193950665350741e+01
-1.355982919602070069e+01
-1.254407857101047163e+01
-1.151403764864797097e+01
-1.145958111318146955e+01
-1.120052593822260256e+01
-1.061880626942114070e+01
-9.900629574610499972e+00
-8.682073242125243340e+00
-7.492406792628846901e+00
-6.230138347758028772e+00
-5.959224248603758767e+00
-5.519822328864986360e+00
-7.309966652161577372e+00
-9.737539200182641963e+00
-1.126347283718286008e+01
-1.205127499978324934e+01
-1.233773797427975083e+01
-1.101709591891909668e+01
-8.677035392287988813e+00
-8.025628004448163821e+00
-8.596652441097276665e+00
-8.898441412961961561e+00
-9.944340015630862339e+00
-1.119822604119514864e+01
-9.746150923887572759e+00
-1.006377562157691941e+01
-1.194694247413510446e+01
-1.296180009567025770e+01
-1.369079053868602891e+01
-1.336207112506608929e+01
-1.271357157503948976e+01
-1.183540693514485831e+01
-1.076434145282593136e+01
-1.239353235581315360e+01
-1.374739476310314146e+01
-1.328963023982478475e+01
-1.131060955766118070e+01
-8.504130044666393218e+00
-4.349650477133315540e+00
-2.868200477745449284e+00
-3.275798542103469657e+00
-4.488662225604270084e+00
-4.126606538775872579e+00
-3.958194973756058666e+00
-5.099494260842341475e+00
-6.564102261101551150e+00
-6.832386297540468334e+00
-6.218132696755636069e+00
-4.809233939326504448e+00
-6.406165620441508501e+00
-9.651164006827288588e+00
-8.739349419108076944e+00
-7.077952175885573460e+00
-6.611954392499766797e+00
-6.472369891132353281e+00
-6.943259499596281970e+00
-6.611455647469846042e+00
-6.441228271859687382e+00
-5.284911984501585280e+00
-3.616803470954765842e+00
-5.437681163854197308e+00
-5.506855319219088329e+00
-1.763121745115074024e+00
-2.630769395258654164e+00
-6.404309088365510938e+00
-7.353647509278760985e+00
-5.392095454494441498e+00
-2.640172658415791851e+00
-2.947757373265440517e+00
-4.517423374126735780e+00
-2.878523275874940168e+00
-1.216227191246170625e+00
-3.057411905652947404e+00
-2.644573845158459946e+00
-4.575793770476304090e+00
-7.015010187767916960e+00
-4.471880737099015235e+00
-2.941795254402481241e+00
-4.941797823061282458e+00
-2.686452535870468505e+00
-7.423840109118746700e-01
7.345073198366822709e-01
3.217391795169439295e+00
2.662984070702844708e+00
-2.005566331840372141e-01
-2.715039336964584660e+00
-3.740453507703252356e+00
-4.842266725403023386e+00
-7.247082689851156445e+00
-8.471477187623245086e+00
-5.632331076508515721e+00
-5.494031790344307886e+00
-7.489752937478481698e+00
-6.699558728936694685e+00
-4.083963206008840885e+00
-1.925307281607587573e+00
-1.731280239184217695e+00
2.507458699915326647e-02
3.001546645211393027e+00
3.309383868135032269e+00
2.832810491639614625e+00
3.376550966131639520e+00
8.896918335776395903e-01
-3.290120460216360954e+00
-3.214753572969104578e+00
-2.463851617595994359e+00
-4.807124513031268087e+00
-6.311420748769999811e+00
-6.413879423604660346e+00
-5.800254081735349843e+00
-5.366184957272812639e+00
-8.020056304402920944e+00
-9.901242383528945368e+00
-9.490103645977372437e+00
-6.792311342683973407e+00
-3.081064255997717716e+00
-5.124131992399520996e+00
-6.941932259507783698e+00
-3.137714622018683563e+00
-1.876164924999817796e+00
-5.955706246329701692e+00
-6.618918432309492061e+00
-5.392828628576899597e+00
-3.610638847612543056e+00
-2.807393742456101737e+00
-4.253766534460844184e+00
-4.824648649799605948e+00
-4.689072886122649386e+00
-4.180736574142827955e+00
-3.391499116206012854e+00
-4.225405286411921146e+00
-3.225124905268155651e+00
-4.566937039595964087e+00
-8.912745756663317920e+00
-6.170578907983042427e+00
-2.747835040050448985e+00
-6.347676900464711558e+00
-8.161941464978760052e+00
-1.192639594026623584e+01
-1.377074303705286518e+01
-1.290402879618648413e+01
-1.199695339544054562e+01
-1.207529796134876676e+01
-1.252133729288298447e+01
-1.310958509834384600e+01
-1.194487193231404198e+01
-6.532814436439318584e+00
-1.438970491424233611e+00
-1.895494907907046833e-01
-2.043376256758868692e+00
-8.372993925946221605e-01
1.011954925022508611e+00
-2.600858101570860281e+00
-6.655241035324661603e+00
-6.045016041731140710e+00
-4.558943031583908123e+00
-4.396249639749606253e+00
-4.836143539886857745e+00
-2.834407932188403478e+00
1.341491373529987430e-01
2.276416873678181130e+00
4.339746755470335948e+00
4.284122193066457918e+00
2.712349883192499256e+00
1.630225621479976850e+00
-4.817306703231967746e-01
-1.930125799505443718e+00
-3.001065411714277875e+00
-3.501389474915709066e+00
-4.125193741061225161e+00
-5.966253009276163866e+00
-8.016182920088365194e+00
-5.677482292848592849e+00
-1.511840697970684988e-01
1.668760912260518925e+00
6.772558177452788764e-01
-2.304820680645891962e+00
-3.875988286234100855e+00
-2.415248027269270459e+00
1.197345318651219959e+00
5.894657186229335100e-01
-2.906609718377217266e+00
-6.313056152353524908e+00
-6.370963865255597547e+00
-5.599921589744113248e+00
-5.690768711595706186e+00
-1.391552926081758512e+00
1.122132980191795859e+00
-1.331087685637529328e+00
-1.727076362808904086e+00
-1.111544330334160113e+00
-1.379292520453247128e+00
1.161809084232111378e+00
4.407384237752184575e+00
5.329571185363169761e+00
4.313225245321089751e+00
4.589188717902518810e+00
3.375646418371105462e+00
1.789922017881870664e+00
1.895509281438110261e+00
7.858388239490428084e-01
-1.594664719227060878e+00
-2.440788732274706163e+00
-2.664813437111353878e+00
1.094827647571680496e+00
3.229548842868625869e+00
-6.697591897102177505e-01
-3.762598957135387945e+00
-5.835737074592187490e+00
-5.922922627752953417e+00
-5.072910396140293265e+00
-6.704260003095753540e+00
-8.987504589849828918e+00
-9.461838927205716843e+00
-9.911917209686038177e+00
-1.037558924187235654e+01
-7.467959788279991962e+00
-5.190666407703300678e+00
-4.066591705352948338e+00
-3.135091137369069525e+00
-4.704957911348340183e+00
-5.461810717472006971e+00
-2.155846392788955512e+00
6.246751662513024828e-01
6.077105824889718066e-01
9.211517826411630416e-01
1.450280350558827314e+00
2.940062639134603459e-02
-3.741411862725590787e+00
-5.080378189539977996e+00
-4.274379594918343628e+00
-2.782696912612404372e+00
-8.782774083203886972e-01
-2.162522336762390029e+00
-3.879782889497402909e+00
-2.739519748602095017e+00
3.077086113326677363e+00
7.950013941310008825e+00
6.027461709924596178e+00
5.332561503391318070e+00
4.759362024784450362e+00
4.535862849131729213e+00
4.585567955125419815e+00
2.761430238529773096e+00
3.863408379976992713e+00
5.532254296734516075e+00
2.917932800955643557e+00
-1.041630436345912569e+00
-7.392062521556880261e-01
1.115337065339174538e+00
-1.616802116093365299e-02
-1.767273944754054749e-01
9.623813376517343920e-01
1.358872974891666363e+00
1.679108792342831613e+00
8.496837055557187046e-01
-1.571693427331997572e+00
-2.094422063400817269e+00
-4.439919768038781633e+00
-6.222935533210028680e+00
-7.035952631673214164e+00
-7.701831097469357346e+00
-6.523657052919636712e+00
-3.691728532547347452e+00
-4.610509206143560412e+00
-7.004772588907927755e+00
-3.406937746608614148e+00
-3.778657387246631694e-01
-1.338917481477751359e+00
-2.011755989095294073e+00
-1.207067709352007689e-01
8.325797662059085669e-01
4.210666244583427975e+00
6.703277013437131338e+00
7.394834089807021726e+00
4.945015711992534868e+00
1.401714245615497179e+00
-9.677688428897169848e-01
-5.633353883608211987e+00
-8.631922356700380661e+00
-8.827746508679666704e+00
-7.529115303024806138e+00
-6.074931531959959941e+00
-6.548516381906028805e+00
-7.377967802466072200e+00
-7.205269070679415577e+00
-6.788779376325987158e+00
-8.096896021640453966e+00
-9.091671259645561776e+00
-9.779508371358916818e+00
-1.150458247368284859e+01
-1.240359259515704515e+01
-1.228581065890770851e+01
-1.199444991539371053e+01
-1.259232403159733593e+01
-1.215108737897079116e+01
-1.094906966205608612e+01
-1.097774373228322986e+01
-1.220935225312063288e+01
-1.310872908487349875e+01
-1.284037876995290262e+01
-1.244344792647573783e+01
-1.277088525968986232e+01
-1.343486387447231856e+01
-1.366791535272676938e+01
-1.361467277213390048e+01
-1.299868159268339518e+01
-1.179079354369727817e+01
-1.138837830356318470e+01
-1.082771109865642067e+01
-9.281548653288579587e+00
-8.081873961014112595e+00
-9.210895521314327539e+00
-1.049138358935070947e+01
-1.068134098139236876e+01
-1.006031515231147999e+01
-8.392228097588329661e+00
-6.504017241139034233e+00
-2.765948730113643617e+00
-1.630142071672761928e+00
-4.173598544916638176e+00
-4.414267598782022795e+00
-3.795241895616806804e+00
-4.526613989339956845e+00
-4.086997584633107472e+00
-1.946709216519133312e+00
-4.447179146697887830e+00
-6.527403209025582242e+00
-6.213538538612764839e+00
-7.198905232133241405e+00
-7.131481788878019756e+00
-7.028456066935084401e+00
-7.553120443259908612e+00
-6.876794405201970939e+00
-5.729284191632811662e+00
-5.230420278622191610e+00
-4.600088859604269942e+00
-5.986968331706206570e+00
-8.318265575669462564e+00
-9.005269612745694374e+00
-8.677355478359606522e+00
-8.622790019253910643e+00
-7.850345863399121882e+00
-5.111587888566989868e+00
-5.203901949791269743e+00
-6.797487022552186176e+00
-1.049647060718920066e+01
-1.231878107840948822e+01
-1.163906050114517754e+01
-1.112556164628851185e+01
-1.148406337320873938e+01
-1.041943051592885716e+01
-8.737846653854234091e+00
-1.048169979560502973e+01
-1.213917029566554717e+01
-1.144339138542528822e+01
-9.460859546598713976e+00
-7.138170250105848602e+00
-6.229084449835581516e+00
-6.038799551082553840e+00
-7.784420965149573490e+00
-8.585726713333929894e+00
-7.034443416451093611e+00
-7.615081032524674498e+00
-8.105939780548844453e+00
-7.476843988087212622e+00
-6.212103131772486186e+00
-3.437819495893851052e+00
-3.135562030416628509e+00
-4.920629559811340314e+00
-6.886991844931495521e+00
-8.986192959554180959e+00
-9.246091503976149539e+00
-8.445635940601206926e+00
-9.548630221776761573e+00
-8.664439289033406766e+00
-6.969849531267157339e+00
-5.017855682164511499e+00
-2.833788484041162459e+00
-1.009425153751741799e+00
-4.279969972080650553e-01
-8.922806757916813547e-01
-1.506973432551327763e+00
-3.295377251549267861e+00
-4.211893014960878645e+00
-6.184055247627281204e+00
-9.824973906974800997e+00
-1.046948262509551242e+01
-8.938253107695000921e+00
-9.940907706530813570e+00
-9.967840029882770736e+00
-8.723752353952884064e+00
-9.610615835262853679e+00
-1.107215058924118622e+01
-1.112744127088150314e+01
-9.772264719055861804e+00
-8.938769060733079641e+00
-8.414130560648965584e+00
-7.931876477114109925e+00
-7.265880606391313279e+00
-8.072166870873767053e+00
-8.860055338526249713e+00
-7.590578829483080270e+00
-5.379903471820185246e+00
-7.299214437100003394e+00
-9.429569178674951146e+00
-9.683314334440755289e+00
-9.088834130095385433e+00
-8.062239452492674374e+00
-6.538113740398760143e+00
-4.660862543108202694e+00
-2.841864209526538065e+00
-3.573229963959155153e+00
-4.314349420697753068e+00
-5.154066202819169717e+00
-7.010837831986147073e+00
-7.593187810565524387e+00
-6.848274249379588952e+00
-5.597733680477464446e+00
-5.574424492589056257e+00
-7.691760197702134150e+00
-9.559513426728301511e+00
-1.076483651587021306e+01
-1.127343642685908165e+01
-1.128704585099472801e+01
-1.139189352692733870e+01
-1.090570046646943680e+01
-1.049423137540878948e+01
-1.073999663313972341e+01
-1.166387239753132832e+01
-1.157322078321266368e+01
-1.137169343181816394e+01
-1.171225694014739815e+01
-1.220132944060773106e+01
-1.213332897920746944e+01
-1.079910124475938638e+01
-8.519607612056384838e+00
-3.948532287257707996e+00
-3.599334257714337681e+00
-4.521382263516996680e+00
-2.960318924386680983e+00
-4.318454754017053254e+00
-3.325158841384637132e+00
-2.359129751117471141e+00
-3.586224946005864389e+00
-4.706995691834864992e+00
-5.190797762186666553e+00
-5.160264081349770215e+00
-6.963831481774798604e+00
-7.384477479647814313e+00
-8.590430366342964419e+00
-1.029193985258498145e+01
-1.076118449509086794e+01
-9.813857456135361090e+00
-9.256653379093265244e+00
-8.607475927792707537e+00
-7.487536736053891140e+00
-7.790158421446327530e+00
-8.590097154221737696e+00
-9.431155055733958292e+00
-1.026838061213617515e+01
-1.116116899909621019e+01
-1.002195342090183772e+01
-1.017989796874505615e+01
-1.148855167216410500e+01
-1.213448829464529233e+01
-1.244158882773610486e+01
-1.298016527009723475e+01
-1.298092667583356885e+01
-1.254024775253821211e+01
-1.253062213671443104e+01
-1.333634941140818597e+01
-1.332814603913112528e+01
-1.243752132601881577e+01
-1.185925740702366760e+01
-1.224610086748340265e+01
-1.262213609187587693e+01
-1.296427472529995661e+01
-1.265065582194684879e+01
-1.175823530075693490e+01
-1.189709187276633351e+01
-1.215849090723387427e+01
-1.308828069458579613e+01
-1.258455833423033710e+01
-1.108022971255003064e+01
-1.082579176146905908e+01
-1.202985260349472618e+01
-1.238466981086671481e+01
-1.076541064230755218e+01
-9.324134637339954068e+00
-9.553272568137151310e+00
-9.654209015680542905e+00
-1.068159639351404167e+01
-1.053547290033782069e+01
-7.996286129139983601e+00
-8.512736887735583124e+00
-1.135136322942589082e+01
-1.186630907661007583e+01
-1.205528177779558874e+01
-1.212242333334468469e+01
-1.278721326679162118e+01
-1.335775348758497749e+01
-1.337204294210903122e+01
-1.344482611001193106e+01
-1.352831441550162062e+01
-1.364476989019151887e+01
-1.352841093847546183e+01
-1.319573715975613837e+01
-1.181145035526650844e+01
-1.144881684512451159e+01
-1.254319545809969227e+01
-1.200483602059244781e+01
-1.301505024334400318e+01
-1.318415876869261716e+01
-1.223387154221170903e+01
-1.219313398635602219e+01
-1.273660254765717070e+01
-1.323793922185571503e+01
-1.329614028912251200e+01
-1.286068232222433494e+01
-1.211527824556701205e+01
-1.118258885923877344e+01
-1.047849385876805606e+01
-1.063846237037456888e+01
-1.123275613436571341e+01
-1.200068484233917587e+01
-1.250013370599636353e+01
-1.198534863611858370e+01
-1.230603594066194262e+01
-1.311721060413124107e+01
-1.289922207523284570e+01
-1.202324658707503247e+01
-1.106993741707434076e+01
-1.025182100902932980e+01
-9.301522310745198752e+00
-9.642014910409191231e+00
-1.074110618558064978e+01
-1.125841758493661970e+01
-1.229786539953808067e+01
-1.299360178839535784e+01
-1.319121254559675016e+01
-1.296884657504123162e+01
-1.290696906719399806e+01
-1.313490832283906506e+01
-1.300414838312484811e+01
-1.280960980159498419e+01
-1.210847428796141401e+01
-1.113452366659907256e+01
-1.153619521111457935e+01
-1.104861187092680197e+01
-9.271351195863655192e+00
-8.335230324830032345e+00
-8.056921413417628131e+00
-9.224880270451050635e+00
-1.037320457590150014e+01
-9.830822613503325869e+00
-8.417884052145728546e+00
-7.114922780534833180e+00
-5.098655675302530277e+00
-3.114817255157916520e+00
-3.941449095065527874e+00
-5.078784842728378379e+00
-6.818429150174758924e+00
-9.078216688376668841e+00
-9.296967969923180419e+00
-8.416953147141928326e+00
-8.270249069609571180e+00
-8.967366643325576092e+00
-8.830960449303878690e+00
-8.933446747320447301e+00
-9.168482264205891852e+00
-6.744810234283807659e+00
-8.167347617546417027e+00
-1.023273336203117090e+01
-1.044912496106362454e+01
-1.158315885057836425e+01
-1.240798751421458412e+01
-1.266566213556541598e+01
-1.153207085392864251e+01
-9.780969719277985419e+00
-9.901687452709941439e+00
-1.066894282879503386e+01
-1.198324718747257478e+01
-1.265442556743255587e+01
-1.182632718407414885e+01
-1.097023552418593262e+01
-7.746043131093273360e+00
-4.145537232659244786e+00
-3.224157214112991721e+00
-5.055087865574896533e+00
-4.505134978325101791e+00
-2.513928379134846569e+00
-4.585826524762595113e+00
-5.789330542751844888e+00
-6.224010336037549607e+00
-7.082243150506596585e+00
-6.145970145370506010e+00
-4.981443514027570352e+00
-4.814452704874389255e+00
-3.228514163053155084e+00
-3.591580049601505120e+00
-7.128982944639300712e+00
-8.895552583024077364e+00
-9.458094367665932367e+00
-7.472274580270301669e+00
-7.074431128998102558e+00
-8.920865417375814843e+00
-8.201006695279945191e+00
-8.776858632518843351e+00
-1.006107807151303923e+01
-9.283413975586556788e+00
-8.484386441835972903e+00
-8.904811709751703219e+00
-7.754053056904010255e+00
-8.316745136823264772e+00
-1.021976170237182124e+01
-8.976665490428867855e+00
-7.519865651471555168e+00
-7.425877992776852565e+00
-6.451055936371328237e+00
-7.289677843998447315e+00
-6.617641784109746794e+00
-5.597007920970195727e+00
-5.865326158410839597e+00
-4.304729300353230315e+00
-3.724696849753755146e+00
-4.585603151440713177e+00
-4.844031353948917484e+00
-5.259823630005576511e+00
-7.285867622060097304e+00
-9.292931071567005930e+00
-9.811628060337920232e+00
-1.070718025790835171e+01
-1.164144225793164189e+01
-1.156935937020136329e+01
-1.071702566923523214e+01
-9.878634225236485378e+00
-1.090396937129377264e+01
-9.926211834363444453e+00
-7.615573423407258069e+00
-9.038299462640926762e+00
-1.029032741747763424e+01
-9.118852080425629225e+00
-6.629559082448764684e+00
-7.324136855002942426e+00
-7.764305385810672533e+00
-6.616907417488097742e+00
-5.909586644536044986e+00
-4.605006446346333604e+00
-2.207224638219232205e+00
-3.302496170351811727e-02
1.258863179843769275e+00
1.618241851156230426e+00
8.467331334627358208e-01
-2.001135545422575435e-01
-1.974353792251364759e+00
6.470665775920301233e-01
6.470665775920301233e-01
6.470665775920301233e-01
6.470665775920292351e-01
6.470665775920292351e-01
6.470665775920301233e-01
6.470665775920301233e-01
6.470665775920301233e-01
6.470665775920301233e-01
6.470665775920301233e-01
-3.255016747047493997e+00
-5.070283600776861022e+00
-8.670933976566253421e+00
-9.739728945042584130e+00
-9.973667578161293790e+00
-1.122817301131491341e+01
-1.039072695467914365e+01
-9.256573390691084313e+00
-8.314592669338397357e+00
-5.360127693132592519e+00
-7.353928967674268513e+00
-1.012054424483389248e+01
-9.552041340881336495e+00
-7.673561718839986057e+00
-9.861260088445188643e+00
-1.017550010128726967e+01
-8.357734647856135624e+00
-1.052963875829600049e+01
-1.114912393795184187e+01
-1.153447902601818420e+01
-1.109591355990079542e+01
-8.924178146044647875e+00
-9.099634643755249996e+00
-9.798492414245027149e+00
-9.966926937123346875e+00
-1.150333023661637455e+01
-9.810416838824878027e+00
-7.758799579603008922e+00
-9.016495077985895890e+00
-9.851288667043279546e+00
-9.532789142389781034e+00
-9.982545611946997965e+00
-9.945486705592154308e+00
-9.262820535856052473e+00
-7.927266770143178043e+00
-5.729898151090801584e+00
-4.974695486321364157e+00
-5.352330801687707584e+00
-8.918844287158444573e+00
-1.122084423778238360e+01
-9.727193215837754536e+00
-7.784916764679493895e+00
-7.642558429752962290e+00
-8.662584823583751259e+00
-7.750652147566094996e+00
-4.707501804583698046e+00
-2.343681625596472085e+00
-2.430961888381078850e+00
-2.039389553284792989e+00
-1.457935134323286475e+00
-1.996854157969997878e+00
-4.018045833288628188e+00
-5.859670053354869346e+00
-5.750433422250373461e+00
-5.069648977795620404e+00
-6.121970633956219210e+00
-6.247369490451355922e+00
-6.979024314734316725e+00
-5.779063784280225491e+00
-3.478549894493362160e+00
-4.282066366198085561e+00
-7.146883781374054223e+00
-8.457905213384785625e+00
-7.477779097617384352e+00
-8.620987180322602583e+00
-1.085716263102575496e+01
-1.181442709762365517e+01
-1.159750462485393641e+01
-1.208710901940427007e+01
-1.157838585271984044e+01
-9.366135083409297124e+00
-6.535206844940237403e+00
-4.700374825736620465e+00
-5.793348459348437451e+00
-5.066196378230460873e+00
-2.994521124045244065e+00
-4.753251230394423210e+00
-6.104509406911490466e+00
-3.427506769551454724e+00
7.509750711445957461e-02
3.586797621352145748e-01
7.185922319564824745e-01
2.730567309017127631e+00
3.106456495080684110e+00
1.565276448291932132e+00
-7.618710317309691504e-01
-3.960787118961016651e-01
-1.147357621461296967e-01
-1.560464638929384362e+00
-2.700472762589554598e+00
-6.599924870031999902e+00
-9.587690701625005474e+00
-1.122492224389588777e+01
-1.229498066918133148e+01
-1.103450244763974730e+01
-8.795061704610008135e+00
-7.744727571381814890e+00
-7.137433174485304122e+00
-7.609841054023219087e+00
-8.624252827723232429e+00
-8.045063674664415743e+00
-8.334052515782255810e+00
-1.096473673086922673e+01
-1.132396890767926578e+01
-9.206753811930569853e+00
-8.116751538752515316e+00
-9.197559896214837494e+00
-9.224874766644617807e+00
-7.134247829665889107e+00
-6.386649173122986411e+00
-6.075900244797066030e+00
-7.311582793173604600e+00
-8.353321692396049158e+00
-7.497955735246386588e+00
-6.714703253547419592e+00
-7.580974072953829079e+00
-9.394059222265099152e+00
-8.927233460682362676e+00
-6.200405204998103770e+00
-4.903658249142741177e+00
-4.990397549430952928e+00
-8.121500721861547589e+00
-1.169753882289762537e+01
-1.036787667090850462e+01
-8.288344387712273331e+00
-8.443165251840007102e+00
-9.222171222219699871e+00
-1.023296649697220317e+01
-1.038328049405276055e+01
-1.085712387515189370e+01
-1.146017247201326050e+01
-1.073810967500208235e+01
-1.035149522466608829e+01
-1.137047791418964238e+01
-1.203030507602640675e+01
-1.095918035126794265e+01
-9.432818800439859430e+00
-1.118350549464692811e+01
-1.357098568503376690e+01
-1.313973255794747352e+01
-1.034429827540486180e+01
-7.530471674333752752e+00
-7.656724309386000016e+00
-8.842717557824537167e+00
-8.477893975922649261e+00
-9.512057757166648031e+00
-9.923068499805724585e+00
-8.909937953782780085e+00
-9.635898590644352169e+00
-1.143191178311118250e+01
-1.090517360141312331e+01
-9.744944715981411321e+00
-7.675501058738090521e+00
-6.276028078084138428e+00
-6.199789015295189998e+00
-4.543976794775899997e+00
-5.704728335047987819e+00
-7.148958446982522474e+00
-6.083216492329989400e+00
-5.593413694563619920e+00
-6.504887470052271858e+00
-4.360511517536205695e+00
9.951148207996836081e-01
-5.692291872489152471e-01
-4.305595513597507029e+00
-3.442931146238947360e+00
-3.270996718692350314e+00
-3.677894726544166382e+00
-2.105606867937432014e+00
-7.684698093510807793e-01
-1.746996920657156283e+00
-4.715261647887525776e+00
-5.101343420384209182e+00
-1.232378060876504478e+00
1.623724614086676565e+00
1.335427497270058883e-01
-3.400160481575124738e+00
-2.516015862296128169e+00
-9.156824419673337268e-01
-6.895228123274350640e-01
1.363525985545224417e+00
3.170247573222079396e+00
3.272610091395616649e+00
4.339629738912674561e+00
6.528888524246885261e+00
6.961674269880505861e+00
8.221235304912900332e+00
4.986222125650027870e+00
9.043360032323373432e-02
1.269578759881706542e+00
4.852798551891321033e+00
8.576325719773853606e+00
1.102387443759804064e+01
1.073932757962846907e+01
8.210228048267614653e+00
8.840834213604532366e+00
8.995600157657186458e+00
4.111906849105769091e+00
5.470286907748180383e+00
8.339426910892630218e+00
6.787049893632003617e+00
3.999890124151403104e+00
2.785900359104219959e+00
2.388151369446999545e-02
-4.044057154835341561e-01
-1.910037506763235804e-01
-3.631620108699249894e+00
-1.914173018474609522e+00
-4.727890082507606451e-01
-3.005073717107174858e+00
-4.178178775664192379e+00
-6.757121391076466033e+00
-1.015034076344723424e+01
-1.006281150148788051e+01
-6.963523501783281944e+00
-6.606169766425876055e+00
-7.764809265347222045e+00
-8.048511988282943008e+00
-6.753925547542340091e+00
-5.518512946582989187e+00
-4.127517399238465501e+00
-4.668136937769991057e+00
-5.676620623390617126e+00
-3.231865556828256381e+00
-1.455811333202672531e+00
-3.109585234580664270e+00
-7.142907527937885526e+00
-4.870054000142968853e+00
-1.687607985757305862e+00
-2.702446107116279084e+00
6.470665775920301233e-01
6.470665775920301233e-01
6.470665775920301233e-01
6.470665775920292351e-01
6.470665775920292351e-01
6.470665775920301233e-01
6.470665775920301233e-01
6.470665775920301233e-01
6.470665775920301233e-01
6.470665775920301233e-01
-2.235191652068940993e+00
4.435637864388313201e-01
1.986643248194790212e+00
4.566654592042146410e-01
2.485882591250845042e-01
-1.154572170871038361e+00
-3.568243140037730132e+00
-3.503011526673301290e+00
-3.672910564014434165e+00
-3.487093012028259054e+00
6.470665775920301233e-01
6.470665775920301233e-01
6.470665775920301233e-01
6.470665775920301233e-01
6.470665775920301233e-01
6.470665775920301233e-01
6.470665775920301233e-01
6.470665775920301233e-01
6.470665775920301233e-01
6.470665775920301233e-01
-4.491557563040613488e+00
-3.929052404793656361e+00
-4.881781365291943509e+00
-5.742281589668644770e+00
-3.980735234857046390e+00
-4.994978117943925433e+00
-5.124708321310342818e+00
-3.455905234674451432e+00
-9.173881087487782970e-01
-3.573247902764083994e-01
-1.706005700760696353e+00
-1.929424578543217583e+00
-2.263327218942530639e+00
-2.413109897680979277e+00
-4.473870485157914523e+00
-6.766260244838409044e+00
-6.593736445064410034e+00
-6.893440317747950630e+00
-7.296718054815952925e+00
-6.136306616715435425e+00
-4.283028482937536907e+00
-3.234589681686530938e+00
-1.118112464810239404e+00
1.485604969001202980e+00
4.210624114076744751e-01
-2.665515309127896248e+00
-2.070300055716356447e+00
1.171671241833102117e+00
9.637650521591821784e-01
-1.181091884140139214e+00
6.313309547766663421e-01
-4.609156288166076365e-01
3.195599801073695234e-02
1.780388349578333251e+00
6.116114786206138243e-01
-8.353705887571888367e-01
-2.525502754284578710e+00
-4.893983972802849358e+00
-7.429236860934190112e+00
-5.967606034784882496e+00
-2.733146011135695108e+00
-9.714729242613144855e-01
1.433806862847071706e+00
3.737683401791460192e+00
4.668660832422741436e+00
5.136895317712024678e+00
4.629669305336975071e+00
4.317926150514874273e+00
1.753855814577255368e+00
-2.456437823634600282e+00
2.120987154971196720e-01
2.815608577361262022e+00
2.464018229669029392e+00
4.177568073644966073e-01
-6.125204084248089265e-01
6.182398477890064248e-01
-1.552760525151320348e+00
-4.332315422320543341e+00
-4.749147580379368350e+00
-4.123686046109575898e+00
-3.327294290302845736e-01
2.991450673781859582e+00
2.753223002598660152e+00
7.248159028526121039e-01
1.528924898212879580e+00
-5.566454338435190552e-01
-2.256263358027081445e+00
1.228621228462063231e+00
1.561835239015963106e+00
-2.890731305578594146e+00
-3.249050438436472010e+00
-4.428613189617136570e+00
-4.528138880015473156e+00
-2.090296936181672560e+00
-9.726764089198371155e-02
-2.463680818445518894e-01
-4.803221277046830551e+00
-7.947138037405270694e+00
-8.195855130796049437e+00
-6.340322313640080587e+00
-5.263291342773308124e+00
-2.381558984514074329e+00
-1.558604364503184299e-02
-2.562280320480731177e+00
-2.713357566708174407e+00
-7.893418643624414699e-01
-1.809960561858982686e+00
-3.483732277922881870e-01
2.443681195913129045e+00
3.180117221159850516e+00
4.184948857758543639e+00
5.463425028405962003e+00
5.870743061706659383e+00
3.603645048095352355e+00
8.365655397889240619e-02
-1.256682063629618984e+00
3.167976991318560920e+00
6.404849791448973484e+00
5.357619771698917788e+00
5.292508753483591732e+00
5.725967776488490202e+00
6.074522320579343493e+00
8.155847341205989309e+00
1.001842551060851250e+01
7.057580355568090269e+00
1.614054549122589721e+00
2.055570366587639697e+00
2.201256783455913357e+00
3.542717977825452724e+00
1.006378368318195626e+01
1.371210616999563570e+01
1.497475057557406330e+01
1.474611162991358171e+01
1.425959208396539779e+01
1.404977206793505751e+01
1.378518771644677621e+01
1.466598486809029467e+01
1.497629321715566419e+01
1.422943203758344843e+01
1.358150201823997882e+01
1.356776764394577839e+01
1.162052506980909428e+01
8.948491216690225514e+00
9.213822289895905016e+00
9.299776069088940389e+00
8.514610796465150955e+00
7.646192363033943451e+00
8.799099024891438248e+00
9.845578289757625612e+00
9.582345934325946502e+00
9.192914476545388069e+00
8.967331074604180330e+00
7.654255484995596603e+00
6.142302602521652055e+00
4.869932151034592316e+00
3.719544719484259687e+00
3.094609695952664108e+00
4.195835223143079773e+00
6.658786756388200168e+00
9.042038858744753327e+00
9.462014420783512847e+00
7.536299845327111946e+00
8.794121184887941922e+00
8.630486918206248248e+00
8.510722733666490569e+00
7.721820860337732739e+00
3.460602944304719042e+00
1.207655198009687680e+00
1.287935834075090713e-01
6.536235363720581670e-01
2.426447664486657718e+00
4.052732191643750426e+00
3.875633655829816782e+00
4.207918376837302077e+00
5.910193476367997967e+00
6.208683236464828781e+00
4.404354963767631581e+00
5.518716080027248339e+00
4.777365005277546928e+00
7.949369921588683718e-02
-4.781574887867459100e-01
4.880823980875906853e-01
-8.907819306020482442e-01
-3.173374643074605039e+00
-4.411894311423678605e-01
2.927294359042757144e+00
4.567453014552760315e+00
6.140976007113468249e+00
3.564237925673939156e+00
2.490280292985834087e+00
4.665070319920579855e+00
8.470703810324781813e+00
1.096483547781862811e+01
1.168254118529491770e+01
1.166653844925850159e+01
1.063178345547731674e+01
1.070366329220601287e+01
1.005395520960166955e+01
1.131032950741676046e+01
1.202425145113462612e+01
8.894639414610969297e+00
7.890969150563710954e+00
7.435690491642397149e+00
6.344152457070295625e+00
5.171934877454754442e+00
3.938018527699403748e+00
4.482546990496540928e+00
5.387897080880516221e+00
4.198465975255068372e+00
3.648503836450045057e+00
7.256908575462168720e+00
1.034344893673583421e+01
1.254098951518004412e+01
1.292221529055410123e+01
1.325285287530728162e+01
1.255128247248057605e+01
1.052300554865882631e+01
8.783557296528000435e+00
7.515283823829577159e+00
6.495263260961909424e+00
5.351777210802470819e+00
4.652616721498790575e+00
6.275132071234780895e+00
5.565751950527965342e+00
2.572415286464242445e+00
4.046244190879067837e+00
7.334733374209623236e+00
8.637116524731212053e+00
1.008944382799112738e+01
1.040566565884414096e+01
8.433915903903237421e+00
5.001616282450908280e+00
2.290637679440608476e+00
2.088458446612198038e+00
5.423730470750715682e+00
8.706740749716825434e+00
7.435108575470825265e+00
5.989841988060296885e+00
7.093849775547688807e+00
8.310710049748932349e+00
7.101447399605662625e+00
5.100777396988277701e+00
6.472797891207748400e+00
7.086335850040852868e+00
7.435755043331144343e+00
7.567390388512903243e+00
7.634389931715177546e+00
9.391206752105306421e+00
8.878809755880839205e+00
8.560189079377209964e+00
9.133030320659313972e+00
7.996120373573536888e+00
8.753226008024421745e+00
9.905051900066343507e+00
9.640356052314428936e+00
1.142091961792397115e+01
1.182955596486424810e+01
1.153071805518976412e+01
1.272212934254131156e+01
1.209937084614508684e+01
8.111558625212614615e+00
4.459991766639191724e+00
5.176414032754772521e+00
6.796171026207213473e+00
5.598082395425483249e+00
6.988440474096837107e+00
7.231787923920996342e+00
6.154012535259890448e+00
7.182339161814268458e+00
6.923094691230724962e+00
7.931570507674490678e+00
7.426747156295975039e+00
6.699704425261093554e+00
4.933228914358851469e+00
2.970555928555195901e+00
1.903052486359439799e+00
1.085348083654197104e+00
1.712175007852786424e-01
-1.183795390456735541e-01
3.782294397656702056e+00
5.834535459854169659e+00
5.694822978523141899e+00
6.968229977645233220e+00
8.081355142190361107e+00
7.780896672912849255e+00
9.204702463600481721e+00
8.391477555952631562e+00
8.261790192230201058e+00
1.015149255580563903e+01
9.354754544322812393e+00
8.623988607142242913e+00
6.439934683854239950e+00
7.161796602528587741e+00
1.089460433639499293e+01
9.776212106861583706e+00
8.329770941352579783e+00
1.016024694411413876e+01
9.596005899608078593e+00
5.656247478057732536e+00
4.295356872907944989e+00
9.172117799462457199e+00
1.259580260266013063e+01
1.278523869667745316e+01
1.139491781819658378e+01
1.127015308148674144e+01
1.062629634226234288e+01
8.333246322377629411e+00
8.375277921631965938e+00
8.797925400504237103e+00
6.799278122508645161e+00
3.303555101628301571e+00
1.133441670704163240e+00
2.165575327191301136e-01
3.643467982307548314e-01
4.537587181066984776e+00
4.487551440225505672e+00
1.210703158052422790e+00
3.318867036115689950e-02
1.734797477721005787e+00
4.736872702616508946e+00
7.709582970697078430e+00
8.581745722225857520e+00
8.611636706008459541e+00
1.034053857616408578e+01
1.003709311337288490e+01
1.004295303119453031e+01
8.809737847183590986e+00
5.481900387498025218e+00
7.137073070800290076e+00
8.762911247377505930e+00
9.738312924943752336e+00
1.178889022150225685e+01
1.203360246273383183e+01
1.007564369347159072e+01
9.035002965539259634e+00
9.456011064960032186e+00
1.113634663242394218e+01
1.095494237442693830e+01
1.094413351802755052e+01
1.273526223733157359e+01
1.310431272399253544e+01
1.159944932386313354e+01
9.323213452674885104e+00
9.214796609340682565e+00
9.992889576797759688e+00
8.597168320474484204e+00
6.263674965738403877e+00
6.912798963717629697e+00
6.548596409825893971e+00
5.167219083517619715e+00
3.932418898943200958e+00
3.308545816539245621e+00
4.003309920169002112e+00
4.749037694797212161e+00
5.754288989537035270e+00
6.227656236846891069e+00
3.599456929530413074e+00
4.398526911510188597e+00
8.227730297681192795e+00
8.541576948641251832e+00
9.553574658428521715e+00
1.114692681040383171e+01
1.080108720459721106e+01
1.163136446231411014e+01
1.264326862576100119e+01
1.198828024387940694e+01
1.166455692247178000e+01
1.039195819070980420e+01
8.214355602832181802e+00
7.041414937790229978e+00
7.688277195825160781e+00
7.727819551740297221e+00
9.962456158656401328e+00
9.465050009049379653e+00
8.450930733059399458e+00
1.059439103833278928e+01
1.104204674761054150e+01
9.265934410193676030e+00
6.022631698030343372e+00
5.032932189228067621e+00
7.977302915100758618e+00
1.045078379433596893e+01
1.272359955425488032e+01
1.389537586954025450e+01
1.337896027755563466e+01
1.076876401967473029e+01
1.141280171069749727e+01
1.418807865900875420e+01
1.384234130706621180e+01
1.207249365041490918e+01
1.247212960134772253e+01
1.393327511166953592e+01
1.444023851315943752e+01
1.330857928693877490e+01
1.341138214393876105e+01
1.376397742252306067e+01
1.184235267503171407e+01
9.856782220157041863e+00
8.199369761359523778e+00
7.931399254131057397e+00
8.097830760267623162e+00
7.288288299945277160e+00
7.837461293389867301e+00
1.025746900368002557e+01
1.042260620967373086e+01
9.959483968743827020e+00
9.969464927221638462e+00
8.288298603209934612e+00
1.102188944376647051e+01
1.448273959338447980e+01
1.523658554752091554e+01
1.447343975741353361e+01
1.550430787554341272e+01
1.623718824625586521e+01
1.604798135026885930e+01
1.570738846906656150e+01
1.515863457130888925e+01
1.578863344839514760e+01
1.573847563127586291e+01
1.535605194913656213e+01
1.506937539496191825e+01
1.420464324569693737e+01
1.392656583793404934e+01
1.435319127281132445e+01
1.537085021352865866e+01
1.551749737188520584e+01
1.583623796625829172e+01
1.551264424367151662e+01
1.427427853686162784e+01
1.482064991063383452e+01
1.392625883935603248e+01
1.129204376014580546e+01
1.035249914029143348e+01
1.245659560438803837e+01
1.402247248068384522e+01
1.205434343223901550e+01
8.713947348338690446e+00
1.100647553816823887e+01
1.270820745750629754e+01
1.248740968015005848e+01
1.323215534573464858e+01
1.398917909831843254e+01
1.399651003016368911e+01
1.499157748223394293e+01
1.550848491278623342e+01
1.490765990525003204e+01
1.360371740584288425e+01
1.335775590890605891e+01
1.395681709840310702e+01
1.410517048052376587e+01
1.434480150403124554e+01
1.194636254583623725e+01
1.233240125881882143e+01
1.318519476644529576e+01
1.172556192548433351e+01
1.144008567675723853e+01
1.006902162108606369e+01
7.420728800566133820e+00
1.052633758266192388e+01
1.435680732188400022e+01
1.606074659517585346e+01
1.618866018946565077e+01
1.612369341281800317e+01
1.632941205270909890e+01
1.598246180047457443e+01
1.585216844000803782e+01
1.572744657268612656e+01
1.600541787677030570e+01
1.575252848570593223e+01
1.529516382435131483e+01
1.523982498998002910e+01
1.465953531408851340e+01
1.448765022844547268e+01
1.486086265339289625e+01
1.553828338062428216e+01
1.618950762405727062e+01
1.632751044353284087e+01
1.591440189580353959e+01
1.549725188385935404e+01
1.572364089063827564e+01
1.552040487430912030e+01
1.562289320850071483e+01
1.496289896150429399e+01
1.281920234615437515e+01
1.242402888757706059e+01
1.125075573009970498e+01
1.121709931812517169e+01
1.272249094752223719e+01
1.312598279391357359e+01
1.327522664412354203e+01
1.416927998573835268e+01
1.341799785428404945e+01
1.254459975844047115e+01
1.414945387098904384e+01
1.540398895100641141e+01
1.594680873383163444e+01
1.611027661786525655e+01
1.471265624474297162e+01
1.333209012167575835e+01
1.540981245238476482e+01
1.573805048492416248e+01
1.528169115525595778e+01
1.422166433376564676e+01
1.360818280338616759e+01
1.403158877439358498e+01
1.368410188079583278e+01
1.283504847487049183e+01
1.424426652794856274e+01
1.469647444350087895e+01
1.406506379979989241e+01
1.499465471556863250e+01
1.423663509004442851e+01
1.215580386836498406e+01
1.198101242793103616e+01
1.225771360915772057e+01
1.302519220190411886e+01
1.370235549944623088e+01
1.295152905340908056e+01
1.351931742939331649e+01
1.457054246679467191e+01
1.505808843937894714e+01
1.480069458624831569e+01
1.403124040507332460e+01
1.407941469641093413e+01
1.444045112536414166e+01
1.395101217217944978e+01
1.472156837006098584e+01
1.552930970053284732e+01
1.520071535185346256e+01
1.362199188865893973e+01
1.326014290481247926e+01
1.256247739481180048e+01
1.132788890916995861e+01
1.178643390491954968e+01
1.230487097365623050e+01
9.322772585169802895e+00
8.959381354665374886e+00
9.363691356105178443e+00
1.045198775145627756e+01
1.229097788683203873e+01
1.253228266202148866e+01
1.241098544364122347e+01
1.089007602487717108e+01
8.675637165983575372e+00
8.566166047560379582e+00
8.248595894533846007e+00
8.633647490641033428e+00
1.070622023402088807e+01
1.204213005135848746e+01
1.183829884584595327e+01
1.276568258066232353e+01
1.272516800438002171e+01
1.060277474639176631e+01
1.167398982991214318e+01
1.394792726578850761e+01
1.388597153293218689e+01
1.162801470709116813e+01
1.122578701955125347e+01
1.235055768816483734e+01
1.250444618565171062e+01
1.277566086164751624e+01
1.152537420706026694e+01
9.671983024148314456e+00
9.730611609219099734e+00
9.240524597327826939e+00
7.733172522619731204e+00
1.050061995127283154e+01
1.333290681674785283e+01
1.252143940370536335e+01
1.177497805461914560e+01
1.351852660072425216e+01
1.280684925397461349e+01
9.890758702439077510e+00
8.499744841179362354e+00
8.631644495545065965e+00
9.219270122283313995e+00
9.573791831044585976e+00
1.142450295227238932e+01
1.188277455351441958e+01
1.097371074783156608e+01
1.120006250362939859e+01
1.234561602114849954e+01
1.240881181023687319e+01
1.089304673907859922e+01
1.032239149999131023e+01
9.398567184384877038e+00
7.375768925619915706e+00
9.067915146530369341e+00
1.095455154948399290e+01
1.234575723745883558e+01
1.477959779880184854e+01
1.557367065787235560e+01
1.538993600601240352e+01
1.531757186211308586e+01
1.560965732601340861e+01
1.557926817961045174e+01
1.610790877692466694e+01
1.608329746602000299e+01
1.558697267131227271e+01
1.498600714966023872e+01
1.577957444791894481e+01
1.594914580876903187e+01
1.576928939187692436e+01
1.566026994665917549e+01
1.548737209595998365e+01
1.558311095579869132e+01
1.561800851831172032e+01
1.435108966458782653e+01
1.579759798617797806e+01
1.617481095871643504e+01
1.530081082719373065e+01
1.375420359723135455e+01
1.230806257793661374e+01
1.132708509969100596e+01
1.200011196125141666e+01
1.265115174766499173e+01
1.223141160575808506e+01
1.299790528424926173e+01
1.386098299851659199e+01
1.333664716993916066e+01
1.395057871437143326e+01
1.429699314685519340e+01
1.322813772961501577e+01
1.049962911538847266e+01
7.853126792285493707e+00
7.217268220368988629e+00
8.067854860015307494e+00
1.006485974450236398e+01
9.835093448315319620e+00
9.763096148599654356e+00
1.247534618753938318e+01
1.482738579502316156e+01
1.591722691740913120e+01
1.585790123311361377e+01
1.498525523041542229e+01
1.546737091016783872e+01
1.592877247100568461e+01
1.563016575358518345e+01
1.574962629160508598e+01
1.586899034556223675e+01
1.476730663106698671e+01
1.408001009178314789e+01
1.414281825977086271e+01
1.242555235277425751e+01
1.020896997214290458e+01
9.012971385381673528e+00
1.203156603120529766e+01
1.399521668807840413e+01
1.272552422891164348e+01
1.240130523644797655e+01
1.115901063756998290e+01
1.035012425932155189e+01
1.009334210892968997e+01
1.186002608381390822e+01
1.289864838992435025e+01
1.330697065086437192e+01
1.442240834633041580e+01
1.392105748467001014e+01
1.279345879572002076e+01
1.334109285445532045e+01
1.477721734667055031e+01
1.551216441193901296e+01
1.576289301540261789e+01
1.537637219711615799e+01
1.461896066580884579e+01
1.356137463898650353e+01
1.449660575319033740e+01
1.585495115341010575e+01
1.595811394342953626e+01
1.609113838172212496e+01
1.580835215294227858e+01
1.488996561982130018e+01
1.365755851915121433e+01
1.289715828530471242e+01
1.253614166388219608e+01
1.129922353276967684e+01
1.063117605421068568e+01
1.107138954573001399e+01
1.222714721652081415e+01
1.356942235118027007e+01
1.405871997291252029e+01
1.273450532649914990e+01
1.175151725851408102e+01
1.185221764967436719e+01
1.036985796597778453e+01
1.058062097626967990e+01
1.061372998608021945e+01
1.197475963223924111e+01
1.302052813541552645e+01
1.212640001110327326e+01
1.247340115299922125e+01
1.270789331712047954e+01
1.368410938555132716e+01
1.447667042519618441e+01
1.486640858731241188e+01
1.381450106153600821e+01
1.344610592479932620e+01
1.457160755016744957e+01
1.516405990206603605e+01
1.533288124130929120e+01
1.541428633669125148e+01
1.494575375184157373e+01
1.418699765645847855e+01
1.337704024950203241e+01
1.298354167417187632e+01
1.379722719104578665e+01
1.390033276679361762e+01
1.276159957757300845e+01
1.475556094661262740e+01
1.502534921040735583e+01
1.369176339832902833e+01
1.172067264888485028e+01
9.065789673877995725e+00
8.078262681248332910e+00
8.602810607548196487e+00
9.625987029709087039e+00
1.010918358522947358e+01
1.034813343402273311e+01
9.950627770461920818e+00
1.047832901021533480e+01
1.137342871448963599e+01
1.276282390077961537e+01
1.455981650168039465e+01
1.461200695270267147e+01
1.435423707113459280e+01
1.382558173764023302e+01
1.376372987067962228e+01
1.457256374736093285e+01
1.435073020802034982e+01
1.335933181731078534e+01
1.407873585215921075e+01
1.421600271391229064e+01
1.314388127120553662e+01
1.326900868623477514e+01
1.440184018301452440e+01
1.345132383230277107e+01
1.050050030894583131e+01
1.096970859620430616e+01
1.155219311683660521e+01
1.047243911733772670e+01
1.080709438403765965e+01
1.007687633842111730e+01
8.265799854100334798e+00
6.187298480385378774e+00
5.752939600403231601e+00
6.709016103985232071e+00
8.347425765609461479e+00
1.089937020066423301e+01
1.271021972333602790e+01
1.234650245124040246e+01
9.837570736547188943e+00
6.582817793793775962e+00
3.047624904961584225e+00
4.034560216985457082e+00
6.218926710520557677e+00
5.184905921563155218e+00
4.409375383518757907e+00
4.520554544263944763e+00
4.659196291885152164e+00
5.755310849824113006e+00
7.373459879611168333e+00
6.420726796027936167e+00
4.645784019653407704e+00
5.116583543167269710e+00
6.634897767201156427e+00
8.138454077310335322e+00
8.277960038761877470e+00
8.876971213517943937e+00
1.054541393556142559e+01
1.102814126727163746e+01
9.790116797607353760e+00
9.359506899804763691e+00
1.179718901036939727e+01
1.353825560519964455e+01
1.408223400563496064e+01
1.363107006400832688e+01
1.200563680379652709e+01
1.163544607809112286e+01
1.200761305434238224e+01
1.207529122673718014e+01
1.062707924623086164e+01
9.470107312950041489e+00
7.840261063311188217e+00
4.713684661230045592e+00
4.341960551481649944e+00
7.784377850698610324e+00
7.802030223628227290e+00
8.304525936536180097e+00
7.531750862830960180e+00
3.565836068633073008e+00
5.338404520805281273e+00
6.010924510388362840e+00
6.047896983786875680e+00
3.908451522589123872e+00
1.466213904327366535e+00
4.806263074599546492e+00
9.156551523734467679e+00
9.163817413567677761e+00
8.776484624666611722e+00
8.281917130959509876e+00
7.384314879595795134e+00
7.728782290062661708e+00
9.318241964694459867e+00
8.296993974287273588e+00
6.762462794065202232e+00
6.738702375797096522e+00
7.773222549148864680e+00
1.038327888772494489e+01
1.096016182437789688e+01
9.920307639292342827e+00
7.514597610188704202e+00
5.036056615338692311e+00
4.296904396359540357e+00
5.747584316770544710e+00
7.529022264971644951e+00
5.797435413842370266e+00
5.482658730231767308e+00
7.193200114530852396e+00
7.920447962735595482e+00
7.718434884228867254e+00
8.565037474886141311e+00
8.639726359297402070e+00
9.149866907594262244e+00
9.019457396002252381e+00
7.628014368489936636e+00
6.365765131811308208e+00
7.463976334999499862e+00
9.493617807783083506e+00
1.130255798107560317e+01
1.197062926722298748e+01
1.133386053959769768e+01
9.671123183273246937e+00
9.477023667872595425e+00
9.428654838297633844e+00
8.667912840765886529e+00
7.779408585776546481e+00
7.034780936536490614e+00
9.105429913454548441e+00
1.132353121716305289e+01
1.178128928773191397e+01
1.097723001025735989e+01
1.035109083934660923e+01
8.883007279054313088e+00
9.227524398489990176e+00
9.046032896608940277e+00
7.006486167468191084e+00
6.865271811285309944e+00
7.467739991865285809e+00
8.307188743928675123e+00
8.396647176087062903e+00
6.161866377122239946e+00
3.715625241918106614e+00
4.421048453053309402e+00
6.542955593692992622e+00
6.908768122839956227e+00
5.974243495611370136e+00
7.629712790860695648e+00
6.339942825176570373e+00
5.421597053833420610e+00
7.477462930826741072e+00
8.334431707476964490e+00
7.094266419685103742e+00
7.947277243583501516e+00
1.277196061248115200e+01
6.831062433428986225e+00
