-1.236970508280118253e+01
-1.129043212733570023e+01
-1.183915363623679262e+01
-1.262646896390386075e+01
-1.347101325596106314e+01
-1.397696731713088525e+01
-1.406889765463418840e+01
-1.402385126327122755e+01
-1.285243637942839356e+01
-1.296723085462545910e+01
-1.270243986593640884e+01
-1.068817395969169404e+01
-1.174161178854136089e+01
-1.328563583186268460e+01
-1.306288021406288813e+01
-1.248162551009537857e+01
-1.211981645601939661e+01
-1.179651436559295163e+01
-1.196948633317484934e+01
-1.103013102036615933e+01
-1.090221608662231390e+01
-1.277828560016602033e+01
-1.186817449125780399e+01
-1.046083527804625035e+01
-1.196717813603901703e+01
-1.270139990246658712e+01
-1.336440500665520226e+01
-1.358908777371166998e+01
-1.208602425032122696e+01
-1.054633627036893628e+01
-9.613856746535336839e+00
-9.134196361189564684e+00
-8.455552271093946359e+00
-7.484168043044080676e+00
-7.652073650464743082e+00
-1.024864625624278069e+01
-9.377991588467025963e+00
-6.455981201697324146e+00
-6.324639120221367428e+00
-6.964597757048571758e+00
-9.075887118256284580e+00
-8.513880833984172725e+00
-5.580088401776190921e+00
-4.372297540138780469e+00
-1.958628561828681391e+00
-2.541880258833169925e+00
-6.687672506764877234e+00
-9.336080587248341445e+00
-9.882580904539031152e+00
-9.829329596233554511e+00
-8.964864778367374498e+00
-8.643666341583099211e+00
-8.493291989630428418e+00
-7.121912261081202900e+00
-7.797152418365581816e+00
-1.062849160881595800e+01
-1.200440131105590424e+01
-1.215384308411891645e+01
-1.122721930439323224e+01
-9.664695536484376959e+00
-8.844111458953722860e+00
-1.020591739455995217e+01
-1.193998434157679434e+01
-1.152800122998962706e+01
-1.098007894341158774e+01
-1.115731359509134180e+01
-1.033057841768287233e+01
-1.094890658980118125e+01
-1.199814601001543757e+01
-1.158877340989317162e+01
-1.082573060401910148e+01
-1.144245446742396588e+01
-1.160671140629195008e+01
-1.097423500087383097e+01
-1.229078393699094462e+01
-1.403200074565784661e+01
-1.421475094194325628e+01
-1.289601698718520950e+01
-1.090483146185138708e+01
-9.089859212108102327e+00
-7.319165852224109869e+00
-6.112686475811378806e+00
-6.868187179348732130e+00
-8.624926364758145780e+00
-9.702889342650777849e+00
-8.896990582282416682e+00
-7.674258243595329709e+00
-7.463485463128183284e+00
-7.322537078483216000e+00
-7.359605276256091067e+00
-7.612547467761155318e+00
-8.139812886376283529e+00
-9.401417862028745631e+00
-8.290306544374505648e+00
-5.544842658976204319e+00
-3.573737579632805250e+00
-2.110895100839070171e+00
-3.338996772709714289e+00
-6.749203173033290426e+00
-9.241596855484790041e+00
-9.515763208766822245e+00
-7.933936007598203943e+00
-8.376013600301607909e+00
-9.793131365433444202e+00
-8.883789861167453950e+00
-7.647517743831666159e+00
-7.779005940729704527e+00
-7.998408875114724204e+00
-8.163096172031735875e+00
-8.677248550067828248e+00
-7.547365938395683038e+00
-7.694812254581999689e+00
-7.792220836152464081e+00
-6.537297358627604638e+00
-6.484935968974583353e+00
-7.770854379048961036e+00
-7.285512763939085090e+00
-6.679439817547141445e+00
-8.004831186169296231e+00
-8.566761354249059934e+00
-1.040488876210813807e+01
-9.560852439883133158e+00
-9.886215566862260218e+00
-1.012723179450614275e+01
-6.495583783454886628e+00
-4.301777634514592386e+00
-4.061966541804982178e+00
-3.195036429294485725e+00
-9.277184952483501501e-01
-1.548588743220064012e+00
-2.858332594797944548e+00
-2.267696718457634208e+00
-5.202520856720117770e+00
-7.247146416919538758e+00
-7.031910785112671647e+00
-8.175091205194343402e+00
-6.935889174777550181e+00
-3.342329127798336685e+00
-2.918309797028855179e+00
-4.479229120906595973e+00
-6.767439001781031749e+00
-7.026459223721040814e+00
-3.963727023316633957e+00
-3.750066782808950894e+00
-8.218395372471634985e+00
-1.105594208704613202e+01
-1.135330665054818411e+01
-1.175693804151556598e+01
-9.331003057418431723e+00
-5.302670054571693825e+00
-8.112049852913283843e+00
-9.463302168705702400e+00
-8.661442310030130542e+00
-9.176245332819569001e+00
-8.732868782964239074e+00
-8.777139325616392540e+00
-1.004953009994671298e+01
-1.145751251258810122e+01
-1.224001716889711133e+01
-1.024898238212984580e+01
-7.435230431801348239e+00
-6.541146953065702263e+00
-5.237298240191464060e+00
-3.874723094789441991e+00
-5.577014351373939860e+00
-6.750901772908053822e+00
-6.700028624588496129e+00
-8.586137756945968036e+00
-7.148074243083835100e+00
-7.142898082430297002e+00
-8.793872974739228354e+00
-7.924001836602011295e+00
-6.349161653869334287e+00
-4.936109616020418756e+00
-7.123732252969988465e+00
-8.993744930333445353e+00
-7.839755995597955440e+00
-7.379991244826126007e+00
-8.679700891478555391e+00
-1.123762908939812988e+01
-1.268853157584015001e+01
-1.328472147898905042e+01
-1.344347793668804236e+01
-1.334977149102010507e+01
-1.330235253668880269e+01
-1.302310094325398637e+01
-1.139994830996844577e+01
-1.100599600586177473e+01
-1.030447022566980841e+01
-1.014588195483230137e+01
-1.272550516965097955e+01
-1.410816662047465186e+01
-1.244729755133546156e+01
-9.700109623837901651e+00
-8.838287735317608806e+00
-1.064379856005016300e+01
-1.153494404073551038e+01
-1.124232132139128915e+01
-1.177189008547412463e+01
-1.111128240293244929e+01
-1.127063639191109878e+01
-1.196154537752691382e+01
-1.190549597138668148e+01
-1.184253350586097575e+01
-1.112826323139566398e+01
-1.112383808026086918e+01
-1.064814071801985129e+01
-8.636248402544911329e+00
-8.887795494427278342e+00
-9.333247377241582043e+00
-9.813391265347911840e+00
-9.534426645676386869e+00
-7.495139390046321459e+00
-6.656149232238517399e+00
-5.796855209959187683e+00
-5.867379210277670509e+00
-8.002668097418222715e+00
-8.632517955938496357e+00
-7.872290665467889248e+00
-6.277071084128439615e+00
-4.505656394211571047e+00
-5.204778707041916697e+00
-8.446312270313104165e+00
-9.606518539985453131e+00
-1.024192234743223828e+01
-1.055750848595907243e+01
-9.065002676149340743e+00
-7.915788224659086936e+00
-8.297668878313514185e+00
-7.184820267823746498e+00
-4.227193772668094596e+00
-7.021821840429014472e+00
-1.095807442679520527e+01
-9.783309625986309044e+00
-7.255410465186890256e+00
-5.889384809695901168e+00
-7.044322883399131818e+00
-6.288424916924115315e+00
-5.476421027485812942e+00
-7.218981298619422837e+00
-9.432515929286200418e+00
-1.005922883308182847e+01
-7.169665162323243024e+00
-4.489324422504146206e+00
-6.856335108105024112e+00
-1.050067479872971354e+01
-9.936585471590042573e+00
-7.993540317937618767e+00
-7.344791842788193748e+00
-8.525934462630777588e+00
-1.027499170345894974e+01
-1.157354819801814827e+01
-1.235381571721931415e+01
-1.114618717651208968e+01
-8.732789140468359079e+00
-1.043020483877193705e+01
-1.286815015459471034e+01
-1.329727294110719882e+01
-1.311856022991522330e+01
-1.029541133055179714e+01
-8.568785655969223924e+00
-9.823899967060693683e+00
-1.156340264968029352e+01
-1.166214577992646184e+01
-1.302091672342519679e+01
-1.375749065213409317e+01
-1.187755230203923951e+01
-1.076086668332184004e+01
-1.246386264170620883e+01
-1.101174531921639144e+01
-9.626436309360316912e+00
-8.830241072824810189e+00
-1.009352375506962396e+01
-1.155874463541510444e+01
-1.129776467742131096e+01
-9.215425492773649196e+00
-7.879997280315901520e+00
-9.234130701133533847e+00
-7.479636273844216809e+00
-5.283810086653737415e+00
-5.464077055561078033e+00
-8.274136205134903221e+00
-1.108161054623297304e+01
-1.238296359526656865e+01
-9.513853623466312470e+00
-6.049335028343286069e+00
-8.356399779977676801e+00
-1.007041288458164807e+01
-7.732327694061980061e+00
-5.966017350445141254e+00
-8.747370241813664293e+00
-8.824943246617664272e+00
-5.204546433709483111e+00
-3.466884759381214209e+00
-3.680336837017160523e+00
-5.356418172287988000e+00
-6.302316855767549519e+00
-6.605673238597185915e+00
-9.153259711733809922e+00
-9.372355504719218189e+00
-1.034945247780622601e+01
-1.038538567672907220e+01
-1.033065496280424966e+01
-1.213831948991761500e+01
-1.226346393968833759e+01
-1.364930798937758283e+01
-1.370811007165298889e+01
-1.219992657685153681e+01
-1.303528228421637003e+01
-1.371538881680137756e+01
-1.250463345548552674e+01
-9.610343351429133207e+00
-8.419315310775957073e+00
-8.845394614403426559e+00
-9.352666896513790462e+00
-9.772497796794553437e+00
-9.889565458490331196e+00
-1.066970846896259140e+01
-1.134741867376433966e+01
-1.206566536969689096e+01
-1.047893651382482005e+01
-6.877616584516281328e+00
-5.242040986158107430e+00
-4.037110022672540488e+00
-2.488012758255405465e+00
-1.534781519707605124e+00
-3.087668263688589487e+00
-3.792106479242161488e+00
-4.642822164997269851e+00
-6.425177803680488964e+00
-4.370358153219483732e+00
-4.217241380155885011e+00
-2.340395481700779268e+00
-9.350248314878351064e-02
-2.555580764714563635e+00
-6.249646919837564596e+00
-8.873621350503144711e+00
-9.832823432391474938e+00
-9.567970198791854841e+00
-8.427764564774754774e+00
-9.007020890528629309e+00
-8.771829064025883582e+00
-5.546553979520732369e+00
-6.629642525303246714e+00
-1.350898405180827133e+01
-1.598797393285050994e+01
-1.536396450912317135e+01
-1.384289303480932176e+01
-1.394033845386823245e+01
-1.496443517392741107e+01
-1.557500385527053410e+01
-1.484850888846766104e+01
-1.441082418728063708e+01
-1.354533352451371897e+01
-9.964629639316424203e+00
-6.584447747137462947e+00
-7.542997128387036732e+00
-8.339557807335362227e+00
-7.871508698490501388e+00
-7.107988125113710254e+00
-4.991322060225841462e+00
-1.912308101351746448e+00
-3.290966384251354793e-01
-3.936763450251246521e+00
-8.017306482746974439e+00
-1.009420242837011372e+01
-1.094157596027353740e+01
-1.038635514795634407e+01
-8.826875206036127963e+00
-1.039175490534432278e+01
-1.322134190480919358e+01
-1.367523225031699674e+01
-1.257090872722380936e+01
-1.013518161704969422e+01
-8.006209139487289406e+00
-9.087670328186149504e+00
-8.693787803219906962e+00
-7.069273169469392215e+00
-7.626242787126130018e+00
-8.457790779742765608e+00
-1.093213365060025311e+01
-1.233026515106906373e+01
-1.278777864034593215e+01
-1.237061428817841069e+01
-1.075072432744697970e+01
-6.630050020889648010e+00
-3.983137014609336113e+00
-4.779717011063650212e+00
-2.678557283998062921e+00
-3.812780873118528646e+00
-6.264090627219919050e+00
-6.129282579208120474e+00
-4.760942551259011779e+00
-3.021567711263572598e+00
-4.971718792012413957e+00
-8.454543515681681498e+00
-1.063427018969801807e+01
-1.038059995634237254e+01
-9.456780860749544715e+00
-8.743083879399847547e+00
-9.934827669995376809e+00
-8.938688575890141763e+00
-8.974711895466779055e+00
-1.014778199345406939e+01
-8.485294682380633446e+00
-6.102838529103961740e+00
-5.219975367774249086e+00
-4.037467772736863303e+00
-2.846916881324343507e+00
-2.841862541450380863e+00
-1.592133356812639233e+00
-5.099662311661024017e-01
-4.889821297116110799e+00
-8.125536930727486506e+00
-8.374467556658988343e+00
-7.160011645833113114e+00
-3.695825153236913518e+00
-3.657536750681431581e+00
-4.605921746927973182e+00
-4.777254480958231575e+00
-7.873853094826318788e+00
-7.096841003059225272e+00
-2.838169175030577751e+00
-2.830590357198743412e+00
-5.680091175440470153e+00
-7.744062401371956561e+00
-7.571190517866348557e+00
-6.754532229480555650e+00
-5.093802340949898699e+00
-7.341075991747183060e+00
-1.081459541055363793e+01
-1.027343060002603892e+01
-8.574241390759382853e+00
-8.270730072800480670e+00
-9.797273763537377889e+00
-1.191015574992248816e+01
-1.273471527382467627e+01
-1.218102984829805635e+01
-1.237026986317232691e+01
-1.362623748352399389e+01
-1.223511201689121997e+01
-9.627556759460153657e+00
-8.030374881750892868e+00
-4.838281745219497054e+00
-1.608407094438294715e-01
1.440129974443640215e+00
-8.933997684705933251e-01
4.520132690592508773e-01
1.873559241691042709e+00
-3.296294842710456141e+00
-5.058930339593996628e+00
-2.275392726859557957e+00
-2.795451348787209689e+00
-4.490425734133944857e+00
-2.170770353306090250e+00
-1.787533602445697589e+00
-3.675567110178596053e+00
-4.205931780564132083e+00
-5.003672488437050703e+00
-4.428990167418746182e+00
-5.610281872639078848e+00
-8.307386672194695620e+00
-1.029843452332336007e+01
-9.482737323692306930e+00
-3.862425981174782308e+00
5.008950170491692777e-01
-3.064953063738024230e+00
-6.480845054104214853e+00
-5.551870781141164279e+00
-4.982144430932953227e+00
-4.437450070032548766e+00
-3.812197750317048328e+00
-2.556298461491071983e+00
-5.594526840759209918e+00
-1.101596552090617642e+01
-1.185959879177396026e+01
-1.144766209926364553e+01
-1.280811839168315025e+01
-1.257498814662027975e+01
-1.318805048577874572e+01
-1.370793369487880220e+01
-1.340618557904121921e+01
-1.314457417531455619e+01
-1.245766065039530091e+01
-1.313396153608588968e+01
-1.391381882388148483e+01
-1.325444493153562853e+01
-1.169958145594036658e+01
-1.036710288892711063e+01
-8.100563238083944739e+00
-6.562372338941014682e+00
-7.750523813039156273e+00
-8.627730964764232624e+00
-7.594014130159895792e+00
-7.220082608755594933e+00
-6.370386231548909706e+00
-4.126129112694163048e+00
-4.331558217391450860e+00
-4.276461712969846118e+00
-3.695938196920489638e+00
-2.063090739069045831e+00
1.182082646424055250e-01
-2.462952674064578407e+00
-7.432767579756124121e+00
-1.064016614036480490e+01
-1.183175088883618109e+01
-1.319190271247526702e+01
-1.328894578534154647e+01
-1.352311915860121694e+01
-1.433425697244045338e+01
-1.428814401020305525e+01
-1.273012375149902908e+01
-9.884008763971291245e+00
-1.090297847166874945e+01
-1.356572149073650912e+01
-1.496605603909285520e+01
-1.521352276941343007e+01
-1.403243577742411219e+01
-1.228566119318340277e+01
-1.342927086063168929e+01
-1.274030984168162384e+01
-1.378071005429904083e+01
-1.503260004812386441e+01
-1.507960907246203774e+01
-1.359310338504635851e+01
-1.049116479483322451e+01
-1.027401925040647512e+01
-1.094954640099973986e+01
-1.150960763537929132e+01
-1.250754178798404048e+01
-1.306138239205814955e+01
-1.274034280981048539e+01
-1.165692042668000639e+01
-1.203230700484002647e+01
-1.300474926690708699e+01
-1.414369978434353570e+01
-1.426442493642921505e+01
-1.430747312953624295e+01
-1.395449830848009221e+01
-1.253976584964247820e+01
-1.244041392955410075e+01
-1.219926752503995537e+01
-1.306812945818196781e+01
-1.420632904579920641e+01
-1.436075789961007310e+01
-1.195085661951557654e+01
-1.174977074429955515e+01
-1.234330723512175432e+01
-1.293255384438751676e+01
-1.407025017492935781e+01
-1.438405113750307152e+01
-1.462265967966550306e+01
-1.380781583958552261e+01
-1.123791458581304425e+01
-8.179940822100743247e+00
-4.787037341971376314e+00
-3.047724147969822717e+00
-3.243103820593185915e+00
-4.834088767939266340e+00
-5.683581967434561122e+00
-3.223527051202191185e+00
-2.804134394473130953e+00
-8.111815582209901621e+00
-1.044211243454867599e+01
-1.071474697190766534e+01
-1.143242644891440740e+01
-1.259143479434653479e+01
-1.338918552442186360e+01
-1.221366400324954604e+01
-1.014331637654789908e+01
-9.433297477734656766e+00
-9.757193140141763976e+00
-1.110147648428667111e+01
-1.342355004458343970e+01
-1.466164225472898686e+01
-1.422186794503547169e+01
-1.480272389655105769e+01
-1.539764611988274190e+01
-1.567591035000435085e+01
-1.588665795834962324e+01
-1.541972923750383551e+01
-1.527690243483372790e+01
-1.568174169074739766e+01
-1.542596822770690501e+01
-1.515848100290844336e+01
-1.475333150276356164e+01
-1.449055533009213015e+01
-1.537737329380028584e+01
-1.515403363473710918e+01
-1.342392200454803586e+01
-1.372296097335616594e+01
-1.332066070412024850e+01
-1.200136892520712628e+01
-1.077941029070966827e+01
-9.679489943908430760e+00
-8.361786305932250585e+00
-8.232922744858553799e+00
-7.444464554696898162e+00
-4.899171497959234678e+00
-6.474708730135468215e+00
-7.772241793156036138e+00
-5.020224433760163585e+00
-5.350065013491922983e+00
-7.376976393431569079e+00
-8.082131793686469834e+00
-7.131936575607134010e+00
-9.521264166502694692e+00
-1.193389926848828608e+01
-1.150515959046039782e+01
-1.204386835082268981e+01
-1.185608239017790666e+01
-9.902547637218550136e+00
-7.647966779590390729e+00
-9.323148389658003410e+00
6.470665775920301233e-01
6.470665775920301233e-01
6.470665775920301233e-01
6.470665775920292351e-01
6.470665775920292351e-01
6.470665775920301233e-01
6.470665775920301233e-01
6.470665775920301233e-01
6.470665775920301233e-01
6.470665775920301233e-01
-1.302450124295213385e+01
-1.442451322661432478e+01
-1.408922959555013676e+01
-1.394963588468872295e+01
-1.476994011931509831e+01
-1.473946828432828049e+01
-1.335104697338324264e+01
-1.278666375837383740e+01
-1.423537366843900109e+01
-1.425873745845529328e+01
-1.172421165012162980e+01
-8.005073223491368850e+00
-5.315372452134901060e+00
-5.320110903212896147e+00
-5.215942389352165698e+00
-4.554298318326661210e+00
-4.802673410791572728e+00
-4.611271166733966531e+00
-1.673871694993384063e-01
-1.557041872064090227e-01
6.470665775920301233e-01
6.470665775920301233e-01
6.470665775920301233e-01
6.470665775920292351e-01
6.470665775920292351e-01
6.470665775920301233e-01
6.470665775920301233e-01
6.470665775920301233e-01
6.470665775920301233e-01
6.470665775920301233e-01
-4.296667349529812441e+00
-6.671257422487458122e+00
-5.088101312847840951e+00
-3.604575747528390828e+00
-4.438496058548082601e+00
-4.838220389688452805e+00
-4.795383266634448916e+00
-3.901774954617288405e+00
-3.956759340897232136e+00
-5.988141993212472869e+00
-9.617739501918014966e+00
-1.100238480775124827e+01
-9.891813746769740234e+00
-1.036348352211183510e+01
-1.078377571974739801e+01
-1.160071892070239663e+01
-1.155809472286346029e+01
-8.153556130128547963e+00
-4.488169999817089639e+00
-5.113516137838455045e+00
-5.765656126415031224e+00
-6.148692363407247008e+00
-5.840491489379692425e+00
-5.500840609657524638e+00
-7.062162373155153716e+00
-6.975041095784106915e+00
-6.746947315445939175e+00
-9.737859882884077223e+00
-1.200820265176898083e+01
-1.253708807472387932e+01
-1.253344932597924277e+01
-1.396131589223780622e+01
-1.490115561213112905e+01
-1.487901545586070462e+01
-1.479702617233901840e+01
-1.459162080110695037e+01
-1.312055747409884887e+01
-1.118536117007139197e+01
-8.424124882677881843e+00
-7.320807955760712638e+00
-5.220890789460526094e+00
-3.854837252180316476e+00
-3.144580236846599153e+00
-4.223805368147173667e+00
-5.513978211021097309e+00
-6.158887251469992385e+00
-4.904336876740306828e+00
-5.585770701533823157e+00
-8.674477554514341548e+00
-1.059070818132241421e+01
-1.362645262511421329e+01
-1.458624079838946308e+01
-1.336552217248790697e+01
-1.206522224030377188e+01
-1.289069134180265408e+01
-1.383280136815989358e+01
-1.415237144983516515e+01
-1.410111631896510431e+01
-1.459501341403668917e+01
-1.487720534356696866e+01
-1.524627066740288583e+01
-1.488720362141592091e+01
-1.445352455489817700e+01
-1.437884351976810038e+01
-1.504819761159311042e+01
-1.583041084693455502e+01
-1.574256877034046909e+01
-1.498154735596328280e+01
-1.553345504153194234e+01
-1.434287420327383167e+01
-1.355455101675688745e+01
-1.196557268595946866e+01
-7.916566131392222871e+00
-8.207737746234895937e+00
-1.093098825904220917e+01
-1.152561714233012857e+01
-1.233973369204705328e+01
-1.171789306475279524e+01
-9.741400669337970442e+00
-1.134256529850084938e+01
-1.106041444496560722e+01
-9.488405240422931541e+00
-9.846431122844101935e+00
-9.850675412555375487e+00
-1.002804066258581805e+01
-7.204314039067145181e+00
-8.146630792098772389e+00
-1.078772365884596951e+01
-7.601382925906208676e+00
-7.082062801617423631e+00
-8.598917750704373475e+00
-1.027027154279909738e+01
-1.134049288014396062e+01
-9.892894585494918402e+00
-9.891467557432159552e+00
-1.070729021721126983e+01
-9.350346955598944021e+00
-8.775222953115596525e+00
-1.120317385000238630e+01
-1.179391336174787952e+01
-9.212262262020399106e+00
-5.382068286886319441e+00
-5.337046167708529687e+00
-7.704472388056081478e+00
-6.315832629129563891e+00
-5.676693138886792056e+00
-6.941756213529479247e+00
-6.281466663241589643e+00
-6.182083734658619711e+00
-5.392278428524683420e+00
-2.687336226135391026e+00
-2.274576237270744983e+00
-4.683981066320376918e+00
-3.816884081800882900e+00
4.005427730781200846e-01
6.815618428671759155e-01
-2.236965740527398161e+00
-2.083474079818788738e+00
-1.020845117262433988e+00
-3.226463347675434079e+00
-7.808522797703473906e+00
-1.089784176358759105e+01
-1.294245672348523790e+01
-1.445080997339882067e+01
-1.451719299192918733e+01
-1.419302225176486054e+01
-1.363786154668644990e+01
-1.181123653522800865e+01
-1.000061970797215416e+01
-1.015212400282321248e+01
-1.106634537893739001e+01
-1.132000984490123230e+01
-1.290839794708286448e+01
-1.355504380283854360e+01
-1.137865865793497200e+01
-1.264141256720871631e+01
-1.482296348737762948e+01
-1.413949778210915476e+01
-1.421202595470400531e+01
-1.413260252448750798e+01
-1.011033808779163401e+01
-6.950233349780162051e+00
-5.688677003303386215e+00
-5.094857665501853816e+00
-5.039775880119725215e+00
-5.127868711099174526e+00
-6.095765667755243200e+00
-5.078877065960340609e+00
-4.574249773498737959e+00
-7.724853115506045143e+00
-9.040221269723296871e+00
-9.104963000820433194e+00
-8.670037918004144473e+00
-9.556048361681162007e+00
-8.470101256944028378e+00
-8.393009391049870871e+00
-1.123119007100289934e+01
-9.917562087627976197e+00
-5.918004245988635503e+00
-6.800581547397136717e+00
-1.181364213422128806e+01
-1.379779521939250309e+01
-1.343930456061385925e+01
-1.322251903325705946e+01
-1.322925662620629872e+01
-1.170826414316739950e+01
-1.085911862024155639e+01
-1.325153377079093708e+01
-1.361237344983690178e+01
-9.597895081518597493e+00
-7.677345792066974539e+00
-6.760533323125518912e+00
-5.392227398128922822e+00
-3.231833005712837714e+00
-1.124391197278103549e+00
-8.459189378692698602e-01
-2.529185728549439016e+00
-6.278744186481182155e+00
-9.631758112072917655e+00
-1.041417802161140571e+01
-9.397538581651557976e+00
-6.926639075017244629e+00
-7.493202612280955854e+00
-7.968418234629405461e+00
-8.709245843694475298e+00
-1.071724755592422440e+01
-1.236349214578268096e+01
-1.344322106138068307e+01
-1.308293978658017132e+01
-1.090362443375535051e+01
-9.396898395338297405e+00
-7.729352403039526642e+00
-4.881719637677181645e+00
-3.952510612664581924e+00
-4.328996859813238451e+00
-6.767914560726234541e+00
-8.223611875524730053e+00
-5.512538335978668158e+00
-2.302998575861427089e+00
-1.787136320312364912e+00
-6.171657801002838006e+00
-8.435739167164509666e+00
-7.725840060409810306e+00
-5.780262082388778921e+00
-5.495993951068825822e+00
-5.588333212746208645e+00
-6.333162354730033528e+00
-1.037232836961882931e+01
-1.307429481658124892e+01
-1.269951223966552867e+01
-8.493049052594102477e+00
-5.216586086070339690e+00
-6.126925487889036681e+00
-7.775114876960308230e+00
-7.342866599815162765e+00
-8.694729072665936087e+00
-8.035872194449476424e+00
-7.887388688521560276e+00
-1.114968225885642461e+01
-1.318454810470245242e+01
-1.291585915133286200e+01
-1.090740510164829047e+01
-1.125093209324718657e+01
-1.138556916164019306e+01
-1.092615743802331174e+01
-1.367514198057611452e+01
-1.543791558528986840e+01
-1.299080883866189140e+01
-1.121481259688619225e+01
-1.356163308883910013e+01
-1.106259168106663182e+01
-9.381480688225900977e+00
-1.079038966484890416e+01
-1.286641692395081371e+01
-1.342557995003884663e+01
-1.002536591094706964e+01
-7.566647660365759975e+00
-1.048136685398461942e+01
-1.256088754765356263e+01
-1.044431868464833357e+01
-5.870696631252651621e+00
-5.113096129473802876e+00
-4.779155811144015331e+00
-1.259540263520844139e+00
-1.183488604970143410e+00
-4.812223790659896139e+00
-6.963412502633991252e+00
-4.463052274270828512e+00
-4.034239884632838447e+00
-8.515764303544989033e+00
-1.079125657106185265e+01
-1.268329243174569498e+01
-1.422204019673503517e+01
-1.471883355581726605e+01
-1.473926754389050586e+01
-1.457384044764338249e+01
-1.316086213872059041e+01
-1.348758585814272237e+01
-1.446771498099804987e+01
-1.135247577461063173e+01
-5.544237407957405495e+00
-4.771022914499058187e-02
-1.599587468950099067e+00
-4.712776225581989387e+00
-3.501199892002085257e+00
-2.333729815276477382e+00
-5.116283856152138654e+00
-4.437320042565453981e+00
-2.802739958250567653e+00
-4.636737684341983190e+00
-5.392975778573062762e+00
-6.524196805248544173e+00
-6.837056725540357149e+00
-6.080031662316417673e+00
-5.266061513783784953e+00
-4.847688065532858026e+00
-8.102399432261908174e+00
-9.529739947192938487e+00
-9.212370658921679833e+00
-1.055121075268590403e+01
-1.124181285879621228e+01
-1.076928016867585924e+01
-1.114493025697022865e+01
-1.296850811099866796e+01
-1.292451911550132237e+01
-9.699160833599133724e+00
-1.083913202776419737e+01
-1.335344768095523271e+01
-1.253341590769799474e+01
-9.879829003719304836e+00
-8.484828377501747454e+00
-7.391862178822799834e+00
-6.820494212849313342e+00
-4.973159645178143684e+00
-3.324093269285634200e+00
-1.913630055266846597e+00
-2.878586837654265818e+00
-6.695529524313787562e+00
-9.308012435641765947e+00
-9.700704246130790409e+00
-7.907223840810131854e+00
-5.406867413369246478e+00
-6.197546155778200117e+00
-7.963850145806271819e+00
-5.612603024467962776e+00
-3.079192010281916581e+00
-4.864211249669869730e+00
-8.377738990254316676e+00
-1.030786454731857660e+01
-9.407506252440489547e+00
-6.903836880002564236e+00
-7.008927708734832507e+00
-7.275954439804769081e+00
-6.050539243007895251e+00
-6.779942047378856529e+00
-5.472310892150442641e+00
-2.961053082752125754e+00
-3.703502055315532004e+00
-7.013048694660412252e+00
-8.959168242910696023e+00
-7.610232571969828719e+00
-6.532020676711502993e+00
-5.632549338278677098e+00
-3.363916468176454178e+00
-5.754698448276082345e+00
-6.965639151217060565e+00
-2.641960607661451021e+00
-5.826709444019952500e+00
-1.061286549397550338e+01
-1.046983612774466188e+01
-7.489504936873482954e+00
-5.092656299605192061e+00
-3.856349926784474302e+00
-4.550389868162168838e+00
-4.278704022316311750e+00
-2.687555371407730487e+00
-3.722541732547167026e+00
-6.014074331454722255e+00
-4.285499081991540393e+00
-1.374139037718499878e+00
3.547590239870421769e-01
1.403092709886208045e+00
1.575924586209958900e+00
6.143436508939934537e-01
-1.746271249490379374e+00
-1.503475154772774491e+00
-1.913467811526269324e+00
5.527735193483120091e-02
5.287126147448849345e+00
5.810025655036664460e+00
3.308203541136175208e+00
2.090345341667600110e+00
3.361325344804648729e+00
1.945551627164186836e+00
3.348010630133480547e-01
2.167056130809269732e+00
5.773907859854484848e+00
3.007147664398131859e+00
-3.255071250910225533e+00
-6.157179965597928017e+00
-7.875016677756373262e+00
-6.940589714855089021e+00
-8.185339939507423779e+00
-1.208264271765191999e+01
-1.288967874159169291e+01
-9.768955787270446223e+00
-7.015845459816940632e+00
-7.905189277609240506e+00
-1.029955666969082095e+01
-1.034644878882015284e+01
-7.480508879116810839e+00
-5.348633664951020883e+00
-6.091311796727718608e+00
-6.089535262699220297e+00
-4.061403057460251098e+00
-2.943176755834949088e+00
-3.545856799489795819e+00
-6.685812093153706392e+00
-6.790893889026958341e+00
-2.241892091508519425e+00
5.945980157398323973e-01
2.631653634310491263e+00
3.749045547082298313e+00
4.821403030186704797e+00
6.428788225245622101e+00
9.507634199274230369e+00
6.827978132058338367e+00
2.114300601607292496e+00
2.922343898671333040e+00
5.794358344099143743e+00
4.135068994993773117e+00
-1.524704689666096735e+00
-3.167115098773437332e+00
-2.810281746051475515e+00
4.139945781184904972e-01
2.826063746121407316e+00
1.539001667245782690e+00
5.304661538501661555e-01
1.287461077258005293e+00
1.874015924545091583e+00
9.549765086597677977e-01
-2.793906391014067681e-01
-2.765417600489429084e+00
-4.084611446022327619e-01
1.528790532648131695e+00
1.992398647642696474e+00
2.650606841650242629e+00
-1.153866611862154556e+00
-6.807414882816746893e-01
-3.948279696290483975e-02
-2.577445279403140610e+00
-2.684520788831296301e+00
-1.801075689565666327e+00
-4.307337611797107613e+00
-7.662232118966485039e+00
-7.483705956692489281e+00
-6.937732689317623880e+00
-5.279881083181052759e+00
-5.554008732824815553e+00
-6.365476462988441497e+00
-6.246993475448482158e+00
-7.698154155148788647e+00
-7.887024926270660430e+00
-6.436660906532717163e+00
-5.945541985352535974e+00
-6.836384901100727163e+00
-5.017933235009427229e+00
-2.480168761267543154e+00
-5.476036447834938592e+00
-7.150033158067461869e+00
-2.835857884105301263e+00
1.938361617140198917e-02
-2.019418490878830408e+00
-2.444551294048947554e+00
-1.599441122292842632e+00
-1.116015423535404283e+00
-4.955196173777732804e-01
-9.385351533476302688e-01
-7.691425176910996475e-01
-5.460962375415421288e-01
9.701417211664423168e-02
2.400906323295595612e+00
4.176235681351505136e+00
1.214774903805251327e+00
1.779823591622926582e+00
2.454870791601552860e+00
-1.593220583736965623e-01
2.177831671819533188e+00
6.584391280231654875e+00
6.464121387063038959e+00
3.936107640155646514e+00
3.287132503479890944e-01
-4.740185479926566914e-01
-4.408021366083113984e-02
-5.235155618971901181e-02
3.769928504066968777e+00
7.951463240968902113e+00
5.087383975247182555e+00
2.147957183530226910e+00
1.788082646398625686e+00
1.500149933358999377e+00
5.304637387619838274e-01
4.451684538362946086e-01
2.848112779896142754e+00
4.734500568322550507e+00
1.384608382763209855e+00
-1.621879954686789305e-01
2.595133860292799355e+00
1.880634166374354654e+00
2.073455008566978286e+00
3.865522610090702305e+00
7.688292446910801381e+00
1.211443393470952046e+01
9.980213890627137374e+00
6.549709652455916853e+00
8.178405873178430596e+00
1.088869623305448719e+01
1.064701593303992233e+01
9.880144021984591518e+00
8.482052814078221203e+00
5.444495686101555876e+00
4.324170919609576558e+00
2.789920760442705649e+00
2.494319371071627156e+00
4.928914931091596507e+00
1.676807910110851729e+00
2.074532345824517954e+00
5.060913691525294134e+00
5.105125809032573514e+00
3.800734276381328325e+00
4.809990386970673382e-01
-9.160950645938303882e-01
-2.788751751822617031e+00
-4.295954673278574276e+00
4.189144770688497110e-01
3.033901652419502160e+00
9.920533763203057687e-01
-3.521082340581543346e-01
-2.015008377802329775e+00
-8.281971253703359626e-01
2.971247150598920861e+00
3.575644952921321451e+00
7.484010770730591844e+00
9.971994205848684345e+00
7.109493492430884132e+00
3.645289981384564282e+00
5.883514282848866905e+00
7.119904920656623837e+00
6.763396899310056831e+00
8.790046271870613381e+00
8.430666859997064222e+00
6.646697182405859827e+00
4.824469473068325520e+00
6.635143961264455825e+00
8.350760648329954350e+00
8.187777801521919585e+00
6.856668212997786505e+00
7.776751291260235455e+00
1.056852065744916302e+01
6.608668558985583807e+00
-8.947649218301022556e-01
-4.905004961190648771e+00
-3.191451930108462953e+00
-1.393678959330390654e+00
-1.452024863068815508e+00
9.553319478955737964e-02
1.280779751165597835e+00
-5.048386033254159688e-01
-2.800079962241604825e+00
-2.721464791400742822e+00
-2.828948331355272128e-01
1.818524206989690306e+00
1.162886088144286179e+00
1.236349305639896645e+00
1.810575841740911907e+00
-9.817157354656136370e-01
-4.121256806763597069e+00
-1.935468419546327590e-01
2.145015527712134773e+00
-1.117998302600663685e+00
4.451252029872919680e-01
-6.271636511930386293e-01
-1.944550079685612332e+00
-4.369731426861355739e-01
-1.456077974175730372e+00
-1.946493612738066981e+00
-4.004148254699809506e+00
-3.829890325831361686e+00
-2.448019124454443585e+00
-5.254007566436762922e+00
-4.333472218324964764e+00
-2.984766446704732346e+00
-4.908448528247585152e+00
-6.839059988522208755e+00
-7.410361188514226427e+00
-8.550313438240275232e+00
-7.325068172781810993e+00
-5.815445765918886956e+00
-6.253641877136629112e+00
-6.004944043311335022e+00
-3.712685327033366622e+00
-4.282882405862338260e+00
-6.793451587569692585e+00
-7.296317548427052380e+00
-4.154859497532035206e+00
-7.784525909153556800e-01
-9.154511311661992501e-01
-4.259561617518911270e+00
-6.698147162821446621e+00
-9.322677783688732234e+00
-1.306553623249293672e+01
-1.371277889545998363e+01
-1.312915341729837060e+01
-1.338593358720297744e+01
-1.440694316539600450e+01
-1.364471026162639689e+01
-1.179392630396854713e+01
-1.129947595060252929e+01
-1.286251968990198513e+01
-1.351618640858981557e+01
-1.002795967288476398e+01
-5.946759253035861725e+00
-3.028376318656339272e+00
-5.556171201283329530e+00
-6.073201867035506574e+00
-2.270473040629959804e+00
-2.454430824514715059e+00
-5.118494128896015738e+00
-4.848779667466613930e+00
-2.376400022304939519e+00
2.738762521123470517e+00
8.680530711800956922e+00
1.093062446471043536e+01
9.475975637250240169e+00
6.791305834991950618e+00
6.721038127929388928e+00
8.554706504007507206e+00
7.267360321532561507e+00
5.475063474037097144e+00
6.131126946402173594e+00
8.846493404303448216e+00
9.975305133300478744e+00
8.945744121823679507e+00
9.138457303286086741e+00
1.062306001978546455e+01
1.023526431109478452e+01
7.012343331836230931e+00
5.319053505297064888e+00
8.046660249766269146e+00
9.951236053136010895e+00
6.692388585499761788e+00
5.027156991752154802e+00
4.786520084027888977e+00
4.657330092124825960e+00
5.145857071465465005e+00
3.017374010470084134e+00
5.178758557857841005e+00
5.540397909322159364e+00
2.404320148589836670e+00
5.263811012010684465e+00
1.044844251985646189e+01
1.235255021141625420e+01
1.151311509299831037e+01
9.979533224003757752e+00
9.632739636963933094e+00
1.083031335225714464e+01
1.418758752255636502e+01
1.643761441257898070e+01
1.576697331761148568e+01
1.197814793399950695e+01
5.451724250243628944e+00
4.847073347803688148e-01
-8.950300922233650480e-01
-1.431994531005040261e-01
6.425067634558810914e-01
2.671280974040256773e+00
7.295167786405936994e+00
9.402048294405860318e+00
7.714717676696892568e+00
5.049442299881365059e+00
3.680383731029348127e+00
2.982118018801649839e+00
2.634528386477609008e+00
3.647097819838016064e-01
-9.365068642591081183e-01
1.134685556455297339e+00
1.014943845598597516e+00
-1.278613863754707092e+00
1.950262627778676316e+00
5.705389177704546455e+00
5.165051692861977628e+00
2.585892028498633088e+00
-2.907138371061331883e-01
-2.660612805927554114e-01
6.430367648728523289e-01
3.428990075413446359e+00
3.400058579400323300e+00
3.928548889782198739e+00
8.320399877698781310e+00
9.899881680879802914e+00
8.610856717868314192e+00
7.210960738085407939e+00
4.838398577550237611e+00
2.912471238136142393e+00
1.216847014311023489e+00
1.293277607358178372e-01
-3.389250904864713476e-01
-1.923781631258842051e+00
-2.481841126405980535e+00
-2.139029587273639788e+00
-4.266175112133506475e-02
3.075935741643128996e+00
1.922199267556994773e+00
1.590412245627643939e+00
5.146069526416019890e+00
6.319773708404477830e+00
5.637596983908124137e+00
6.877813520512863654e+00
9.505760641026054003e+00
9.630417790096288400e+00
1.244187907482393385e+01
1.402254787373040656e+01
1.238723463297034755e+01
1.144563241030462031e+01
1.211539049478681029e+01
1.263880736083935119e+01
1.381137128466775543e+01
1.646315753663398951e+01
1.654202521519794544e+01
1.294202225679974028e+01
9.916089053881004034e+00
7.324597195408165895e+00
4.880141268910108465e+00
7.235386639568480049e+00
8.777909148373334247e+00
6.351314582098799733e+00
4.566889691274538698e+00
3.031509421427073914e+00
2.619296636775187981e+00
5.760723992071225652e+00
8.115853631338568519e+00
8.856708000044875462e+00
9.998236951911371406e+00
1.127051529638076488e+01
9.487597809635449408e+00
9.811996393670050054e+00
1.299615323783738674e+01
1.122350303933036209e+01
9.732665959930265842e+00
9.823219592553400048e+00
9.601219390405306697e+00
1.155843269964331910e+01
1.393084350293884022e+01
1.352778338861338980e+01
1.219123437837799884e+01
1.183663507504041590e+01
1.260820096905614207e+01
1.116642622507873739e+01
9.754323934499478099e+00
9.965657475094436890e+00
1.007777101345438098e+01
1.097831349961403369e+01
1.119542609001849165e+01
1.083130074225839401e+01
1.014657227459795941e+01
7.140125365235747701e+00
5.548337965479129608e+00
1.037431640883619011e+01
1.050757468127344119e+01
9.520286746715029835e+00
1.165120177608294760e+01
1.118184669027387912e+01
8.403501493641142517e+00
6.159598027275427157e+00
6.893899749216818584e+00
9.232927414067807703e+00
1.166583402674468850e+01
1.084332675531521950e+01
8.940521163843198948e+00
9.656754759777152586e+00
9.028970092966284611e+00
6.999356031513271681e+00
9.127790724829502267e+00
1.033299040132258284e+01
7.217733566107624732e+00
3.470955733464109905e+00
5.243026390214480692e+00
7.563726248195631996e+00
5.594869589247106312e+00
4.608339963713765641e+00
2.365078266087741632e+00
-3.589721722385209035e-01
-1.754251772263149212e+00
2.384941674292010427e-01
3.200450261644959493e+00
5.534617316563123168e+00
5.638430237032564740e+00
4.724587998616695650e+00
4.254705980064604987e+00
4.273988924886984897e+00
6.393796578256264240e+00
8.881127489283032972e+00
1.241881557506142997e+01
1.476028372415694889e+01
1.478780127893011631e+01
1.302687250193907964e+01
1.127937272052434281e+01
1.157118147831807597e+01
1.397521164489909395e+01
1.250750158193491579e+01
7.142692091963362522e+00
4.590552073939327293e+00
4.301502340137886016e+00
2.816250715475298261e+00
2.018189457909668416e+00
2.127339367949083737e+00
4.604610144619758039e+00
4.434280250947764124e+00
-9.565319086599528564e-01
3.308302986175021276e-01
4.231859672762041669e+00
7.342345147996552690e+00
9.062818375006481020e+00
9.833146996781888305e+00
1.230207185173133233e+01
1.170574718041868856e+01
9.281633837712480073e+00
1.099352248463439885e+01
1.089619960329247128e+01
1.097953521361428564e+01
1.425833843284305935e+01
1.503255231562286376e+01
1.300258553579986476e+01
1.316291793651875608e+01
1.433876966067587411e+01
1.468298688994288348e+01
1.508848380348819340e+01
1.566523197653019217e+01
1.662952761761156140e+01
1.579373089100016969e+01
1.234881988740020731e+01
1.071267052162026800e+01
1.003486145315458877e+01
6.852455032841974436e+00
7.566512656100388590e+00
9.251309526941208006e+00
9.136599003686376008e+00
7.398756315059441313e+00
9.093240598630726979e+00
1.090974839739110003e+01
1.038147514088104195e+01
1.088934190025157456e+01
1.103271039412694776e+01
8.158674924072133905e+00
4.910439344882989054e+00
7.350030529911279586e+00
7.971079718778819156e+00
8.836808555051613112e+00
1.202960364985515618e+01
1.144223059454997404e+01
9.600776278850801759e+00
9.662108654450852541e+00
7.760551190843310465e+00
4.780210635843241462e+00
3.845720606483221893e+00
5.344314217712339499e+00
7.380199182554040505e+00
6.984032520604714023e+00
8.654991262934593976e+00
1.254562266356004230e+01
1.371550943137709488e+01
1.468741567597343511e+01
1.471392066835672807e+01
1.189703581508850228e+01
1.037358997123812898e+01
1.294395787471100157e+01
1.393464875231592259e+01
1.019802984603800056e+01
1.085602032390641725e+01
1.512007161855553150e+01
1.769679019291855937e+01
1.810811929648565055e+01
1.827554776305973760e+01
1.854386457730052840e+01
1.834413329380462798e+01
1.816430801176729659e+01
1.816120740975269143e+01
1.762697083421230104e+01
1.614326954528125313e+01
1.607995709707765286e+01
1.422302000038328273e+01
9.866491729577724357e+00
9.775343930137537996e+00
1.058419911346458697e+01
1.060604936791397002e+01
1.207395068627736734e+01
1.285884158689253631e+01
1.297081201299433850e+01
1.339178443341769942e+01
1.372936676804143907e+01
1.571905069469878313e+01
1.800648987618490082e+01
1.841957315747227497e+01
1.840413725767082909e+01
1.853349792526792328e+01
1.796279844411789739e+01
1.788354382273298171e+01
1.839317395027423885e+01
1.845916377786538831e+01
1.850564082452585879e+01
1.739981404063729542e+01
1.469047577029647123e+01
1.479021180784423706e+01
1.361666827136461499e+01
1.244271419642904952e+01
1.439972325016296750e+01
1.424563055316684412e+01
1.422703916887524933e+01
1.582033290197162856e+01
1.757890569331734198e+01
1.825113424535224027e+01
1.678995940001978937e+01
1.621576361672020639e+01
1.644094362902374584e+01
1.679830433122278777e+01
1.645267193779037029e+01
1.695121284705992792e+01
1.743160913152535585e+01
1.776860959111744620e+01
1.851889105524982426e+01
1.857156236488275880e+01
1.816197053270269279e+01
1.702819424528608039e+01
1.530418196231200234e+01
1.671661301393295318e+01
1.729070713794125780e+01
1.795276609863316963e+01
1.870920982531765375e+01
1.857323860452869013e+01
1.833652157524572601e+01
1.853146868886436494e+01
1.678068114894601237e+01
1.709427807035200431e+01
1.762848767281174034e+01
1.774985290077814426e+01
1.771873934789907779e+01
1.781805268246700535e+01
1.715747117323036974e+01
1.609324836521253133e+01
1.645237047858873680e+01
1.788081179642187735e+01
1.834229374428799986e+01
1.828024106530335047e+01
1.766002320764782851e+01
1.703042679429231043e+01
1.799706088104496615e+01
1.831352293465852199e+01
1.767519673585331574e+01
1.800343757694124136e+01
1.820068484552419363e+01
1.820104257034929418e+01
1.767410934896531671e+01
1.815838634720416067e+01
1.799256417731160340e+01
1.685477532247917054e+01
1.775579925735861408e+01
1.776689047345860928e+01
1.673139348271743643e+01
1.659705012870680108e+01
1.677666799607975889e+01
1.623101316239274539e+01
1.562307653692180409e+01
1.634247515801022033e+01
1.635245600579301239e+01
1.536216674362913892e+01
1.540303891008213988e+01
1.558839757549561611e+01
1.712425402192173252e+01
1.640931890056501175e+01
1.500115299574797234e+01
1.539292441103429887e+01
1.593825687377933242e+01
1.538987920957747235e+01
1.498243392978664446e+01
1.467255754043348759e+01
1.553624103813757529e+01
1.711986520353567442e+01
1.594510278038721651e+01
1.502982862726208957e+01
1.570604814457023934e+01
1.548057785404111719e+01
1.584223105972754553e+01
1.593887528810816079e+01
1.631087515676956912e+01
1.621999829792299863e+01
1.727638871319280511e+01
1.764520531521128532e+01
1.597604681510223479e+01
1.633223290785000259e+01
1.773551467827532946e+01
1.814356342896416052e+01
1.760225580591639982e+01
1.706160541443035328e+01
1.660913142448710644e+01
1.728586615871660825e+01
1.748916330422450471e+01
1.649304346752561301e+01
1.664862169129763103e+01
1.655106610086220797e+01
1.685417979098953012e+01
1.626840815001301621e+01
1.463316467474063565e+01
1.438840856344990371e+01
1.505802342306863117e+01
1.535487290511326464e+01
1.462890002868974371e+01
1.558050143163783119e+01
1.718836612006200681e+01
1.666065387585383561e+01
1.546258711667455010e+01
1.494329375675726368e+01
1.539825040345247587e+01
1.563861292205727871e+01
1.425996735548565297e+01
1.283655280742594584e+01
1.356615890075879172e+01
1.583032212138639139e+01
1.699483226632232302e+01
1.688886913618200225e+01
1.589997871857102751e+01
1.540632181690138935e+01
1.590593553403899030e+01
1.616566514855015413e+01
1.461916474782946729e+01
1.349084447459535241e+01
1.280817793592909482e+01
1.013200012428899122e+01
1.133718127109212226e+01
1.234341067056646146e+01
1.231507354941973631e+01
1.347478031792649489e+01
1.391279098385193436e+01
1.391126899285184493e+01
1.477585591901692830e+01
1.563987621589396149e+01
1.592813511506839674e+01
1.469758390661322167e+01
1.325589847408096311e+01
1.406822344442637096e+01
1.463005912676470288e+01
1.589814371002735527e+01
1.738148600266690025e+01
1.785054462909169715e+01
1.774263901235023866e+01
1.676864006331865653e+01
1.574314954619191198e+01
1.643357192856264959e+01
1.757671841800782531e+01
1.735836572128805955e+01
1.551151037551202982e+01
1.615187048579803886e+01
1.673237974100250014e+01
1.593294414976836215e+01
1.235275555927115398e+01
1.058351212136629194e+01
1.237380856549534158e+01
1.508908154068572571e+01
1.685064324970746696e+01
1.638598509467328057e+01
1.611278257911590472e+01
1.683268113730252225e+01
1.695100149927404232e+01
1.756747926012646488e+01
1.723152977203706371e+01
1.537790708261131734e+01
1.334425796486666016e+01
1.329055204662241607e+01
1.569935608108962022e+01
1.625115595844812688e+01
1.539090419416851674e+01
1.472973689038212619e+01
1.414025140739110320e+01
1.390880624954952793e+01
1.176861210665792967e+01
1.013894183573052921e+01
9.943548022786465879e+00
1.238311213429813762e+01
1.422143977934574011e+01
1.402987459503234646e+01
1.139858445216320426e+01
8.702403538702649044e+00
9.968731455098881256e+00
1.187808959185076318e+01
1.175906499478365674e+01
1.124545398800511720e+01
1.023333173164766841e+01
5.912663240288148714e+00
2.250904829483156178e+00
7.482280760764137284e+00
1.192770023964306958e+01
1.066341805193886572e+01
9.147246348395563942e+00
8.573745465449315262e+00
1.114906461567237272e+01
1.276828803392086797e+01
1.114408051356718943e+01
8.934768729554726008e+00
9.582506051868385555e+00
1.140062741003063529e+01
1.227887842379783123e+01
1.356334729969300845e+01
1.338806422376425154e+01
1.252786457197814762e+01
1.337703896655275493e+01
1.218401204555201467e+01
9.414825434019812533e+00
1.083674191842302292e+01
1.186872905588332472e+01
1.296976690146687972e+01
1.443861273421510383e+01
1.259471530599666522e+01
1.025838853035944886e+01
9.964635008121506488e+00
1.336805964583757245e+01
1.385348991416020503e+01
1.134263083420490403e+01
1.035213054034683999e+01
1.254835747299976312e+01
1.374352336177125444e+01
1.394654000503911284e+01
1.462796911350449314e+01
1.471134113950491695e+01
1.540558690865534430e+01
1.611733378091645008e+01
1.526628291935202064e+01
1.547829911107437795e+01
1.675697114949830535e+01
1.614795962054257572e+01
1.645610489512833752e+01
1.575302879684008950e+01
1.548903622175171435e+01
1.583177088572750790e+01
1.476972043565367088e+01
1.372528399874143545e+01
1.531041063704187799e+01
1.593933260634857874e+01
1.532899636389434583e+01
1.417617107374456431e+01
1.214793092101138683e+01
1.089189094928168089e+01
1.135932363179636795e+01
1.253682704859528307e+01
1.229583568215692324e+01
1.205147263501016575e+01
1.083242418969685161e+01
1.036530579699097565e+01
1.363732017390470119e+01
1.269781346677172174e+01
1.123151070954785524e+01
1.278116022736318591e+01
1.385335006130162938e+01
1.378947034818896178e+01
1.183847283290315211e+01
9.634619819744594693e+00
1.081942969150667544e+01
1.249707730661117822e+01
9.795243119715840052e+00
1.136763964959572171e+01
1.352736178228327368e+01
1.273472491333433076e+01
1.357391699178012168e+01
1.292643151067766283e+01
1.121637462001105057e+01
1.236917818386335455e+01
1.269652390990092172e+01
1.210349757839934526e+01
1.149501264370314502e+01
1.035255528552412585e+01
1.190026622511972043e+01
1.329869155256066193e+01
1.357635785673332762e+01
1.353275316582983834e+01
1.226064379263946513e+01
1.015027698028310965e+01
1.109864217406922826e+01
1.377399001016062741e+01
1.281782031337562167e+01
9.757844462275061304e+00
9.974246636972770474e+00
1.209660883542134435e+01
1.243525229776246732e+01
1.273127638775065762e+01
1.397615367298999978e+01
1.253514874624584508e+01
1.199833576954355330e+01
1.420738502096278921e+01
1.566527834166864253e+01
1.559718494489901097e+01
1.281648888632019379e+01
1.220896641752342759e+01
1.477349459804507781e+01
1.520879490221827623e+01
1.384952136582448645e+01
1.349635014347539830e+01
1.360833537913676317e+01
1.498126011229867416e+01
1.584301982144345011e+01
1.582580012968244354e+01
1.509920034008531964e+01
1.382671912817685111e+01
1.463033795775610280e+01
1.606354126235653723e+01
1.567228537557838486e+01
1.608204029158100568e+01
1.669818892663045062e+01
1.676220393475459858e+01
1.691783319136034436e+01
1.622475224046022646e+01
1.544317660710512818e+01
1.531568183149031981e+01
1.502676586444613704e+01
1.426996793916868356e+01
1.521810699265788003e+01
1.530321063338524645e+01
1.443387918629196420e+01
1.512903592316033574e+01
1.493045798169705485e+01
1.417986168639242806e+01
1.582828309471841877e+01
1.698442491995439241e+01
1.658205014261184473e+01
1.606377828732241753e+01
1.597186812301425896e+01
1.527611880209637185e+01
1.598283981766474326e+01
1.667685142752064920e+01
1.556367431395964829e+01
1.558099285006333723e+01
1.568617358418849683e+01
1.508788123208891641e+01
1.512858477535818480e+01
1.523675524167678752e+01
1.532459616762616328e+01
1.590665291885473742e+01
1.676124982073759639e+01
1.574005412473739973e+01
1.412292165868034921e+01
1.359172342677233303e+01
1.372173794330158891e+01
1.448680930845274162e+01
1.380047097352904117e+01
1.258421543057024650e+01
1.214984528915171680e+01
1.301057266130412593e+01
1.469571797841813598e+01
1.472875444569868897e+01
1.345853798501397058e+01
1.344486717361444583e+01
1.436186032478108210e+01
1.475034208431664950e+01
1.488508732603368578e+01
1.464624649464850137e+01
1.410312537543630995e+01
1.356408645184191464e+01
1.328804850128330983e+01
1.433532612904188674e+01
1.392238641803095334e+01
1.208783749582666900e+01
1.230245130173588741e+01
1.193476066775107647e+01
1.239496961225091631e+01
1.175097489237117898e+01
1.079512904348590219e+01
1.252313856573428907e+01
1.348209231850038314e+01
1.275132052073031019e+01
1.280346063688378244e+01
1.273310459677111339e+01
1.160168394223331667e+01
1.082452869332035661e+01
1.087215305282724032e+01
1.091884697835192419e+01
1.203976217126919046e+01
1.357260904197628903e+01
1.414232714659779866e+01
1.410248042807726065e+01
1.399020396340842964e+01
1.427195073415200000e+01
1.469009612079543459e+01
1.324587449009854190e+01
1.219556822303118082e+01
1.184127013237688253e+01
1.146602136261795302e+01
1.272831878340378076e+01
1.293241661728561276e+01
1.127127118384177606e+01
9.734976993058454653e+00
1.146167334233617652e+01
1.415745430727802123e+01
1.451423628090503115e+01
1.406507339865701134e+01
1.451732381638028180e+01
1.520170712588682527e+01
1.437929922280619088e+01
1.359483077075350543e+01
1.422806055910343126e+01
1.542116433985965429e+01
1.530189056009515980e+01
1.407884179080251386e+01
1.284381277985882264e+01
1.073765646647435723e+01
9.360992963218656371e+00
1.036920582112165867e+01
1.074274350484362373e+01
1.094416918470113487e+01
1.080031557432091560e+01
1.027071265044440729e+01
9.611688429920672405e+00
8.151780242603292592e+00
9.200774290329791327e+00
1.212854909519944790e+01
1.396048351854162028e+01
1.388596893358660012e+01
1.120886515349164902e+01
8.547819295347281354e+00
