-1.059837837945310568e+01
-1.089909164280012632e+01
-1.097791254026054553e+01
-1.182418581214996500e+01
-1.164828732538471812e+01
-9.271481505107562526e+00
-6.911832622580667440e+00
-5.722543147808402786e+00
-7.991851932063630315e+00
-1.047414165899557048e+01
-8.694291867389848605e+00
-6.048138699801466345e+00
-8.776973930297828019e+00
-8.874645648690171029e+00
-9.015493301069978926e+00
-8.891629335447344573e+00
-7.495292238021431075e+00
-1.001247802520753005e+01
-1.287886367168504265e+01
-1.299678934976702216e+01
-1.141718082576478643e+01
-1.218039050980697979e+01
-1.372318483782544618e+01
-1.344235074530967644e+01
-1.258342325517836358e+01
-1.364827704389680818e+01
-1.466711096752624321e+01
-1.379319442830338183e+01
-1.109053422248853060e+01
-9.491573284522885956e+00
-1.011639853345324447e+01
-9.720781244187451264e+00
-1.011155111694755249e+01
-1.103221616501484803e+01
-1.025469958554693761e+01
-9.665379514187470988e+00
-9.595974077499668908e+00
-9.536365392779888595e+00
-1.023766719315756113e+01
-1.111623925114740530e+01
-1.052816945121683290e+01
-1.133255923620847661e+01
-1.103000592470833574e+01
-9.209945162365835714e+00
-1.042493242754037119e+01
-1.199010554108090432e+01
-1.159250611203715664e+01
-9.465125278031340628e+00
-9.923907382236095032e+00
-1.011672405190040003e+01
-1.024898886846502855e+01
-8.653086445445353547e+00
-7.201713519819940679e+00
-8.802779799659699478e+00
-1.139178916687974130e+01
-1.272344693064992960e+01
-1.157766020211329128e+01
-1.067456245322594910e+01
-1.156456563326842257e+01
-1.251374425063495543e+01
-1.388422260288881205e+01
-1.260404865396817797e+01
-9.756685099275143713e+00
-1.162095462723553041e+01
-1.379411493967015190e+01
-1.308328003124584882e+01
-1.167127911232615212e+01
-1.178102510944945713e+01
-1.058939152051326893e+01
-1.013987138989574888e+01
-1.075067595868354253e+01
-1.090909790368140619e+01
-1.050409108256449109e+01
-8.818320231584506175e+00
-1.034765429926306446e+01
-1.285250290005816787e+01
-1.069101091510324508e+01
-6.459040974058680717e+00
-4.690566376169949869e+00
-3.651597917897528855e+00
-5.781011739832884189e-01
-4.455880397686481365e-01
-5.602915188274731229e+00
-3.706330052908020090e+00
-5.675183620636224946e-01
-3.456809323037168813e+00
-3.051077920854373904e+00
-2.030514129999927420e+00
-3.057849617681606791e+00
-5.509002183064319880e+00
-7.914333303071376058e+00
-5.952759544366080569e+00
-4.377213862180238557e+00
-7.215124321903068960e+00
-5.933397589610014400e+00
-4.361258553386711867e+00
-6.619503938000732113e+00
-8.737360574233035138e+00
-1.055768799424837745e+01
-1.105882587643150927e+01
-9.527312667993925288e+00
-1.012024776425736761e+01
-1.141549560857073153e+01
-1.092438966319076599e+01
-7.893150169230589874e+00
-9.117839618597624707e+00
-1.303370325772053739e+01
-1.272640466486278221e+01
-9.312131922976707443e+00
-6.740468802964906025e+00
-8.023748609040687541e+00
-8.156588504488953006e+00
-6.878155630678998378e+00
-7.239808560029044493e+00
-6.207981862782233407e+00
-6.681193838518672656e+00
-9.456492498814659697e+00
-1.032210725214551417e+01
-6.516758719458319860e+00
-4.515115447408299509e+00
-6.687971874172191633e+00
-7.682206540450243537e+00
-4.903606219443609859e+00
-1.215193647763155971e+00
-3.713157318084752134e+00
-7.402366680883062600e+00
-1.018191182502072145e+01
-8.935068493789337651e+00
-5.048975955826926487e+00
-2.457459396794766882e+00
-2.627356435794450551e+00
-6.159848229824302024e+00
-6.506384250040160744e+00
-4.582496164159888252e+00
-3.116941156088122167e+00
-1.474710772251183410e+00
-5.051932190758863683e+00
-4.996251848029023002e+00
-4.372254576115802926e+00
-3.667682610210148741e+00
-2.057079857719687155e+00
-4.918041375279758043e+00
-8.324303925091385281e-01
2.984874489259746966e+00
-3.159415515653501982e-01
-3.869638972331169047e+00
-3.538989253956149383e+00
-4.186545611716431914e+00
-6.179081394361096713e+00
-5.365008363674122371e+00
-2.473854739953804227e+00
-1.878055782109937732e+00
-2.833176377193977746e+00
-2.048034363218508513e+00
-2.956676796902999005e+00
-3.417699648668280243e+00
-9.776703724977193755e-01
3.126598591801307503e+00
3.838039790309001331e-01
-3.498419609664209062e+00
-2.841909820112391127e+00
-5.328241105597433247e-01
4.380989430815179553e+00
4.750279371114316085e+00
2.786379846693237128e-01
-2.479497834853208627e+00
-3.701602411558591044e+00
-5.095432714827911269e+00
-7.537933841454552919e+00
-6.180136151623229601e+00
-4.014458781636819573e+00
-6.676521377356592346e+00
-2.806845701691828676e+00
5.137471923278887909e-01
-1.238895047103198088e+00
-1.972441786493404958e+00
-2.609016177580886886e+00
-4.076371220677012630e+00
-6.049187509355174797e+00
-3.162540106905375126e+00
4.043943329064086378e-01
2.978479699915997259e+00
8.586605024521013263e+00
6.834561109061086270e+00
-1.149953968332326992e+00
-6.512920231712653774e+00
-9.350096271614344090e+00
-7.245328261291493988e+00
-4.983163105855924258e+00
-3.489215486231773689e+00
-2.273754682698085450e+00
-2.494207161389684124e+00
-4.864809681279678166e+00
-8.149674540671968614e+00
-1.087305817911288663e+01
-1.056591228270881011e+01
-8.922723874973573999e+00
-7.152331785006400544e+00
-3.528126308254686094e+00
-6.998288839049429555e+00
-8.353468151255082574e+00
-6.361734144391725465e+00
-7.586415536772969759e+00
-1.011557358588021316e+01
-1.283319434885669885e+01
-1.231170537108573271e+01
-8.933396219629257118e+00
-8.936423856259432696e+00
-1.137670401404797538e+01
-1.073730378372078320e+01
-9.798278438252529199e+00
-1.012524766617612926e+01
-9.800227181252065378e+00
-1.165114518737362381e+01
-1.508717261697383982e+01
-1.543290285421171859e+01
-1.425280437420537361e+01
-1.313473171773900816e+01
-1.381679108276425261e+01
-1.553987490347159373e+01
-1.581654043402444110e+01
-1.539913010863232401e+01
-1.526469370109614232e+01
-1.395511848925415777e+01
-1.034350823089093296e+01
-9.406350034905987201e+00
-9.325866698200528049e+00
-6.500673238819803856e+00
-6.951303378568803204e+00
-7.619513229617962402e+00
-6.615946873189311184e+00
-4.402201475486076099e+00
-5.999895688632829405e+00
-9.936772784156131522e+00
-8.787550051957461861e+00
-4.210482619381997971e+00
-4.363957486373092998e+00
-7.532892922423052973e+00
-1.002911085838638172e+01
-1.072978518014651073e+01
-8.936271669933590900e+00
-5.915051470335598083e+00
-2.607845767717174468e+00
-2.379923630633755671e+00
-6.966454254213600095e+00
-7.196507751974528411e+00
-5.552709695396181644e+00
-6.386854253570447781e+00
-6.737878680543031962e+00
-7.697635617731860336e+00
-5.262864280959859364e+00
-1.419076250161843689e+00
-1.350096401573775085e+00
-5.624207228012521931e+00
-1.172335206791258422e+01
-1.305840991223042202e+01
-1.422684077180023010e+01
-1.434908843903601294e+01
-1.482406974776010777e+01
-1.559152118524002439e+01
-1.371431413996450033e+01
-1.398962633981411052e+01
-1.251855213903989572e+01
-1.080826892789037252e+01
-1.188052094261350788e+01
-1.162807685492911247e+01
-1.069430330277504382e+01
-1.166543990796402319e+01
-1.171231106275543610e+01
-1.165655911970651637e+01
-1.335953696211158004e+01
-1.241927108114166245e+01
-1.302687803018956814e+01
-1.533422784243736459e+01
-1.582864696453546749e+01
-1.529048029146056642e+01
-1.369923455570233806e+01
-1.325445375527769443e+01
-1.242945836916560687e+01
-1.104806411534377020e+01
-1.058068168955871258e+01
-1.436040081813762015e+01
-1.606947125855122138e+01
-1.647868132018927412e+01
-1.626842918459457721e+01
-1.521388843891814169e+01
-1.372402408995405487e+01
-1.114743150959200690e+01
-1.089851299882336555e+01
-1.239718175238036224e+01
-1.458927700775149994e+01
-1.318521295972560203e+01
-1.081278907693022795e+01
-1.303927963367671339e+01
-1.589324562031811539e+01
-1.638655960944541334e+01
-1.523814162293876251e+01
-1.440174225761086468e+01
-1.502205752955767437e+01
-1.281538138204591526e+01
-1.265353588809059637e+01
-1.210423637874630032e+01
-1.021761948023116418e+01
-1.223040974391203228e+01
-1.407605410940645463e+01
-1.275016697684095313e+01
-1.215565998363579681e+01
-1.338548485144269939e+01
-1.273942058423459045e+01
-1.259261435244191318e+01
-1.370923404933345857e+01
-1.178637323895075895e+01
-1.155236810902263578e+01
-1.187271954185609424e+01
-1.149864187966531581e+01
-9.650899167264029188e+00
-7.802424742667596114e+00
-7.982198494802239530e+00
-8.926279986445845083e+00
-9.411882678198239205e+00
-7.507504679586003427e+00
-1.758912886990316782e+00
7.211574615514206865e-01
-1.211618725407576980e+00
-6.596226212679050072e+00
-1.019320891095591364e+01
-1.026277949263840306e+01
-8.677057112963625585e+00
-7.802570246880181415e+00
-9.178829153611667735e+00
-9.918530535932445602e+00
-9.332663620143454963e+00
-8.318906796708905205e+00
-7.379177516328059738e+00
-6.683421670000967652e+00
-6.432469210582081764e+00
-8.543335161178847059e+00
-8.922683572337469116e+00
-6.993534892392610836e+00
-8.831537433817493010e+00
-1.078051568912889913e+01
-8.312998740570689549e+00
-3.533536346485123492e+00
-1.105681172402574797e+00
-4.076255621674647500e+00
-7.907090579382784590e+00
-7.655445348514076542e+00
-4.423894899114419133e+00
-4.560856897944197463e+00
-7.518735803005828444e+00
-9.443463310865611859e+00
-6.583960867417009588e+00
-3.576117126359234177e+00
-2.821643958136804020e+00
-2.161109933606589095e+00
-4.483227286479719575e-01
-5.398318389604726819e-02
1.928143314848356216e+00
2.817280335202634323e+00
-1.005021342769751858e+00
-4.544283159853432785e+00
-4.525996258772851277e+00
-3.942849126336740728e-02
1.979160358745567061e+00
5.952930882758984410e-01
1.836703925005815474e+00
3.592920953622528835e+00
1.107056111080887195e+00
-1.503351270955331831e+00
-3.617523509722992969e+00
-6.680669928735081697e+00
-8.980338088063582802e+00
-3.762451243630478448e+00
1.034105051580837820e-01
-3.871947370509362774e+00
-4.827903412393561133e+00
-8.935241942863648035e+00
-1.214707099205202390e+01
-1.344911857618957463e+01
-1.225247146355927086e+01
-1.091963319736321125e+01
-1.143332858234037985e+01
-9.896283635501097464e+00
-9.565250015219051605e+00
-1.080886625529036671e+01
-1.226608442438152125e+01
-1.121086996774882039e+01
-1.004635493522754075e+01
-1.045970212970492597e+01
-1.226911101567968565e+01
-1.437121102481020074e+01
-1.277452382803863351e+01
-1.130281422751976805e+01
-1.214824489683778808e+01
-9.077401874443744134e+00
-6.047086398341956048e+00
-6.265539032174336498e+00
-5.753740309129431019e+00
-7.953263238722042772e+00
-8.676037735593840949e+00
-6.337007048337669701e+00
-6.883931716563441050e+00
-7.489798472195368539e+00
-6.149626108256531332e+00
-6.769368664393276447e+00
-6.976391685062814929e+00
-6.017471979246213465e+00
-7.259829780783142006e+00
-6.509190452684048722e+00
-2.954500219084650769e+00
-3.455051030080893870e+00
-3.344339402228753588e+00
-6.209478960625880450e-01
-2.050204426948901926e+00
-7.494457769920011003e+00
-1.099085671377616613e+01
-1.158898899233889246e+01
-9.204602181163306085e+00
-9.983798842138591922e+00
-9.757137505075595740e+00
-8.771304571021026675e+00
-6.921244078273393718e+00
-7.897927530273928021e+00
-8.925717317899769299e+00
-6.936890262370210003e+00
-3.483137269577114559e+00
-6.788353973690274268e-01
6.998558197392357183e-02
2.093705803673870491e+00
2.321119450217697278e+00
1.012088554278046670e+00
-1.831262215383585801e+00
-1.269737577043690502e+00
4.445688507704982362e-01
-2.118379926555644222e+00
-3.949875319463818979e+00
-4.729684450151033559e+00
-7.889914091083996439e+00
-9.444232001733698922e+00
-7.031591504737858322e+00
-6.904788201393692759e+00
-8.635880840327038399e+00
-8.249330686262970502e+00
-4.947116362765046738e+00
-2.872979572395710779e+00
-2.516309704565601990e+00
1.027876507844130705e-01
3.307573554335224486e+00
-7.962654498613154219e-01
-5.152097639579060306e+00
-4.363166028714696942e+00
-4.519336935499079111e+00
-4.403716355905988422e+00
-4.221058527522054682e+00
-8.168585701688128253e+00
-1.206761725298756538e+01
-1.272682435088909791e+01
-1.151682436734104975e+01
-9.616775556243593925e+00
-1.034560340183903726e+01
-1.371930337558507063e+01
-1.470076677031476819e+01
-1.232804961579951986e+01
-8.377255464763559090e+00
-4.468098533594385913e+00
-2.848141147429361197e+00
-4.542766898135137232e+00
-4.036677027283602115e+00
1.030596799276486397e-01
2.057720486578361818e+00
-3.403124112451643701e-01
-1.842088067232050541e+00
-3.546210983699345842e+00
-7.326753620094046404e+00
-9.640615335021729848e+00
-1.138893957061149642e+01
-1.309602954963292554e+01
-1.389381187253486871e+01
-1.240006232061042901e+01
-1.215835142210250197e+01
-1.423754876602108865e+01
-1.409033060495592871e+01
-1.187433689484527122e+01
-9.083485008939435446e+00
-7.113635446408427043e+00
-6.636111306420060529e+00
-3.999456520153902961e+00
-1.829730949446420452e+00
-5.183596695568612134e+00
-8.465382597686019750e+00
-1.134716361628587578e+01
-8.238743776688144393e+00
-3.830103691050369186e+00
-4.768504774017737091e+00
-5.422018182883884485e+00
-7.806273009369806282e+00
-1.024670985691985337e+01
-1.027781399137048268e+01
-8.357008942950328034e+00
-8.603196152567482713e+00
-1.074986219268934740e+01
-9.487464815138741514e+00
-6.313509939646039015e+00
-6.773996812034261517e+00
-9.479704412568283445e+00
-1.152231118399450338e+01
-1.157400231432730564e+01
-1.265271751487333773e+01
-1.303668688210056636e+01
-1.090622946057843201e+01
-8.592959381570413058e+00
-7.162243416158083242e+00
-8.177544039305390200e+00
-8.580657706987178557e+00
-6.966720289662567289e+00
-4.224225272221206140e+00
-3.639978640388497944e+00
-6.210547312380736429e+00
-9.317088327289791749e+00
-6.476508086436822964e+00
-3.000410484881082862e+00
-5.479281652938878366e+00
-5.833677762299715575e+00
-7.093430296153971248e+00
-1.160301730459369018e+01
-1.427039096995157408e+01
-1.379940732071415788e+01
-1.279917443838081681e+01
-1.349684795332652065e+01
-1.357888928134422457e+01
-1.315009770551480628e+01
-1.337406290367019324e+01
-1.409854377645226542e+01
-1.348968419722830880e+01
-1.098761682882827273e+01
-8.715997380268980521e+00
-8.163821611862033478e+00
-7.033519107427300021e+00
-6.306501835769228848e+00
-6.082828672929239566e+00
-5.553304404258157412e+00
-8.187331799872856308e+00
-9.904865335314141817e+00
-1.104145189373298308e+01
-1.329760720843598598e+01
-1.370371815492607226e+01
-1.473580380778104626e+01
-1.419139041577439109e+01
-1.211491208679630560e+01
-1.327184347622021576e+01
-1.363818358721846025e+01
-1.372033424343017138e+01
-1.368369687044683403e+01
-1.306197395734094080e+01
-1.222382563828339030e+01
-1.078756765539831086e+01
-8.494825529423673416e+00
-9.566498347389153167e+00
-1.113053215940206897e+01
-8.567921707171869627e+00
-5.726427114734873314e+00
-7.218100366920443101e+00
-7.730430472062015390e+00
-8.083070033925896070e+00
-1.163486192923335061e+01
-1.365841612373309921e+01
-1.367343844359446869e+01
-1.299848397461257932e+01
-1.332057212184885842e+01
-1.350178893493391818e+01
-1.158002926154266810e+01
-1.005279157473026963e+01
-1.117236927153551562e+01
-1.309228536330198800e+01
-1.464391624157373428e+01
-1.409860564444794129e+01
-1.319821449123998214e+01
-1.372504868945496526e+01
-1.492010379531251019e+01
-1.443915956212969043e+01
-1.302354514801705321e+01
-1.271850753603971818e+01
-1.448701359979487435e+01
-1.542778697806741484e+01
-1.452255687027492392e+01
-1.380600043131080490e+01
-1.361196845496901986e+01
-1.329070745150463217e+01
-1.240303483017260255e+01
-1.234551262719118192e+01
-1.133936100953177473e+01
-8.711852820239753825e+00
-6.495376732998203728e+00
-9.328993191334468804e+00
-1.353553836443241210e+01
-1.381822203660399673e+01
-1.137453988398312710e+01
-1.176288510117107933e+01
-1.340743906391420204e+01
-1.344309139654595597e+01
-1.310909868635556386e+01
-1.288437310066126251e+01
-1.195831894497147552e+01
-1.131853548377695340e+01
-1.046245141814032387e+01
-9.206406750689362539e+00
-1.024839872350528225e+01
-1.101941669653815481e+01
-1.160161506656653607e+01
-1.073254515622794258e+01
-1.103361442124506908e+01
-1.108527424593679633e+01
-1.118058185232112045e+01
-1.410746771294312651e+01
-1.546422875543032127e+01
-1.514836730738059245e+01
-1.506527491438314215e+01
-1.501379298671159646e+01
-1.534338855321363759e+01
-1.550330318181764966e+01
-1.544234329240713954e+01
-1.546655957048680818e+01
-1.528308780782117893e+01
-1.459979117219765854e+01
-1.435890557234123932e+01
-1.397062343035615761e+01
-1.249524474313955302e+01
-1.160748878929451067e+01
-1.220875191903578383e+01
-1.167696991041593968e+01
-1.047913873451238942e+01
-1.055254501156451319e+01
-1.032287377371894088e+01
-9.970929956024352947e+00
-1.077607074947913901e+01
-1.174918907814778457e+01
-1.247102377925155281e+01
-1.363512789114049184e+01
-1.339225826614828563e+01
-1.065704817776945923e+01
-1.144222784951412208e+01
-1.212420338444313117e+01
-8.905993547876493110e+00
-9.283943700939556010e+00
-1.196504709453834714e+01
-1.286872317549334888e+01
-1.326876988263423840e+01
-1.386942084757211013e+01
-1.482584534193828496e+01
-1.513541557789396919e+01
-1.544760911653076718e+01
-1.444116830123227935e+01
-1.341405017257184262e+01
-1.459615565952335103e+01
-1.515129416276105623e+01
-1.343068058110597995e+01
-1.294725472793945187e+01
-1.336651320002401810e+01
-1.460765579967799077e+01
-1.431472456291364992e+01
-1.246873838230137110e+01
-1.359273524161102564e+01
-1.430144549639160800e+01
-1.527283723371453661e+01
-1.423292584605333033e+01
-1.135021758112300816e+01
-8.235125295610854934e+00
-9.431200593399665877e+00
-6.189205539064341899e+00
-6.685343528600139251e+00
-8.321346604832839944e+00
-8.924852710392586985e+00
-9.677745669651478977e+00
-9.684142659372946937e+00
-9.294542731836775928e+00
-7.300957367490622296e+00
-4.586724036312928021e+00
-4.207406812906235416e+00
-7.471391037696579751e+00
-9.780638292080695351e+00
-1.061004257241187432e+01
-9.415815727336354968e+00
-9.238346089694665864e+00
-1.138434812106405225e+01
-1.263208011461874847e+01
-1.234659117249728411e+01
-1.185452988969768207e+01
-1.264470493063626932e+01
-1.281188357409847889e+01
-1.261872120627720939e+01
-1.151465288169619150e+01
-1.193297555812134725e+01
-1.456134177610590186e+01
-1.490855915191366243e+01
-1.352099330301363267e+01
-1.238594076992940707e+01
-1.268377524058509564e+01
-1.274634836005461658e+01
-1.273790614271125676e+01
-1.173997249457340075e+01
-1.282528630187906948e+01
-1.326134323854984487e+01
-1.201415770932659832e+01
-1.349430492579379326e+01
-1.512652966677132405e+01
-1.561725176807073368e+01
-1.545472748520771589e+01
-1.496314124621938824e+01
-1.561060690753723712e+01
-1.551082623901303137e+01
-1.531692068877963564e+01
-1.458055024589149440e+01
-1.510809145050492752e+01
-1.556962994415004076e+01
-1.473682820014550288e+01
-1.419829604995731032e+01
-1.550452282457680653e+01
-1.534892428715607338e+01
-1.456429632629711080e+01
-1.518974358446068429e+01
-1.486043291498748431e+01
-1.417894062383814990e+01
-1.425264457770485471e+01
-1.349803894578180419e+01
-1.329021477430572418e+01
-1.217643708101436317e+01
-9.899403080896835405e+00
-8.644752979389794589e+00
-1.198233129782534334e+01
-1.397826888306330417e+01
-1.229914975537526267e+01
-1.320240552062549177e+01
-1.392190472620700525e+01
-1.396772959887874244e+01
-1.393388027894727088e+01
-1.267665166231244100e+01
-1.260289329183379081e+01
-1.147880210049089378e+01
-1.003734057210234631e+01
-1.159329288519970724e+01
-1.240215154442403644e+01
-1.264037866954396527e+01
-1.365903245909318997e+01
-1.385536277701915076e+01
-9.638370472249963683e+00
-2.382075065559480453e+00
-3.417141251103217758e+00
-6.691518431489277496e+00
-7.338901062871783232e+00
-6.806827578067597528e+00
-6.913932386072850100e+00
-5.823480786235343487e+00
-4.769013525849755020e+00
-5.327443842094638171e+00
-6.067320862488317701e+00
-4.846564678395438364e+00
-2.044373496011073321e+00
-7.825075877241332023e-01
-4.920045252419061654e+00
-8.408626517916411913e+00
-8.043812299238018326e+00
-8.178779525907449610e+00
-6.948346157948823709e+00
-4.244637282403654233e+00
-5.807677095630746855e+00
-6.848129107785189795e+00
-6.313045462711545319e+00
-6.198311879156547910e+00
-4.541683707524066804e+00
-5.031396547446990830e+00
-8.086183071521551469e+00
-7.036083341931576030e+00
-6.571780888294280309e+00
-8.379893222425101484e+00
-8.115912249325905492e+00
-5.507999210530623913e+00
-7.750221623539040650e+00
-1.151871162648846436e+01
-1.101185610435849860e+01
-9.209733539162424876e+00
-7.257798738745336209e+00
-6.655840243448266413e+00
-7.956390820938395336e+00
-1.015464476381518644e+01
-1.395894684835169919e+01
-1.473647181809187856e+01
-1.311923851462337076e+01
-1.166151749374015445e+01
-1.210389122861187339e+01
-1.302762335909080171e+01
-1.433333900459073185e+01
-1.444957414182752942e+01
-1.319178298817179318e+01
-1.198053387718947782e+01
-1.070166998791591695e+01
-8.048669570811883389e+00
-9.375354517895722495e+00
-9.813660805756116545e+00
-8.433058215365905497e+00
-8.437635140072472950e+00
-9.236142192347422508e+00
-8.005721505558993201e+00
-7.077242096108686376e+00
-9.245661295795908785e+00
-1.008908846595356934e+01
-9.722431582770008518e+00
-1.079852553239793700e+01
-1.022522898598241703e+01
-8.826483606326625875e+00
-1.120980720379123063e+01
-1.158891468999301821e+01
-1.126413430610210931e+01
-1.275086256148438935e+01
-1.145895203855500100e+01
-1.194853257318560580e+01
-1.238904103162464665e+01
-1.223308284662968504e+01
-1.400815580801427629e+01
-1.472321329408619484e+01
-1.415090040055293308e+01
-1.308847995030920508e+01
-1.346535949715994462e+01
-1.331874887294564402e+01
-1.040741697087939777e+01
-9.662148962421362342e+00
-1.185042212830674302e+01
-1.167260125843219143e+01
-1.032972044717350002e+01
-1.241744206341983237e+01
-1.377119938553292933e+01
-1.113360712141033915e+01
-1.236199395020258684e+01
-1.306960689155373956e+01
-1.102942406133843178e+01
-1.240272100012829881e+01
-1.390036300160945792e+01
-1.435633921445192662e+01
-1.354486662638968930e+01
-1.190473219346971057e+01
-1.176750945475150978e+01
-1.066258443420766255e+01
-1.069873095887148828e+01
-1.131378901197760989e+01
-1.024264028353000811e+01
-1.132402247316110788e+01
-1.228010765204559362e+01
-1.157255618762768279e+01
-9.128188170636668985e+00
-8.178733440703668478e+00
-1.014190113277511607e+01
-1.226190646693741293e+01
-1.040634306167732959e+01
-1.135923666906640328e+01
-1.296814640816299935e+01
-1.038978968881840359e+01
-7.640316133082713179e+00
-7.031350205416715404e+00
-7.300790050571364098e+00
-9.635316444074618403e+00
-1.160969980495294429e+01
-8.520419435265072394e+00
-5.607863503242464631e+00
-7.474224727644998012e+00
-8.107705663831881182e+00
-6.948391816263011833e+00
-7.208073784221624258e+00
-5.650358951727129764e+00
-1.002255705781792683e+00
1.727346110241108290e+00
1.120776043512939246e+00
6.753038299017289914e-01
1.754818303917788480e+00
4.030332450938724498e-01
-2.087036426530123334e-01
9.704516277770092181e-02
5.371214452142066831e-01
1.507512716948574250e+00
3.167503435714811300e-01
-3.551470089233677574e-01
-1.547181766454818863e+00
-5.251140757488478306e-01
6.878803598015970078e-01
-3.137898797937165529e+00
-3.538670262312115344e+00
5.767580081075547316e-01
3.725635855256198337e+00
5.699300080060496931e+00
6.621343865338238821e+00
6.522199526473828612e+00
9.663053940527436936e+00
7.394998256314716301e+00
7.069863660504526193e-01
3.123632989916218072e+00
5.828166562907253656e+00
4.592987758144801980e-01
-2.371908522088658433e+00
-1.735925495367403926e+00
4.457104687492995931e-01
1.927758228254567108e+00
1.287632509008905801e+00
-2.813701139525361050e+00
-6.907723821536476017e+00
-6.149289169939574862e+00
-3.905888044602872533e+00
-3.408367319243613469e+00
-2.461666509489191412e+00
-9.963193068690624488e-01
2.648426832152909749e-01
-1.955884912532958264e+00
-2.218089386520522677e+00
6.494561977606484460e-01
-1.045557130176562044e+00
-4.461858419540507548e+00
-5.622464551552486256e+00
-7.474284725851195077e+00
-9.223977052354699779e+00
-6.993062676322349347e+00
-1.731604691963258835e+00
-2.151469417881383350e+00
-6.307512071031075251e+00
-6.077159113452451855e+00
-2.084853410542834240e+00
-4.920394673676708130e+00
-8.487527475070420380e+00
-8.151009773443023576e+00
-5.844189576759473148e+00
-7.668589764693058974e+00
-8.214538795378761193e+00
-4.336106976001433466e+00
-4.094422106994466404e+00
-5.507682170910118913e+00
-5.539358016134340978e+00
-4.013084462819131559e+00
-2.323000430493017632e+00
3.094798522899971704e+00
5.892966928645482660e+00
3.932221773404751097e+00
4.586432396767292197e+00
2.798344446304350974e+00
2.057586888458288410e+00
1.499769057781822568e+00
-4.957019207612778366e-01
3.356654898246859808e+00
3.800045861606663244e+00
1.347304669809096689e+00
-1.166962665296208401e+00
-3.639070264271842436e+00
-3.277409202960943180e+00
-2.411524032383547400e+00
1.840406989919707859e-01
-1.474978418828932991e+00
-6.323545814816766253e+00
-7.113617298156312607e+00
-6.210098818309239377e+00
-7.050243643182164455e+00
-9.216429754612008196e+00
-8.009534022806517939e+00
-6.078592175924047325e+00
-5.416625802798182399e+00
-6.735752497650791426e+00
-5.494363185463391197e+00
-4.728657731644366535e+00
-6.206275916234789136e+00
-5.862759927325905451e+00
-6.749614719508541860e+00
-5.434564154897973509e+00
-3.872206730019846610e+00
-6.662839131781118418e+00
-4.020575796674575209e+00
-2.262126462883287115e+00
-3.058960045534414363e+00
-2.064803557295356917e+00
-3.295066488860275644e+00
-5.407547161209784292e+00
-4.801697339431458822e+00
-3.904914019776017930e+00
-3.984949956429263196e+00
-2.300187890591270712e+00
-4.540193326278225250e+00
-9.697685634755741191e+00
-8.937478923455053348e+00
-5.709622377638950752e+00
-2.441692670814864297e+00
-4.533695173760259323e+00
-1.241283996174021098e+01
-1.496373754091266406e+01
-1.486179020658265237e+01
-1.539336994011976145e+01
-1.518286751561041648e+01
-1.327161241180603746e+01
-1.413217000414631208e+01
-1.465797713835898541e+01
-1.616198572951633849e+01
-1.548084437470141239e+01
-7.344179616552187539e+00
-1.767083105816729338e+00
-1.680736632423388999e+00
-3.006487513090479347e+00
-3.156641405659974087e+00
-3.842111108095348282e+00
-2.503871108518854971e+00
-3.340004317619782448e+00
-4.214450535513274865e+00
-2.778040479670117691e+00
-3.005434434191081916e+00
-3.885580513462127406e-01
3.299945686239170728e-01
-7.193014794115255572e-01
-3.085648510230786901e+00
-3.258303318407885563e+00
-5.272410510953350560e+00
-7.201901858417240732e+00
-4.659520886402213513e+00
-3.784006052185776348e+00
-3.535495153327802065e+00
-3.933542307619133371e+00
-5.224610995862517981e+00
-4.885688946287888079e+00
-5.641728344075120027e+00
-6.909993091291849687e+00
-8.728328744783823367e+00
-6.607640178714451196e+00
-3.130100837741595643e-01
8.245242525627590746e-01
-3.650572356171986499e+00
-4.453143319131180000e+00
-5.202825689089948469e+00
-1.198941875609864027e+01
-9.220742567088118236e+00
-1.720941001876129306e+00
-5.047663707277903811e+00
-8.116798806031933822e+00
-3.820912123280845396e+00
3.382115099505717648e+00
1.009549903835002677e-01
-2.451001948418732646e+00
-3.685666053028147093e+00
-1.247547907244277221e+00
-1.356312127957118641e+00
-1.702510708228965663e+00
-2.098563344680176301e-01
-2.857381768670876898e+00
-3.224081345691015010e-01
1.152301388934485082e+00
-5.945740602623609261e-01
-1.749275987234547580e+00
-3.161604434511231076e+00
-1.397875863030352273e+00
2.286505573554793003e+00
3.876847420201988914e+00
3.841126180057390371e+00
-1.353709796298089740e+00
-2.867390953675990062e+00
-9.215458168916654813e-01
-6.415659038302496953e-01
2.115351432985606017e+00
1.961754180874720199e-01
-4.122444667199520296e+00
-1.669836831766216223e+00
5.403809705855746603e-01
-2.749068214303020063e+00
-5.381474395216107709e+00
-2.868223218049639645e+00
2.296313087400979336e-01
1.220321461684999775e+00
1.524108363740834360e+00
1.310347471388871421e+00
3.739759401992142074e+00
4.680568754476340132e+00
2.388764460143813384e+00
5.078773797997617301e+00
4.060536132057289471e+00
-2.083134748941976699e+00
-3.873019883955330922e+00
-2.693749354346939295e+00
-1.520308630899468216e+00
7.342124916989131167e-01
5.413038223740711530e+00
6.416235101210495451e+00
2.231583948388786709e+00
8.972365405996821641e-01
3.175059543499097803e+00
1.975004636008488079e+00
6.054193376485048628e-01
5.939691299283457182e-01
1.406485919634831161e+00
3.385219521919885288e+00
3.456445284454054967e+00
-6.453044596542608646e-01
8.105387806497167391e-01
4.147916296975829198e+00
6.075212295809439000e-01
-3.431066366798843692e+00
-1.679542154909435370e+00
2.444790970804521013e+00
5.361537156529047721e+00
5.210341433651376697e+00
5.042418997894956512e+00
1.404303885494315507e+00
-2.736256426043457424e+00
3.089812972265940871e+00
8.262228803158379264e+00
6.132205984224174067e+00
5.214606582631113874e+00
4.493817882004196740e+00
4.254861843592373738e+00
5.863228430770788258e+00
5.974975087769563764e+00
2.715612434179965007e+00
1.980592626929499611e-01
2.982345415861218818e+00
6.674718153470033499e+00
4.173915471817141842e+00
6.820738131297868767e-01
2.021062302181216186e+00
5.208443936965744925e+00
6.608853658937541731e+00
6.370947035220718035e+00
9.104728047374427646e+00
1.042296996761713856e+01
8.277345997666154531e+00
6.778651832978856540e+00
6.276448668178863599e+00
4.820320602000808030e+00
2.189590821765448059e+00
2.488786210414926536e+00
3.968032526346312761e+00
3.581051312745566317e+00
1.770180878636941069e-01
-1.348945210094383562e-01
1.276923335911188451e+00
-3.024070129799409923e-01
-3.527226309969261120e+00
-5.152166257825720130e+00
-5.051987110559013061e+00
-5.600470341954889797e+00
-5.329613461504011163e+00
-3.883111849328648724e+00
-4.786680526577539729e-01
-2.833501549580561552e+00
-4.200983851746749487e+00
-1.727784843585428831e+00
-3.899515451911068187e+00
-6.804780192548537388e-02
9.073669546306065925e+00
1.109412722114001149e+01
1.204039900424693244e+01
1.082624968862419834e+01
8.084027015281099793e+00
8.972658925106303585e+00
9.482868608936087185e+00
1.079448690991183923e+01
1.192962981381488063e+01
1.086182579963546679e+01
1.027979378383452236e+01
8.506445786972966161e+00
8.005045691195574520e+00
9.209862030079989381e+00
9.354847733585014424e+00
8.504981649118017017e+00
1.010422161521048601e+01
1.022576069034831825e+01
4.583269781067504489e+00
1.316176291946854038e+00
-1.067783626728114665e+00
-1.324864339015608294e+00
6.851905196886740601e-01
2.622657882474270341e+00
1.450989056234138541e+00
-3.781367094112471960e+00
-1.535481345255284236e+00
-7.396749737631495014e-01
-6.242402771772784575e+00
-4.137869372546339797e+00
1.287780110551532964e+00
3.425160639853169986e+00
1.950260591759284567e+00
3.045746568074317651e+00
5.633478344500471025e+00
4.282051198771682721e+00
3.238582558977336934e+00
4.387908142410476664e+00
8.697794555044215059e+00
9.011405523661270678e+00
4.612790638214588235e+00
1.079934906054115240e+00
-1.266960755132958250e+00
-2.950420740038961931e+00
-6.404127401156134436e-01
-4.797700370959853133e-01
-3.222881902748156779e+00
-1.267605490242768029e+00
-2.743876500737167934e+00
-5.051713728242595458e+00
-2.899375813514742717e+00
-1.999255947917511378e+00
-7.670224129948246539e-01
1.007854451725621159e+00
3.062732897775283014e+00
3.737553903837177449e-01
-2.145093920042854485e+00
3.742786338383172207e-01
3.672814917629251497e+00
3.847777678518970124e+00
2.380831994653826444e-01
1.633452505499523699e+00
3.123510135656000219e-01
-1.940678422632339473e+00
4.425035605719721765e+00
5.712647096688808546e+00
3.022592262553126741e+00
2.707601526721497009e+00
-2.113219054321419765e+00
-4.829574398804160396e+00
-2.773451749589857851e+00
-5.213642798414575008e-01
1.874554759639331492e+00
-1.157800929213368857e+00
-6.074576646039417049e+00
-4.846427581223682779e+00
-2.320866817250692993e+00
4.921544962069778206e-01
3.673132685750281068e-01
8.416925368437649935e-01
6.575022279317404461e+00
1.121658354030231841e+01
1.192973132364423172e+01
1.145764923437525695e+01
1.347149111823506118e+01
1.337865959078931510e+01
1.080269561134781320e+01
8.541161446936879287e+00
7.517796677591802812e+00
8.094859763369747441e+00
5.680876399859811521e+00
6.057685729108472472e+00
1.024269044344600665e+01
7.688171278949943677e+00
3.763131953045831146e+00
4.466397831762636272e+00
5.572882426915523268e+00
6.431851055396886174e+00
6.690794384709775500e+00
6.617833149217983824e+00
6.451994911194335103e+00
6.951278644404024654e+00
6.410699762598844664e+00
4.434939553297063242e+00
7.397111101865376348e+00
8.068013698799100908e+00
8.189469462576790093e+00
9.985699063885920879e+00
6.198702678908407648e+00
1.918733963075918147e+00
2.273742595011018608e+00
5.111112651095004900e+00
5.844428085540108953e+00
3.737499152984276929e+00
4.248390534632232374e+00
6.760665535851501318e+00
8.713649057343854309e+00
9.757516309785470909e+00
6.192376117951054582e+00
5.214709594688939021e+00
8.995162930555540726e+00
1.121206076779135863e+01
1.229249374349335078e+01
1.218537175898613789e+01
9.691127196110032926e+00
1.167051915187827582e+01
1.197439805924962464e+01
1.009250058514140136e+01
1.233921980725105705e+01
1.272063505775299141e+01
8.706658861635517610e+00
7.015663661121969596e+00
5.710634286744626920e+00
1.503556021335967996e+00
1.051678458878937850e+00
1.406294352315041962e+00
1.969920695115227494e+00
-9.226819348500570062e-02
2.505265511892289076e+00
6.753574733480279590e+00
5.225432534942683560e+00
2.947166645604057500e+00
2.969931660186721167e+00
5.974021379620367611e+00
5.016310097489289355e+00
3.048684874621572671e+00
3.999026509283304165e+00
5.744649754289937960e+00
6.522766009190645420e+00
4.872381785621321626e+00
5.523261253574588636e+00
8.158334442840610379e+00
8.345843721254817993e+00
4.643825117460571583e+00
3.564365931299111612e+00
5.119002572661531580e+00
7.354919060497887351e+00
9.274236097081651309e+00
6.020481014892083316e+00
3.954985395679467608e+00
6.284795434009832427e+00
6.502280403568071243e+00
3.296317350478786157e+00
3.021151858097351761e-01
2.608638414725415355e+00
2.381288983160375849e+00
-4.293693594685181303e+00
-3.556518598211201532e+00
5.712001428444828111e-02
2.713791627042072552e+00
4.843332487058630065e+00
7.945343835524243836e+00
9.016602209447375671e+00
8.697455135728384690e+00
7.957076100550823483e+00
4.444484090833499934e+00
1.050161461555893183e+00
-1.672218036747043390e+00
-2.910031313771353823e+00
-1.181095181928225379e+00
5.590174025656946544e-01
2.667838617665067691e+00
5.388078023738585465e+00
5.368585889922061760e+00
1.342367042146189737e+00
3.311238614030806993e+00
5.395127079467164855e+00
3.336019987044816837e+00
5.708881515658272399e+00
8.820945735336557902e+00
1.068790051459734336e+01
1.023527375904942183e+01
8.268989138966389874e+00
8.447910438646246689e+00
1.032119118258325052e+01
1.269844423356446406e+01
1.266858047293280087e+01
1.019909230587602522e+01
1.076735140803407731e+01
1.149786285075101233e+01
6.470665775920301233e-01
6.470665775920301233e-01
6.470665775920301233e-01
6.470665775920301233e-01
6.470665775920301233e-01
6.470665775920301233e-01
6.470665775920301233e-01
6.470665775920301233e-01
6.470665775920301233e-01
6.470665775920301233e-01
7.924276545353796664e+00
4.245182244822976791e+00
3.100519225925947975e+00
1.823343814188967738e+00
3.734381747233094462e+00
7.010616595645583260e+00
8.040478904662048620e+00
5.853127126312237749e+00
1.296244430865415742e+00
-2.731361354899731975e+00
-9.817178385211812186e-01
3.509297024452909586e+00
1.771652874168269332e+00
-8.938348279791066830e-02
2.517725649290508017e+00
4.459379027626746428e+00
1.590908183283919808e+00
1.383005016045113278e+00
3.288464388835051544e+00
4.217764499835166880e+00
6.470665775920301233e-01
6.470665775920301233e-01
6.470665775920301233e-01
6.470665775920301233e-01
6.470665775920301233e-01
6.470665775920301233e-01
6.470665775920301233e-01
6.470665775920301233e-01
6.470665775920301233e-01
6.470665775920301233e-01
8.781751558013764836e+00
1.046442379345219287e+01
8.349487811510323709e+00
6.976530439251328097e+00
9.570822771486731995e+00
1.145456715251146562e+01
9.534561515808244181e+00
9.580292658902086700e+00
8.201587784546173765e+00
8.396848717054512079e+00
1.165371281522403812e+01
1.460730884169566934e+01
1.405795777421165482e+01
1.196778498542977864e+01
1.249918758286228204e+01
1.317013948062628614e+01
1.295418633538804976e+01
1.429312282924538025e+01
1.501322836978769004e+01
1.277716176130413750e+01
1.376704496170106218e+01
1.453486185652758955e+01
1.328905834582391421e+01
1.162879704159391636e+01
1.334891284925771515e+01
1.563533611138814727e+01
1.558742025397643793e+01
1.549226075971474970e+01
1.510253812020242137e+01
1.572456848392371320e+01
1.302728130919188132e+01
8.766951469295181099e+00
9.233220457792633340e+00
9.658411310503419500e+00
1.100319617430593055e+01
1.293858141831348796e+01
1.253516906636702899e+01
1.113919571137975950e+01
9.041843613928733703e+00
1.010601984333474945e+01
1.085855000469022791e+01
1.060419003578322439e+01
9.979166858910698323e+00
7.515771377812662912e+00
9.628534241473150956e+00
1.169160982972027440e+01
8.425821101343711206e+00
7.741219575601587799e+00
8.798768061134234486e+00
9.562518340655884685e+00
1.315581171925740556e+01
1.483302650515265064e+01
1.520061202402997758e+01
1.473365629297252433e+01
1.417864778894758082e+01
1.240849088022770275e+01
1.419522303188736601e+01
1.515330321162703164e+01
1.250676326156521156e+01
9.080136551962350921e+00
6.336614392857877753e+00
4.335981914203553167e+00
1.526232261299697024e+00
2.545180648285068514e+00
1.733187750141423678e+00
4.381957913695606610e-01
3.458153487280508198e+00
2.778570322702567985e+00
4.026235959117714813e+00
7.909174305980560149e+00
1.045205736466182422e+01
1.068094193360235522e+01
1.093885786282202588e+01
1.365327116740207991e+01
1.276081183262797758e+01
9.115423498109892719e+00
7.913285212550492886e+00
9.862864702386028526e+00
1.319011680920432283e+01
1.523491463015476199e+01
1.510157485124262600e+01
1.354348171443323068e+01
1.419046184062633031e+01
1.595648983511985186e+01
1.633049052277946345e+01
1.663247410262107451e+01
1.509185683783250020e+01
1.457638386695955468e+01
1.383440775162857328e+01
1.310888240800613502e+01
1.210100738489918726e+01
1.186893365948740531e+01
1.408327220376929567e+01
1.441865057470401368e+01
1.355147506143627467e+01
1.165432792689983010e+01
1.224931246842282739e+01
1.340371120130364879e+01
1.124489817963855920e+01
1.174999215017551180e+01
1.302638558516265199e+01
1.335912704533521911e+01
1.353104264568600357e+01
1.251017704840030476e+01
1.075416700995717001e+01
1.032721777697120125e+01
1.336595956979572897e+01
1.505248327526669350e+01
1.560535030485681673e+01
1.682553332251312384e+01
1.585291082168671473e+01
1.479373899634939171e+01
1.547021589370017303e+01
1.499039756744478424e+01
1.582511719948031192e+01
1.712268388245460571e+01
1.603532287610886797e+01
1.567870579518582730e+01
1.663093318544105514e+01
1.576313563445882160e+01
1.625653411338538490e+01
1.607361839074982868e+01
1.692240516613295753e+01
1.783267369548919490e+01
1.819941292594293003e+01
1.796916515467790987e+01
1.729068372383783014e+01
1.652825237294560878e+01
1.671218441530882259e+01
1.718567649791651775e+01
1.773430129149681278e+01
1.688034856414104823e+01
1.668899679368832167e+01
1.594841230765818096e+01
1.603393743699761842e+01
1.499707154570975298e+01
1.630800102153526154e+01
1.763284181410552875e+01
1.667400820349438817e+01
1.673469731097487667e+01
1.818731321991807093e+01
1.781228973683626293e+01
1.765904101765738332e+01
1.729575593511476583e+01
1.745656574968674946e+01
1.824753998427947721e+01
1.809545783971712041e+01
1.718072411382658160e+01
1.718093581465750219e+01
1.746697623874352345e+01
1.772034710723869821e+01
1.807504393621250216e+01
1.845756258603092448e+01
1.820116246033249396e+01
1.790219986792313378e+01
1.704163155923313511e+01
1.691231067742998917e+01
1.783674891344749369e+01
1.743567588511475464e+01
1.652098239939481772e+01
1.707095795454577214e+01
1.596410724189903974e+01
1.659006048290468627e+01
1.647263349135366894e+01
1.322799599982299235e+01
1.265601386465395173e+01
1.311104048531080402e+01
1.202610996398369103e+01
1.094763207094732493e+01
1.322536102250929524e+01
1.735285292053657358e+01
1.789071757182103894e+01
1.820310482025744392e+01
1.820705583958964624e+01
1.795013152163283721e+01
1.680633333572726684e+01
1.792039863097614472e+01
1.815602018264884165e+01
1.617801829163212446e+01
1.638954210946515033e+01
1.756409301523011379e+01
1.632752012224802129e+01
1.513149516634922165e+01
1.614891420339806416e+01
1.707889881520989661e+01
1.680274198723013868e+01
1.672443854814146036e+01
1.780413123790979313e+01
1.821878980864259034e+01
1.783182855369439324e+01
1.683384649373730824e+01
1.549583378415283086e+01
1.567807798163365263e+01
1.674089853120687010e+01
1.644587062467773109e+01
1.503368107350681093e+01
1.597531829227653333e+01
1.798301200952775858e+01
1.806608837008988289e+01
1.743855181825287914e+01
1.661289725454512123e+01
1.272056847847553129e+01
9.330000844061562049e+00
9.104927768723840131e+00
1.031085315241506528e+01
1.120346708498499666e+01
1.296430828274213276e+01
1.331279539025756442e+01
1.188713864093991468e+01
1.374161381471375343e+01
1.539702009576230068e+01
1.655760531551764458e+01
1.667721331877766744e+01
1.521359027600435176e+01
1.592821227400667183e+01
1.695785264992554175e+01
1.684129632308470548e+01
1.630440637534873360e+01
1.475595824931039779e+01
1.555354173681855023e+01
1.663014537245750546e+01
1.577449532607562688e+01
1.449794833634677360e+01
1.423201643789619197e+01
1.541860252501333584e+01
1.718202646311986115e+01
1.804179893076801022e+01
1.684850243937536618e+01
1.671672286027029131e+01
1.712242502562960311e+01
1.584776940098822173e+01
1.391547937753890274e+01
1.117774499820708911e+01
9.962441646270828954e+00
1.003052829845522709e+01
1.195491199726752996e+01
9.385389846589273333e+00
7.657270537367943497e+00
7.747192824272130629e+00
7.514079701386333632e+00
1.294434160255486610e+01
1.559614062774218013e+01
1.627044267972451053e+01
1.559746996367204908e+01
1.430666435698788419e+01
1.571553265168132363e+01
1.530886587940907972e+01
1.356359703964741037e+01
1.236401237579420709e+01
1.205216717803365789e+01
1.472369045843824154e+01
1.735410883714915542e+01
1.819142796454362099e+01
1.738170671799522538e+01
1.565406620730747633e+01
1.637755780438413922e+01
1.693419178268388592e+01
1.657328955352375743e+01
1.621366561457377387e+01
1.564622940646061622e+01
1.237087751040494510e+01
9.321823596572134107e+00
8.846999489248267068e+00
1.150169781805277758e+01
1.348848233219604431e+01
1.167858168152219456e+01
1.144350393557530410e+01
1.323167128306299567e+01
1.243653624917123501e+01
9.944544035979788532e+00
8.795708797064712314e+00
9.578506968602949811e+00
1.003747240483997061e+01
7.488278024388465681e+00
6.937484879516128800e+00
1.171271692843910728e+01
1.277604304273290481e+01
9.602946533806443696e+00
8.814547947571092834e+00
1.088213878546211966e+01
1.298413617870844838e+01
1.418564671843258651e+01
1.291103314832372995e+01
1.393583646435441636e+01
1.542502964312115132e+01
1.596928338985614815e+01
1.718566937471926437e+01
1.624655092205990670e+01
1.671672655480614011e+01
1.664321247759615829e+01
1.342161261543757256e+01
1.204137018639799805e+01
1.039957782200835368e+01
7.689603229906838422e+00
7.320887690282178006e+00
5.486855678905047107e+00
9.022133327142848103e+00
1.261342685685706577e+01
9.320873492360092882e+00
9.579835038204400632e+00
1.453766194697147363e+01
1.637880198719788183e+01
1.406772331723179725e+01
1.174926375603890882e+01
1.090352280254604089e+01
1.277124253739017590e+01
1.423891491215425376e+01
1.520334138363736898e+01
1.674459815494070014e+01
1.603412299709140143e+01
1.386089065637874818e+01
1.181938298303250612e+01
1.283598697779473063e+01
1.463686840752754570e+01
1.510765984107807469e+01
1.128329765796586059e+01
9.173008772863218141e+00
9.593425911197950740e+00
7.699204670975299258e+00
6.660839721496349952e+00
7.809201547683393585e+00
7.599004314372358238e+00
7.102759188574336413e+00
7.981686680795730737e+00
8.484376537380102334e+00
9.098214820083558863e+00
7.664877934027027884e+00
5.535525219244972206e+00
8.745535056174508881e+00
1.254858448321492403e+01
1.306726007310985871e+01
1.286535297450549997e+01
1.125335804003294626e+01
1.218965178690092976e+01
1.366827528418385818e+01
1.235820278232970715e+01
1.214375330915402529e+01
1.399517226661993874e+01
1.282308242104233287e+01
1.082572647058705506e+01
1.385204003702791198e+01
1.394742117586274688e+01
1.381920356469424327e+01
1.552930158205492717e+01
1.600057303113074525e+01
1.572928977079828172e+01
1.411021093089790313e+01
1.304526618181919773e+01
1.505849259454220324e+01
6.470665775920301233e-01
1.719724912993291355e+01
1.504556763008570819e+01
1.465490684720322356e+01
1.689990395916820631e+01
1.714150989353214882e+01
1.561767410527342825e+01
1.441962990906322695e+01
1.453276813496513498e+01
1.577723116032241002e+01
1.615446174242580923e+01
1.523173570503032259e+01
1.301720205301990418e+01
9.680255682416733620e+00
1.124737615364809074e+01
1.345491771355618482e+01
1.170233267766801433e+01
1.282563056566787019e+01
1.259585680657548501e+01
9.857372130652629849e+00
1.155069282293482580e+01
1.427157156134286886e+01
1.511906894853095729e+01
1.593208607989303083e+01
1.663111426356220690e+01
1.493558591936046298e+01
1.416201026444197097e+01
1.671402681075555208e+01
1.678038228976809876e+01
1.512510806935023489e+01
1.334016542515064785e+01
1.149009761715833733e+01
8.633982914501476813e+00
9.528014675101047715e+00
8.432240445002392448e+00
4.624096442365043025e+00
1.015665512147107208e+01
1.112647626330904593e+01
8.534645033238325240e+00
7.773736792916811744e+00
8.434124127241370061e+00
1.051974710294842019e+01
1.256932127343086592e+01
1.122519450296290877e+01
8.729026444873071000e+00
7.403937362235445185e+00
1.042035319071627697e+01
1.433622911578505033e+01
1.349242156596582198e+01
1.312176976045183885e+01
1.503040665443336188e+01
1.539036491610289126e+01
1.587872631098544929e+01
1.660260446419866298e+01
1.637865769497986790e+01
1.698197737607749858e+01
1.649131929702275556e+01
1.409326661070952902e+01
1.550564382253717355e+01
1.731054433590042763e+01
1.692765896196306485e+01
1.683854177158494991e+01
1.635215806332447031e+01
1.409676619672291942e+01
1.173154391358539961e+01
9.837772440062009238e+00
1.323816878180649326e+01
1.523999392976819323e+01
1.265200706821010712e+01
1.306413375207645977e+01
1.527263126264801940e+01
1.530996471387124380e+01
1.636111978850662396e+01
1.716916171203265051e+01
1.661774368472993402e+01
1.646530574671559322e+01
1.680488224256090746e+01
1.768386571824410680e+01
1.798356015464540647e+01
1.748044503953729034e+01
1.672423571166814682e+01
1.686082659267548323e+01
1.574442958751420996e+01
1.344856923805933846e+01
1.334707005355951104e+01
1.445307263458724734e+01
1.490868656756075694e+01
1.584642736881307279e+01
1.595781243974144026e+01
1.274666071463812855e+01
1.180897158298062521e+01
1.313059649772881698e+01
1.422833544687083318e+01
1.592201292588095995e+01
1.437611005051269686e+01
1.214160107789869159e+01
1.485305060296493629e+01
1.561739980134210981e+01
1.329223810082475232e+01
1.382624926802827403e+01
1.446391112691349257e+01
1.182649967228686805e+01
7.579687739818778525e+00
7.911725869946081957e+00
8.972197852110054939e+00
6.069524108262219997e+00
4.260381480983912006e+00
9.310306453392698245e+00
1.135244020136009802e+01
1.117845663603793938e+01
1.184381900880117655e+01
1.065923864751197137e+01
1.161391967233042521e+01
1.329494334334751748e+01
1.533203792425723933e+01
1.505140483676491314e+01
1.456942145703550295e+01
1.300214101784816556e+01
9.100314670946348272e+00
1.283021714697316007e+01
1.546626291977855239e+01
1.451287613168498680e+01
1.296616019234646267e+01
1.230814945946632655e+01
1.189298558385580407e+01
1.046461679662469813e+01
8.400111088432451467e+00
5.622127112063903809e+00
5.156514371254083073e+00
8.020854099692567019e+00
1.119115405339620040e+01
1.251398237734640873e+01
1.387669218490748158e+01
1.356338042850334702e+01
1.143643962747501952e+01
1.247327387537305476e+01
1.432449990828994757e+01
1.504447530946888101e+01
1.393433873563307657e+01
1.377531592685458328e+01
1.362466860881114528e+01
1.175159571330570607e+01
9.107175825003652747e+00
9.471070082471259255e+00
1.005804145232714752e+01
1.063254907455536902e+01
1.009531011778777909e+01
1.022464528966668951e+01
1.015058079575885941e+01
8.763293332551771897e+00
9.642427070906926190e+00
8.606124035705207120e+00
1.008966838911300101e+01
1.307620251318977544e+01
1.244682730367453516e+01
1.054214035125386317e+01
8.217090554000648694e+00
9.765293025605188859e+00
1.078447389149707014e+01
9.931639855122019966e+00
1.090642325843356453e+01
1.211273462327818073e+01
1.526187342990361095e+01
1.519252124229002021e+01
1.508080820143100631e+01
1.477077402759787184e+01
1.438141986193525845e+01
1.382791102590856802e+01
1.344829773309699839e+01
1.519521583083742122e+01
1.536271993727174134e+01
1.345221245301198820e+01
1.021523419664598187e+01
7.303852714657701029e+00
7.085969215335555127e+00
8.637511707949551365e+00
9.450507798982725305e+00
8.111809924549991280e+00
7.009738113701905249e+00
9.756077674380485121e+00
1.088956588955596416e+01
8.935207273362458125e+00
5.721707219891689178e+00
8.091070558287629666e+00
1.006600164447229240e+01
9.380245688821009509e+00
8.846746438952880709e+00
8.429519533529056474e+00
7.486673878390198489e+00
8.505816329355702976e+00
1.117933207780593641e+01
1.133918366657172960e+01
1.304391709887172723e+01
1.469714326030262441e+01
1.378352922762190147e+01
1.302956452455302028e+01
1.495193124243783167e+01
1.512033514274715529e+01
1.415767994099774540e+01
1.504999295464034148e+01
1.519796722713204140e+01
1.415100478859256050e+01
1.239992435318350061e+01
1.158073126240883077e+01
8.129122778383845116e+00
1.227010618801985409e+01
