-6.976523817873190758e+00
-6.670641461600394173e+00
-7.410766874467256571e+00
-5.912926490376966271e+00
-6.551935211512484258e+00
-7.507744249292924721e+00
-7.342235993143105155e+00
-8.685490854532879723e+00
-9.061471657227670562e+00
-9.574467062667958217e+00
-9.865160279470453375e+00
-8.659311262575460688e+00
-8.954458260482155652e+00
-1.015256545896370000e+01
-9.183493741438255142e+00
-7.983753598427020037e+00
-9.546831098988635134e+00
-9.956035238588848202e+00
-7.219325192460311236e+00
-6.333539435109518223e+00
-5.953307480163964271e+00
-3.954740620779347182e+00
-3.059529557966234936e+00
-4.488192708091570893e+00
-5.193007132358321343e+00
-5.932251346922697621e+00
-8.346161377463298336e+00
-9.004012257091503102e+00
-6.029052938335872192e+00
-3.278403957884622688e+00
-2.989416380165959009e+00
-4.130800980276732481e+00
-5.501614061657492449e+00
-6.078193342232546037e+00
-6.591283971901556349e+00
-6.374381255222572484e+00
-4.673657573911789598e+00
-4.017641531662016874e+00
-6.938699129157095413e+00
-8.780514156629326550e+00
-7.833567178644827322e+00
-4.795354363668865361e+00
-4.210249114063633336e+00
-5.447034636574980659e+00
-5.895535780021078587e+00
-6.624106190251553450e+00
-7.548755501558336078e+00
-7.172052665947171946e+00
-5.879265668296506320e+00
-5.065224402273122983e+00
-4.901693103757253311e+00
-4.550404844116866521e+00
-5.178313692926995948e+00
-3.950942706641789925e+00
-1.602871747832492977e+00
-4.385365192929685740e+00
-7.208764741185482272e+00
-7.098380593316478304e+00
-5.826334297979667731e+00
-4.486228389439940401e+00
-3.707835464504796619e+00
-4.092928292623356334e+00
-5.025276483856970344e+00
-5.536637622729171149e+00
-7.313600741552077622e+00
-8.049968051332028196e+00
-5.571170413800897947e+00
-9.826395507642263771e-01
2.998322482158279345e-01
2.206304607405884077e+00
4.385587894367832362e+00
2.558644320243049108e+00
1.650038114534800648e+00
2.691067385353909103e+00
6.353922118990031898e-01
-1.960221462008575610e+00
-3.188030919306469535e+00
-4.685185362405505316e+00
-5.861611292685359409e+00
-6.763644744133427977e+00
-6.400409492571337289e+00
-6.230961200046062132e+00
-5.889567950335371727e+00
-5.221151327182624868e+00
-5.753200176031868729e+00
-5.959910077745389501e+00
-6.253929844358190770e+00
-6.470483334186958757e+00
-6.833344967638940837e+00
-7.358621555467824038e+00
-8.969850534387227015e+00
-1.000768331179424742e+01
-9.206982749496907203e+00
-7.174619812319269485e+00
-7.324986751910481431e+00
-7.134080991776011516e+00
-4.356159284437148393e+00
-3.584844833842221412e+00
-3.322643789787584900e+00
-3.694543530558522804e+00
-4.924360698812300541e+00
-4.841992782942303286e+00
-4.861237442851823687e+00
-6.286463316258743994e+00
-5.160090350177756413e+00
-2.361596712778959717e-01
-5.204225259687779159e-01
-3.375141840983383101e+00
-3.819067526406032531e+00
-2.486988138499733658e+00
-6.983935872615931739e-01
-2.280001839150100462e+00
-3.587351042101636800e+00
-3.310918311987297358e+00
-3.792705217438470111e+00
-4.493278935786091388e+00
-2.162297696165197181e+00
-1.012063592912600507e+00
6.470665775920301233e-01
6.470665775920301233e-01
6.470665775920301233e-01
6.470665775920292351e-01
6.470665775920292351e-01
6.470665775920302343e-01
-4.172257022969356299e+00
-4.311767634777188718e+00
-5.882349179926051441e+00
-9.152236384921115686e+00
-8.929387567974719886e+00
-7.793777454078085754e+00
-7.863395430714772871e+00
-7.226811683547119891e+00
-5.986669455332115142e+00
-5.079223385959541481e+00
-4.898822510044077205e+00
-4.725683244838392305e+00
-1.103525934154947263e+00
-1.366535474869375877e+00
-5.353813263650557097e+00
-5.503347045786360248e+00
-2.319604478849310425e+00
8.274441777292773637e-02
-1.593184363526020553e+00
-6.127484192463746204e+00
-8.049092083468936565e+00
-8.774050048494345333e+00
-9.447182523834545265e+00
-1.076189264039005700e+01
-1.090401076617341047e+01
-8.555856919696688934e+00
-8.718259855686740778e+00
-1.070910532176724317e+01
-9.666795121435391991e+00
-8.823562002060597820e+00
-1.189644663584703821e+01
-1.294622183093644274e+01
-1.397378294843384694e+01
-1.508744089205363004e+01
-1.443621695604012878e+01
-1.345026741795047620e+01
-1.279970956853146369e+01
-1.338459841863832800e+01
-1.445087972959099787e+01
-1.380320382760185538e+01
-1.242657179468022299e+01
-1.106506451032286442e+01
-1.207852612154843364e+01
-1.402626419617204157e+01
-1.349906654468397704e+01
-1.242275203882735113e+01
-1.134949902145520717e+01
-1.037034546368659171e+01
-1.002108339649991464e+01
-9.059034587068403255e+00
-1.296464776184162027e+01
-1.244490755707563956e+01
-9.779254732130272743e+00
-1.198823373853364771e+01
-1.442030834609459866e+01
-1.307339276875391043e+01
-1.065113681639394905e+01
-1.305775689905090253e+01
-1.475404603427304195e+01
-1.408669400574152242e+01
-1.182205143842066875e+01
-1.074290676782758780e+01
-9.932627844038551146e+00
-8.898064204268264277e+00
-7.308809034915928926e+00
-9.422676517269829688e+00
-1.111392059248787589e+01
-1.039184448393650584e+01
-1.191224553056077617e+01
-1.273307782162569168e+01
-1.245069759648655427e+01
-1.023063853234199350e+01
-7.262237712706610004e+00
-8.644031886107832463e+00
-1.048928884295279040e+01
-9.183283737804529778e+00
-9.219454053425804929e+00
-1.119196044642471932e+01
-9.427233578654957924e+00
-7.707202163606310386e+00
-7.836122773411849707e+00
-6.377486375323979217e+00
-6.764111977625693051e+00
-8.620047827947946217e+00
-6.668385382200144207e+00
-7.874278347204913153e+00
-9.504102353508907086e+00
-1.019312254283858010e+01
-1.039304338730749500e+01
-9.180493451541646976e+00
-7.318491171343249668e+00
-6.960100607005947460e+00
-8.214692992475825406e+00
-6.904499725574464897e+00
-6.433047326128427557e+00
-6.266889225488875503e+00
-4.769485602636505561e+00
-5.223074040761500392e+00
-8.109370864321357786e+00
-1.027290006664271260e+01
-7.469013722025637847e+00
-6.516948855315927602e+00
-6.337000582118882619e+00
-5.328845402608404669e+00
-6.988861844512073596e+00
-9.429473418212074520e+00
-9.199849071168497261e+00
-7.109662682355457619e+00
-6.048132131027815106e+00
-4.815260797979306062e+00
-6.192187051640071438e+00
-8.685033931961617881e+00
-1.001785685161779860e+01
-9.445164248376112681e+00
-8.363193843815995621e+00
-8.758248620310464361e+00
-8.899773553401372439e+00
-9.732192806027804011e+00
-1.098192049617250809e+01
-9.984551133706531800e+00
-9.506295448067060505e+00
-9.729281423528668427e+00
-8.667105813636061029e+00
-6.818663126448578637e+00
-5.935834898733961751e+00
-7.541083549839898481e+00
-7.165040961164193867e+00
-4.701574488795639439e+00
-8.227584523306092024e+00
-1.039780948448916575e+01
-7.463803145454159349e+00
-3.500681379822961681e+00
2.815777516486809962e+00
5.396307609385468496e+00
6.190063679506160987e+00
4.261614181978449878e+00
1.543119327358206450e+00
3.830117766830899995e-01
-6.532269601555521499e-01
-1.683793522196298964e+00
-1.786495166867964945e+00
2.668140546828827731e-01
-3.034056594262584561e+00
-7.913435224012944857e+00
-7.477015528358663232e+00
-6.612972368897323427e+00
-6.309783731586351863e+00
-6.040552389628165209e+00
-4.580028956840916265e+00
-3.674481272004615828e+00
-2.443129241100679305e+00
-9.128694580139882220e-01
-2.916312230213865764e+00
-7.832901707432618821e+00
-9.586570394976771325e+00
-8.421980566741986252e+00
-7.719098510418527681e+00
-7.838944194715330660e+00
-6.083890315163828610e+00
-5.433694044434756343e+00
-8.780835416739725119e+00
-9.574021205627133213e+00
-9.166332463917399309e+00
-7.171562584760460268e+00
-7.762326360476953901e+00
-1.018746108997292232e+01
-9.838710177817974412e+00
-1.154559098360179092e+01
-1.222331018295473370e+01
-9.643736281070530936e+00
-9.315667601394775232e+00
-1.043202241789944118e+01
-1.283462529791275841e+01
-1.486759909945618396e+01
-1.404583478065365121e+01
-1.154621420744207327e+01
-1.272908646228663976e+01
-1.274077453861071874e+01
-1.375735564181961124e+01
-1.508956547975061468e+01
-1.506858490457208255e+01
-1.308692450128289408e+01
-9.364670933508987716e+00
-9.523266926431482204e+00
-1.122697849829644312e+01
-1.287135832969578786e+01
-1.183797420269629441e+01
-7.596369661496447989e+00
-7.379409175867527537e+00
-8.952312086908202460e+00
-8.954858963440345931e+00
-8.828560419390464986e+00
-1.025112304640083849e+01
-1.171628181108366107e+01
-1.278722837408125912e+01
-1.173135041852964555e+01
-7.842245816683177217e+00
-1.016883462675351169e+01
-1.346594546308293516e+01
-1.369600546684002396e+01
-1.148754787793976284e+01
-8.742300989355760166e+00
-9.874146524929296120e+00
-9.562306046907389501e+00
-7.255522577013491237e+00
-1.010854171029596138e+01
-1.263549928788331123e+01
-1.068076933826358754e+01
-8.945344852681397896e+00
-7.387973071621346755e+00
-5.850863473571967788e+00
-5.765490659722534161e+00
-2.856828625649166398e+00
-6.661068331875652504e-01
-1.957879202245771610e+00
-1.835386216978224683e+00
2.392629606414643728e+00
4.913539823832117293e+00
5.437799840706402321e+00
3.369139504874290925e+00
1.685390844346336403e-01
4.648823901057609342e-01
1.419327094176869197e+00
-2.117897718276802621e+00
-1.781860559329117688e+00
-1.296569181583106856e+00
-5.394144841265644530e+00
-5.673573840002775093e+00
-4.039235651211013689e+00
-2.927174426551556241e+00
-6.144249621013617713e+00
-8.321169446553870586e+00
-6.231499174319255374e+00
-8.292047050073062309e+00
-8.649351558559855491e+00
-6.220896401896808037e+00
-6.188360772271596311e+00
-6.579166971784305318e+00
-7.391925259022896100e+00
-8.349881163547358653e+00
-1.044524291501626045e+01
-1.159110825949433554e+01
-1.217647037470289462e+01
-1.316607944902458449e+01
-1.338356687615378782e+01
-1.300136718789312518e+01
-1.108875106807144739e+01
-9.765025553192030472e+00
-1.037516793778806878e+01
-1.064090946688314077e+01
-1.196602102796947165e+01
-1.173339112054979338e+01
-1.145187259720160711e+01
-1.263599708356522200e+01
-1.329391572269611999e+01
-1.280863919820518149e+01
-1.024274977360892613e+01
-8.733269796023906295e+00
-8.261806397545619518e+00
-8.237899698919541436e+00
-8.886203377168667927e+00
-9.554684409571713388e+00
-9.857826513663553669e+00
-9.089587211473096673e+00
-9.189041759478799420e+00
-9.941403372270897876e+00
-9.805870431435582901e+00
-8.176213552655614336e+00
-9.866880340706840613e+00
-1.265285162802312513e+01
-1.206099194646600914e+01
-9.378249262804970954e+00
-5.749184151218375227e+00
-7.359692243987391969e+00
-7.067896322089750605e+00
-6.915533564883358686e+00
-8.413918124365606488e+00
-8.225607862707052576e+00
-7.666603777491355132e+00
-6.300820487140541104e+00
-6.841556036969272725e+00
-8.141407461957509639e+00
-7.807517940120804134e+00
-6.671371767812987130e+00
-7.288118984901446495e+00
-6.750111252923187699e+00
-4.161710378553401313e+00
-4.827786267615547189e+00
-8.555475845853662165e+00
-1.022772224395302842e+01
-8.383336204197359365e+00
-6.401403912944502395e+00
-6.140824937855080989e+00
-6.958901005331074252e+00
-9.130934521094387080e+00
-1.170127669519209057e+01
-8.967548746233932278e+00
-4.883331878835001305e+00
-5.135721907681327636e+00
-6.417212304911662279e+00
-8.273758434908097925e+00
-7.367442581388683465e+00
-8.872634173885282749e+00
-9.786463180112752624e+00
-1.002914954086491583e+01
-9.795627327146640084e+00
-6.178359928469713935e+00
-6.383739630807342635e+00
-7.265111687863456957e+00
-6.853268885230296981e+00
-6.386590041815989771e+00
-5.338127369228601538e+00
-5.983624935697825720e+00
-7.237482234233892697e+00
-9.729273462946615325e+00
-1.105897595136904599e+01
-7.952965086724361754e+00
-4.816535193068960830e+00
-7.587950550347328793e+00
-8.606884591313868071e+00
-8.455849119852397067e+00
-8.295585036963212033e+00
-6.505863057163254304e+00
-4.582013692358245294e+00
-4.690052356459870175e+00
-4.298723907968781788e+00
-4.745875849473068619e+00
-8.620432875605505529e+00
-1.075192781353739768e+01
-8.956334192291539154e+00
-4.183525517189541354e+00
-6.586121185652682453e-01
-6.297241278729172331e-02
-3.953892384271732729e-01
-1.271540614615280784e+00
-3.816764549666921802e+00
-6.167880682790115365e+00
-6.206242021348522542e+00
-2.254779414258023529e+00
-1.086480053579051419e-01
-8.663397605250117151e-04
-2.543057137564051828e+00
-4.710239233885418209e+00
-4.531136413432234278e+00
-3.464614755190867923e-01
1.355930405505691771e+00
-2.289039113673022818e+00
-2.221149419228598265e-01
3.715212961407241110e+00
2.624471862700562319e+00
1.100020867289644017e-01
-3.252365969496876730e+00
-4.572084648011075281e+00
-1.327019261355878221e+00
-1.816581395873975602e+00
-3.804171348657149121e+00
-4.603770115979312294e+00
-5.139865298790473602e+00
-6.109518437738378438e+00
-7.901552811899124507e+00
-7.277048210314863930e+00
-6.528063926395851979e+00
-4.506519007914446817e+00
-2.294960486923363074e+00
-3.838249394324805275e-01
1.532760421968021092e+00
1.536731629956541889e+00
-1.079312224859111602e+00
-2.447182783248068816e+00
-1.681139801890821683e+00
-4.245709467447826846e+00
-7.102939401761758198e+00
-7.133848943183600966e+00
-7.457238795832193290e+00
-5.867126655388369194e+00
-2.719196272158403094e+00
-2.250456278848725344e-01
-3.078228591622306443e+00
-4.868735869948023876e+00
-5.778982127438636596e+00
-1.078208799404726648e+01
-1.359915501641400049e+01
-1.308459378769921422e+01
-1.207962744116388265e+01
-1.243928901797249864e+01
-1.348420739342592789e+01
-1.304260144318678982e+01
-1.089273607505062103e+01
-1.184955522205257772e+01
-1.252825470468317803e+01
-1.086839699022554484e+01
-9.262769857091241121e+00
-9.503732478467609823e+00
-1.118742611708583112e+01
-1.118358491416188549e+01
-7.742954926634268986e+00
-9.166900658967465532e+00
-1.053981072161149690e+01
-1.018802394138423928e+01
-1.099843156219545293e+01
-9.455274834757608104e+00
-4.923444398276443756e+00
-1.937750040913845728e+00
-1.579533046488629244e+00
-2.737825292258235343e+00
-3.439767385622562568e+00
-4.321366718400012630e+00
-7.033525909237382301e+00
-7.527567888512002980e+00
-8.238836363056135426e+00
-9.071728870709096171e+00
-1.094535102071723998e+01
-1.244568740226147874e+01
-1.181725658578907101e+01
-1.132247966626276181e+01
-1.195110767214063330e+01
-1.301426335811809132e+01
-1.308761304471046039e+01
-1.229108508537525246e+01
-1.025401017267152248e+01
-8.091879507513484171e+00
-8.835120903435024431e+00
-7.751606784153955765e+00
-4.560256515581405878e+00
-4.171922855191316337e+00
-6.278188076027937825e+00
-7.104170329256870531e+00
-7.493109676183523860e+00
-5.831732577668813811e+00
-4.820754531288818256e+00
-9.175831181312309681e+00
-1.156117922814913790e+01
-1.083604977440290007e+01
-1.009044288396278688e+01
-9.839863567133702915e+00
-1.193647999738066900e+01
-1.389354589070696022e+01
-1.254233519500328242e+01
-1.105932135984066633e+01
-9.186993366865449318e+00
-6.415739323136875782e+00
-4.245624792085274102e+00
-2.173071462578123114e+00
-2.774843976042048688e+00
-5.822112586452188765e+00
-7.754430080388686974e+00
-7.002028367550478194e+00
-4.313937545702157372e+00
-2.020060257803939496e+00
1.888016282353452702e-01
-3.420427129734401550e+00
-5.890940882928951794e+00
-4.779801822769968567e+00
-3.912465539721578178e+00
-6.439196408142535688e+00
-9.002601357945557936e+00
-6.948122973283444637e+00
-6.500904079338769570e+00
-6.919191756954868211e+00
-5.882782953894417410e+00
-6.858225217789019723e+00
-7.744711942538865301e+00
-9.540217915058574860e+00
-9.506610164423829445e+00
-8.561789560952064448e+00
-8.062694088846011908e+00
-9.565153193214575467e+00
-1.019140357619542847e+01
-6.263036241385114167e+00
-5.835689314723687460e+00
-9.853425331957867073e+00
-1.248813478035985725e+01
-1.381073631637365651e+01
-1.376341600117527797e+01
-1.234832637991513415e+01
-1.086609373128936440e+01
-1.008217342866634425e+01
-1.154262949158942320e+01
-1.156265016389344069e+01
-8.513445383915046349e+00
-8.206480006584177644e+00
-7.317801114023017917e+00
-8.568635848543571853e+00
-8.753281730888147649e+00
-8.796465359619315194e+00
-1.064685619048974274e+01
-9.996348988845307204e+00
-1.040540244784616242e+01
-1.054346167125600431e+01
-1.036235984960869771e+01
-1.163150371577923359e+01
-1.234291230913783899e+01
-1.312880362784137134e+01
-1.371523355323636295e+01
-1.392508888727339134e+01
-1.445787355206147495e+01
-1.521200978602584186e+01
-1.423725239572952894e+01
-1.167671528175333329e+01
-1.237635941777829629e+01
-1.247450961023975324e+01
-1.183668350341011788e+01
-1.181214040161168732e+01
-1.262540728963712056e+01
-1.169313238203396033e+01
-1.092320246942799677e+01
-1.129157354085622877e+01
-1.040194260685326455e+01
-1.176326084982120967e+01
-1.224787124672555372e+01
-7.859318747959067153e+00
-5.918160314163687374e+00
-5.338389017176018214e+00
-6.512101931929414889e+00
-7.780045240486074043e+00
-8.023112760951152111e+00
-9.837620335820613349e+00
-1.126430037272939089e+01
-1.072514855316278926e+01
-8.568994223990078041e+00
-8.885075934258809482e+00
-1.005254957817105677e+01
-1.092597005489704465e+01
-1.197726522781405833e+01
-1.040966315059644920e+01
-6.694395230955104026e+00
-6.249433309768131828e+00
-7.389843441185500517e+00
-8.252973684329926840e+00
-1.074159174363628999e+01
-1.349817525714960098e+01
-1.414255790160821746e+01
-1.468605883729217787e+01
-1.532977380785754562e+01
-1.542732771074058284e+01
-1.476546433658458923e+01
-1.272971198692514783e+01
-1.155260926355182427e+01
-1.231433628146140791e+01
-1.382944466978456965e+01
-1.511965289547902991e+01
-1.455175615488397511e+01
-1.265338879760104085e+01
-1.174338709972551342e+01
-1.241754412700311327e+01
-1.276087301302620780e+01
-1.152597966752309233e+01
-1.042403643944350122e+01
-1.224646174387469522e+01
-1.365640723366344389e+01
-1.046693679905854069e+01
-8.340317107647145178e+00
-8.802604275988828775e+00
-7.589444859962074297e+00
-8.465999679173512149e+00
-7.861332974827728748e+00
-7.409626183271938338e+00
-7.334413313305374160e+00
-7.304590391228053647e+00
-1.211016645163285510e+01
-1.480701329518414866e+01
-1.549247971749148789e+01
-1.569031490224926806e+01
-1.568737799829811053e+01
-1.525105957044155325e+01
-1.412665265622468880e+01
-1.438807154637125052e+01
-1.416867721592613272e+01
-1.387488344352093073e+01
-1.453185058642066529e+01
-1.499140847303323554e+01
-1.519356166603416192e+01
-1.475886450530972738e+01
-1.503592858759402517e+01
-1.541438377397967585e+01
-1.478131443256822131e+01
-1.379652278956686828e+01
-1.494099526018035107e+01
-1.562701306569202941e+01
-1.557208447426337550e+01
-1.527164398132264189e+01
-1.462105218734864565e+01
-1.414150521896876000e+01
-1.431396688321737187e+01
-1.385732940677961444e+01
-1.413259320349008341e+01
-1.492494753482878522e+01
-1.501784278238263326e+01
-1.229468152641385004e+01
-1.108079333315817294e+01
-1.155614400180045820e+01
-1.265358743384877371e+01
-1.326182498753917116e+01
-1.260233973925095263e+01
-1.336864896436725303e+01
-1.508457322213170215e+01
-1.527643109039690117e+01
-1.522146427584210215e+01
-1.498531372193207822e+01
-1.325243862156675156e+01
-1.084268411551250999e+01
-9.173637110460488131e+00
-9.521433427379193404e+00
-1.072133249473730743e+01
-1.275012450366490491e+01
-1.102166138907823978e+01
-8.475905094220312463e+00
-7.463990479398519007e+00
-5.510929646258020398e+00
-8.584777441344987992e+00
-1.273466116431122330e+01
-1.436120851646915497e+01
-1.495929870281856644e+01
-1.486075651809854747e+01
-1.536579592216989987e+01
-1.529513305975574156e+01
-1.510184273254651188e+01
-1.546221599134916680e+01
-1.512311313554010361e+01
-1.474337757913556324e+01
-1.386566668311139061e+01
-1.252100807747295086e+01
-1.099091745753546157e+01
-1.014210023269124328e+01
-1.154954899053832662e+01
-1.229956925217475217e+01
-1.286674678417725914e+01
-1.429614691094309897e+01
-1.496553673503949433e+01
-1.503589956026605279e+01
-1.485515015173861819e+01
-1.399405390173784802e+01
-1.211883244593422404e+01
-1.150128348393159250e+01
-1.156743165918823202e+01
-1.105103133519154390e+01
-1.280617755735944918e+01
-1.393816839413604924e+01
-1.457886495761551515e+01
-1.410147210159603048e+01
-9.413361833364337627e+00
-6.405088329587338869e+00
-5.408088957332132019e+00
-7.153092690471804183e+00
-7.146589643690384186e+00
-5.116553720977379704e+00
-7.133331660576976319e+00
-9.693904036552478232e+00
-9.701347926357325235e+00
-8.177652629211763724e+00
-6.759238933282712303e+00
-7.214458041765265506e+00
-7.616499079957602447e+00
-6.945933784758723917e+00
-7.297192114595028478e+00
-5.565318385231843301e+00
-4.740645723801525158e+00
-5.708503592250895764e+00
-8.462174979395411967e+00
-1.044796472329531234e+01
-1.248283419806476680e+01
-1.141306531189206197e+01
-9.194193176789642763e+00
-1.126499989199921181e+01
-1.057848142645034351e+01
-7.299966632406807321e+00
-6.779314935847336798e+00
-8.444422662252490497e+00
-9.050357730609555063e+00
-9.539329357024941558e+00
-1.238164338789884589e+01
-1.377487149246072740e+01
-1.305212130546459548e+01
-1.066747436265859683e+01
-1.073730162823672885e+01
-1.233316686930949047e+01
-1.389331309244051837e+01
-1.340479113470920680e+01
-1.203407885085572460e+01
-1.324591650444273938e+01
-1.514625177355795671e+01
-1.530027799354654228e+01
-1.552268764685598690e+01
-1.618846363771301711e+01
-1.624554885740537458e+01
-1.628572050295145601e+01
-1.606000522919314477e+01
-1.503200931076787050e+01
-1.368098483123697306e+01
-1.396613087998860792e+01
-1.471558124413407853e+01
-1.411670325330604214e+01
-1.272009212698002223e+01
-1.201721129419942891e+01
-1.384463424142660415e+01
-1.522581765695333900e+01
-1.409036287496132012e+01
-1.324081536082201005e+01
-1.433645246642556614e+01
-1.513136515238609370e+01
-1.611951006151417687e+01
-1.629501363727450070e+01
-1.573576273568748718e+01
-1.584573299464032381e+01
-1.614635565531093775e+01
-1.587556333152653210e+01
-1.605624065971499803e+01
-1.632528328545431506e+01
-1.566720102740522336e+01
-1.456478387983236900e+01
-1.387168508803709877e+01
-1.393292402703187172e+01
-1.375425710148175185e+01
-1.448501562513736474e+01
-1.550055451228521441e+01
-1.578274111938409519e+01
-1.466405779479275928e+01
-1.277635605466223190e+01
-1.342418431613931062e+01
-1.544758474208328636e+01
-1.605213411806036916e+01
-1.498604764697463487e+01
-1.467615062802806492e+01
-1.387935472836313799e+01
-1.268894165760569059e+01
-1.205544976956558401e+01
-1.414539406466969318e+01
-1.568498358302885975e+01
-1.570731861253173456e+01
-1.438156912299288948e+01
-1.201466631725542911e+01
-8.639444479734811111e+00
-5.592390914859997508e+00
-5.647207589287260632e+00
-6.558865458277328919e+00
-8.459916240787222819e+00
-7.525002048300548196e+00
-4.388217098077106471e+00
-4.826941547059075965e+00
-7.771854885067449814e+00
-1.091043427337914018e+01
-1.113786934526206629e+01
-1.168777723042125594e+01
-1.381470365842307757e+01
-1.342274844407901746e+01
-1.243804393813604747e+01
-1.202007999902142643e+01
-1.165862626222980936e+01
-1.360431597561294481e+01
-1.368868899446166232e+01
-1.038723712557256817e+01
-7.914250863984401363e+00
-8.911075735832698186e+00
-7.374218483664838786e+00
-3.984344078058484673e+00
-5.671922230486500460e+00
-7.286867664493715147e+00
-5.645183098730985449e+00
-3.920911672645920110e+00
-5.575317943129634024e+00
-9.074534592953032330e+00
-9.920207271844315500e+00
-8.569671693403032364e+00
-9.924108951269220213e+00
-1.267524807488571525e+01
-1.064712581811137682e+01
-9.335157306895458973e+00
-1.021080737414450290e+01
-1.126939823210106262e+01
-1.237557782425442277e+01
-1.030658889827292768e+01
-9.630365830731843602e+00
-9.212562958836489457e+00
-7.887347805771343090e+00
-7.603245787990005056e+00
-8.861705581264034848e+00
-1.082798138247752995e+01
-9.823747494146536141e+00
-8.158873387939092225e+00
-9.483476313468896635e+00
-1.185987757353616168e+01
-1.338001741440802483e+01
-1.351577683143376873e+01
-1.214467962894835118e+01
-1.188001862193939040e+01
-1.117972310992282381e+01
-1.191562137826939605e+01
-1.290432194816587952e+01
-1.107273643584545297e+01
-8.942122710052526458e+00
-3.641294582869041285e+00
-8.249695629754820736e-01
-3.269895668239822584e+00
-1.781817050531293800e+00
9.658576109462622128e-01
-4.054111098930396895e-01
-3.339526880595599323e+00
-3.303655836278457159e+00
-1.391675825759725704e+00
7.751089321212693006e-01
-1.079266450333508987e+00
-3.450809063191052850e+00
-4.035017748118367997e+00
-3.261903311375975445e+00
-3.171180358314337422e+00
-4.482124596765395097e+00
-2.981749274660867588e+00
-2.911620734896280815e+00
-2.920264400715918196e+00
-1.538627843053938182e+00
7.098856993753696609e-02
8.959098410140786672e-01
-3.877367525839414686e-01
-2.883307001777188461e+00
-3.985591070744546105e+00
-3.436930927176366168e+00
-1.753224840459758127e+00
1.972723564915398686e+00
4.481675566919059328e+00
4.049814872095054419e+00
-4.969126627291469145e-01
-3.429653030181812223e+00
-5.128984257052736417e+00
-6.159456405153791891e+00
-7.053756656057285745e+00
-8.674087880776749415e+00
-7.464036004455375739e+00
-4.025307280577615110e+00
-2.211486721731397154e+00
-2.342029894774330323e+00
-6.241461284357124661e+00
-1.006256777386706425e+01
-9.232642078994633295e+00
-8.356506696833875480e+00
-7.042299415935003637e+00
-7.875914217171144038e+00
-1.035787869144859918e+01
-8.804145185348199121e+00
-6.891628864609788074e+00
-4.384290113797098876e+00
2.489398611339659340e+00
4.328131293010065939e+00
5.168220647425018299e+00
6.720181239399907192e+00
4.698738854438426316e+00
3.409576696557628850e+00
9.147202004060301928e-01
-1.385376272565199907e+00
-6.918959366704198824e-03
2.164934841725668857e+00
4.498592000814724656e+00
5.496458796187961404e+00
3.934858548617086615e+00
8.169216938403599526e-01
1.783842975137080789e+00
2.445746019572783148e+00
3.577607965028509085e+00
7.228439165787363230e+00
7.312911788793329038e+00
3.573232251490200628e+00
-6.055677855796093301e-01
-3.667634203828546102e+00
-6.502330105788029613e+00
-6.756632494133018696e+00
-7.672291710435249712e+00
-9.726888227210544358e+00
-7.235715273738347442e+00
-2.323131364893013195e+00
-6.803781160645435699e-01
-2.122808578430726900e+00
-1.744893957767276627e+00
-3.090853660398010128e+00
-1.473673348444207054e+00
3.701550104733039581e-01
-2.416245370143330184e+00
-2.667281373811199785e+00
-3.285285053485643481e+00
-1.088461452615278491e+00
1.744715065962180622e+00
1.948944534484034596e+00
3.194321223726744652e+00
5.335065669329256188e+00
6.067438131086650088e+00
5.954828834685839567e+00
9.650115675364855150e+00
1.148089061933209010e+01
9.173100759082966960e+00
8.382918571651469364e+00
1.054563597887892890e+01
7.609649970932710339e+00
2.225787065734331271e+00
1.470291336391761350e+00
1.628764971554844232e+00
-4.263174652531828701e-01
-5.180259955356807389e-01
-1.503536285384231563e+00
-3.328405007478811850e+00
-4.693958302320067055e+00
-2.834354601580368005e+00
2.956304741617532983e+00
3.935805768756265977e+00
1.268309971461718311e+00
-1.070889653363980010e+00
-1.423555139001880798e-01
3.100547183661240602e+00
6.203085593437050349e+00
3.986911509099714479e+00
4.459928283384078651e-01
1.814341449271306694e-01
-7.212868870859351356e-01
-2.425069152401966743e+00
-2.262853277518801942e+00
-1.845436285050964909e+00
-4.649857268846749214e+00
-4.318180322086830003e+00
-4.978561967275334510e+00
-4.991308364401653819e+00
-4.890792817714718632e-01
3.309949119220173319e+00
2.541788840528429905e+00
-2.604458056216116812e-01
-2.525195745788251234e+00
-1.307394635079019096e+00
6.106059692319499854e-01
6.994127454720974191e-01
2.506684516873318724e+00
1.819670049374331189e+00
-1.726469339732259467e+00
-5.266294958092659684e+00
-6.163693916354563207e+00
-6.866340843484116441e+00
-8.099783737132563388e+00
-9.072670267673808908e+00
-1.008772596595635385e+01
-1.139490650563558383e+01
-9.038344714533396385e+00
-4.729802181176685494e+00
-5.361193894835167839e+00
-8.729676245817888258e+00
-7.444927297253040699e+00
-7.623109721803361660e-01
3.976180121803255307e+00
3.069002313907482016e+00
1.615224060098809478e+00
2.801731280320446160e+00
3.069248502466086048e+00
2.887651189904305582e+00
1.988294231318895822e+00
4.988885291599463478e+00
2.642825752369830639e+00
-6.011760852648487585e+00
-1.007862826417965252e+01
-1.165449351906439013e+01
-9.359320720201992572e+00
-6.535533536480785166e+00
-6.267316667609657443e+00
-7.879101508833536549e+00
-1.139498413985617375e+01
-1.159363459151235176e+01
-9.989153849512973693e+00
-1.084333323311481934e+01
-1.059562756877499723e+01
-9.880178409971211551e+00
-1.073054222469460761e+01
-9.313562021550001901e+00
-7.063472267145266770e+00
-7.775321598467220596e+00
-1.080219798507585693e+01
-1.067260363677771373e+01
-5.684351191234095602e+00
-4.034319336978117398e+00
-4.684117935490689888e+00
-6.472803663030548549e+00
-7.594443460200251295e+00
-6.475628106537913098e+00
-4.852124199034285823e+00
-5.348411392075286486e+00
-4.034058204580800222e+00
-4.227137063774568659e+00
-7.444320471195225331e+00
-4.698756368851682907e+00
-1.379971331929772393e+00
-4.654552994828271117e+00
-9.193886448603212358e+00
-7.929490856471302251e+00
-5.600145325765000237e+00
-7.775876890574202172e+00
-7.370503626596285329e+00
-5.006538779950265194e+00
-3.214759751619258754e+00
-1.747282376387040648e+00
-1.546562742115161537e+00
-2.426329655082657411e+00
-4.097148887926820748e+00
-2.173168280035531641e+00
2.271604964116523018e+00
3.175466905247312788e+00
1.725304216403684254e+00
2.935308800737165491e+00
5.241465079692881446e+00
5.512049172932332652e+00
6.833617293987522601e+00
9.092245420580161053e+00
1.098594735635454356e+01
1.146890655015650751e+01
7.998151438628198662e+00
3.516240533775701671e+00
1.277730768439291564e+00
-1.442104109013498947e-01
-1.266126575368710316e+00
-2.428854638902780749e+00
-2.526684267137720319e+00
-2.372613287784653302e+00
-3.489513026520025374e+00
-3.086495600305160014e+00
-4.323730886555456898e+00
-3.522255277930232076e+00
-5.555753671669279026e-01
-3.742414269310708086e+00
-5.239822164564134965e+00
-5.536918391382946725e-01
2.096946435811579246e+00
1.929947964197862964e+00
1.313949153470790110e+00
3.329141084832209163e+00
5.472525291123575997e+00
1.722499762922422351e+00
1.245888219025004240e+00
8.405339448772275457e-01
1.707306679364589019e+00
9.548019653201503587e+00
1.314228818618875216e+01
1.197745668603462654e+01
9.729260202880324115e+00
1.283688620310477546e+01
1.422858876147958540e+01
1.178832360175491800e+01
1.155570489295761583e+01
1.379992079802683058e+01
1.381521478758110000e+01
1.135562084965588170e+01
8.013847483383672810e+00
6.264842018868138851e+00
4.789075940357273353e+00
1.613061757051560408e+00
5.918366548305793451e+00
9.092602133966803279e+00
6.356004122186526217e+00
6.803791913615075515e+00
7.103941008277258717e+00
3.973361388103402003e+00
2.544320078990172540e+00
5.421329344866419042e-01
-3.390836383977154256e+00
-5.041682398906197626e+00
-5.696325445998594361e+00
-4.253268705469197997e+00
-1.105999977279966462e+00
2.298772316361543222e+00
5.508273388994197717e+00
8.565862862525410293e+00
1.063137346543717676e+01
9.490213250894704800e+00
6.224050928699359275e+00
5.689699003039193848e+00
9.607887977137217206e+00
9.514432611888539171e+00
7.418256354573059319e+00
9.878274650431123405e+00
9.736240920368528506e+00
5.976318644874409891e+00
3.926512552439378467e+00
1.597809357100286265e+00
2.915052396591288453e+00
6.276636346465652494e+00
3.333584724141100075e+00
-8.091703553781733060e-02
7.638343229179379579e-01
-4.015244577419701533e-01
-7.007824246995294493e-01
2.625087712889927705e+00
1.547882917060822816e+00
-6.613993110473438408e-01
1.179775190834772891e+00
2.913437586509621369e+00
2.292746163565461348e+00
3.739843755811922854e+00
5.020820682967150894e+00
2.457040719023856123e+00
1.514304192521743087e+00
2.350399124335607937e+00
3.099085199016217151e-01
3.341170332856572056e+00
7.244244918891086016e+00
5.218684693973392186e+00
6.817147685704142646e+00
7.796518227111815413e+00
6.589837757534450446e+00
3.526682106359332991e+00
3.867929421470338802e+00
8.401041138007828479e+00
8.356377848736956437e+00
8.949897896823243215e+00
9.749494730458701852e+00
9.302394494238189537e+00
1.098855469143157215e+01
1.040120106420035029e+01
7.212287825158763432e+00
4.773146930294140944e+00
5.299148926296064488e+00
7.054077792797436075e+00
9.237688116019008078e+00
8.582997850775324622e+00
7.611465006564968050e+00
4.110711281195992051e+00
5.737435805641680098e+00
8.916991154402087005e+00
5.773097070516935325e+00
1.962264607869139477e+00
1.449689929455003856e+00
4.390779459457633038e+00
7.464376904065732177e+00
7.372651460441677962e+00
5.592562370517255133e+00
6.331073140986319459e+00
1.012455561956191019e+01
8.831434626753573269e+00
6.118026854487055743e+00
6.516990244847272962e+00
5.937432196183616284e+00
2.085029800904377950e+00
-2.735020153491032335e-01
1.194804816230124134e+00
4.158066167188279039e+00
2.159520796516086971e+00
-1.689058089935949081e+00
-4.117573488985611263e+00
4.371433596204863936e-01
6.160576489889168172e+00
4.666105753678010615e+00
2.089001150940899887e+00
-1.688796571990428541e+00
-4.816201696916837527e+00
-7.397645733699307335e+00
-9.907647672049826326e+00
-9.211921705760531154e+00
-6.624605621059001415e+00
-4.649271280094493086e+00
-6.462480915239609658e+00
-8.936638289476185548e+00
-4.576709215667367658e+00
-7.754655040457056892e-01
-1.940579454629199896e+00
-1.938234826845378178e+00
-6.019256814534827971e-01
-1.818987526196764737e-01
3.281609469583498306e+00
4.943227476867441794e+00
2.755452951968545006e-01
-2.902616978863164832e+00
-3.119586433545223914e-01
-4.730155127360791134e-01
-2.982249634334976918e-01
1.477559090972871081e+00
-1.328944453131066794e+00
-5.163410245095366058e+00
-3.264037655482552314e+00
2.001579031552608523e+00
1.254242494117419282e+00
-5.651993179576515480e-01
-2.627796603666173736e-01
9.246834405313874017e-01
2.588385576540442656e+00
6.784954952127174366e+00
9.547393020445081646e+00
9.428542864439863891e+00
9.544722228599827218e+00
7.990362568956887124e+00
6.082279929554153419e+00
4.741132580130684282e+00
2.178844567810533928e+00
-7.032568872920964553e-01
-2.588817690580093700e+00
6.337828834025649449e-02
5.020583828545559513e+00
4.997721773712298976e+00
2.937098003549952541e+00
5.093058115557028032e+00
6.140286803693919992e+00
3.736396954337010357e+00
6.005808250592921560e+00
7.404758577225051042e+00
2.415606924018238733e+00
-6.671936907087403501e-01
1.873315370535016733e+00
5.132035475177599615e+00
5.231667304582130029e+00
3.972791524752352643e+00
5.596003883171932536e+00
8.425572534450102680e+00
8.389611434891335762e+00
8.154715981043297646e+00
7.771987367421688830e+00
7.983965493195666951e+00
7.127590469986566646e+00
7.035106257333110236e+00
8.353819182252673059e+00
8.657052319340607482e+00
1.009859562807425348e+01
1.013443600391729582e+01
9.483509910568262313e+00
7.306841145074039368e+00
4.283457038008406492e+00
4.120142020713832842e+00
4.735506868824962190e+00
7.190293181780859300e+00
9.179150234990258284e+00
8.467313508163528013e+00
7.053987494524585955e+00
7.147093055000489414e+00
9.544342156324985282e+00
1.134702486107910602e+01
1.216499489649999610e+01
1.275746934423893464e+01
1.452904589896547627e+01
1.304355298294448673e+01
1.219035410646972650e+01
1.213942422305543367e+01
1.179238814392888202e+01
1.388167387445907863e+01
1.492138964025715708e+01
1.382631073344460937e+01
1.259029438874670426e+01
1.389124021038604795e+01
1.335989191162599354e+01
1.199834034933520144e+01
1.184324338598851689e+01
1.281638905530532568e+01
1.301750702279550964e+01
1.060558244305960862e+01
1.020827474534932122e+01
1.270957952243991684e+01
1.154374005289032290e+01
7.059272869908145509e+00
7.605035928654406696e+00
8.494453819057490307e+00
8.652567322420727791e+00
7.845535962429303289e+00
7.545843884539526591e+00
1.075879810053099028e+01
1.422322985259507888e+01
1.508729095800925180e+01
1.565318634732670411e+01
1.632686578422658386e+01
1.544577716032010173e+01
1.272190299654696233e+01
1.366859430371609818e+01
1.527179261900906226e+01
1.305346631990819617e+01
1.154892253198064722e+01
1.255563026038171337e+01
1.397940160826748723e+01
1.306531709127778029e+01
9.201811513548884491e+00
1.192613933733853493e+01
1.563360207325114537e+01
1.610051146473596972e+01
1.511140075479687006e+01
1.474006382337145382e+01
1.349114076687219210e+01
1.271736889677360693e+01
1.258431673386638572e+01
1.351073526051554552e+01
1.381176646154744603e+01
1.166961317078314764e+01
9.624560838311703392e+00
8.662309274034740270e+00
9.167913590216842934e+00
9.729846040993628264e+00
8.664436581389020731e+00
9.235900400132161181e+00
9.305216731924279117e+00
1.072813584106032891e+01
1.180696568854213346e+01
9.031178175246184381e+00
5.974011474941654853e+00
4.385696145233499266e+00
4.259028874429494849e+00
7.128714553214449801e+00
1.094718452689232535e+01
1.344879214408003421e+01
1.560838737444508872e+01
1.695921043287771468e+01
1.591615630176560892e+01
1.348084931194302172e+01
1.439525703387249145e+01
1.572085983207256632e+01
1.547716112319628401e+01
1.347727744090633095e+01
1.196190645641009453e+01
1.226351233487666903e+01
1.290144937242167700e+01
1.403273081941237521e+01
1.139448271902673504e+01
7.011261266670608450e+00
9.883019399288414775e+00
1.131814448473939372e+01
9.966552722057556934e+00
1.098422958714621522e+01
9.935550097512615864e+00
4.709814509480700018e+00
1.186790624804972438e+00
-1.193572075668833277e+00
3.276624849305093123e-01
2.572955555048720644e+00
3.282322309870070454e-01
1.214668799775034946e+00
7.030741363482002626e-01
-1.127168107198841751e+00
8.318967691700043243e-01
1.469507678303377141e+00
3.192701530237584073e+00
3.912119182318325450e+00
4.212735379265685864e+00
5.695650551497561054e+00
2.022805603019095511e+00
4.097544777660294457e+00
5.955724314803788388e+00
3.231267421253994687e+00
3.087313041336208652e+00
2.726435309021230768e+00
1.601247299275340374e+00
4.075244310596311870e+00
7.423871430492637202e+00
7.726529457717060900e+00
5.765337347214837926e+00
6.385493971001526603e+00
7.524592048322934268e+00
5.688074242758085042e+00
4.641678573807369368e+00
4.592045377440110876e+00
5.694940078994779498e+00
8.536857678397995031e+00
6.925292963295984094e+00
2.569590854567552984e+00
2.593511222319998755e+00
2.818032447736403601e+00
4.146982456179335585e+00
7.887932204365571742e+00
9.307898659158432508e+00
1.119979854758392435e+01
1.130683592953682925e+01
7.700760407261983964e+00
7.834946480213046627e+00
1.115299935116637720e+01
1.158084259216603940e+01
7.339310147850153676e+00
9.112251885332897317e+00
1.150805576416017750e+01
9.427009205700604966e+00
4.655256928106284775e+00
-1.967779765626715305e+00
-5.988640074218868348e-01
2.319002286629252119e+00
3.697243330471963407e+00
2.834318290561152587e+00
-5.428948179456518641e-01
1.763620447926016910e+00
2.443292136872001752e+00
2.303156618274349920e+00
8.539350341900847852e+00
1.122855929294816413e+01
1.273263957120723688e+01
1.117646959701246523e+01
1.119858822138536070e+01
1.419257050164305944e+01
1.371915686160163972e+01
1.456337688677459141e+01
1.291062886158719891e+01
1.123334584643672862e+01
1.536251871506006594e+01
1.798810423403769931e+01
1.810653524828970973e+01
1.834373039285715379e+01
1.885025369514614013e+01
1.879670389001000785e+01
1.769303234740470643e+01
1.633426219151850844e+01
1.825380835039798910e+01
1.783120440080343982e+01
1.165627537344039943e+01
9.243081702902175678e+00
8.529255069286259427e+00
7.133157410596558279e+00
7.909569880308063183e+00
6.979782405818198754e+00
8.706361391727654109e+00
1.156017558945140600e+01
9.440735723120484479e+00
9.343085266629618246e+00
1.224866396933765245e+01
1.224851780159986347e+01
1.088396098102683496e+01
9.516369771628440333e+00
1.234616547302794309e+01
1.395208257912624461e+01
1.013813303885219064e+01
1.237620488298061794e+01
1.346856514349107670e+01
1.233195110982107501e+01
1.404246253438780556e+01
1.579954079892968011e+01
1.794456264204324825e+01
1.822072580436229217e+01
1.643433825619750976e+01
1.720963611974955398e+01
1.839094794235858643e+01
1.844769843161786582e+01
1.856839035052690079e+01
1.818838633069390909e+01
1.740665089510666519e+01
1.640785141298420768e+01
1.663900517056642769e+01
1.692081071654566671e+01
1.572857644559062251e+01
1.434472948189661601e+01
1.346684833010623983e+01
1.229561724332197947e+01
1.456408112797611665e+01
1.676522831256945523e+01
1.691480721545411825e+01
1.556919850687778606e+01
1.441072099176899357e+01
1.584306983292712268e+01
1.655497686117841738e+01
1.695777360454444604e+01
1.755806215547598015e+01
1.761531765619476886e+01
1.657859137909290226e+01
1.619375102730058202e+01
1.742848929012831860e+01
1.812227483850689680e+01
1.880595547986726146e+01
1.867784259463319074e+01
1.883095830672686333e+01
1.859324238381350369e+01
1.814934803885684644e+01
1.731576322997861084e+01
1.855536983817280472e+01
1.833046044893579207e+01
1.545714168704006042e+01
1.512205567707329834e+01
1.459189433092918442e+01
1.187378416201416620e+01
1.039043238910428535e+01
1.013425257760402864e+01
1.058635251351041973e+01
1.062222334000228763e+01
1.031323072684349462e+01
1.347757903806960833e+01
1.729219141039287422e+01
1.851523605008598139e+01
1.845473617266058852e+01
1.852200685732641361e+01
1.883683526688350440e+01
1.816858070517184132e+01
1.884740113227660885e+01
1.870127179249615779e+01
1.848228760028364448e+01
1.770345237272091055e+01
1.806369723938266603e+01
1.844496418233150692e+01
1.784066935874878368e+01
1.692840015112340168e+01
1.790478568519282732e+01
1.839045703236626750e+01
1.775720091742281426e+01
1.723771606840917059e+01
1.768176395623052244e+01
1.834177774415845974e+01
1.703503077443219027e+01
1.463218023048372984e+01
1.452942849404545278e+01
1.591537181207910834e+01
1.648776359035926475e+01
1.663049867629871770e+01
1.758409800770058595e+01
1.768208879618254059e+01
1.643242849263928917e+01
1.749855877635869916e+01
1.871407712090794462e+01
1.822623045111711448e+01
1.770330453381788161e+01
1.778725629057641555e+01
1.732348053592607329e+01
1.762078703462227125e+01
1.707219979541549293e+01
1.765536366016222303e+01
1.774094063649502218e+01
1.786868918635581238e+01
1.699229110891383243e+01
1.377635054773994128e+01
1.367905633525986531e+01
1.564111967277241888e+01
1.536980574294441659e+01
1.428068453092820711e+01
1.535360171922898154e+01
1.638048257582726208e+01
1.512463038528200521e+01
1.309367802563094507e+01
1.491162806509616523e+01
1.625660786034360683e+01
1.508960346233116212e+01
1.396880849308421091e+01
1.611307611581603183e+01
1.582793912421626636e+01
1.438600666949522733e+01
1.524523546714729427e+01
1.440733792973872696e+01
1.275086958066098930e+01
1.441721121394913752e+01
1.601892908754997435e+01
1.693597259394277543e+01
1.578577338075380432e+01
1.377220275783306569e+01
1.386777178586150150e+01
1.471206375398505628e+01
1.615557186987354044e+01
1.781844265881935030e+01
1.812851216190616910e+01
1.847729079882317649e+01
1.888024451532940162e+01
1.888127040383922761e+01
1.848333987531453459e+01
1.793624243972335819e+01
1.792882005009833790e+01
1.721499510205555339e+01
1.625925343957924696e+01
1.783322522874618699e+01
1.824852127857249329e+01
1.761064168083934689e+01
1.697297026145180965e+01
1.778999137796233398e+01
1.780051163350685428e+01
1.725263236000565215e+01
1.591822593388966744e+01
1.533561289519881932e+01
1.725107086723044247e+01
1.804644459113935184e+01
1.748862972172053176e+01
1.565595385402900419e+01
1.358302015323903156e+01
1.144815941112335445e+01
1.128998764763870888e+01
1.251498184451308049e+01
1.186832558529306070e+01
1.290853037897487710e+01
1.525812940513781513e+01
1.383305769101439253e+01
1.324417113586971340e+01
1.563803542107382327e+01
1.612848497558506722e+01
1.613243432641933595e+01
1.540655463491408028e+01
1.632288526068798618e+01
1.778816758440834533e+01
1.827486664841685737e+01
1.797649036084223084e+01
1.679210019401027409e+01
1.614188326631884607e+01
1.588682171009771515e+01
1.541067973747019160e+01
1.481408227366913621e+01
1.357866712240333129e+01
1.522815653101797118e+01
1.569865903924691608e+01
1.462572477489396938e+01
1.349971574985395861e+01
1.454923616320017210e+01
1.676963585824383784e+01
1.669956300450192899e+01
1.653072424741187518e+01
1.647559358315937317e+01
1.678651593842298340e+01
1.646846961053276814e+01
1.490172248601060190e+01
1.431155708209820432e+01
1.261112276039727043e+01
1.492022269891928588e+01
1.575467085302931380e+01
1.283626517919186583e+01
1.089383136759061266e+01
1.112155378847692866e+01
1.097622363492227215e+01
1.175829975945676509e+01
1.321627238145602234e+01
1.061508143508667246e+01
7.259603257628731043e+00
9.933750090785716580e+00
1.303260468448969789e+01
1.348776238571564257e+01
1.410431323221595257e+01
1.592425887886814451e+01
1.628604985921037596e+01
1.611292450428754464e+01
1.527985224816855947e+01
1.393964509954298947e+01
1.589470974252793134e+01
1.502805219119050051e+01
1.249831092863318283e+01
1.445372797959600319e+01
1.581223137476119689e+01
1.444796898334038815e+01
1.196263839104857141e+01
1.284067335924516406e+01
1.336688184424689751e+01
1.372754381351118980e+01
1.548379102948542041e+01
1.620338542637611923e+01
1.587846541063258066e+01
1.507754712269367126e+01
1.428873411892636192e+01
1.425810510942798714e+01
1.438502383621672287e+01
1.489981342638986384e+01
1.393994291590241730e+01
1.165864698635081531e+01
1.362011608042915256e+01
1.506496560495014059e+01
1.439497618574280402e+01
1.587532211530679938e+01
1.594468319569339876e+01
1.539320357953769580e+01
1.601558990524561921e+01
1.607140301121603088e+01
1.568725019534943321e+01
1.508912922403199808e+01
1.371197156522568861e+01
1.527503214271804666e+01
1.651428731712609732e+01
1.578274043872837495e+01
1.503472847673844370e+01
1.402868869758683168e+01
1.324377436580662071e+01
1.336021948444117413e+01
1.355562393670614618e+01
1.457316866263759358e+01
1.438746578725683634e+01
1.321674378232207481e+01
1.362229347410444014e+01
1.112428555663529295e+01
9.346154851727851209e+00
8.552264223918824015e+00
7.789744770756036552e+00
9.513879091500264451e+00
7.731401834137813900e+00
8.047052177270412443e+00
1.142858305146246956e+01
1.277817104406262061e+01
1.469582354468190744e+01
1.612569123929323922e+01
1.713802468622953157e+01
1.686005571446361984e+01
1.420658464447804015e+01
1.503636957297860732e+01
1.644217724282956539e+01
1.519820100040098687e+01
1.520549377317311546e+01
1.530646133515417340e+01
1.443627775011115588e+01
1.394515632099294322e+01
1.279530029876831065e+01
1.261014503903692230e+01
1.445889388033029022e+01
1.367484037473217384e+01
1.187310720201480763e+01
1.275661342763839379e+01
1.237141455955196889e+01
1.170716851291634342e+01
1.219195383163716784e+01
1.292517648027276067e+01
1.280400919069406029e+01
1.417187317224441934e+01
1.401591998005244122e+01
1.230295643684125295e+01
1.329071904419879857e+01
1.491150480854277127e+01
1.384531939411402135e+01
1.360622367027946744e+01
1.357469162089336301e+01
1.240046560149565558e+01
1.058380670143776392e+01
8.691537483915846352e+00
1.063295918513581029e+01
1.163394071510009553e+01
9.775205148534626076e+00
8.545490143782009440e+00
9.728401391919804908e+00
1.150155611771783981e+01
1.201127492897534133e+01
1.176104077094871414e+01
1.205016371153163846e+01
1.089869718322410108e+01
9.298903599683496779e+00
9.623796028566014016e+00
8.736870855904513178e+00
7.130832409832594365e+00
7.192545102748170827e+00
8.638263661290565665e+00
1.021904824530367506e+01
1.033115083269912837e+01
9.385832414378741717e+00
9.661517181256035869e+00
1.034846743654691004e+01
1.075118323321652092e+01
1.130034871719744061e+01
1.274103757912620694e+01
1.413825054632551215e+01
1.333185814267285885e+01
1.232014425152718573e+01
1.109557448473020358e+01
9.673728211668837673e+00
1.091364711324993131e+01
1.225940073495218030e+01
1.285642851571597056e+01
1.299022127419527450e+01
1.142865320370150961e+01
1.147171673937788405e+01
1.182563017494085855e+01
9.636062520332167480e+00
7.438975426992384676e+00
7.129249274749059673e+00
7.055586967595299797e+00
7.005265764835614029e+00
8.839056353657902321e+00
7.926388185519501306e+00
4.693371781946410692e+00
5.672208562272497367e+00
7.251085637174263354e+00
7.909304648519160708e+00
1.027003086122287456e+01
1.090246521279525460e+01
1.051762862322193470e+01
1.089246619500997149e+01
1.212302765324413123e+01
1.149773816397343218e+01
1.087200075045489989e+01
1.290218038223555297e+01
1.368829440469047043e+01
1.353508404088250039e+01
1.097532413028654474e+01
8.775761529785429005e+00
1.076186829223875385e+01
1.029915342565708514e+01
9.432245616229385732e+00
1.017831072346681509e+01
1.020495464428878662e+01
9.570765627683098131e+00
9.047005852548645422e+00
8.878261322310398995e+00
9.451285580285999188e+00
8.740462532120469419e+00
8.284964544411097975e+00
8.344476085593717229e+00
9.341115872567506528e+00
8.953299090073448596e+00
8.068032362191704721e+00
8.524334511875663267e+00
8.213484435810624262e+00
8.950562035512316328e+00
1.065036421853313975e+01
1.109611249004377065e+01
1.069811590631051423e+01
1.088014128524224944e+01
1.125733534551093307e+01
1.022884595652402240e+01
8.874756168190172545e+00
1.039571851280796011e+01
1.104439669016568359e+01
1.064217474304894218e+01
1.113333019370847410e+01
1.292262785895075439e+01
1.350166027710838001e+01
1.353514404253358450e+01
1.439320904939253332e+01
1.361085069053379115e+01
1.324927114808642870e+01
1.308395515606157566e+01
1.254228303745871465e+01
1.360507184466703379e+01
1.388745118117302191e+01
1.283652946665795369e+01
1.175701213526212108e+01
1.085984406314530304e+01
1.160064870117579794e+01
1.357470573083844734e+01
1.494094861120298745e+01
1.477263685528032688e+01
1.302044969614381564e+01
1.073968127250305749e+01
9.003745864271300192e+00
8.499008145195567465e+00
1.175222686747004808e+01
1.138776079154525434e+01
8.734926378484983545e+00
1.017588988284620299e+01
9.633249837322724218e+00
1.062249195622829490e+01
1.216241223881925748e+01
1.185124710390489255e+01
1.221481351347284061e+01
1.175654685675199929e+01
1.148929157180929650e+01
1.108724757034760877e+01
9.675619374086821267e+00
