6.470665775920301233e-01
6.470665775920301233e-01
6.470665775920301233e-01
6.470665775920301233e-01
6.470665775920301233e-01
6.470665775920301233e-01
6.470665775920301233e-01
6.470665775920301233e-01
-1.166150387684028367e+01
-1.087764941453391820e+01
-1.021332735902487698e+01
-9.618019432683157177e+00
-8.883661980795396929e+00
-8.350356697275207907e+00
-8.026350031667977447e+00
-8.278622525028589862e+00
-8.370484124112520519e+00
-8.829371509499324588e+00
-8.270910184808833776e+00
-7.504215894552079824e+00
-6.454640821669674899e+00
-4.935700976448353927e+00
-4.608363467538315383e+00
-5.100558944628826197e+00
-6.205589991651772941e+00
-6.404424161734009857e+00
-5.909179829988523203e+00
-5.142771651680413392e+00
-3.949752313308592555e+00
-2.429090941102559853e+00
-2.577560084598714774e+00
-3.715518092689405361e+00
-4.377195020408513493e+00
-5.609878186950384205e+00
-7.645273460100162843e+00
-8.598157679672388198e+00
-8.679571545445847747e+00
-8.267984860586178542e+00
-8.299281716551453414e+00
-8.591353867886615703e+00
-7.637699834367301932e+00
-6.682218142615228729e+00
-6.696556312897208763e+00
-5.911061340271504427e+00
-3.858020450730455408e+00
-2.875752063717977425e+00
-4.144981463810178290e+00
-7.306709426735073620e+00
-9.441793604689435071e+00
-9.785683209350537481e+00
-1.048335116672836875e+01
-1.102656841074339233e+01
-1.043379085143579310e+01
-1.022822536577842989e+01
-1.096592581273915101e+01
-1.122045348802266496e+01
-1.130854284938333443e+01
-1.103394105546149184e+01
-9.558818138014622434e+00
-8.997329647876464165e+00
-9.240507092530220845e+00
-9.369160559777141017e+00
-8.195285263300677414e+00
-5.974909348000617904e+00
-4.781864917798739789e+00
-3.885102308221139111e+00
-2.321768620050229437e+00
-1.900636494679833977e+00
-2.512120147753133637e+00
-2.630910900828677512e+00
-2.748884882075064429e+00
-3.652681088967807632e+00
-5.695253994710284040e+00
-7.372022698650451566e+00
-8.735009844592910966e+00
-9.420243425432934359e+00
-9.059577961331974905e+00
-8.242082609812625194e+00
6.470665775920301233e-01
6.470665775920301233e-01
6.470665775920301233e-01
6.470665775920301233e-01
6.470665775920301233e-01
6.470665775920301233e-01
6.470665775920301233e-01
6.470665775920301233e-01
6.470665775920301233e-01
6.470665775920301233e-01
6.470665775920301233e-01
6.470665775920301233e-01
6.470665775920292351e-01
6.470665775920292351e-01
6.470665775920302343e-01
6.470665775920301233e-01
6.470665775920301233e-01
6.470665775920301233e-01
6.470665775920301233e-01
6.470665775920301233e-01
-6.011187963995426209e+00
-3.334481284533027612e+00
-2.196920587217932042e+00
-6.668074888947015388e-01
1.285065352013417872e+00
2.590169880476195785e-01
9.924825991929434599e-01
1.707900648743004846e+00
-2.270695567479980692e+00
-5.094651757904625988e+00
-3.465925215604485299e+00
-3.058404514165266264e+00
-4.139809608294452659e+00
-2.276983344307338619e+00
-1.714356413607254437e+00
-1.633458441987587495e+00
2.453801110546167258e-02
-1.143061878472407145e+00
-2.802074524872481653e+00
6.470665775920301233e-01
-1.847464606156160594e+00
-2.619197974905736359e+00
-4.042269384853882208e+00
-3.929438495898217809e+00
-6.005519501190922149e+00
-8.438645212209971547e+00
-9.140251910259674872e+00
-8.516275713693344684e+00
-7.038967251638945655e+00
-5.492943960155735716e+00
-3.719018904427272787e+00
-1.661479442775652737e+00
-8.636295315507691583e-02
7.630726874517349545e-01
9.984213969817766487e-02
-3.458928987547902345e-01
-6.675488519050456482e-01
-2.602028159716743616e+00
-4.392818724944868691e+00
-5.963763530012165859e+00
-7.401654271851429989e+00
-7.947072572879666730e+00
-7.492686593538894435e+00
-6.601902518670112130e+00
-5.642981934911557751e+00
-5.794662366908508666e+00
-7.651637669059105029e+00
-7.334706276191081287e+00
-6.489769919165554235e+00
-8.722782703166078733e+00
-1.174320270122102094e+01
-1.218932298503799849e+01
-1.013914411259207426e+01
-8.160768120217360533e+00
-9.780894496447741560e+00
-9.769011269571789668e+00
-5.351312614888774633e+00
-1.846281082250152306e+00
-2.219043670767766763e+00
-3.585753263530424562e+00
-4.556745434161253883e+00
-5.696201712332313427e+00
-4.889630259404458279e+00
-3.746259778042091870e+00
-6.368288359772390272e+00
-7.548833595958109655e+00
-5.809908695984710825e+00
-2.760129150561328792e+00
-5.983023995224778790e-01
1.505678632775492076e+00
3.328649499255876609e+00
1.767285366093968024e+00
-3.607618034763752646e-01
-2.459448751287226731e+00
-4.865612502620908053e+00
-5.790194529852629834e+00
-3.961636815394129041e+00
-2.876953175478152769e+00
-5.660792380029415760e+00
-7.539874831580736902e+00
-5.866648958934769453e+00
-4.078806295685899919e+00
-4.041020057863069503e+00
-5.023012894419376373e+00
-3.928497738578864418e+00
-1.444690137750370695e+00
-8.064509617643678130e-01
-1.121739617361376062e+00
-1.139995815424716730e+00
-1.379445302157763287e+00
-4.558519436071289732e+00
-6.373167793796866931e+00
-7.360861444343582249e+00
-8.487077066809222359e+00
-8.139861585234585917e+00
-7.399343353360730013e+00
-6.123856729295495960e+00
-4.482318468539388867e+00
-3.705884929493669766e+00
-4.649864310003072987e+00
-4.525694464787803462e+00
-1.962187431052090369e+00
-5.277700722035176817e+00
-4.298628991166101976e+00
-1.444842459133076407e+00
-5.602171531939423410e+00
-7.135282520538644313e+00
-6.135884378050618260e+00
-5.613227666046147313e+00
-6.248643899841488825e+00
-6.136016872721438808e+00
-7.227797034598190784e+00
-6.412807722550680545e+00
-4.261730523665459458e+00
-6.497868010293920804e+00
-8.099928718027143759e+00
-8.402121699853280390e+00
-6.540616556154842165e+00
-1.721203395571251793e+00
-3.533391117953534000e+00
-6.207013424018273717e+00
-3.466264072641046301e+00
-2.015730572592643988e+00
-3.659479617198096779e+00
-5.166310223210228258e+00
-5.390791036010768700e+00
-3.527484176980075770e+00
-1.864683075790436462e-01
1.154699578696798623e+00
-3.050657458907841679e-01
-3.126066576475837966e+00
-2.298640717532168143e+00
-8.506438317621448086e-03
2.862443973462689861e+00
2.367501555281329217e+00
1.002713395739818658e+00
1.702605736608698628e+00
-2.664350791079693193e-01
-3.707563276068016833e+00
-4.255332083116537767e+00
-3.976877679117993836e+00
-4.099324381491292080e+00
-3.434768717838185825e+00
-4.363934066586107718e+00
-6.834529738549652400e+00
-8.496822634838085975e+00
-8.206816391169367009e+00
-8.642187964923159882e+00
-7.675807446756031105e+00
-3.804179793081324146e+00
-3.350880117908960010e+00
-5.090651677915993822e+00
-4.746682369109326061e+00
-3.040016807559537071e+00
-6.732698942592834079e-01
4.736962265232087521e-01
-1.756646667111619653e+00
-4.856698696818440020e+00
-8.393564005533065142e+00
-9.833903601319121890e+00
-9.056539426150180816e+00
-8.037125773974617360e+00
-7.418266694489135560e+00
-8.187834494982629607e+00
-1.011208110114080050e+01
-1.081491774999327049e+01
-9.633820764551579430e+00
-7.429804876501363786e+00
-4.969849225498610856e+00
-3.569717979011188369e+00
-2.802636044456125575e+00
-4.809010167125472357e+00
-5.477079544752109008e+00
-2.723942286237629684e+00
4.218472569834951780e-01
1.144823607434827029e+00
-1.145411972077899243e+00
-1.940658756884101610e+00
-8.509808904800844065e-01
-9.229373184556963761e-01
-1.945723667872301110e+00
-4.586547267699370600e+00
-7.160643457710408555e+00
-7.980940451893418164e+00
-7.357351988269573262e+00
-5.012972422116463100e+00
-2.660947395252660996e+00
-1.838235237286772461e-01
4.770793793540826222e+00
6.853143407979509938e+00
7.901917569030811883e+00
8.440882138208788632e+00
6.918885316669171281e+00
5.656656473973499466e+00
4.604292936990086460e+00
4.072898246014339918e+00
2.506083773412167925e+00
-9.549205216672557173e-02
-4.643082562437062522e-01
4.543635392961082320e-01
1.393563790898878496e+00
-1.104452483972323984e+00
-4.909441407523945422e+00
-5.060189279543595653e+00
-1.685485672140147440e+00
1.081211003974030582e+00
6.470665775920301233e-01
6.470665775920301233e-01
6.470665775920301233e-01
6.470665775920292351e-01
6.470665775920292351e-01
6.470665775920302343e-01
6.470665775920301233e-01
6.470665775920301233e-01
6.470665775920301233e-01
6.470665775920301233e-01
-6.128506738116692443e-01
-4.054118837086125637e+00
-5.046573905409315941e+00
-3.499731647338342633e+00
-1.326227585153383348e+00
6.511446879385457409e-01
2.699244634511970276e+00
1.685064051727777956e+00
-4.530357570616906360e-01
-1.981652655767701443e+00
-3.172703150997475241e+00
-2.084801543026151727e+00
-2.868594284898140501e+00
-4.527503684189867705e+00
-5.474458657060560896e+00
-6.927879384199241208e+00
-8.156482089645592737e+00
-8.317409971052628137e+00
-6.612931080630876757e+00
-5.412401499537738303e+00
-6.607603268678201580e+00
-8.534162437309250393e+00
-8.258546145537200900e+00
-6.483343021650299853e+00
-6.571063091103281018e+00
-7.470284374910403535e+00
-7.126869351767660454e+00
-7.432550635228320601e+00
-7.978913287801914223e+00
-6.911286009632232386e+00
-4.483304299790487057e+00
1.536005098352641873e-01
3.427042300586489176e+00
4.275768741898224867e+00
2.201867628436053437e+00
-3.089851349067189168e-01
-3.537310651852864501e-02
1.064473230082714217e+00
6.508786392527774467e-01
-1.494056436698987023e+00
-1.884540164968811604e+00
-1.571555298556715385e+00
-8.148666196163443232e-01
-2.998166239493925023e+00
-6.031235073486714171e+00
-6.345756470254877435e+00
-5.238326390846808955e+00
-2.714099100956699040e+00
-7.484322454125856838e-01
-2.143605927994262084e-01
-6.049449886925187814e-01
-5.016685138051872883e-01
-1.439834836718884237e+00
-2.200157996563039120e+00
-1.026883338719579930e+00
3.709868346728873445e-01
2.649291323260434705e+00
5.165254933479163313e+00
4.752579196035312314e+00
2.843947013336185492e+00
2.074896042752350400e+00
2.278226487586072491e+00
-7.148763259907238155e-01
-1.834438905226718486e+00
-1.516416145712400354e+00
-3.158331807274575631e+00
-5.106157193060750110e+00
-7.124521551409353393e+00
-7.323337648217907336e+00
-5.532652470152886970e+00
-2.006195955399157071e+00
1.496082412393260785e+00
1.779740692515315637e+00
7.005154672282162265e-01
1.277508514409827267e+00
1.301888818924123337e+00
-1.274650638251013657e+00
-4.219678194301724083e+00
-4.367085534343002173e+00
-3.184427066146119145e+00
-3.609053033021833556e+00
-3.997103963661833070e+00
-4.728604743353928441e+00
-6.769366607506992928e+00
-5.981422359203437900e+00
-2.417212202274022115e+00
-1.521968027660368428e+00
-4.170979725344085232e+00
-5.850907081390883668e+00
-4.929027288988062416e+00
-1.497030496573718450e+00
1.202775253771044994e+00
-1.323588584857445516e-01
9.881934254299700182e-01
1.418208793217827335e+00
1.475674500012961854e+00
2.638840824187208334e+00
3.576253867887812188e+00
3.147376279789375175e+00
1.670012573108274889e+00
1.987928582461143012e+00
1.138744551597328902e+00
-1.132417717585448624e+00
-1.415510979133273839e+00
-4.901969871794531475e-01
-1.408531651093279491e+00
-2.792320459519161080e+00
-1.727293216665718223e+00
1.980605391470275478e+00
1.529085189046843762e+00
-3.515183659383062320e+00
-6.270539901127253124e+00
-8.355596375597832193e+00
-9.643830510684427537e+00
-9.797449942360408670e+00
-1.076515291010390563e+01
-1.194177182075515020e+01
-1.231315886504056856e+01
-1.202178828940286870e+01
-1.095667200245015671e+01
-9.392791143575582424e+00
-9.811485121894431671e+00
-1.187263806136134647e+01
-1.215930888989361236e+01
-1.096412710132903889e+01
-9.866541104099455950e+00
-1.065646682694793412e+01
-1.102960704807629178e+01
-9.858195341012862656e+00
-8.443746679474989136e+00
-7.745475171153128890e+00
-8.325902983154774617e+00
-8.410601530723067043e+00
-6.037620442791192588e+00
-5.576861163696428925e+00
-6.636190506758389951e+00
-7.757232076911571461e+00
-9.230375776334438953e+00
-1.064689090856622222e+01
-1.098668278786666797e+01
-1.061177186339279643e+01
-1.012870917284014993e+01
-8.779526832530795133e+00
-7.350098349800623154e+00
-6.549433827461976776e+00
-4.810198618947921112e+00
-2.650489099970810614e+00
-4.538730380763609240e+00
-5.283715105117379629e+00
-4.551451198661552233e+00
-6.618062534140648268e+00
-7.308988430677535675e+00
-4.569747271065538463e+00
-3.282358419387789272e+00
-4.897429140393763092e+00
-6.678123766879585865e+00
-8.079132307142078417e+00
-9.263277931689531286e+00
-9.104059462221814059e+00
-7.923212790602197408e+00
-4.485754013841662946e+00
-3.176781942612188381e+00
-1.555977102004107326e+00
4.637347240130459958e-01
1.121257202517201401e+00
3.495504159746129491e-01
1.758763852757224133e-01
3.672281564601931336e+00
6.677093709189212412e+00
3.668824010266158453e+00
-2.057146572545852869e+00
-3.890206430903656809e+00
-5.840100217311596786e+00
-7.539427751716471171e+00
-7.364285453556751904e+00
-7.264050285598169232e+00
-7.736437234997152856e+00
-8.735976567127663017e+00
-8.762964652107470442e+00
-8.796874470637073173e+00
-1.005516581580023150e+01
-1.140258223461914966e+01
-1.218589144386536383e+01
-1.211741341398135496e+01
-1.149659008626695922e+01
-1.101029159809628588e+01
-1.082311439530448638e+01
-1.079423578250838567e+01
-1.145179284240560769e+01
-1.183629399743879951e+01
-1.214353133670770468e+01
-1.183260080874863185e+01
-1.116223267941088260e+01
-1.037946798948859239e+01
-9.284322859834672315e+00
-9.141380508464729715e+00
-8.286544966236581544e+00
-7.207348529341834897e+00
-6.120019588065070515e+00
-6.190388087585660948e+00
-8.186832391738134262e+00
-8.692958317531983781e+00
-8.599186345990535330e+00
-9.367974861070544890e+00
-8.642413821197648005e+00
-7.306991363197362865e+00
-6.313272896230383679e+00
-5.068310304758110618e+00
-5.872301356915225590e+00
-7.189201216415358253e+00
-7.429389898602241082e+00
-6.914569033593032543e+00
-7.336489251455668104e+00
-8.911003661531779585e+00
-1.007954131994843117e+01
-1.066032877379810451e+01
-1.121320803003728095e+01
-1.096217930806883878e+01
-1.000986584753902697e+01
-9.278767458597815931e+00
-8.230897932032148034e+00
-6.117368729215731271e+00
-4.948682769957474470e+00
-6.145056230359000615e+00
-6.963675131493933357e+00
-5.862244947758244784e+00
-3.153463890993186247e+00
-5.697073755629923575e+00
-7.395564121734138574e+00
-7.253925153955210980e+00
-8.525112737528720785e+00
-1.019118829046598940e+01
-1.150070434794537100e+01
-1.176829787271845618e+01
-1.186534408604981827e+01
-1.202747416691706484e+01
-1.163702098123487971e+01
-1.142620556313763025e+01
-1.068876562389115925e+01
-1.007236938304826346e+01
-8.592065384953942342e+00
-8.354896735653047912e+00
-7.932881134129531553e+00
-7.408749688242968645e+00
-8.131181463191444081e+00
-7.638091440985118830e+00
-6.016542352135702210e+00
-3.842651158632541364e+00
-3.088964657038642869e+00
-5.447419372883819833e+00
-8.444738184244160450e+00
-9.837440399699438842e+00
-1.065293682536280429e+01
-1.128124284557184076e+01
-1.184028107369722704e+01
-1.147254279591036941e+01
-1.101277579821511488e+01
-1.094110408211574992e+01
-1.032631682849646104e+01
-1.063449327708265102e+01
-1.087441381287101727e+01
-1.138786182017050308e+01
-1.165713864794573951e+01
-1.162199178882338657e+01
-1.175212375475715199e+01
-1.207628718868819995e+01
-1.217225024864980121e+01
-1.148078954615666269e+01
-1.044783404229783841e+01
-1.029148213810125334e+01
-1.112019519858157501e+01
-1.135430311599011155e+01
-1.083351303148088896e+01
-9.163749697081646772e+00
-7.819342425888412329e+00
-7.342738990333187665e+00
-6.819431430918895032e+00
-7.259549094188368024e+00
-8.245469396658945627e+00
-9.456271113441841791e+00
-1.109787122846765151e+01
-1.140808233684508188e+01
-1.106780000903604844e+01
-1.080458594842800224e+01
-1.134099095811012425e+01
-1.173045118216074023e+01
-1.217201786876089642e+01
-1.218153499995377409e+01
-1.196170093546227875e+01
-1.172832300443292297e+01
-1.195301288419397068e+01
-1.213668249764260842e+01
-1.189579081836903285e+01
-1.086861613931031023e+01
-1.013689637406674571e+01
-9.570217310579415937e+00
-9.599112769350654162e+00
-9.316742669012242573e+00
-8.128211757954739269e+00
-8.823544351943459318e+00
-1.040727028865405046e+01
-1.157795856690192338e+01
-1.182561464282562724e+01
-1.202115340978741465e+01
-1.191687736148989529e+01
-1.122126284018724895e+01
-1.112516559894459078e+01
-1.151988104590037842e+01
-1.153906336190072679e+01
-1.173469044376672166e+01
-1.194291205883010498e+01
-1.178800596756843433e+01
-1.175238154902754140e+01
-1.113568537640040113e+01
-1.124133448608329822e+01
-1.104109828311299957e+01
-1.064751356079477418e+01
-9.861951712635555367e+00
-8.806642917039013696e+00
-8.941234202405679454e+00
-1.075347434386218204e+01
-1.176383368100917615e+01
-1.217559507422532761e+01
-1.200824769065139996e+01
-1.141240774381861378e+01
-1.100801470515012426e+01
-1.056102604434247283e+01
-9.791252587432618171e+00
-9.783370601170288339e+00
-1.116479017381833572e+01
-1.112189610595042133e+01
-9.729073987000379731e+00
-9.081659343998087053e+00
-9.245350474453760015e+00
-8.233417267191098787e+00
-6.148219058774297530e+00
-5.660087690585384301e+00
-7.737410412211816357e+00
-9.475430267054255395e+00
-9.878916057864099542e+00
-1.143908231320646784e+01
-1.147967557450991727e+01
-1.049305274459947235e+01
-9.892636745115087393e+00
-9.420030191305125200e+00
-9.789356977079849642e+00
-1.111311470627475018e+01
-1.051700520631792557e+01
-8.540336997959450116e+00
-7.225397690459522515e+00
-7.957804685424178182e+00
-8.925956359365965653e+00
-9.115933990637039130e+00
-9.904359066406643208e+00
-1.062634904316957041e+01
-1.112107151788167947e+01
-1.071339354699997770e+01
-9.659439230689622846e+00
-7.994097272035052271e+00
-7.263294417745146170e+00
-8.836493784903501236e+00
-9.236941473071073716e+00
-9.114276670256415969e+00
-1.005551171033293478e+01
-1.100566395504966977e+01
-1.139825420759431296e+01
-1.189361349381949573e+01
-1.214744007025798389e+01
-1.198628904623180702e+01
-1.184223533467286238e+01
-1.135744133522233135e+01
-1.049993874399559424e+01
-9.463788725575954075e+00
-7.441585053636999625e+00
-7.061105266963917160e+00
-7.180895121122983227e+00
-8.404035133243064948e+00
-8.779074242035036946e+00
-9.496731433881693718e+00
-1.046631894035009047e+01
-1.078722901625486763e+01
-1.014140766535737015e+01
-8.879600986918200434e+00
-7.841023127078472932e+00
-8.093889664448768784e+00
-1.015447915952978697e+01
-1.089436951011698618e+01
-1.066649052657859897e+01
-9.102941710521909258e+00
-7.844184835358352537e+00
-9.726288246382859271e+00
-1.131415198553894363e+01
-1.165953480360941263e+01
-1.060021127685942588e+01
-1.066321560369352106e+01
-1.136680128528566058e+01
-1.060270006044703628e+01
-9.734144643066843017e+00
-8.929382457115144334e+00
-8.109802008940178553e+00
-7.038771728630853097e+00
-7.955172898387846026e+00
-9.766975223212149615e+00
-1.008353521134561959e+01
-9.827171905266512297e+00
-1.016489683889068552e+01
-1.092066267728248441e+01
-1.137289991962193803e+01
-1.116658077533082150e+01
-1.089623367923423380e+01
-1.040278516068528702e+01
-8.833651090163966657e+00
-7.982600118724479721e+00
-7.914102593077177339e+00
-8.539101300859577748e+00
-9.940798815697524660e+00
-1.101572564399324961e+01
-1.152162224696201953e+01
-1.082824475257231356e+01
-1.028065637058826987e+01
-1.035365642329892388e+01
-1.072592107268656392e+01
-1.149930200097743160e+01
-1.150478977274659975e+01
-1.080333808790254047e+01
-1.152113631172798414e+01
-1.199569143395978976e+01
-1.187940237300089841e+01
-1.159794784219080732e+01
-1.148724197670016700e+01
-1.161996024626671442e+01
-1.171111260361532835e+01
-1.168867200656845107e+01
-1.090546754349552749e+01
-9.157669942466620583e+00
-8.431256284771011522e+00
-7.686029565014682596e+00
-7.246929559179091207e+00
-6.787893560826867123e+00
-7.615915398705868533e+00
-8.812478186959976867e+00
-9.641415927559721766e+00
-1.045917304490710542e+01
-1.156436239833066715e+01
-1.189534414009792584e+01
-1.164624553288945030e+01
-1.150544051799275991e+01
-1.175588338165711555e+01
-1.217483170889819277e+01
-1.213999053373347081e+01
-1.195608081997754368e+01
-1.154825078438636687e+01
-1.099644699790682267e+01
-9.868222298870740872e+00
-7.947385430734867917e+00
-6.915743893965951017e+00
-6.850235694375059303e+00
-5.917417217677246377e+00
-4.901713021341469023e+00
-7.287500813534181887e+00
-1.077789985835419451e+01
-1.215436037941670122e+01
-1.233284799946273580e+01
-1.251644433573319226e+01
-1.206884326289275577e+01
-1.200359213085465804e+01
-1.219041720474502277e+01
-1.206810954873976449e+01
-1.150973596309420977e+01
-1.151553563647241596e+01
-1.146657674489591727e+01
-1.123052258899432942e+01
-1.034101499521258738e+01
-8.940674754340493635e+00
-7.142334947537631429e+00
-6.069067020908931909e+00
-6.202351253663923814e+00
-7.043121904457861682e+00
-8.606040532203442339e+00
-1.000883825753084544e+01
-1.121126203577162883e+01
-1.173968948261576095e+01
-1.143987338153796962e+01
-1.113482173336345760e+01
-1.131111061316331678e+01
-1.191215623146652725e+01
-1.224005656011367549e+01
-1.241022142929699434e+01
-1.246438213750134061e+01
-1.236127082770492791e+01
-1.209349469189781168e+01
-1.195085675651920987e+01
-1.154478204109816808e+01
-1.011992590461816910e+01
-8.452962432766481626e+00
-6.477233546139544274e+00
-6.445427704605156904e+00
-7.236479862375602146e+00
-6.737909591765686379e+00
-5.648034847359978627e+00
-5.976033217598987868e+00
-6.070283481548081284e+00
-7.004401254813131139e+00
-8.582531786353502667e+00
-9.614579596692015784e+00
-1.031207367465358438e+01
-1.033365906046249627e+01
-9.301553365459252376e+00
-6.993983902824223442e+00
-6.007800256672072514e+00
-7.802201990204694404e+00
-8.436407068474089499e+00
-6.274006633661687538e+00
-5.642651854916331366e+00
-7.393688567444154813e+00
-8.239872777554509753e+00
-7.752781020944856216e+00
-9.137037499386314821e+00
-8.327936683007807872e+00
-5.639797290609894986e+00
-5.078283868879365670e+00
-4.278969607241053907e+00
-4.358941790520468373e+00
-4.533330650429829412e+00
-5.762303125175998630e+00
-5.131851123314553398e+00
-5.056768555283736255e+00
-7.748264158115776290e+00
-9.219101563336886684e+00
-8.339596060672279876e+00
-6.494035246391454130e+00
-4.063916416390830122e+00
-3.601653095862834775e+00
-5.177872324119285885e+00
-3.590989870264092332e+00
-1.827170547747940965e+00
-6.313042191628526201e-01
7.398934638980467771e-01
1.311744891323592954e+00
9.345315780467098321e-01
-2.177422069063093268e-01
-3.792106203546374843e+00
-5.679384450048995170e+00
-4.444429115732533297e+00
-2.977930054560685491e+00
-6.566196800695708324e-01
3.416374244369017599e-01
3.704760409532751875e-01
1.804380608093237415e+00
9.652781963345404836e-01
-5.378418689956058207e-01
-1.883752030923755871e+00
-2.466216105823826332e+00
-2.689184063829747728e+00
-2.686835857912454273e+00
-3.726969623022281297e+00
-5.087558161539043944e+00
-4.691715594851722848e+00
-2.960243900916364801e+00
8.360203440140712150e-02
-8.215093037107406015e-01
-5.456882348898850488e+00
-6.410319456383137826e+00
-5.601497886063662612e+00
-5.339768294268357529e+00
-3.473196827507167406e+00
-3.908351233700687821e+00
-5.016213553500182165e+00
-4.854071266693630093e+00
-6.120563848185497591e+00
-7.984106901768804221e+00
-9.244407434363999698e+00
-8.164062811004120235e+00
-7.721590400391172615e+00
-6.936872988550966568e+00
-5.982436202315136953e+00
-6.007383463710006311e+00
-4.481822183152503136e+00
-2.487946414973799314e+00
-2.193841124170938350e+00
-3.753098911696748807e+00
-4.946478018051772452e+00
-6.110077891234915626e+00
-5.060444997238533915e+00
-2.256882327051590753e+00
-3.538569258033960274e+00
-4.935036018784065170e+00
-4.188634617310593278e+00
-5.073377226538123175e+00
-6.218657570536741730e+00
-5.043373994203047772e+00
-3.785937084685811804e+00
-1.992137271125027365e+00
2.465590954642060129e-01
5.875189941411095296e-01
1.037131846171780891e+00
2.683940525573871860e-01
-1.026293084364062302e+00
-8.723660460161815067e-01
-1.904265342014352269e+00
-7.747201181485084964e-01
9.000130268994710470e-02
-3.584361377694484041e+00
-4.274905774038872508e+00
-2.921238411021900738e+00
-3.533973660151747964e+00
-4.996743328050038180e+00
-7.167198463979352674e+00
-7.255643177036943392e+00
-5.365964941963827783e+00
-3.996843658483928863e+00
-2.203662414238108269e+00
-2.135351441843456932e+00
-1.401238278326486508e+00
-1.984854946095361505e+00
-5.328070833445693211e+00
-6.847859574718834885e+00
-4.915512783723003487e+00
-2.597478906112112185e+00
-2.357934236929593474e+00
-2.729641720898480450e+00
-3.097750643190467112e+00
-4.450353448115128785e+00
-6.732996717903304784e+00
-8.191794862756548667e+00
-8.266258850340177489e+00
-6.052642741205260357e+00
-3.826081754897160181e+00
-5.038714963699340466e+00
-6.351794068842439245e+00
-5.589057328556071624e+00
-4.669847793244816359e+00
-4.611810148131731957e+00
-4.603318771738391213e+00
-5.864474343830845982e+00
-4.962728987634249300e+00
-2.098686122650687214e+00
-6.243370826581080557e-01
-1.166633550819540233e+00
-2.916362939836675938e+00
-4.544090313346550225e+00
-5.252970862050886147e+00
-5.185779393544060589e+00
-5.269999200610810064e+00
-6.841888806110380195e+00
-8.864946466457906737e+00
-9.748941261264958413e+00
-9.391100031230109835e+00
-8.847889977552311436e+00
-9.140823442981334424e+00
-8.358727131929667209e+00
-8.043797465815407222e+00
-8.166634184512941985e+00
-8.048582462517314795e+00
-7.448770064155463722e+00
-4.515153638907401401e+00
-3.085907843242855275e+00
-3.450511510799176396e+00
-3.026252372736937257e+00
-3.050653998374561748e+00
-2.048364816328136051e+00
3.549406455433458119e-01
1.870466911297584467e+00
1.843969258867926175e+00
9.294035057412739498e-01
9.621859870144602311e-01
-5.746703585871495296e-02
-2.720021206696238369e+00
-2.778040240453997001e+00
-4.533324857018133924e-01
1.583447765249492711e+00
1.714082779383356181e+00
2.036406731760466826e+00
3.354731879034270836e+00
4.413128763062252879e+00
6.726601071371314688e+00
8.863869234688772636e+00
9.357056543882841027e+00
6.788057748871268338e+00
3.173844322037803423e+00
2.930944929343880290e+00
2.809409318136817379e-01
-2.986437427169196912e+00
-3.266609563949072204e+00
-4.847177896751790449e+00
-5.049860515103878456e+00
-4.929153635218756158e+00
-5.741683085914734086e+00
-4.837813087821720259e+00
-3.960864535880038950e+00
-3.267843008487901546e+00
-3.132268756665861353e+00
-4.538290101791171871e+00
-5.567918907088795777e+00
-6.718852359908983551e+00
-8.997082024473986195e+00
-9.665910012936889117e+00
-8.950722087408090388e+00
-8.957277080451932605e+00
-8.012234969300093823e+00
-5.283844760499916582e+00
-3.286306995039519396e+00
-1.593929149193683337e+00
1.037650628012561249e+00
3.530251796872898584e+00
3.640299908605945767e+00
2.490533788893030120e+00
3.292902502270063536e+00
2.508889102006113703e+00
-3.657598779537061390e-03
-1.440419338901909541e+00
-1.829023281909297083e+00
-3.022730529093852425e+00
-4.503731094592206219e+00
-4.661354812001445858e+00
-6.418619103004157722e+00
-7.387018113364768546e+00
-8.028980906782203775e+00
-8.807634216937206162e+00
-8.746785102484057717e+00
-8.774306352155365474e+00
-9.026737633596178867e+00
-8.065843387486234306e+00
-6.634110886225081494e+00
-5.436340937045211597e+00
-2.855117829448272637e+00
-6.013618683348176397e-01
-3.483069452563231638e-01
-1.455873896666000755e+00
-3.478167486673203967e+00
-3.166488783237171312e+00
-4.902097840942393758e-01
2.856897916302714169e-01
1.012340097975213821e-01
2.648284062143496431e+00
5.391150192005353503e+00
5.420146650724367632e+00
4.187888336866746108e+00
1.377622485814690823e+00
-1.486808010113885192e+00
-1.897588877836787535e+00
-1.122373994010754661e+00
-3.901524243252531554e-01
1.713421350866830561e-01
7.355782273669872473e-02
-2.296528591992795132e+00
-5.628908764649717789e+00
-7.081489724704420397e+00
-7.715859914068674108e+00
-8.028719996791499725e+00
-7.820445789497450839e+00
-7.653229420338971245e+00
-8.250961430419838649e+00
-1.000371204360084043e+01
-1.112697127829041754e+01
-1.002159736207738838e+01
-6.830790228666324460e+00
-5.151530172015574394e+00
-2.845733097692314306e+00
-2.166810362154398817e+00
-1.406628215825100003e+00
7.917142405927328763e-01
4.379897795836009244e+00
6.829928434674135573e+00
5.625743806593384022e+00
4.548650725168372766e+00
3.458851113729659588e+00
2.425017187147735953e+00
3.662828297357545893e+00
5.548738170872750786e+00
5.200617793062086491e+00
3.034172942438590148e+00
8.699445614764111934e-01
-9.153057767857617488e-01
2.016370980246313394e-01
2.527109362834836226e+00
3.999628763900521911e+00
5.759884802559087191e+00
7.727380133986826216e+00
7.436837222270029635e+00
4.446133315313464784e+00
1.931393732780417816e+00
4.029581751269683543e-01
4.373448650488878653e-01
1.363504864604889288e+00
-4.117684706646103088e-01
-4.739478472296087652e+00
-6.923367773553821714e+00
-6.245714870736509106e+00
-3.138615264932286042e+00
1.685805437045144739e+00
4.573304784146391633e+00
3.078872647385082040e+00
4.437126947092042251e+00
5.763945802207124380e+00
3.363466121515036988e+00
2.710509805355049373e+00
1.716999393218056724e+00
-4.903786570607767126e-01
-8.851089451240528039e-01
-7.544186894799130849e-01
-1.120283569031419457e+00
-3.320681840556221620e-01
2.142089945406789653e+00
3.894873850930114845e+00
6.094196364406879951e+00
8.913732934554889908e+00
9.692388060367024494e+00
8.591926859369014124e+00
6.237663072116998997e+00
3.728396154312962452e+00
2.978382048545569205e+00
2.338999295098692421e+00
5.314125263925064679e-01
-1.956947018500336366e+00
-3.726092985151714387e+00
-5.601228903626290112e+00
-7.349301143388951907e+00
-7.957948184898550714e+00
-5.987785059756415507e+00
-2.649825978799655424e+00
-2.504697924422421007e-01
2.422829822345595296e+00
5.231079753518490527e+00
5.449719782308856786e+00
5.758820296645190240e+00
8.191763177050356504e+00
9.401066362644581176e+00
1.000047185894519153e+01
1.029976432940356545e+01
8.132617235289961499e+00
4.888203734532901912e+00
1.684765237440797536e+00
-1.307203141206663144e-01
6.769471127787304310e-01
2.815962223497405326e+00
3.451751439047525238e+00
4.842597817634772817e+00
6.634136381905830326e+00
5.859089676524514623e+00
4.555261998942186530e+00
3.956021167832829200e+00
8.178238019698595984e-01
-3.832612198046271956e+00
-6.449433075535320192e+00
-6.850804463595197014e+00
-6.656837288422724264e+00
-7.059937263174005828e+00
-6.545926419205378544e+00
-5.144315147764559448e+00
-1.921343009202088226e+00
-1.656620426742636987e+00
-3.300408312179289094e+00
-4.271623738002810478e-01
-8.718825615585482636e-01
-2.312827553103210754e+00
-1.912545148489754876e-01
1.941461564778057314e+00
1.126137682039272114e+00
-1.047855812781178564e+00
-1.570369609638133435e+00
-2.580897118424616998e+00
-4.040147633985419873e+00
-4.575236419827152012e+00
-3.103087110489173739e+00
-7.202655560420867520e-01
1.696553503112608219e+00
3.438979892389347093e+00
5.055565054811583359e+00
5.565069593929258929e+00
5.545109953320477736e+00
4.531208018195990839e+00
2.076916248740596771e+00
2.692132514902812801e+00
3.392578491247564720e+00
4.030328811696821667e+00
4.174976462181323456e+00
1.794620250579365361e+00
-5.588688781671539152e-01
-7.378042307198368066e-01
6.470665775920301233e-01
6.470665775920301233e-01
6.470665775920301233e-01
6.470665775920301233e-01
6.470665775920301233e-01
6.470665775920301233e-01
6.470665775920301233e-01
6.470665775920301233e-01
6.470665775920301233e-01
6.470665775920301233e-01
-3.651092743042264055e-01
1.249523727597087186e+00
1.996127761119044663e+00
1.596232205486729505e+00
6.020907087633884380e-01
-1.001839495578332295e+00
-9.546891735442836202e-01
-4.345355489151442874e-01
2.006413242124117369e-01
1.305528581956759027e+00
1.219720495708656260e+00
2.543960829219798381e+00
5.391174524083043984e+00
5.207307315091386890e+00
5.805056487041384550e+00
6.108472924451758601e+00
2.818874426427607993e+00
6.890716616837745390e-01
9.258340227640962095e-01
-3.308148568196041528e-01
-1.945425192003717996e+00
-3.334750590028871198e+00
-4.669728808823008670e+00
-5.498372187469958483e+00
-5.147790018502599096e+00
-4.114056375568732271e+00
-4.723106830331571082e+00
-4.036019492523236885e+00
-3.037317220946226026e+00
-3.284093207406079351e+00
-2.281816756066660012e+00
-8.792227453038652385e-01
7.597829465504097879e-01
5.918197399626613509e-01
-3.673221195322272092e-01
-1.429248808315114250e+00
-3.549694340964409278e+00
-3.919762361205175516e+00
-2.849205078640815181e-01
2.998428488865810149e+00
5.196251813608895098e+00
4.593582121671500929e+00
1.723823640375098387e+00
1.559440635140028952e+00
2.261821138440109902e+00
4.076620532338401937e+00
6.686993344415443907e+00
7.673008618020843663e+00
6.379054840121331615e+00
5.626840045337140772e+00
6.172344180164007099e+00
6.826358459891914698e+00
6.845537063436771597e+00
6.293551547027729676e+00
6.418245713950848419e+00
4.101306298411571127e+00
-6.885594037380082799e-02
-2.041012999227228564e-01
-4.704425411063302698e-01
7.204441308455081794e-01
3.584527660528933790e+00
5.147664364052022101e+00
6.224972966306226319e+00
8.781465314012374179e+00
9.917485934905363010e+00
8.059572824122371415e+00
6.148690544600438734e+00
5.231550917975192228e+00
2.629956214257024527e+00
1.311424956115380125e+00
4.012271788920313220e+00
6.220563794229012622e+00
4.978447449837031691e+00
6.947200641296405799e+00
8.551108479877310486e+00
5.594027205741825881e+00
2.886477445620076132e+00
3.179819442948640607e+00
3.853539711830309855e+00
4.461162095162162444e+00
4.443228589321225108e+00
4.073380693842679534e+00
3.241886155155575544e+00
1.938997611240056873e+00
4.112658740967970239e+00
6.811003171601145212e+00
7.600391597623697315e+00
4.750484964771190199e+00
6.011244439755659696e-01
8.824506069810997833e-01
4.452237335745022229e+00
6.686721898264161190e+00
7.263893815567542767e+00
8.972959231517862122e+00
8.430012413146521055e+00
8.382117546198104563e+00
8.491731288394575472e+00
6.911796466167374753e+00
5.879474507329336852e+00
5.465558967407730506e+00
4.181100357720121785e+00
2.499800460046902373e+00
2.887001064722843680e+00
4.225329257040354669e+00
4.964628731374085113e+00
6.812004538463619419e+00
8.511358742860487325e+00
7.675986679881843244e+00
3.814730170630483919e+00
1.738434967175517265e+00
3.998614845583825961e+00
6.558481720058917830e+00
6.366923062463181182e+00
5.284540896914438513e+00
3.056579180970638188e+00
-1.219558738345439541e-01
-7.404937582528678952e-01
8.943569641403871159e-04
1.731657752108734183e+00
3.800946863678487553e+00
7.541639777254602883e+00
9.572716697310545086e+00
1.002436109548076182e+01
1.051452586676200163e+01
8.270179588804593251e+00
5.627250151025102731e+00
6.355902795673308070e+00
8.737282544046189869e+00
1.002958002106911728e+01
1.086237428067057209e+01
9.130095378009409401e+00
6.354150289000682683e+00
6.675560110900585542e+00
7.505888874164825530e+00
7.370911401363952287e+00
8.400814469933694184e+00
9.267937221693987482e+00
7.464870930488883616e+00
4.285904595650765536e+00
3.139854019968375098e+00
3.312873754168888851e+00
3.316079782903128770e+00
4.444562365305261054e+00
5.935023873545378414e+00
5.179706154325206313e+00
3.134842655969752201e+00
4.588351515750363596e+00
5.753591647272423337e+00
1.321066325070204162e+00
3.755571378839870911e-01
3.221535753471252761e+00
6.747239998005995609e+00
8.143021237058141182e+00
5.587159723543861922e+00
4.775578212507615383e+00
7.332033455152086709e+00
9.897311291651988086e+00
9.188456331628289675e+00
7.888893267475277860e+00
7.217242401030582677e+00
5.553551319411965004e+00
3.957676784711554152e+00
3.173613902451011715e+00
-2.713843532012883419e-01
-2.181412124502320360e+00
-1.397064106003331529e+00
-1.760107973331544784e+00
-2.460462886843036046e+00
-2.452276157333050488e+00
-2.542608987132945142e+00
-1.604765958679619242e+00
1.388502766574168490e+00
2.911543088003258450e+00
2.797196511848828671e+00
2.677168538247223672e+00
3.693618379461789836e+00
3.776281264145704419e+00
2.278652975074436426e+00
2.689973741199052526e+00
4.783616051670923852e+00
4.840516065747954677e+00
2.778511813663425478e+00
8.677565892453352747e-01
1.838283241009930791e+00
3.929736049415222254e+00
2.993691836077195134e+00
8.830110348242464768e-01
1.079918790444167886e-01
-6.490858016921617901e-01
-5.654572197382243814e-01
1.654043356736308645e+00
5.859029860537748213e+00
9.605558202126861289e+00
1.004004861850816077e+01
7.992185936499465626e+00
6.765640997296289427e+00
6.494687176414893237e+00
6.257186665360323197e+00
6.769724522808353129e+00
7.928545511575417315e+00
9.026567887444775451e+00
1.043568226519157172e+01
1.127673844181195584e+01
1.118752574833265889e+01
1.114583451292663518e+01
9.958689254563784843e+00
8.925660938291112956e+00
1.069071298264174708e+01
1.235217974862643153e+01
1.326190868604165551e+01
1.303731189715119676e+01
1.267934964229252159e+01
1.123986058150274125e+01
9.395929811780758811e+00
9.266378284133494958e+00
9.271306892730573068e+00
8.400582792400584253e+00
7.154579271375681060e+00
6.438345071660415364e+00
6.407490975590446780e+00
7.296100884043275947e+00
8.784626448759544459e+00
1.097512192847253232e+01
1.288614877166197559e+01
1.303906394327831819e+01
1.224647643570258992e+01
1.224166541884137160e+01
1.286304276115346390e+01
1.304182967614785404e+01
1.223420803703967330e+01
1.113247435394805152e+01
9.918840486713378368e+00
7.810342459924108915e+00
6.014780682730120454e+00
3.697251901871014823e+00
1.081588044304214513e+00
1.149341925054586877e+00
2.497841997881542930e+00
3.368009497794623996e+00
4.576201376178208768e+00
6.273407547569255449e+00
6.947211300979605930e+00
4.882232771385967673e+00
2.386247925887686083e+00
-1.403342070739821076e-02
-1.775115317829345507e+00
-6.465185021180426261e-01
1.469384584759170664e+00
3.159930947832710668e+00
4.184942436710385572e+00
4.556712212133057882e+00
3.905697437653070647e+00
1.476780008076994832e+00
-2.179107907175770742e-01
6.790755230436424927e-01
2.374329731093561158e+00
5.140401591369438528e+00
8.633193180014229640e+00
1.034257070506106935e+01
1.156543002868639824e+01
1.232956353141554295e+01
1.176214750001429898e+01
9.579163419780391209e+00
8.172172208053172682e+00
7.414453538703603463e+00
6.701949240275616226e+00
6.469881771284907934e+00
5.979107803843298541e+00
6.341046686275431554e+00
7.831779895195206009e+00
9.374159051822777755e+00
9.449301812808220902e+00
9.761897115930194602e+00
1.079847225406650502e+01
1.179363659898937122e+01
1.261102003228940838e+01
1.328641709554796790e+01
1.365706933604154649e+01
1.336785187164616140e+01
1.241944410049497627e+01
1.176999265846731824e+01
1.099412176335943947e+01
8.452719096300963741e+00
5.824257782628884605e+00
6.559714219003811131e+00
8.343208442850508888e+00
8.831852502907489466e+00
7.715411333902491009e+00
6.564924750364825812e+00
8.685119357320877143e+00
1.110124567072027446e+01
1.132920161061144348e+01
1.208248120198694231e+01
1.316997647089279333e+01
1.205401599774691057e+01
9.678915338457880324e+00
9.572857088126051295e+00
1.106349016894304427e+01
1.083580627357147996e+01
9.715583478882811264e+00
1.011083294736105209e+01
1.102567998917589698e+01
1.188589085044640647e+01
1.246589555739752697e+01
1.329603521335506677e+01
1.377135854513890934e+01
1.370748632864824579e+01
1.316771997797057736e+01
1.325291691392711080e+01
1.359889523292101465e+01
1.318047015542649270e+01
1.146941778070395301e+01
9.307899312558850724e+00
9.798991665347342561e+00
9.893509007698606084e+00
7.339479562961348513e+00
5.996741605804261077e+00
8.462932636811135723e+00
1.010473217488382147e+01
1.098769742204200561e+01
1.285241651589144496e+01
1.247556489698293802e+01
1.180394122640495702e+01
1.263156847112481707e+01
1.397278155581368608e+01
1.404570020908131589e+01
1.341906297040257989e+01
1.296904018268807057e+01
1.284625542565598799e+01
1.213382439244984390e+01
1.175118655298409820e+01
1.169207247089810053e+01
1.242954163321271643e+01
1.365574822918271636e+01
1.398468682269762020e+01
1.400173881490266758e+01
1.327207922777978943e+01
1.273596800656344463e+01
1.323526559114790579e+01
1.382802797390424132e+01
1.416028342569955178e+01
1.359459397614142873e+01
1.296114589971498177e+01
1.097209140851300724e+01
1.002075349612167798e+01
1.047818528356079248e+01
1.111072612151699879e+01
1.139095661749840538e+01
1.080994423403233995e+01
1.061203452388201818e+01
1.039314728580277070e+01
1.057421330268990900e+01
1.013778183176097869e+01
9.191681369941886004e+00
1.021008750905903462e+01
9.856931486811705057e+00
8.518991798071832378e+00
1.022581429354092819e+01
1.035645968303535014e+01
9.095396728446443646e+00
1.105795665176288445e+01
1.278137538961908071e+01
1.339838052584894257e+01
1.290021106540542029e+01
1.169729502921833841e+01
1.015910914027142020e+01
9.010221072513047602e+00
9.740524344169781301e+00
1.099316279947324837e+01
1.150304730459998837e+01
1.269778374585941449e+01
1.219177114488255675e+01
1.208655939280211555e+01
1.279946114089011111e+01
1.277703031274382361e+01
1.186005297853658824e+01
1.221010571680046475e+01
1.313744488777583008e+01
1.377555830334683229e+01
1.360817079138782937e+01
1.234123083628721140e+01
1.196237887316922333e+01
1.234919869946930504e+01
1.067869399337211789e+01
8.198279827452980228e+00
1.038933074358596009e+01
1.140215766446283396e+01
1.045793484485843017e+01
9.795003176924817367e+00
1.052685845904463058e+01
1.217455107502633815e+01
1.229192983466904288e+01
1.164746061955571754e+01
1.077022191721742495e+01
1.039284608693654910e+01
1.110879841929244627e+01
1.169637929547897670e+01
1.081607735657375891e+01
9.435210701478991879e+00
8.529727323137043626e+00
9.478963933367092309e+00
1.069262828487654282e+01
1.148421013070055707e+01
1.180364009137885084e+01
1.098706933241973438e+01
9.180287936271287919e+00
8.741035687608524896e+00
8.734585706858203125e+00
9.079294674387769604e+00
9.518350166774725452e+00
1.024713284960368576e+01
1.179434782345388477e+01
1.287224143074251437e+01
1.327461768654554142e+01
1.257887414267842807e+01
1.112500670495704114e+01
1.037183580063872412e+01
9.739858014203100822e+00
9.133140619494861667e+00
1.055939761983985647e+01
1.243470962452105333e+01
1.325583671627550508e+01
1.339873358823152927e+01
1.333963184850518502e+01
1.314036981456675690e+01
1.332650506736114870e+01
1.355284765856416307e+01
1.214130738260795361e+01
1.112577426190660823e+01
1.306373328789742594e+01
1.287505225031591749e+01
1.180098162368328829e+01
1.027968755024604874e+01
8.859988189738166042e+00
9.402145865181088524e+00
1.111385612185164895e+01
1.232282148755780860e+01
1.152867820069675098e+01
1.006095981894216607e+01
1.008933007674907500e+01
1.077584668509806143e+01
1.121807216065586488e+01
1.056303455492394683e+01
1.059899523872955207e+01
1.001614419262536337e+01
8.379463000405307227e+00
8.699679300270267035e+00
1.066818702101527272e+01
9.751837518854348019e+00
7.916663340062412679e+00
7.609813474842286318e+00
6.098352033041833486e+00
6.977788897611327812e+00
8.382751172826544916e+00
6.929615833996096264e+00
7.790722497208294683e+00
9.544346092521529101e+00
7.203190912737805540e+00
6.303332619897063616e+00
8.121621377989415080e+00
9.596854866172025211e+00
1.028241447184293733e+01
1.142700221884004463e+01
1.171602025799349178e+01
1.031178234580389841e+01
1.158798238405978331e+01
1.291958272298150767e+01
1.264800993093485992e+01
1.277857468727394163e+01
1.262392457553689162e+01
1.209329715515823445e+01
1.152889415677680951e+01
1.149006794362901651e+01
1.175625806354570635e+01
1.248803961597035794e+01
1.343126890563397779e+01
1.394934129096528075e+01
1.409213317306895341e+01
1.383139806010021466e+01
1.352482906349115233e+01
1.312151341790910308e+01
1.191039749056943542e+01
1.002759229124383644e+01
9.184632372819603319e+00
9.772164312232963113e+00
1.095362103893859107e+01
1.229523289740158454e+01
1.316071168587512297e+01
1.273533719749933901e+01
1.240277102601326042e+01
1.144151463909742006e+01
1.063684122290864842e+01
1.103996098145156779e+01
1.094994882067668307e+01
9.505532245501202127e+00
1.007808524484042145e+01
1.067456554153258530e+01
1.129623767969386172e+01
1.125875289216097919e+01
9.440952831830854208e+00
1.047572821363403861e+01
1.101436369920005198e+01
1.084636177570642879e+01
1.108015609742857599e+01
1.131003806293112923e+01
1.187790570992319950e+01
1.258596351461334173e+01
1.143605982854134950e+01
9.530005159600483111e+00
8.832446826909606585e+00
1.012276047338010443e+01
1.026086547065950150e+01
9.046537215192023140e+00
9.127202358200625198e+00
1.084349602918000421e+01
1.250991797370106440e+01
1.196648695936922913e+01
1.077874257712139716e+01
1.052890225745361796e+01
1.143210590637396962e+01
1.184229934555956198e+01
1.292428958128795990e+01
1.387437841702538854e+01
1.386422490299109711e+01
1.285009401281404529e+01
1.130912518628078800e+01
1.077154523920552798e+01
1.099929491083697464e+01
1.166542531046327191e+01
1.236339293003453577e+01
1.308283813859430289e+01
1.378751161682079562e+01
1.386145412685281286e+01
1.366402693385276912e+01
1.357017725560354471e+01
1.290253448740588560e+01
1.092888236092372267e+01
1.031422466352345069e+01
1.086676397172174013e+01
1.177808852735095790e+01
1.077755344004973281e+01
8.620124026738961831e+00
8.839458036158349685e+00
9.885559602080348895e+00
1.048996730382303433e+01
9.611966346268998151e+00
1.033129022723526624e+01
1.109430462718959198e+01
1.120246332744847706e+01
1.143812731758649015e+01
1.132925786290612891e+01
1.137738045166409329e+01
1.198279032663508836e+01
1.182558085970978112e+01
1.172688295629795796e+01
1.216143557268733133e+01
1.279578961417075256e+01
1.366119724211001341e+01
1.409709199358070109e+01
1.398181690336019578e+01
1.289890569837430334e+01
1.154751617654607010e+01
1.011595702799630381e+01
8.088506270930533759e+00
6.540445370682759219e+00
6.381897296048627766e+00
6.754353128455702127e+00
7.767076320187572769e+00
9.111051595109998402e+00
9.057915311716561391e+00
7.439389784379755177e+00
5.983470240428397702e+00
2.968024267469601352e+00
-1.286169051307205213e-01
-3.162850208040134392e-01
-7.933784829940235817e-01
6.265039058694200913e-02
-6.836743449877874523e-02
-6.692014659946938782e-01
1.538971994939253074e+00
4.656065684226482482e+00
6.128584773714323752e+00
6.306027004531337354e+00
6.080444250721741994e+00
5.579303156684487952e+00
5.864647031597068683e+00
9.092942748339845949e+00
1.198440982742676653e+01
1.268388953782919693e+01
1.211087208421565542e+01
1.166526983664050476e+01
1.087273528524207755e+01
1.025894763818993205e+01
9.912902602843633559e+00
9.181820693964178659e+00
1.002600520247768578e+01
1.160342867854319771e+01
1.268253230455984237e+01
1.292005439969186220e+01
1.297211415329501172e+01
1.244853255476760445e+01
1.139590394818009678e+01
1.192031083023556093e+01
1.308139466952924401e+01
1.369733691607158477e+01
1.369997397031383102e+01
1.301863307491451316e+01
1.181110715575639070e+01
1.091682851330250870e+01
1.033115122294954524e+01
6.470665775920301233e-01
6.470665775920301233e-01
6.470665775920301233e-01
6.470665775920292351e-01
6.470665775920292351e-01
6.470665775920301233e-01
6.470665775920301233e-01
6.470665775920301233e-01
6.470665775920301233e-01
6.470665775920301233e-01
1.169748947492634450e+01
1.149341076769682424e+01
8.732928614363158815e+00
8.339188390004480311e+00
1.063333067256217035e+01
1.204564517509630761e+01
1.128739334923741566e+01
9.869449774675937093e+00
1.102706651294956508e+01
1.188092136332573467e+01
1.131052632589918439e+01
9.606340471548234561e+00
7.473954820380976471e+00
7.865426278571401753e+00
8.497046164830589277e+00
8.917870059382877912e+00
9.630216803935560677e+00
1.050040820564539956e+01
1.007692144936427603e+01
8.515138411483246017e+00
8.046928287819765657e+00
7.584543470336900128e+00
6.615283569343000103e+00
6.074577359300669777e+00
7.957585223536374208e+00
9.928569456844547503e+00
1.110961607919234417e+01
1.143092652019825373e+01
1.053182413977523701e+01
1.016704871570961366e+01
1.031204741811749237e+01
1.012439471634447763e+01
1.128666387932538306e+01
1.232920643448799147e+01
1.183816538529802109e+01
1.096559689372480229e+01
1.102772482225489625e+01
1.074218537376700588e+01
1.175495372937561278e+01
1.269553127439738027e+01
1.271245623287906135e+01
1.226004489599571023e+01
1.125744084480577989e+01
9.690442298481903194e+00
8.223338825352138670e+00
7.697221079653766118e+00
6.851677469010943433e+00
6.861999380316661679e+00
7.663985436224873382e+00
9.315936724896227261e+00
1.108007528180100643e+01
1.170645213931354967e+01
1.159900343819059110e+01
1.204648409524313024e+01
1.308795206109220111e+01
1.356910457082534371e+01
1.376111629663342484e+01
1.357155323486231602e+01
1.333097864881110439e+01
1.292939847898164452e+01
1.277924536466927385e+01
1.163267766434990591e+01
9.081391866191106388e+00
7.988246849709510045e+00
7.464289055322413269e+00
6.510581347229034144e+00
8.477366000859040795e+00
1.101265902885190862e+01
1.100214315952361055e+01
1.146292800192523664e+01
1.158379766125963428e+01
1.134138287714981175e+01
1.120215455057207699e+01
1.169549511134659525e+01
1.121472588676276416e+01
1.039984659690506774e+01
1.171626139178585646e+01
1.228988708439967326e+01
1.086899296209127819e+01
8.627780939298352436e+00
7.608927607704296214e+00
8.360949050155907614e+00
9.963169543059379407e+00
1.037403624685348014e+01
9.785284244166565060e+00
1.013935005194039363e+01
1.072058191082448708e+01
9.631555311356722271e+00
7.109042726309080074e+00
6.287299312294254428e+00
7.978211858731781625e+00
9.817164964584565112e+00
1.127761086827481840e+01
1.180298166235146162e+01
1.149563735837015166e+01
1.030604986086373209e+01
1.121057361291757992e+01
1.220888069663423536e+01
1.122818669699129224e+01
1.118872822694564739e+01
1.191338045095272591e+01
1.130146867245018427e+01
1.076005754307750628e+01
1.168522749336761457e+01
1.237964894717517694e+01
1.211884448164775741e+01
1.191913598149016273e+01
1.254582172439160814e+01
1.296041571842918749e+01
1.125466703672937463e+01
6.470665775920301233e-01
6.470665775920301233e-01
6.470665775920301233e-01
6.470665775920292351e-01
6.470665775920292351e-01
