-1.064718316683612365e+01
-1.257693883858553718e+01
-1.256301828396393638e+01
-1.184593639956927547e+01
-1.082981716196015043e+01
-1.090932292613864973e+01
-1.179563517923311622e+01
-1.145513510765773013e+01
-1.100807928778422529e+01
-1.149318653758416175e+01
-1.079302341636332230e+01
-8.954323590527291543e+00
-9.798407606573601214e+00
-1.117769645293951797e+01
-1.108936866296992996e+01
-1.116708385969430850e+01
-1.069433088256657882e+01
-9.161306881977596461e+00
6.470665775920301233e-01
6.470665775920301233e-01
6.470665775920301233e-01
6.470665775920301233e-01
6.470665775920301233e-01
6.470665775920301233e-01
6.470665775920301233e-01
6.470665775920301233e-01
6.470665775920301233e-01
6.470665775920301233e-01
-9.517186867432545938e+00
-1.010449628056815286e+01
-9.049490295498799242e+00
-7.886303494160474159e+00
-7.753300705126566328e+00
-8.708230514802611566e+00
-8.696362948004546567e+00
-7.712327934716186384e+00
-8.782876656733099807e+00
-9.369494096050708265e+00
-8.416312111866487200e+00
-8.047071672386930885e+00
-8.817433698865890790e+00
-8.860607483035201071e+00
-8.550377913746784131e+00
-8.794172431298493464e+00
-7.712813226021041579e+00
-5.735244917764579675e+00
-6.529523710103426026e+00
-7.466431346464227126e+00
6.470665775920301233e-01
6.470665775920301233e-01
6.470665775920301233e-01
6.470665775920301233e-01
6.470665775920301233e-01
6.470665775920301233e-01
6.470665775920301233e-01
6.470665775920301233e-01
6.470665775920301233e-01
6.470665775920301233e-01
-5.739633330806776179e+00
-4.802046152657353240e+00
-3.564739771382680278e+00
-3.555983909428456879e+00
-6.983752860332777423e+00
-5.336773315342547619e+00
-1.620765639357485632e+00
-3.130912894278659930e+00
-5.270041795949309105e+00
-6.628343675188941297e+00
-8.012787689923790424e+00
-7.998106694581207599e+00
-8.355906453394148059e+00
-8.163595393591966953e+00
-6.088479033304128762e+00
-7.785928527285244094e+00
-1.066020461877040582e+01
-1.032889890365069974e+01
-9.394305552877598942e+00
-8.693115951836288602e+00
-8.590777298166210940e+00
-9.127426069533894903e+00
-8.398600653040460884e+00
-6.769097474934183012e+00
-6.116603820920039958e+00
-5.849940116604752660e+00
-5.773474580963897651e+00
-6.082479637931458960e+00
-7.435224546374198162e+00
-7.850399369946753581e+00
-5.210689039283787238e+00
-3.047649827091576391e+00
-1.617401399791165373e+00
-2.408309157545690304e+00
-4.623459816986468240e+00
-3.663779979509011575e+00
-1.422318478353603366e+00
-3.251887721250477536e+00
-3.210418981872289912e+00
-2.665415556532378272e+00
-3.365475235301343293e+00
-4.599481480541051326e+00
-6.433782733039278057e+00
-5.804624464650170346e+00
-4.988248683731400845e+00
-4.700218011597504741e+00
-5.052224312185003896e+00
-6.254299836532072554e+00
-6.353257708714433960e+00
-5.739765314411855002e+00
-5.858072719411829610e+00
-6.895310456721218451e+00
-7.412661678265843435e+00
-6.190157660542033646e+00
-4.166827707327236396e+00
-4.898532415112321736e+00
-7.293640900693078244e+00
-6.496185704266157934e+00
-4.805397891878689265e+00
-3.988263417727174076e+00
-4.889176107799177551e+00
-7.426711009744386693e+00
-8.791715112371967678e+00
-7.129624788748644804e+00
-5.595439893560898881e+00
-6.389599610776175886e+00
-7.817798603831680460e+00
-9.042627411403755033e+00
-1.055576634196742525e+01
-1.148907257064900023e+01
-1.038984374692577894e+01
-9.098912677874260169e+00
-8.756393822956338724e+00
-7.959934526881141004e+00
-9.469862750079958147e+00
-1.119902149880510756e+01
-1.280503923400523369e+01
-1.242172625786642648e+01
-1.180102759833619608e+01
-1.350903550979486312e+01
-1.329021719298933313e+01
-1.157843884877331142e+01
-1.176355920766917684e+01
-1.260966976092917058e+01
-1.291339328015587284e+01
-1.241249001831354981e+01
-1.189647066129106001e+01
-1.025032402562866451e+01
-1.021504656834438762e+01
-1.109859624290533908e+01
-1.215250673795016745e+01
-1.217235914122739437e+01
-9.749118162493285666e+00
-9.972945176191355898e+00
-1.115026943766146594e+01
-1.103033872545940142e+01
-9.523688255629659594e+00
-9.470486033463910047e+00
-8.991945349313350988e+00
-8.932403481721305383e+00
-9.279483715111782161e+00
-7.537062662688959414e+00
-5.856089057845236034e+00
-5.788153204371151439e+00
-7.910772364585877625e+00
-9.069731665438848012e+00
-1.047971996734120204e+01
-1.066330404983404989e+01
-1.172061905902191725e+01
-1.278326778213613757e+01
-1.211339506756008078e+01
-1.288081464743376081e+01
-1.261441280415932731e+01
-1.053439791534890269e+01
-1.072850032266889642e+01
-1.118525439097528107e+01
-9.268453073706311329e+00
-8.072131370742175349e+00
-9.116316789984850288e+00
-9.538066101186124968e+00
-7.283982532136344723e+00
-4.443420645695006499e+00
-5.522270423798966377e+00
-5.187054669045277677e+00
-5.604480415723703146e+00
-7.656615913708075816e+00
-8.400233683942294860e+00
-7.871463607658589545e+00
-7.104830755924361974e+00
-7.905944733663469393e+00
-9.356454835270456627e+00
-1.056269991609757319e+01
-1.170439901512571268e+01
-1.281138512020494069e+01
-1.030117656302384610e+01
-9.260893912406048756e+00
-1.322495693225262237e+01
-1.462401884576004463e+01
-1.425175134297723112e+01
-1.319480707954650001e+01
-1.391295042837730378e+01
-1.398358382144407308e+01
-1.376895468307256287e+01
-1.292521597095601038e+01
-1.167082019599899922e+01
-1.050257875148996156e+01
-9.112536891583769005e+00
-7.985124480502699740e+00
-7.100625075176867362e+00
-6.184384459889922248e+00
-5.391224955818494813e+00
-6.206671011396016624e+00
-8.440072953437976366e+00
-8.249155489357644200e+00
-5.275528397491356714e+00
-4.148235308492044027e+00
-3.169026420417770051e+00
-2.896430187502680553e+00
-4.992735460329945418e+00
-7.404038292616434092e+00
-8.235283929218233823e+00
-7.780280020566198829e+00
-5.674489959546960449e+00
-3.470355469266541260e+00
-6.344968596323541377e+00
-8.083690727505313589e+00
-9.144587279215393494e+00
-9.510368754243582856e+00
-9.392024766611505981e+00
-9.345692975459398255e+00
-8.251345578089265942e+00
-5.909556341228809906e+00
-8.579680057897641987e+00
-8.628327873857218222e+00
-4.642066523518149523e+00
-3.638438261297400000e+00
-2.845593510082588651e+00
-7.740613734458077211e-01
-1.950004433944505289e+00
-3.279001132260917828e+00
-1.052133699879884032e+00
-3.247832150488264347e+00
-3.228464471706643746e+00
-1.559711702500410135e+00
-3.164992656339758348e+00
-5.192238971986086860e+00
-3.393794973113837266e+00
-3.514311335794901403e+00
-6.695580570085751582e+00
-5.615201340429432975e+00
-5.447399545469328253e+00
-4.986617932945512699e+00
-2.128602416617929372e+00
-2.464211326572892102e-01
3.783103017286279512e-03
-1.417021890925816985e+00
-8.261244232713768065e-01
-1.166172939910849804e+00
-4.531813169357564952e+00
-4.991640331571069567e+00
-4.556617372924692155e+00
-5.677655804806241768e+00
-5.893022537925054927e+00
-6.332690446320695443e+00
-7.986197455021057046e+00
-8.106808289844183335e+00
-6.018735838803512372e+00
-3.560975588718441109e+00
-3.994591814885750214e+00
-3.787602608611928545e+00
-1.661081096610083074e+00
-1.305291470313830304e+00
1.133069776528102146e+00
2.070671064797574346e+00
2.775045344092542443e+00
1.199689930044567587e+00
-2.285389994316621820e+00
-4.523484555858535927e+00
-4.287184256756842338e+00
-2.323838149164348277e+00
-4.597517918754151500e-02
-6.713289722288030559e-01
-6.625578123761402871e+00
-9.236601984261508136e+00
-8.919801645683449465e+00
-7.859045196768889241e+00
-7.232653772415011062e+00
-4.971049061382167622e+00
-2.463129436802979022e+00
-1.030143060308959413e+00
2.579892928679080599e-01
-1.214481120529120384e+00
-1.402650802785688100e+00
1.504572741634761845e+00
2.041887829388696896e-01
-5.559460070034242918e+00
-7.095800511228060437e+00
-5.601107481975635238e+00
-2.811997263736411234e+00
-1.649147624161008352e+00
-5.057418048399321187e+00
-7.800552276288328812e+00
-3.125575897566204464e+00
-6.325904814710185675e-02
-9.369407122459213477e-01
-3.148691554481027222e+00
-7.497843484273817971e+00
-1.019175676224579519e+01
-9.578958635847765635e+00
-7.579113509003863491e+00
-9.718768380295085052e+00
-9.562529323277665583e+00
-7.786239353230783422e+00
-1.070668327413139131e+01
-1.160087967500074768e+01
-1.078243066264196237e+01
-8.418159808347846607e+00
-7.940854833343482078e+00
-8.268863461082158750e+00
-5.380783499112315127e+00
-5.147829165211633473e+00
-4.443283350695782730e+00
-1.647203942798022069e+00
-3.422115641527242680e+00
-3.466685020835257980e+00
-1.242316032349739086e+00
-7.319788456404399124e-01
1.981107380258749495e-01
3.948413787794490259e-01
2.487690389206218683e-02
1.775247996237756087e+00
1.940496772539484216e-01
-1.224586455309730759e+00
-6.834572614705439753e-01
-1.516355672419955836e+00
-9.448365715731804615e-01
6.162690185996489989e-01
-1.304910657660014905e+00
-4.208540679061004930e+00
-2.310835633378991005e+00
-1.953654027788142011e+00
-4.095026316201054506e+00
-5.150461701116618940e+00
-3.212362767124377072e+00
-3.238309159660631154e-01
-6.148188877709083178e-01
-2.356077664486571077e+00
-5.201420869849657791e+00
-6.290468536920401199e+00
-7.148197822623706621e+00
-9.174583091502793053e+00
-1.056337756278981921e+01
-1.067636393229822467e+01
-7.907125322759480213e+00
-8.363091505595317443e+00
-7.632581488161589434e+00
-1.520479193734639800e+00
-1.256292490670662954e+00
-4.877914221280898133e+00
-6.261965298207385011e+00
-3.785317354294052805e+00
2.083451539857201329e+00
2.969050891392781000e-01
-1.321772402918364619e+00
-8.734081001282109069e-01
-1.486028606726970680e-01
-1.375662353042038433e+00
-1.005390180322893734e+00
1.953906644777785973e+00
-1.462611813488516210e+00
-3.961711155016375496e+00
-3.171517372748115182e+00
-3.249273730294573781e+00
-5.497023405060485146e+00
-7.302997595595853930e+00
-6.050038390995298165e+00
-5.746327732539032951e+00
-7.232609177515405996e+00
-5.707611544960875527e+00
-5.919380295769754774e+00
-7.591361361331854241e+00
-6.035914472429137589e+00
-6.862236675794047613e+00
-9.638302333117858112e+00
-9.935351256133532871e+00
-8.368194833309285485e+00
-5.494772370096523417e+00
-3.789739762957537561e+00
-5.286425984231233777e+00
-6.735022876910203848e+00
-7.003814803695264324e+00
-5.223623509390806774e+00
-3.571263575262275669e+00
-1.618355121045881528e+00
-2.617346796458345448e+00
-6.507466922642670681e+00
-4.534784142495056791e+00
-1.418966589125395528e+00
-5.814335612008951770e-01
-4.756437623779249252e-03
-4.330539983237324364e+00
-5.632679498629602932e+00
-4.630678493497414117e+00
-5.338022029170748972e+00
-4.040380222085701689e+00
-2.262963457829469505e+00
1.707428330011315332e+00
5.044856572537942618e+00
4.204837762234291176e+00
3.425785415024065195e+00
1.515263333460950879e+00
-6.454068138131553445e-01
8.932148624239835133e-01
7.269985523080053635e-01
2.470761604527184296e+00
5.338390583724220484e+00
4.999324623250435806e+00
3.211342513376445940e+00
9.207775063347678479e-01
-2.098200443774427271e+00
-2.726350195090680995e+00
-2.399744255516118585e+00
-2.870883614107957005e+00
-1.571856751972306565e+00
-5.513355118106483266e-01
-7.200393462356883267e-01
-8.474809018821898299e-01
-6.449508416840268321e-01
-3.103347961967497071e+00
-5.307585494127772030e+00
-6.694430318450961259e+00
-7.370705291915234270e+00
-7.889273417209937911e+00
-6.604993054470124747e+00
-4.178259686880220869e+00
-3.339177838404657539e+00
-2.537283295516156834e+00
8.500803997368718834e-01
3.730105380941441062e+00
2.169281982867561798e+00
-1.655214969001081116e+00
-2.028527460853625897e+00
1.376431520344361781e+00
3.992420784137937328e+00
3.305899139476525139e+00
-4.031149080147054531e-01
-5.784179039296304836e+00
-8.765871481459857506e+00
-5.472228803598995661e+00
-1.963310656535228738e+00
-2.713797766607690232e+00
-2.023831561535115675e+00
-2.428178194283499458e+00
-5.301009615161643040e+00
-5.683355760159327197e+00
-5.318546239046018975e+00
-7.184228470940422717e+00
-9.115945803461476871e+00
-1.063077601949829365e+01
-1.190760248658912879e+01
-1.184681094255792644e+01
-9.242413695860582479e+00
-7.062067947360406883e+00
-6.694600075377929116e+00
-7.027219619032129216e+00
-9.303998774388528403e+00
-1.208856231714061735e+01
-1.266441181151322759e+01
-1.276370895511090886e+01
-1.361817677469239385e+01
-1.397530839298788052e+01
-1.335634338797773069e+01
-1.300375845549775100e+01
-1.255333874696351160e+01
-1.208826124714981098e+01
-1.268038358191175341e+01
-1.162817864486745911e+01
-9.954678135030011532e+00
-7.933783423545715863e+00
-8.559762539217789623e+00
-9.627974034080748922e+00
-7.935623798897005088e+00
-8.358459718091793889e+00
-8.968976020194984855e+00
-8.426524446012985337e+00
-8.297194181995422468e+00
-8.244616175836746663e+00
-6.733340768283426314e+00
-6.076562394767440090e+00
-5.729700541847342343e+00
-5.753233141127915395e+00
-4.329376454607325897e+00
-1.830897250127434317e+00
-1.370308616223601783e+00
-3.239223333678803218e+00
-6.155444349261018466e+00
-5.373670096316866207e+00
-5.099278505579873944e+00
-6.626257260643808600e+00
-5.787404410249231468e+00
-3.249744190140712252e+00
-3.573222008807716232e+00
-4.413789390897379761e+00
-4.026776893167580695e+00
-5.088723232197170709e+00
-6.119208319893668424e+00
-7.391207981231953994e+00
-6.309968519561167000e+00
-2.297504002162122028e+00
-1.546406344250054854e+00
-1.510526102819107930e+00
-3.366581337883055358e+00
-6.470578504675648546e+00
-6.763075924361861446e+00
-5.072827741838656479e+00
-4.001751225328952444e+00
-6.954234013464297703e+00
-1.090684329172681721e+01
-1.119361423602303063e+01
-9.838771045112771674e+00
-1.047638538696975630e+01
-1.022077640435293766e+01
-7.623579987925809931e+00
-7.595953677349166711e+00
-7.653622694852316499e+00
-6.447744541708270383e+00
-4.051572263650855099e+00
-2.619145797873525972e+00
-1.888367078962534862e+00
-1.627417901288529922e+00
-1.164310753054741410e+00
1.713604715516954702e+00
1.985923319800892151e-01
-2.278247234616130878e+00
-1.968306504246725597e+00
-1.999794339715521563e+00
-3.419949795849534624e+00
-3.900790867977567800e+00
-4.681144073190645294e+00
-3.534097350358714085e+00
-2.394510360476990840e+00
-6.286690397019402354e+00
-6.744148841438599717e+00
-2.539956339938453933e+00
-2.923471264813523263e+00
-4.192006014238121026e+00
-3.875045075047929277e+00
-3.744963982689140547e+00
-4.522351781552490735e+00
-3.348826027650839698e+00
-6.118197343779758768e-01
1.717123970002840672e+00
4.056473584261162557e+00
5.100718540474384000e+00
3.388230537064922387e+00
3.489466054514590576e-01
-2.429245537624932894e+00
-4.963795214326681915e+00
-7.578339803553103771e+00
-6.697532552483579593e+00
-5.768083988987360300e+00
-8.379018706986013143e+00
-7.567684759249734938e+00
-6.371899221351234210e+00
-8.838400775787942365e+00
-1.027915912495473982e+01
-1.052524763674226094e+01
-1.004415418853751341e+01
-1.064228390994009921e+01
-1.061902516893547777e+01
-9.336595024241061580e+00
-8.705457566772473399e+00
-8.578058090135270319e+00
-8.188351070816514365e+00
-9.805787731653014205e+00
-1.071221571699456732e+01
-5.831448333568393316e+00
-1.198322208767718555e+00
2.680086569209277902e-01
-1.742069087502497560e+00
-5.232932994752473199e+00
-5.473999135064526733e+00
-3.122503080584091428e+00
-2.289914806173107387e+00
-3.776742998237389681e+00
-4.578776922866472532e+00
-4.874880638513948483e+00
-5.473332483056888798e+00
-6.162192369475397058e+00
-4.205912301159424160e+00
-5.325641058217351897e+00
-6.697925252148076325e+00
-6.031527855017477791e+00
-4.994662585904758423e+00
-2.182086295803291609e+00
-3.297207676633402418e+00
-7.294817458567342428e+00
-9.234557965316072980e+00
-1.015063831188801835e+01
-1.133364287243896840e+01
-1.213520809898997221e+01
-1.222258868184094105e+01
-1.191046046888108556e+01
-1.255448413750532843e+01
-1.183219714620106444e+01
-9.472953283336615016e+00
-5.892331926506249928e+00
-8.297360076516784311e-01
4.714671626362970103e-01
-1.297314022071086148e+00
-2.660335468107691170e+00
-3.926705950893068842e+00
-2.709185136488319934e+00
1.940966684635573869e-01
3.453335490336782720e-02
-1.309117642009729243e+00
-1.638761204126921722e+00
-3.696342844528988980e+00
-5.081258970056104829e+00
-5.920547987186313144e+00
-7.542299847695127291e+00
-9.473274247655922409e+00
-1.041168532896945642e+01
-1.041470203578578513e+01
-1.008264738798414584e+01
-1.005499322693038522e+01
-1.005970021129437342e+01
-9.123495524677071700e+00
-8.455206214032511269e+00
-8.358523121425887936e+00
-9.011270500812488038e+00
-9.596808278501415046e+00
-7.928574095884932227e+00
-8.268009676678484965e+00
-1.140374866744282123e+01
-1.284584860803756357e+01
-1.351073828831191115e+01
-1.362148765753950208e+01
-1.365167756343426042e+01
-1.309230237827573440e+01
-1.272075011339938300e+01
-1.200473055931525401e+01
-1.183976442399224460e+01
-1.214350929450249339e+01
-1.145074784970262449e+01
-1.170764250994571931e+01
-1.270639184184187975e+01
-1.008572311946827682e+01
-8.541534740493718303e+00
-1.057722597269889064e+01
-1.150618622628568311e+01
-1.039454076249869097e+01
-1.005235911196722220e+01
-1.223430641895672721e+01
-1.325858981401023406e+01
-1.277827425464192856e+01
-1.197199777272932408e+01
-1.076805619896246569e+01
-1.056869395190570238e+01
-1.145287054891066170e+01
-1.070438510016158951e+01
-9.117143995793069777e+00
-1.122033975950897400e+01
-1.163339128007046952e+01
-8.900638497313432040e+00
-1.042349923332718475e+01
-1.340072377876005483e+01
-1.351925879661536456e+01
-1.340646383299745636e+01
-1.277123540337666618e+01
-1.212079005888699967e+01
-1.316408983771551178e+01
-1.349563512937761089e+01
-1.320129026563264851e+01
-1.369951492165884943e+01
-1.372448294138072633e+01
-1.328735378028552994e+01
-1.299007669704142032e+01
-1.225004787161750563e+01
-1.095231364714119593e+01
-1.200884461443119022e+01
-1.343470932636029680e+01
-1.306479968842517536e+01
-1.185099387968371865e+01
-1.134441503512205607e+01
-1.182053456774483458e+01
-1.281680084182618806e+01
-1.287488843131866112e+01
-1.181237703142986106e+01
-1.197961696124769304e+01
-1.279805180286863475e+01
-1.284782560631625614e+01
-1.215309251444382888e+01
-1.319350712349399579e+01
-1.332384824053217542e+01
-1.304460492817595174e+01
-1.258993590308764965e+01
-1.276500603810644563e+01
-1.260050086636541344e+01
-1.175318561895499236e+01
-1.216734098234249650e+01
-1.169790944395216314e+01
-1.218219501603571508e+01
-1.247439924855836679e+01
-1.315406608916878284e+01
-1.358048707795382093e+01
-1.267266279572746512e+01
-1.123341537510550125e+01
-1.116044796150554141e+01
-1.157193274311747366e+01
-1.145530505133597288e+01
-1.108241753593270218e+01
-1.128469634575975888e+01
-1.169795717081090913e+01
-1.251296596883177692e+01
-1.155258196034178297e+01
-8.886174724137379854e+00
-4.964917852587630520e+00
-3.622280420583514626e+00
-4.844982278579126778e+00
-2.944367690243444358e+00
-2.600999188700078957e+00
-2.608237737395061373e+00
-9.234085282829350705e-01
-2.537017822164159941e+00
-5.094141946273014199e+00
-6.604387353711976161e+00
-5.534992496234776738e+00
-3.743264090735477279e+00
-5.897289611198429427e+00
-8.437832565118725370e+00
-7.413567316640420124e+00
-6.630129427127608110e+00
-5.731786708525135055e+00
-2.521993647862638799e+00
-3.226102417253651211e+00
-8.695536363753307185e+00
-1.113722954250332009e+01
-1.090144432051815393e+01
-1.048373470848871136e+01
-1.117599093033085822e+01
-1.166977405264406542e+01
-1.074061826210755122e+01
-8.268884767561006655e+00
-8.556203097855508588e+00
-9.591862845739765220e+00
-9.226584409511866980e+00
-1.004846584436853085e+01
-1.082178206510775809e+01
-9.693732019041000569e+00
-7.891220858274832217e+00
-6.702007760243890111e+00
-6.941480835301351959e+00
-5.538524630760497836e+00
-6.467386199781436140e+00
-8.921242243579849074e+00
-8.096114588466853945e+00
-6.359143994773248210e+00
-6.710280111537758607e+00
-5.922226123652841956e+00
-6.235476882177258595e+00
-7.629056892717119176e+00
-7.276893630785588485e+00
-5.124225918897236554e+00
-3.164632026986804902e+00
-4.610985835360914109e+00
-7.262140733324816466e+00
-8.244176231545754518e+00
-8.860576180941258428e+00
-7.929502312199709912e+00
-6.405850964428385197e+00
-7.343385987534769122e+00
-7.906913597434615859e+00
-9.396303884726764366e+00
-7.818301502508627543e+00
-8.082800794412781542e+00
-1.271692803199131916e+01
-1.365922293503866136e+01
-1.341289903796094407e+01
-1.254798074844452849e+01
-1.236143458275241613e+01
-1.313979735179185937e+01
-1.379168368044949666e+01
-1.348115263979503098e+01
-1.361842695790850577e+01
-1.367929680639830714e+01
-9.215893567292814836e+00
-4.970084489479243750e+00
-5.803111456601713236e+00
-6.423894673320137194e+00
-5.959073827058309902e+00
-7.654148346131176339e+00
-7.362264424072681557e+00
-6.243076431541916271e+00
-7.168098086555469983e+00
-8.056561077947460348e+00
-8.668854062927431769e+00
-1.024905189755532753e+01
-1.082353292317834637e+01
-7.919551246079820750e+00
-6.081737245306000794e+00
-7.872618538200558014e+00
-9.808331922718013018e+00
-8.505324389472219693e+00
-8.374378099529035779e+00
-9.867794485979075603e+00
-1.017946875859381350e+01
-1.132735543110490184e+01
-1.131336607367321712e+01
-1.148497681979571006e+01
-1.125394183212114463e+01
-1.034780040105134447e+01
-1.095074954160708280e+01
-1.191518510203754921e+01
-1.185512367298165337e+01
-9.842277704704963881e+00
-7.140105329383974464e+00
-5.867328915818105450e+00
-6.248922781114768732e+00
-4.745945682119007358e+00
-2.092723858123896274e+00
-6.407944849061415482e-01
-3.077447534365485904e+00
-3.402582883104511957e+00
-7.949730609616059152e-01
-2.397923036700221111e+00
-6.225463870381310549e+00
-7.565584199784461283e+00
-5.718532035587752915e+00
-5.105645294251459632e+00
-4.686264314984868840e+00
-6.229092494674294933e+00
-7.663018034458034755e+00
-5.244112433844594356e+00
-5.183945273445896618e+00
-6.950480586768500224e+00
-6.502807964521204021e+00
-5.358631543607663694e+00
-4.548413047980329083e+00
-5.883540359345945880e+00
-8.937533169739880989e+00
-8.993958279366770725e+00
-5.975931745775028503e+00
-3.339740278579328869e+00
-4.196648998040652501e+00
-6.882202335260118709e+00
-1.039132101015124299e+01
-1.158339795284568829e+01
-1.157003582023605404e+01
-1.278900504954559025e+01
-1.302693925133078068e+01
-1.064516104118503215e+01
-9.971327309840205544e+00
-9.563753694098140912e+00
-7.610244887133215563e+00
-6.636833390529314869e+00
-8.015821941893452873e+00
-1.002405559549470127e+01
-1.023018241700166975e+01
-1.004872653489556633e+01
-1.067457384686699839e+01
-1.073142565494007528e+01
-9.366881661798108993e+00
-1.032462261297120065e+01
-1.305840294296231363e+01
-1.340703323022790272e+01
-1.193793984817306075e+01
-1.062996869151792723e+01
-1.093225447729414412e+01
-9.924643942258136065e+00
-8.140654926253548140e+00
-6.590675989018803804e+00
-8.238304993621705208e+00
-9.769713120160293585e+00
-7.830359835091595500e+00
-5.728886564673486781e+00
-5.792838211140793447e+00
-4.962144946578478155e+00
-5.210713146061820567e+00
-4.857860237689846095e+00
-3.641026319602624906e+00
-4.906336151157955072e+00
-4.413936733256878853e+00
-5.386506764151357096e+00
-8.137540212649870597e+00
-9.448662682754946474e+00
-7.901886630181510718e+00
-5.963122989811322050e+00
-7.391856781550311339e+00
-8.563977275395670219e+00
-9.282450554287269284e+00
-1.120311631666423047e+01
-1.157462979546844650e+01
-1.008288821909354560e+01
-9.379838308191061458e+00
-9.565360538664430479e+00
-1.078379112342347845e+01
-1.118608709328660566e+01
-1.068880110155837215e+01
-1.161206810000602907e+01
-1.194133378170963766e+01
-1.131440228685231730e+01
-1.046418959924938008e+01
-1.004382059152731088e+01
-1.173103753804239879e+01
-1.110165604061553424e+01
-7.925656091170952600e+00
-5.512264825956739500e+00
-5.931130468112874254e+00
-5.446376626412648747e+00
-3.951400561897938424e+00
-4.813022767033242388e+00
-6.293126196252051052e+00
-8.217122457335618080e+00
-7.172959878858979899e+00
-3.963111763797058540e+00
-2.037748814109488382e+00
-1.850431379406319576e-01
-8.824346067564046159e-01
-3.228016341391467314e+00
-5.812633744541990666e+00
-3.951151968000941039e+00
-1.225910464501905467e-01
-2.064771486526052247e+00
-3.478709999951675957e+00
-4.927778555861490162e+00
-8.758618942806998930e+00
-1.010026749286321035e+01
-9.241031425773115870e+00
-8.945155882077509446e+00
-1.073055951606506575e+01
-1.253760269431848329e+01
-1.182768625624078496e+01
-9.461508806371355718e+00
-8.993906813185301274e+00
-1.058866751369907533e+01
-9.811609289847927684e+00
-8.021944248467717031e+00
-8.659959159935880280e+00
-9.467259262456908075e+00
-6.296573636330899504e+00
-7.151380391978626960e+00
-7.900953485992184611e+00
-6.454700710377661466e+00
-6.978237575727074038e+00
-7.582439445025753066e+00
-9.612257481451548458e+00
-1.052332219380285139e+01
-1.138417211545097096e+01
-1.266857352719678786e+01
-1.219884283813948578e+01
-9.796208552531698643e+00
-7.683484716261207659e+00
-8.107157935385641778e+00
-9.300212953786390457e+00
-9.887863842283403315e+00
-1.028588133954038675e+01
-9.777918577915478693e+00
-1.046987629315646551e+01
-1.143436814919189537e+01
-1.233080933767260134e+01
-1.281865798000514367e+01
-9.783882575167583084e+00
-7.004877963201776581e+00
-8.256296060678538495e+00
-1.006958942976160998e+01
-8.682009994858709945e+00
-8.420270396020093528e+00
-1.083412328276433989e+01
-1.133705398808533715e+01
-9.561163019935865037e+00
-8.370352678023442294e+00
-7.826508322117952332e+00
-7.406704087963950300e+00
-6.636742208134596588e+00
-6.579637545794190245e+00
-6.774609457332688933e+00
-8.180413077485813034e+00
-9.660250244691354737e+00
-1.015480609065940065e+01
-1.117868872403107439e+01
-9.311960648612396696e+00
-6.086275695015531007e+00
-6.387568264774975191e+00
-6.888557214561481068e+00
-7.070050140880940859e+00
-7.323503931976431680e+00
-8.112017309334312642e+00
-9.930269665813499458e+00
-9.492426566230976803e+00
-9.153759585916523278e+00
-1.081024552522005955e+01
-1.144097936174657981e+01
-1.201862253132457603e+01
-1.093865868269108788e+01
-6.793768993023754810e+00
-5.217632538815008658e+00
-5.438703654152313050e+00
-5.865979101000757368e+00
-5.134812084938244148e+00
-3.182925087779863826e+00
-4.447843960235671190e+00
-5.541835252154106328e+00
-4.200629379005057729e+00
-6.581912053535213580e+00
-7.934545018306288000e+00
-4.210628413384566393e+00
-1.682913660101384101e+00
-3.057639942205924388e+00
-1.573548766296366752e+00
7.097265099807773328e-03
-5.498538523619227458e-01
-1.761212215677818493e+00
-2.941489037196243661e+00
-3.113773457208906859e+00
-4.527330925712205634e+00
-6.348550225528483359e+00
-4.944937995794106200e+00
-1.554708900054429410e+00
-1.050852810411348148e+00
-2.851679881246797610e+00
-2.453446737982174053e+00
2.643927641743238244e+00
2.681212009450038014e+00
-5.372034682372786030e-01
-2.239808146542096257e+00
1.685714864327293450e+00
5.961471131406812063e+00
7.853104734195424541e+00
7.782909539712164815e+00
5.907185719624738596e+00
4.485602238771100758e+00
1.815911585513485749e+00
-6.570878561329426826e-02
3.230373538369367914e+00
6.757897762069942971e+00
1.308359831561870301e+00
-2.739902549990455238e+00
-1.180412952381781677e+00
-1.025385901352061202e+00
-1.971104971999796174e+00
7.111424725893389365e-02
1.610702415363140794e-01
-1.160510924441783054e+00
-2.461993683239281250e+00
-4.037193095228588824e+00
-4.715548913416156118e+00
-5.496207664507474000e+00
-3.978118793332081626e+00
-5.101517780834700311e+00
-5.633104799000765439e+00
-2.302308131026423954e+00
-3.009437450594114161e+00
-4.510553550952529633e+00
-3.190935001350446942e+00
-1.148454606036148240e+00
-8.664426465780259434e-01
-1.936906757498761122e-01
-4.447463449136414226e+00
-4.926249744089099103e+00
-5.202486132243109296e+00
-5.131725563744399032e+00
-1.468719795113635929e+00
-2.054153121118762915e+00
-1.827553363021486188e+00
-2.421704636040554082e+00
-4.762588592226293827e+00
-5.035007270273007762e+00
-5.904055842806475773e+00
-7.890011190109131434e+00
-8.906027800505597725e+00
-8.963713046247145044e+00
-7.165592608798624141e+00
-5.203217158026260947e+00
-5.820411628769417867e+00
-6.440415065300170383e+00
-5.994076210801585702e+00
-5.746115355743610209e+00
-3.096077719435549103e+00
-5.712441741415493768e-01
-3.450321689109614454e+00
-5.208806625968524173e+00
-4.542237193870757750e+00
-4.092035123051458889e+00
-2.454947367709999551e+00
-9.161661544864239115e-01
-1.208196409774459967e+00
-1.871044266663639322e+00
-3.090730980180488974e+00
-2.008445010134303210e+00
-4.932372583237953911e-01
-7.604595775484419562e-01
1.111200716038401648e+00
-5.578989941990287749e-01
-1.171963507613443589e+00
1.592430193604950528e+00
-1.245402834072652232e-01
-1.497031632203669416e+00
-2.639883996847254277e+00
-3.596858699130292436e+00
-4.316807356940354445e+00
-5.710271111956165768e+00
-3.233812225777012550e+00
-2.716666453497088796e+00
-4.541113163641594674e+00
-3.856062754810838822e+00
-4.341881244628488901e+00
-2.957967257533278271e+00
-1.204663369399403328e+00
-5.732312499239973214e+00
-9.101664415594608926e+00
-7.394568942422067082e+00
-6.211222091033604009e+00
-6.319356465420249869e+00
-5.167971749989580310e+00
6.470665775920301233e-01
-4.251767394673317213e+00
-2.239177515349399350e+00
1.062722428973454258e+00
-1.557771197728558432e+00
-4.002132108741080607e+00
-3.909938168932451052e+00
-2.197305496734654806e+00
-2.293885716915746720e+00
-2.980188537385891845e+00
-2.219924129646601685e+00
-4.380484338371679165e+00
-5.070598625674323401e+00
-4.264883432817805797e+00
-3.339109671681204983e+00
-3.242019509878029115e+00
-2.332552957151984963e+00
-2.551803716589995386e-01
-3.443541003470352191e+00
-9.209108840795094508e+00
-7.922771798391809561e+00
-2.776083265966001079e+00
1.934679985110903555e+00
4.869309853543488664e+00
3.810860061822951561e+00
1.032445293142766563e+00
1.841755208536415833e-01
2.130137912753345741e+00
4.918692970427797739e+00
8.149301273040299165e+00
6.389925216356731497e+00
2.316405304209030458e+00
-1.728606027311464066e+00
-7.965945913206068374e-01
2.678277267215458224e+00
3.849270981298615890e+00
4.055730733083398043e+00
1.175006406590532793e+00
9.475494285912972048e-01
2.233728774124459637e-01
-8.169362961091181097e-01
9.321885204986729567e-01
2.135535589295981307e+00
4.775835461790300052e+00
8.138265504188966659e+00
4.945438904452919893e+00
1.503979688906266210e+00
3.111096256860911957e+00
1.650212942891532863e+00
1.822732157069953729e+00
3.271300229834512852e+00
4.204064392652088755e-01
-2.746285507952217930e+00
-6.132590092955148897e+00
-4.800706974410958061e+00
-2.734558087213354582e+00
-5.991089541598702439e+00
-5.481103761388522955e+00
-4.436086805146922885e+00
-4.203487201922697203e+00
-1.424475510365201814e+00
3.310783829090353514e+00
6.608196807604764800e+00
8.123886442245268569e+00
5.958330229301650682e+00
1.826203674831937240e+00
1.761080423050649157e+00
2.123393750406876279e+00
6.202187465335400329e-01
1.895844940820096580e+00
5.085007771151157208e+00
4.997304593075476475e+00
3.070582201612960471e+00
3.822690337414849648e-02
3.020418626952583452e+00
7.325110297869910525e+00
7.899251446883870820e+00
4.695543929271718042e+00
5.850994156469206953e-01
-2.096658956020739595e+00
-1.606745170468563577e+00
1.953721653885951870e+00
5.926982115210781110e+00
8.930868617577569779e+00
6.940701324677894135e+00
4.987913679693415148e+00
6.399791158996769092e+00
3.023380435867723204e+00
-3.835219073797781486e-01
2.213271829549118497e+00
7.785859668488599894e+00
-8.584722355469760480e-01
-1.716721607529276827e+00
-7.664783229157320354e-01
-2.225792038618858548e+00
-1.843005175367119275e+00
5.638938082197385293e-02
-6.398805544433335823e-01
-2.315451989440715064e+00
-1.072396088535097824e+00
2.052014644191002102e+00
4.488987324823100700e+00
4.540182965869105303e+00
4.750041734476241118e+00
3.829345454509726743e+00
1.321738053204778857e-02
1.994411615883604938e+00
4.451211878429651492e+00
3.694389617075942933e+00
4.742074900238760549e+00
2.145290992725223944e+00
-6.931071547053082149e+00
-8.702371410398589191e+00
-1.046718123536474465e+01
-1.136733767634157743e+01
-1.145945466868803919e+01
-1.271515646308384184e+01
-1.418514496075856179e+01
-1.464342576516069983e+01
-1.341495732611638125e+01
-1.130600771653591963e+01
-7.454840510816350019e+00
-3.653962244793012015e+00
9.803863162707062706e-01
3.263494395977230234e+00
2.406956390439719762e+00
3.115861870577031567e+00
1.300189811762860082e+00
-9.441893441053968994e-01
2.863409692308373611e+00
4.185698462049943558e+00
2.766337688819164420e+00
1.393464301891619073e+00
8.903514847030217227e-01
-5.322275074576688914e-01
-2.735285499218328642e+00
-7.928279127614055177e-01
2.506976955022318432e+00
1.754248222124556111e+00
-1.974820277636559318e+00
-3.775912702322815839e+00
1.295008755217804675e+00
4.239151400948440340e+00
4.804637704483828209e+00
4.429376483137387410e+00
4.398931023932820317e+00
2.884901069427317832e+00
4.579739800021688900e+00
8.373816032701903112e+00
4.413464686747952115e+00
4.189071179455933880e+00
9.111821978131285249e+00
1.144943528749421091e+01
1.313269800459906200e+01
1.377088020151210479e+01
1.388544275757872448e+01
1.277778000359828781e+01
1.347077811147140913e+01
1.452814525469418605e+01
1.298078143268569562e+01
1.028344684162388312e+01
7.495734988205883020e+00
7.042976209077464134e+00
6.734547163381757073e+00
2.904252155568171734e+00
1.071254591615923069e+00
3.198302874949400465e+00
5.341832988707444940e+00
6.831582707019702383e+00
9.008801887266384867e+00
1.050741616925849620e+01
1.103912756601030942e+01
1.156904160220228128e+01
1.214899049303549461e+01
1.031318478433521513e+01
1.074420545427334339e+01
1.129303048866939285e+01
9.171317249836153707e+00
9.194835133000321292e+00
9.030150695276336847e+00
7.155460411523394626e+00
6.124924808327071091e+00
6.191172431038481250e+00
6.413116421924407895e+00
4.969533656487974405e+00
5.463129819721739722e+00
6.592122783466064284e+00
8.527173617906296244e+00
6.276291275502566158e+00
1.158659924375231798e+00
1.087278654545202450e+00
3.759786438653998975e+00
5.245396699347296909e+00
4.936016389782793112e+00
5.505256515670337691e+00
8.228898742802455146e+00
1.088042346928076043e+01
1.248558428701554135e+01
1.304976872439389446e+01
1.281645401985940147e+01
1.241331246370958397e+01
1.045129966145411338e+01
7.717839136673378064e+00
6.059250231767276951e+00
5.321539096369985344e+00
4.885538329749838482e+00
6.838733505994940565e+00
9.073203678304547992e+00
7.261707196834353617e+00
5.344231988438040482e+00
4.912431182439499722e+00
6.470665775920301233e-01
6.470665775920301233e-01
6.470665775920301233e-01
6.470665775920301233e-01
6.470665775920301233e-01
6.470665775920301233e-01
6.470665775920301233e-01
6.470665775920301233e-01
6.470665775920301233e-01
6.470665775920301233e-01
2.950179269808653082e+00
2.568380042422069298e+00
8.488281699080241216e-01
1.787794579610528123e+00
5.110108717837023029e+00
4.180693951621382354e+00
2.849969113814518451e+00
4.873253467300136421e+00
3.745470526947907608e+00
3.139257978434331631e-01
1.486727668076573139e-01
3.325804290507950345e+00
6.592638724721480159e+00
6.331200321405257903e+00
6.307907876772214095e+00
7.694374495128879055e+00
5.649646362574602065e+00
2.539415851238141730e+00
2.777095096947883146e+00
6.103223516101890844e+00
7.811896237277517585e+00
9.023958237096332269e+00
1.151368903437706592e+01
1.040974002515904040e+01
7.751205609590086532e+00
8.469013790532601504e+00
7.846877799815868748e+00
8.138396912144759909e+00
1.054072799742846200e+01
1.224234585671808873e+01
1.163212163848480785e+01
9.642983458605790759e+00
1.061460607299892622e+01
1.374562959341278479e+01
1.322934518864911979e+01
1.134831327752530683e+01
1.178322350469243673e+01
1.182176548229281821e+01
1.006227661737782064e+01
9.848713722826003547e+00
1.081914336433646362e+01
1.089162617727897953e+01
1.132267991371542060e+01
1.331223160460300825e+01
1.333428483479505111e+01
1.130151755874221209e+01
1.119962893607807963e+01
1.090610289523199050e+01
9.808292987826789044e+00
8.679624671644637246e+00
5.861977974483700393e+00
3.937254587829056351e+00
2.727051344119411525e+00
2.253698620060203162e+00
1.049646136387382356e+00
3.045207869817786239e+00
5.563727067516774483e+00
1.414533933100418306e+00
1.586018974795701197e+00
4.826711556645289392e+00
5.619671416164967681e+00
6.709031904441196126e+00
9.540659387700385352e+00
1.098110700694124198e+01
9.564707377198521598e+00
8.846781575963568400e+00
7.552132124755367215e+00
7.471707773207441505e+00
9.124333010005832634e+00
8.396715890752206590e+00
9.494033203685392053e+00
1.091606874273148620e+01
8.806511381043859998e+00
6.115488382970531767e+00
6.047004688305952946e+00
8.307494074746825774e+00
1.013293762331599268e+01
1.129055681849760440e+01
1.070607461739746746e+01
9.288038869120525121e+00
8.044506903823194222e+00
8.320903291127251578e+00
8.975216416603837288e+00
6.736797405124173466e+00
6.850201526445490963e+00
8.286270101645571984e+00
7.082571315357919950e+00
6.418538189546324269e+00
8.779290078644388373e+00
9.051771768843678956e+00
6.622627498836897608e+00
5.601458964854272971e+00
3.725914822033600249e+00
1.236799359036206303e+00
2.858655293153818944e-01
2.412209110439959669e+00
3.444942906500901625e+00
1.450979124999567382e+00
1.627997518645457165e+00
3.257634770636694377e+00
6.671302920626626332e+00
9.861260899783715672e+00
1.100645844993706390e+01
1.126776014446724083e+01
9.370108643300282480e+00
8.458038123864314528e+00
8.906732374494836790e+00
6.630774503280237653e+00
3.527064349796900533e+00
3.958471868822038164e+00
7.076638646474718186e+00
7.569264454809158771e+00
6.440007452629450846e+00
8.513061855065076955e+00
1.156137370135713205e+01
1.208776701606468151e+01
1.150916927507675958e+01
1.026710946472560693e+01
7.176541800308627650e+00
6.336182831554136641e+00
8.204290008153590108e+00
6.695097636561646581e+00
6.108456746122199021e+00
9.552369752206116615e+00
9.124825112329267185e+00
8.626883568310464767e+00
9.160227116295660110e+00
7.896677173849774078e+00
8.674117332619296405e+00
7.917444959503082913e+00
8.732549205954999394e+00
1.108811248657602633e+01
1.236171422702746270e+01
1.284499633343081548e+01
1.258556270623059703e+01
1.173932439174563847e+01
1.081124819109944468e+01
1.094346174502383917e+01
9.169431098099460442e+00
8.526139416826042705e+00
8.561789213951968236e+00
8.721875335597623291e+00
1.077324342902949716e+01
1.054597901924940473e+01
1.026184050721364649e+01
1.160688412906335287e+01
8.390071053968688020e+00
8.254005561650895828e+00
8.663842061004507045e+00
9.660979253297583114e+00
1.401192532074555075e+01
1.489803571065118071e+01
1.489323424457984224e+01
1.579829771209866074e+01
1.574840854862160633e+01
1.471168561742479319e+01
1.286829564175185681e+01
1.386542052757256194e+01
1.402764553369990708e+01
1.396058594624802573e+01
1.518247680479474049e+01
1.481618341974115083e+01
1.460156904387745946e+01
1.517876929412568643e+01
1.506540844934121814e+01
1.431324544901292306e+01
1.407367797084242511e+01
1.497663419245053973e+01
1.574576164359416630e+01
1.552775166636914328e+01
6.470665775920301233e-01
6.470665775920301233e-01
6.470665775920301233e-01
6.470665775920301233e-01
6.470665775920301233e-01
6.470665775920301233e-01
6.470665775920301233e-01
6.470665775920301233e-01
6.470665775920301233e-01
6.470665775920301233e-01
1.473230785133830878e+01
1.477578196022501622e+01
1.469815010356181872e+01
1.457641296074545245e+01
1.418596702036794177e+01
1.432539605350488721e+01
1.549261100543266068e+01
1.604467734495214870e+01
1.501919602236073992e+01
1.413192566213364465e+01
1.566645881658227601e+01
1.386162667351114841e+01
1.170390216649230020e+01
1.377989953688078018e+01
1.443635198004072606e+01
1.394714214398458019e+01
1.463887843929078869e+01
1.490749868754618390e+01
1.309196380151061234e+01
1.227348708163740199e+01
1.545133571921796900e+01
1.615782402691999309e+01
1.550020909351828280e+01
1.540474753489681170e+01
1.486960838590369782e+01
1.576116024187998477e+01
1.608837115324194045e+01
1.624692479006207080e+01
1.638714575589744626e+01
1.626483088898048734e+01
1.606531884180566649e+01
1.484697830205353419e+01
1.376301808647707325e+01
1.350344690693634853e+01
1.277569237143353043e+01
1.180623146479222818e+01
1.356107663238420713e+01
1.506597098588009231e+01
1.478332562167236297e+01
1.452549457384645315e+01
1.420538336178962702e+01
1.235874857050479569e+01
1.028485352684555565e+01
8.581950479024420986e+00
1.147786485461876360e+01
1.441301257931911017e+01
1.421666243461038448e+01
1.304199256649260086e+01
1.281554754187446754e+01
1.259607229119992411e+01
1.262227212388898856e+01
1.276447149781221491e+01
1.213822243856355598e+01
1.234286430956034586e+01
1.353242923611697890e+01
1.510288047051384197e+01
1.586862327466277733e+01
1.605006300772869565e+01
1.634982730792519234e+01
1.629046808945971136e+01
1.516077226754258689e+01
1.417178160831568512e+01
1.414925288083166777e+01
1.409566725782455521e+01
1.441804974280300655e+01
1.358267029257585889e+01
1.270281763315800205e+01
1.425358188621444455e+01
1.459941574661944941e+01
1.451359376656950140e+01
1.474528300828516514e+01
1.388715700075883674e+01
1.261096070648668110e+01
1.168432647981361860e+01
1.183165588093476117e+01
1.236250714666191186e+01
1.330208749445208483e+01
1.413155032903441466e+01
1.321873116778443347e+01
1.177687252598319922e+01
1.205819567852876339e+01
1.220392775369015403e+01
1.367741427079449323e+01
1.460942024253517779e+01
1.452566773770173292e+01
1.468640149482927271e+01
1.481120505795903952e+01
1.487541022243960143e+01
1.493078084842056086e+01
1.540111670285775958e+01
1.446213362188327345e+01
1.195968258054512390e+01
1.015214076827425593e+01
1.037066560382983837e+01
9.491373109405417452e+00
8.671978187740849719e+00
9.781186377950234601e+00
1.216413957529710999e+01
1.122149977680226129e+01
9.036489216281687220e+00
8.893631846713750733e+00
7.872414927434498111e+00
1.004384857627332295e+01
1.190108288416296034e+01
1.072617402675412990e+01
1.183103433844098795e+01
1.245683708236759379e+01
1.151496135199779225e+01
1.000854479164642896e+01
9.963911167729557761e+00
1.194495307016121544e+01
1.340975286128980670e+01
1.423205451051339310e+01
1.328467077257788098e+01
1.137591486548830133e+01
1.113168606204627942e+01
1.335518279668277053e+01
1.425108140869891749e+01
1.361903409687561251e+01
1.341291867519277048e+01
1.316269399747303837e+01
1.284718515304476583e+01
1.408238003537265470e+01
1.433600476808781288e+01
1.404176964340643075e+01
1.430003790443475786e+01
1.159013787258694705e+01
9.492156644119935649e+00
1.161349840733276650e+01
1.312974642265061043e+01
1.306022813390447546e+01
1.324365511783164706e+01
1.322264755010843196e+01
1.370679895539497650e+01
1.499070638804195355e+01
1.565661088771891762e+01
1.506266298601567577e+01
1.451228617222234618e+01
1.290248310455902825e+01
1.126169486318549851e+01
9.985684497553544148e+00
9.344233097575184388e+00
1.087386564712755899e+01
1.063970092918077270e+01
1.085730285282542695e+01
1.141322371039504269e+01
1.228754322649587927e+01
1.289185647523184741e+01
1.101316980911815158e+01
1.237062952277833716e+01
1.482998687746701272e+01
1.547322945140868988e+01
1.617169360188933425e+01
1.623349070736266597e+01
1.642394923099270443e+01
1.633090380449992196e+01
1.617105336076316036e+01
1.546620948030117404e+01
1.630868186446218715e+01
1.614285760949002935e+01
1.586984753625643130e+01
1.501480712775597581e+01
1.512721639840496657e+01
1.562896499796714345e+01
1.627883061434546264e+01
1.630962392774682712e+01
1.571674547001599365e+01
1.457281342770008159e+01
1.347764797994397235e+01
1.328548164964449541e+01
1.374022879689116294e+01
1.295729515902807805e+01
1.276534696337811070e+01
1.229593308265003238e+01
1.213127569371732228e+01
1.199948573254419593e+01
1.034150146654503821e+01
8.928969436199228227e+00
1.200501937047984846e+01
1.432643078892260569e+01
1.415607986737939328e+01
1.301856540491822578e+01
1.132100100792481712e+01
9.060949494864173559e+00
7.174134884977349635e+00
7.686648680570837833e+00
1.010822608163111269e+01
1.069949685024785957e+01
9.822929113870401352e+00
9.518268735428733862e+00
1.137766098644846835e+01
1.189693434230572322e+01
1.149144438129093615e+01
1.212871324870941869e+01
1.319100071570466248e+01
1.429641967459939522e+01
1.476959390030970276e+01
1.539520598711837351e+01
1.581844019144349822e+01
1.522434365301032777e+01
1.399577250124210082e+01
1.165652861098020132e+01
9.475111372566075829e+00
9.058718552038344640e+00
1.213749355127302643e+01
1.160099491554900553e+01
7.665555548536416630e+00
8.935817127836640950e+00
1.047036238321057766e+01
1.116081811978034466e+01
1.150125651701303120e+01
1.165809650578545309e+01
1.365704458245857111e+01
1.461636369612992148e+01
1.306484823079890489e+01
1.180851051983760058e+01
1.174366440172643422e+01
1.056567728093446412e+01
1.081680896378482970e+01
1.168124096193323069e+01
1.129682315548387805e+01
1.256074264129995832e+01
1.328953112190080610e+01
1.443825087856710354e+01
1.517017851848174459e+01
1.585136174965801459e+01
1.588137855731297599e+01
1.598872664106469621e+01
1.580191531981990494e+01
1.512828192932621363e+01
1.443164749513433343e+01
1.448544223255757224e+01
1.430650949983014542e+01
1.265638867168470583e+01
1.246874887643480001e+01
1.236233198005259304e+01
1.380461030521272647e+01
1.375072629800961899e+01
1.295015383550691368e+01
1.385526983500774811e+01
1.388342580612311394e+01
1.426321648285470189e+01
1.484450483171135460e+01
1.332091082221866607e+01
1.375336299311256383e+01
1.530123294981769355e+01
1.359453444430871194e+01
1.126759394590859031e+01
1.064813184380486710e+01
1.230649762630597088e+01
1.284717600261614123e+01
1.284827851270784116e+01
1.372263940853176933e+01
1.302725908162954660e+01
1.160723996004332292e+01
1.378660516394135804e+01
1.429646588361397264e+01
1.447881150835907782e+01
1.518722009915724946e+01
1.505982304926405213e+01
1.410747291651988355e+01
1.149597716117879642e+01
1.319068156692756766e+01
1.440478378976047225e+01
1.414516783008424561e+01
1.481709781897707501e+01
1.423296096341816863e+01
1.202530090704632215e+01
1.344725022331179964e+01
1.440126483826954029e+01
1.365783946065262988e+01
1.062900068686924016e+01
8.941381458441096441e+00
1.019750183120614651e+01
1.057489066110251663e+01
8.344540965635511398e+00
8.592680388927938395e+00
9.228498792729514122e+00
8.471532290792081810e+00
9.452270544100731087e+00
1.254587717204825736e+01
1.437582772243417040e+01
1.466945557268231681e+01
1.497101611355248885e+01
1.469995846253323180e+01
1.472390479117031781e+01
1.445583256926029136e+01
1.493210787935542783e+01
1.550241707252326506e+01
1.437670685736292953e+01
1.315802817050589546e+01
1.345814168787569720e+01
1.319128044413926126e+01
1.197929326157936991e+01
1.252117055066351270e+01
1.331576640434097847e+01
1.292928195326755159e+01
9.720572960996941347e+00
8.411322169012281691e+00
9.199169980102398725e+00
8.546936927459315214e+00
9.947966276016645182e+00
1.135788434437789718e+01
9.384619997332881880e+00
8.445386355757221963e+00
8.259024309112005469e+00
9.352710859085910045e+00
1.004646370996461435e+01
1.087827976020540177e+01
1.221235771714134621e+01
8.709499432646508055e+00
3.379058960067919948e+00
3.567095510959577886e+00
5.154704569325878616e+00
7.352926931291560386e+00
8.762854834174403251e+00
7.334373250292903101e+00
3.652063133834553277e+00
3.723652494546798142e+00
5.888524612881675502e+00
6.640196461176119946e+00
8.800959835251108032e+00
1.085422243469274406e+01
1.105072196661768658e+01
1.073334527503246605e+01
1.089039767527834179e+01
1.039419581102812984e+01
8.990769901826729082e+00
7.977011715280097448e+00
9.148846997462344532e+00
1.258718232624671529e+01
1.315649573937470329e+01
1.390808865805498229e+01
1.466081169209920887e+01
1.499306323588128365e+01
1.511845253293190616e+01
1.405344999522034577e+01
1.273525269405899785e+01
1.162278250558481396e+01
1.185126553891888435e+01
1.277470709907380275e+01
1.134744522186176852e+01
9.708448600214756752e+00
1.047765854092521387e+01
1.047386824435360353e+01
1.223438185980472248e+01
1.306016392123470560e+01
1.240212037255270872e+01
1.348729296073392803e+01
1.381600929809033218e+01
1.234441564967329619e+01
1.039751198392833231e+01
9.057320363797389362e+00
7.935257129694209155e+00
5.381982122728132367e+00
4.993953939815241938e+00
5.020376028968116522e+00
3.302282467449742853e+00
5.000455961002392868e+00
7.143683985528388014e+00
7.423716063604606674e+00
8.342472556669427775e+00
8.981497738248476637e+00
9.400377802075359668e+00
1.108357592682280135e+01
1.216446433220825085e+01
1.243199558601545363e+01
1.149134171613572697e+01
8.225083285294729762e+00
7.906632096432282708e+00
1.033914768025925213e+01
1.165417639523833060e+01
1.019552426171961734e+01
8.593603665940682035e+00
9.273042862469443648e+00
1.005474145158433963e+01
9.286382982084163018e+00
6.965229025622429404e+00
9.156058667911318949e+00
1.106329925668785563e+01
1.011611232858326126e+01
9.505384658236733841e+00
1.023544807270434376e+01
9.831148564619352825e+00
9.858027114787768497e+00
9.704882871526709920e+00
1.063685770838598366e+01
1.202964213603250521e+01
1.083079534402521915e+01
9.803900514112658726e+00
9.287315009880202865e+00
1.067041318245501458e+01
1.202638115831759791e+01
1.194117614872618738e+01
1.147499866859618756e+01
1.016146760027918816e+01
9.606817531078096550e+00
9.010212381273682070e+00
1.007368768109004620e+01
1.190714168361262182e+01
1.272654335623928823e+01
1.331575913798935140e+01
1.255488643998156029e+01
1.085041555038532834e+01
9.406862419138972697e+00
9.085072566374943648e+00
8.857848800019651136e+00
5.770344082000642416e+00
4.265003199675896361e+00
5.201071169525206095e+00
8.028143062156940957e+00
1.007863626963413850e+01
1.081355968893227804e+01
1.126875615806828179e+01
1.071824830128957018e+01
9.650777257823817123e+00
1.022695449454760741e+01
1.033081369959962537e+01
8.810492267622521467e+00
7.988070064254456426e+00
8.392690645249523129e+00
7.337099928209777744e+00
6.346652463970542613e+00
6.274953795383733102e+00
4.835206687579898244e+00
