-1.186308295301581239e+01
-1.206412442065972535e+01
-1.270458909145400206e+01
-1.364038635653065512e+01
-1.358663086809538001e+01
-1.305911075099028196e+01
-1.252427946205929388e+01
-1.192555459768628623e+01
-1.068049096205225545e+01
-9.132007373876227518e+00
-8.171028739138488817e+00
-6.523293246845790705e+00
-6.338076066490597071e+00
-8.777695075773076283e+00
-8.298561698357183047e+00
-5.245598904291079556e+00
-6.185808902415669941e+00
-7.429314425116809950e+00
-7.037484839207575504e+00
-7.463028436175179081e+00
-8.731981963076806963e+00
-8.734788656204869994e+00
-8.871116415864175764e+00
-7.411404366625013118e+00
-4.243038984463919583e+00
-2.426629156367177131e+00
-1.536034437705546818e+00
-2.849377538878505423e+00
-5.765643169995792405e+00
-8.669432851222374836e+00
-1.061245316737400657e+01
-1.088867216969324758e+01
-1.058080743217462683e+01
-9.109929898104773827e+00
-6.935218404182010410e+00
-7.682340424414564772e+00
-8.724638641425242369e+00
-8.917652526427081838e+00
-8.244275832950815897e+00
-8.153610252776042344e+00
-8.394400018342770053e+00
-8.116423056406569359e+00
-7.911730255054859384e+00
-7.853143746169466866e+00
-9.110446525410626606e+00
-1.058712311460531375e+01
-1.062467330885854366e+01
-9.711367050388838962e+00
-9.385939812079554301e+00
-9.294685171363619602e+00
-9.958158697929226477e+00
-9.778334787775955661e+00
-8.083873512041346743e+00
-7.610843623063485275e+00
-7.732857223986443707e+00
-9.088232432828206697e+00
-1.055152093779311429e+01
-1.065350762898137660e+01
-1.062268625936125765e+01
-1.038695855094980125e+01
-1.042528150619371097e+01
-1.105859496931779518e+01
-1.101733015697919349e+01
-1.024958419490798001e+01
-1.099238601659351211e+01
-1.069965858224855459e+01
-1.049266823157945616e+01
-1.254924357935305324e+01
-1.196947003724801561e+01
-1.043901907343247970e+01
-1.108726134779146122e+01
-1.210937951657183298e+01
-1.205672573624805288e+01
-1.119298282231809161e+01
-1.087076204041182592e+01
-1.090345703833002311e+01
-1.152605014030869235e+01
-1.120102750068791764e+01
-1.011342014016785740e+01
-9.124819721827622132e+00
-8.562552056815702528e+00
-8.261146757713113686e+00
-7.259834303931503641e+00
-8.370931142214757870e+00
-1.047722531713315597e+01
-9.044991008757525819e+00
-8.062226799998311932e+00
-8.594923046309755676e+00
-7.228897310368151530e+00
-5.820452303315849285e+00
-5.099558102997791664e+00
-4.311588680075853830e+00
-6.976635673393885462e+00
-8.866638927142812321e+00
-6.946910721884432149e+00
-5.505345049591634954e+00
-4.115880590535606842e+00
-3.289932981274677370e+00
-5.701348402243741731e+00
-8.128663267649320900e+00
-1.105075503491375599e+01
-1.152184940123188994e+01
-1.091758604796696197e+01
-9.980537245211683839e+00
-9.726720326843537379e+00
-9.364893911311506614e+00
-8.208266857404099781e+00
-8.340855933820046531e+00
-8.666690336133388683e+00
-7.991766281701994323e+00
-6.148269804737085842e+00
-5.569421838226260135e+00
-4.064522665504043175e+00
-1.667047193558167439e+00
-1.403360338087295656e+00
-1.083455222185496059e+00
-1.852511724556521910e+00
-3.880317835621904354e+00
-6.140305846719703808e+00
-7.895455712184581643e+00
-9.708808572524512570e+00
-1.106202462296069911e+01
-1.042318747328471851e+01
-8.444735992986826645e+00
-5.955415485424200739e+00
-3.246946057715194289e+00
-3.136486572344921342e+00
-4.313677877733607779e+00
-3.732728563142670986e+00
-3.843523814454160359e+00
-2.773230619383521667e+00
-3.038539185004327070e+00
-3.375266669680835996e+00
-9.522516036378028126e-01
-6.570619420345416017e-01
-3.966386584222187928e+00
-6.226402578997844550e+00
-4.375885637956998586e+00
-4.132986633478755500e+00
-4.962890305928248758e+00
-5.133667544205092526e+00
-5.218005742001395220e+00
-5.043433843479629530e+00
-5.680793273196361071e+00
-6.134501755025365100e+00
-6.585879741554273359e+00
-6.478231321158413714e+00
-6.866136305311663968e+00
-5.909528035621007369e+00
-2.813293057060774149e+00
-4.762553007423340201e-01
-3.027562405708833504e-01
-4.163971374221019595e+00
-7.663955190722765209e+00
-7.430343820367973251e+00
-7.002127178359922155e+00
-5.656632120693739552e+00
-4.229068221367975333e+00
-3.679909885984504747e+00
-4.692966129184881652e+00
-7.254240125029303599e+00
-6.592615276466977647e+00
-1.882493220604473771e+00
-3.110267818804649309e+00
-9.535977407472794098e+00
-1.199322901665346919e+01
-1.276377168999867706e+01
-1.336019562625117274e+01
-1.262763163161772617e+01
-1.083204757157606224e+01
-1.194581207049709626e+01
-1.230497892435034046e+01
-1.192410268711102184e+01
-1.182153336909676078e+01
-1.285493199490669802e+01
-1.360526648587387477e+01
-1.380757258153665568e+01
-1.345275738045741498e+01
-1.256880373365331494e+01
-1.130627442052663412e+01
-9.777171189248154093e+00
-9.228734164373813442e+00
-9.269411947945242147e+00
-9.270912974545581164e+00
-7.275054477973293743e+00
-3.557416520862363374e+00
-5.185385522742630648e+00
-8.916897870905220458e+00
-9.145115294035324638e+00
-5.400477446345249177e+00
-4.065505846737111462e+00
-6.802753580164842440e+00
-7.243461967153256076e+00
-5.042096649254018459e+00
-3.956468662168219907e+00
-3.721727538517102474e+00
-4.465555118031365289e+00
-5.344175569428948336e+00
-5.464129331618527097e+00
-6.827032874536023144e+00
-8.890192658916266311e+00
-9.186481147105482137e+00
-8.694034403019230695e+00
-8.864567775353172863e+00
-7.978927459653098353e+00
-9.677801207561829600e+00
-1.086064822168343191e+01
-9.497539664730737741e+00
-7.516865689900810388e+00
-7.916576255614079294e+00
-1.007222156604974117e+01
-9.071380404807593223e+00
-6.982524047906441211e+00
-7.017305864078854150e+00
-7.487630675020494841e+00
-8.554562547254263905e+00
-1.058944719130832901e+01
-1.120535512538996059e+01
-1.119984213469114032e+01
-1.011093056699285420e+01
-7.796805640469071541e+00
-8.656752830867562309e+00
-9.637296914963593863e+00
-9.043854163539471358e+00
-8.009731132631010553e+00
-6.255145327987722936e+00
-5.519578771203835998e+00
-5.638669423042736994e+00
-6.246258008898315062e+00
-7.125005555828595405e+00
-5.507464006817385460e+00
-3.150879710099210751e+00
-2.359433193581696120e+00
-2.807265818486381015e+00
-3.146661285210092363e+00
-4.098648058524824833e+00
-4.848448384743750061e+00
-3.823761405108530909e+00
-5.850790049681389604e+00
-9.062273755349297133e+00
-9.330148638694774732e+00
-9.913193358616169348e+00
-8.276996357378340718e+00
-5.983281433631080226e+00
-7.609075480635008049e+00
-1.008632215540075627e+01
-1.082013064829008009e+01
-1.018331951855876483e+01
-8.758914549506355840e+00
-7.131002875258800167e+00
-7.463184976321721287e+00
-7.284643708755379699e+00
-6.360474583679323501e+00
-7.351303743602044527e+00
-9.923389651629269892e+00
-1.086494394931615126e+01
-1.210658032888751201e+01
-1.313850396636365581e+01
-1.294936955412809709e+01
-1.271151221895993899e+01
-1.015524546896937075e+01
-8.191129193913718964e+00
-8.399664846139998531e+00
-7.633761931050452532e+00
-6.535919944591154440e+00
-6.093430123783755370e+00
-6.783965614463130400e+00
-9.695090592980813327e+00
-8.749338357534545807e+00
-4.905295038660810292e+00
-5.581644986171779621e+00
-8.347121899855091343e+00
-1.070488777264483282e+01
-1.116992607799665471e+01
-1.014846357361835949e+01
-9.126786341242938860e+00
-9.274661482514485300e+00
-7.362372344098884192e+00
-3.613414415372438349e+00
-8.814706252438014866e-01
-5.485518019186063077e-01
-1.708522823256950041e+00
-2.804930473610886654e+00
-4.165908033422598855e+00
-4.798912796859341690e+00
-6.854319949894201791e+00
-8.108216273626354109e+00
-7.789901777841365060e+00
-6.633446365829809288e+00
-4.960987632091702793e+00
-3.053842924737202758e+00
-2.177137077852876246e+00
-2.011669607112828828e+00
-9.592082577593302739e-01
-2.105139381038293234e+00
-3.208570266583147479e+00
1.424256393327693326e-01
4.344660217384902268e+00
6.980799735023078156e+00
7.153869316574509973e+00
4.522592795606497518e+00
2.113536324305412162e+00
1.059328768860544612e+00
-1.937751964649780390e-01
-3.712001991452433369e+00
-7.598893939268100972e+00
-8.773311987535263867e+00
-8.398521205348467689e+00
-6.918968216900718282e+00
-7.305541593459763838e+00
-9.143184907296832975e+00
-8.269716194429866718e+00
-7.054411129721221307e+00
-5.284633680714344806e+00
-3.313745018809886034e+00
-5.292486683480310816e-01
3.037774753566814923e+00
3.101620856835840989e+00
3.145003117979607410e+00
3.603735159963858514e+00
3.043405447119956087e+00
3.765197288617527782e+00
2.717045927954622186e+00
9.722977386515799791e-01
-1.426807949768051254e+00
-3.191444050319093506e+00
-1.701240999241759866e+00
-1.105099098311413064e+00
-5.926491904572991354e-01
-1.578966530080303299e+00
-4.666184964471862706e+00
-4.514622565510753915e+00
-4.287033640778000532e+00
-3.234087148940426371e+00
-1.843292917242019158e+00
-1.821600462678598209e+00
-2.390508457295095646e+00
-3.512617478891360445e+00
-4.871677267565029723e+00
-4.434145901382030353e+00
-3.922252869974303113e+00
-5.833750718978229166e+00
-7.872382412578914135e+00
-8.215632669972434243e+00
-7.963304159069235943e+00
-6.715383115729011365e+00
-5.500521805086425964e+00
-6.780539056315451951e+00
-6.260627292592099380e+00
-4.521114714752398456e+00
-5.763720165642792104e+00
-6.857631229794060701e+00
-5.491750737867915788e+00
-4.287585166007248816e+00
-3.903758937269501406e+00
-1.899477482732998324e+00
4.673610562708371829e-01
1.110028663218988326e-01
-1.561731411471992903e+00
-4.048776293675745208e+00
-2.998649371879704262e+00
6.580451691753032017e-01
4.038569205015937191e-01
-2.005466281178794219e+00
-1.056126352608879104e+00
1.163151132718305281e+00
-6.144685682707394792e-01
-3.304847261512140477e+00
-2.389465177444772603e+00
2.211450310978017864e-01
3.958482998870529457e-01
3.017442969101910011e-01
-6.833937457681620309e-01
-2.392570128632182325e+00
-2.456105376871847934e+00
-2.266375169242662135e+00
-1.562414959738441356e+00
-6.137539910083493755e-01
8.375766215692831418e-01
-6.044961249260648595e-01
-3.425287605838552629e+00
-2.188433383476677374e+00
-1.445371638583874851e+00
-3.756266872139763624e+00
-4.526695974483579299e+00
-3.909683865602405550e+00
-4.173936534295780376e+00
-4.721951210306307267e+00
-6.683775292593571393e+00
-8.040919480351945481e+00
-9.011379731101992974e+00
-1.047728742001527102e+01
-9.980644000685105155e+00
-6.955682578979208941e+00
-1.590642529343132328e+00
1.859336892833629573e+00
3.510006226401325868e+00
5.409227342661527160e+00
2.419884371705209425e+00
2.403841893006018193e-01
-2.638485661248469727e-01
-1.744643638765308591e+00
-1.334340776009513174e+00
-2.414382541857413578e-01
1.810414558414107145e+00
2.964161268370111291e+00
3.461260885167701584e+00
4.951428182839459957e+00
4.020054681896487736e+00
6.945569269548971247e-01
1.612066233366842738e+00
5.747465530473812478e+00
3.926907997246882331e+00
3.309311381222606041e-01
-3.393288781923332831e+00
-5.718404828412215757e+00
-3.981803619832946062e+00
-1.968192754773664399e+00
-2.732237248866588253e+00
-2.956977942951840799e+00
-3.092666827219003434e+00
-4.746302531261130220e+00
-6.206488953141308329e+00
-7.970584456799988615e+00
-1.011985344899135342e+01
-1.046496692361410474e+01
-1.079519777153867643e+01
-1.236044726690426465e+01
-1.312196221015815212e+01
-1.321515251173265248e+01
-1.298599405679102148e+01
-1.270030227038657245e+01
-1.170442037982115302e+01
-9.941057878516108559e+00
-7.812240735265742586e+00
-5.548054445094592779e+00
-5.742741969137954428e+00
-8.593987640501774550e+00
-7.475083614817651601e+00
-6.319312058566176837e+00
-6.684993586778506192e+00
-4.312098649069758594e+00
-1.727933764774978176e+00
-1.977340564589234573e+00
6.470665775920301233e-01
6.470665775920301233e-01
6.470665775920301233e-01
6.470665775920301233e-01
6.470665775920301233e-01
6.470665775920301233e-01
6.470665775920301233e-01
6.470665775920301233e-01
6.470665775920301233e-01
6.470665775920301233e-01
6.470665775920301233e-01
6.470665775920301233e-01
6.470665775920301233e-01
6.470665775920301233e-01
6.470665775920301233e-01
6.470665775920301233e-01
6.470665775920301233e-01
6.470665775920301233e-01
6.470665775920292351e-01
6.470665775920292351e-01
1.166476870713655531e-03
-7.379981269338465877e-01
-4.032769623998578190e+00
-4.963701883766279188e+00
-2.738698292977108650e+00
-2.962304647348001918e+00
-1.997284583310914297e+00
1.734578722792057826e-01
-5.851598773702452183e-01
-7.774350465688224521e-01
3.881547276619886633e-01
2.212791641085509742e+00
1.007990375385162007e+00
-1.081911191969161967e+00
-2.120676418987992862e-01
-4.328732483475712933e-01
-1.056616289022976662e+00
-1.679229517733973998e+00
-1.476249991155116278e-02
8.382961161789083127e-01
-2.324831035655547939e+00
-3.964596292297239088e+00
-3.215516329302108289e+00
-1.575656786554658906e+00
-3.360388398311018765e+00
-5.851140822668483565e+00
-6.662045817466142772e+00
-6.361338671961962454e+00
-5.494311136394919970e+00
-2.331356970396567974e+00
4.215839484213995902e+00
7.475348490163307602e+00
6.894536927752786148e+00
6.716722710549105635e+00
6.104280334080457671e+00
5.235599847481275937e+00
3.929855836799231117e+00
2.999482074814763699e+00
5.274397759969705390e+00
6.021723728647052631e+00
-3.837116444741935917e-01
-4.347211076226372484e+00
-3.824931511734839251e+00
-3.543197507163580617e+00
-3.438058847387035488e+00
-3.195755419334691094e+00
-2.215563082282649976e+00
1.661970908729768215e-01
1.166163487251361541e+00
2.830976725269697125e-01
-2.275644955711361994e-01
-4.507683082795444496e-01
3.563184407708936408e-01
1.221703555614271464e+00
-1.546897430204687174e+00
-2.329405660440387660e+00
3.889597055366116329e-01
1.422087795288730083e-01
-2.606090937571355237e+00
-3.468844210116611038e+00
-3.252345857462747070e+00
-3.323162062359240387e+00
-3.838652734822667334e+00
-4.335526995957856400e+00
-5.854882905807816229e+00
-4.268630395843250547e+00
-3.984691043364185337e+00
-3.789005679680874650e+00
-3.086508819270551429e-01
1.032814444575273827e+00
1.742425616918527931e+00
2.750441995915505977e+00
2.561984634119204962e+00
3.463677796297317979e+00
5.634698870004650750e+00
7.056703895315243891e+00
7.146142277505651563e+00
6.403680044970057494e+00
4.352479808086323843e+00
1.581530975611937784e+00
-5.647761769254102671e-01
-2.600045500071329840e+00
-2.622333911594114664e+00
-1.655210729626524824e+00
-3.116332915547231686e+00
-2.438185172202806061e+00
1.198425342507504904e-01
-5.479734665035997931e-01
-1.961356630757804087e+00
-3.437526407752383939e+00
-6.117360851722332349e+00
-8.415144772006330598e+00
-8.385904441026681866e+00
-8.887420773181787581e+00
-9.505818200534324802e+00
-8.346912012089180877e+00
-6.897972813715663065e+00
-5.720365273079419666e+00
-4.698777429856025201e+00
-4.172894292657529647e+00
-5.622721198252362385e+00
-4.824880227509995123e+00
-2.706863811372463680e+00
-3.754817088129740021e+00
-4.741677035165862364e+00
-3.886637033908792116e+00
-2.120842137777240399e+00
-2.705782686594454312e+00
-3.076846826798361967e+00
-3.754468307635669966e+00
-6.130944619345643609e+00
-7.934294886790296708e+00
-8.172615511230331364e+00
-7.722087319295551033e+00
-9.058003546223066138e+00
-1.037056935844407768e+01
-8.940031263765648717e+00
-7.840000919732925233e+00
-8.741099617127888521e+00
-8.592681478804513162e+00
-8.866871049256065618e+00
-8.383190174659292282e+00
-7.579873181516759928e+00
-6.489355251664133739e+00
-6.832231145458552923e+00
-7.150181733053426747e+00
-5.655883050747218199e+00
-6.471761373234030224e+00
-7.984906265776819723e+00
-1.030971443776543417e+01
-1.155093411133733916e+01
-1.171548232141589985e+01
-9.807185755729596721e+00
-1.045079088961063718e+01
-1.111592893894612111e+01
-1.104715473625642552e+01
-1.156118092578210543e+01
-1.187332178671385741e+01
-1.088379841041171581e+01
-1.049170499095428255e+01
-1.033774534340732032e+01
-8.963211258677969084e+00
-8.041987640730674514e+00
-9.362242433381814166e+00
-1.060748656930538303e+01
-1.087176287321724644e+01
-1.160168430082514313e+01
-1.151490037261207711e+01
-1.117867970700998370e+01
-1.131106110128682118e+01
-1.055099003493515930e+01
-1.057432239677260100e+01
-1.009630130394007708e+01
-1.104358792672087475e+01
-1.193115986792655825e+01
-1.200618882392563158e+01
-1.212964401829068173e+01
-1.200928112539553183e+01
-1.191900745424280572e+01
-1.119875694699951474e+01
-1.112759041237666757e+01
-1.136836095910324929e+01
-1.181179428857078761e+01
-1.212003260240100921e+01
-1.167601843886672341e+01
-1.156090733478932719e+01
-1.222244349182313883e+01
-1.268898206134732654e+01
-1.289335545418229145e+01
-1.282381331696078774e+01
-1.284981020137147567e+01
-1.249926319236481120e+01
-1.157711552231271135e+01
-1.146304442000215751e+01
-1.157219316366114725e+01
-1.071135173998079537e+01
-1.023075129892862556e+01
-1.070923294385074342e+01
-1.090695045838601196e+01
-1.076726203335968179e+01
6.470665775920301233e-01
6.470665775920301233e-01
6.470665775920301233e-01
6.470665775920292351e-01
6.470665775920292351e-01
6.470665775920301233e-01
6.470665775920301233e-01
6.470665775920301233e-01
6.470665775920301233e-01
6.470665775920301233e-01
6.470665775920301233e-01
6.470665775920301233e-01
6.470665775920301233e-01
6.470665775920301233e-01
6.470665775920301233e-01
6.470665775920301233e-01
6.470665775920301233e-01
6.470665775920301233e-01
6.470665775920301233e-01
6.470665775920301233e-01
-1.149331539718227546e+01
-1.255815485832681944e+01
-1.267894964376726819e+01
-1.252421965996201791e+01
-1.194916319282575756e+01
-1.248227251357082501e+01
-1.290772074535788327e+01
-1.256326830958663621e+01
-1.213176680704665245e+01
-1.195139631897598953e+01
-1.150748483136417910e+01
-1.201111308774262909e+01
-1.218976818337128165e+01
-1.219209109713031935e+01
-1.228995081939957856e+01
-1.189454049276496761e+01
-1.230472623249665887e+01
-1.266756443574684887e+01
-1.285213340972549112e+01
-1.284892961418574409e+01
-1.278240458159667625e+01
-1.204924126905509141e+01
-1.105293719097167049e+01
-1.074640459833772788e+01
-1.148442674317301737e+01
-1.134882704208314408e+01
-1.065910053052568607e+01
-1.191507450954531322e+01
-1.203555686600517483e+01
-1.177159714653718581e+01
-1.261532977244551113e+01
-1.280205492252622790e+01
-1.265900891710925258e+01
-1.204150048788119065e+01
-1.127769828074450054e+01
-1.170223001883163327e+01
-1.261317748318789356e+01
-1.288509184326109214e+01
-1.254796140205584898e+01
-1.245524409145314237e+01
-1.147809878426354402e+01
-1.032405176986100415e+01
-1.097983669370533200e+01
-1.151958602214430094e+01
-1.124548115095857703e+01
-1.092301980663432914e+01
-1.134413895158789387e+01
-1.124345806214050469e+01
-1.124743336695581242e+01
-1.075031478788242190e+01
-1.083589615492501679e+01
-1.055867996717381274e+01
-1.151786468538971775e+01
-1.219310470189556206e+01
-1.196770978135150365e+01
-1.264129960870819147e+01
-1.288556478187498655e+01
-1.273274558392393807e+01
-1.216628100773826482e+01
-1.120255448517295704e+01
-1.137577655152303180e+01
-1.124775543649979070e+01
-1.088663738968295469e+01
-9.526329388977693213e+00
-7.252792116764147146e+00
-7.057140677317828903e+00
-9.385169693790809120e+00
-9.062589275417821000e+00
-7.292716867453421514e+00
-8.489184362399740280e+00
-9.856586229098736496e+00
-8.345104098242181578e+00
-5.976888080493135469e+00
-4.916993537776046530e+00
-7.473641954390573439e+00
-8.697409257976596919e+00
-9.033953684637104686e+00
-1.031137926126509718e+01
-1.168662293385035156e+01
-1.228212708257171215e+01
-1.158874761278709187e+01
-1.001313894773188728e+01
-9.441996992360406793e+00
-9.651918214616431513e+00
-8.766538714894325679e+00
-8.963768957238769985e+00
-9.989265829899476756e+00
-8.989852526559896972e+00
-8.562794426443671725e+00
-8.708752527824064060e+00
-7.254061872021499546e+00
-5.994113068792314536e+00
-7.147176771236639858e+00
-8.214655757913760681e+00
-6.383497425171406725e+00
-4.879155874199891940e+00
-4.980024328502839381e+00
-3.901013504078719052e+00
-2.469880574167391707e+00
-4.741846295458684857e+00
-8.920761744068908428e+00
-1.102176761625194423e+01
-1.107819821587536424e+01
-1.117332560118003926e+01
-1.122362551107732109e+01
-9.894419833291825839e+00
-1.018829821293733673e+01
-1.189112327100976074e+01
-1.248961014156662586e+01
-1.217965654359391792e+01
-1.057800688980649007e+01
-8.423004714653259839e+00
-1.000993995560538252e+01
-1.188221262541084933e+01
-1.168127350078097137e+01
-1.010112607078821334e+01
-8.815691187322890698e+00
-9.162665111983956834e+00
-9.400974406995397104e+00
-8.828360513194157377e+00
-9.585867966181835342e+00
-1.054083558643278984e+01
-1.026855774604669769e+01
-1.148036624226096336e+01
-1.299262565205073727e+01
-1.305228436399136172e+01
-1.229206618236965909e+01
-1.209423740693829252e+01
-1.239605855511892862e+01
-1.239524155432774322e+01
-1.211995851954886838e+01
-1.217832805281881647e+01
-1.271982749898464782e+01
-1.233026540714848629e+01
-1.217768357175925154e+01
-1.183156233810976588e+01
-9.966475263165435194e+00
-1.057025071419257500e+01
-1.247712144874931006e+01
-1.275686622778460588e+01
-1.116727120955208186e+01
-9.540050781925485168e+00
-9.578291425968656014e+00
-9.710614596812698451e+00
-9.096077644803996165e+00
-8.098733584498219784e+00
-9.154222237432703579e+00
-9.140562991464289411e+00
-8.911346223259185351e+00
-1.038601743298107216e+01
-1.085473170022146938e+01
-1.074621982093576200e+01
-9.658032592906264924e+00
-8.880963885345607878e+00
-1.134022013127278683e+01
-1.190203371107629948e+01
-1.007763370155993421e+01
-8.470773857722734945e+00
-1.028926556375965440e+01
-1.123513841736931873e+01
-8.944828548844297345e+00
-7.284576936073753117e+00
-7.062497978510437591e+00
-7.423064337452393247e+00
-8.594086084403336656e+00
-7.592114633452559325e+00
-7.612749774069442310e+00
-9.517670809362215323e+00
-7.336978235341293342e+00
-5.224612941801951571e+00
-6.489208116771718160e+00
-8.311728319918504582e+00
-8.988506603277054197e+00
-9.816859607105552499e+00
-9.624232290272452417e+00
-7.536086957150694765e+00
-5.438921838473632420e+00
-5.907617516888816311e+00
-8.526409814837688117e+00
-9.875322631292572595e+00
-1.032677765217375665e+01
-9.923208197297158861e+00
-9.117309354110894049e+00
-8.806722525282035363e+00
-7.607996537423054484e+00
-9.487701403283727686e+00
-9.260407842323616023e+00
-6.795468855895776983e+00
-6.186972143465963470e+00
-5.192739969052884597e+00
-3.177492137460727673e+00
-2.310796566436012611e+00
-2.804169388270147056e+00
-1.280173483304948290e+00
1.211302831269023550e-01
-9.602960332633873053e-01
-3.908210024288420570e+00
-6.253583990615419808e+00
-4.704437629257449238e+00
-1.677586866180449832e+00
-3.640462920783622991e+00
-6.277536935706314658e+00
-6.631801629179060242e+00
-5.994811242154008291e+00
-5.918891864224779198e+00
-7.438121233995349080e+00
-6.469452693045828262e+00
-3.185364114039202832e+00
-3.714152017073384826e+00
-5.152613122767192522e+00
-7.080807168704182253e+00
-1.028243906987081502e+01
-1.039269053729523762e+01
-9.746460507380072968e+00
-9.688882734329112623e+00
-8.950440801367767207e+00
-6.940136715760552910e+00
-8.034008827879468129e+00
-9.171356398221092832e+00
-7.903861224157430421e+00
-7.777915951075241807e+00
-8.308456731565689424e+00
-9.437612721749182754e+00
-9.493949555502686266e+00
-7.258278547056210783e+00
-7.863046854159682297e+00
-8.729826967497976042e+00
-6.847684933332651269e+00
-5.215312187387408649e+00
-3.499987788943236922e+00
-1.321298091979100198e+00
-9.001404604397418296e-01
8.488913867637192245e-01
4.076561368833441890e+00
1.838797639008880935e+00
-1.400189466261918980e+00
8.167933428413342023e-01
1.951038070360662235e+00
8.216606903470869971e-01
2.673312714217435104e+00
2.803787727729869950e+00
3.841790971984738068e+00
2.733246247807147533e+00
1.310824679098070655e+00
2.225111760068487321e+00
2.246296385051955280e+00
1.537203195671666522e+00
3.507143436369471456e-01
1.581524175930850928e+00
3.378891089961091776e+00
2.337733545188337647e+00
3.962295994467493809e+00
5.407627896920544686e+00
3.508243297924300563e+00
4.249543003035031852e+00
6.700485299273368334e+00
8.386473762494670581e+00
9.943925216077186491e+00
9.515519854490227303e+00
5.512208426781637804e+00
1.425262512295591699e-01
1.533582738652980115e+00
3.571581597034670708e+00
2.820175567784275916e+00
3.588903665174389523e+00
4.376898630537882973e+00
2.803859437958435397e+00
-2.179430936495169169e-01
-1.636308393415026652e+00
-6.718473521227769085e-01
-1.709055690734862187e+00
-4.732470416050686524e+00
-5.740484845822045656e+00
-2.380563080243397245e+00
-2.115642559145330281e+00
-2.868196747175141947e+00
-3.496497179911603137e+00
-4.593826620061422616e+00
-2.052455063248054046e+00
-8.966558702676510340e-01
-2.505232955947335860e+00
-2.609935761763305884e+00
-2.108978612061676472e+00
-4.421813256029729189e+00
-5.392342932936761812e+00
-4.969714135711341463e+00
-5.336380282758125482e+00
-6.582685538764648570e+00
-5.562083826010359111e+00
-3.301731816855525192e+00
-1.477011631164492078e+00
-1.560098814994901328e+00
-1.962684185364712786e+00
7.288518252820927468e-02
-8.332143080104168487e-01
-4.216728466155588606e+00
-5.379602063312109550e+00
-5.270355764493865003e+00
-3.394442773773507671e+00
-2.731443882429214209e+00
-2.462257226840137037e+00
-1.157844201756393465e+00
7.087537216996206979e-01
-1.435804130700720549e+00
-1.047943076853418809e+00
2.158797185082405701e+00
1.834517977217512641e+00
2.408495786512779624e+00
1.487222211316417075e+00
-1.375278584683725880e+00
-3.084881640765317456e+00
-4.704030411077334328e+00
-3.183397128097279261e+00
-2.317896621212985231e+00
-3.470426073302269820e+00
-5.762147990497856753e+00
-7.737075875234479483e+00
-7.688013083348673504e+00
-8.678603065786299808e+00
-8.275834418551573535e+00
-7.342040098250647517e+00
-6.577752226739557173e+00
-7.698960541415549308e+00
-9.034298691965911843e+00
-8.148189712579510413e+00
-8.539829490882056007e+00
-1.001881140187423469e+01
-1.091187038623766448e+01
-8.785599763584125199e+00
-4.490299380777169169e+00
-2.865038697040408255e+00
-1.554303064986845007e+00
-1.807321990546858492e+00
-3.297404755436317281e+00
-4.873472455020608329e+00
-2.666592592932759853e+00
-2.204133804048942213e+00
-4.977278767453951147e+00
-2.691077807279317557e+00
1.731062186352184673e+00
2.508032908451732990e+00
1.467070084045812184e+00
2.067839705719139776e+00
2.398537302321995579e+00
9.298977711550183711e-01
-2.093828145886791336e+00
-4.820526168570646419e+00
-5.799875968034065465e+00
-5.256926662147153984e+00
-3.235412202428668227e+00
8.874745589862992334e-01
3.675859984024847371e+00
2.306358239821667322e+00
8.612826653146817835e-01
1.575138355841674276e+00
7.515736358766605951e-01
6.750063886639015021e-01
6.932619556508951009e-01
2.792993977466227573e+00
2.788801939247002704e+00
-1.464607812540547727e+00
-3.711219256513843767e+00
-5.425378120958894712e+00
-6.820151006819354933e+00
-8.020502065668098979e+00
-5.915317714212883438e+00
-3.869837501104716804e+00
-4.100955832408753388e+00
-4.877954215033661889e+00
-6.936353077790771593e+00
-8.830461361272231358e+00
-9.370721364089739325e+00
-9.746357706359750850e+00
-1.129598848598148031e+01
-1.172415263854940370e+01
-9.802935067404787262e+00
-7.715352774732760821e+00
-8.584851200738457422e+00
-8.985361469041054150e+00
-7.433249320308455310e+00
-7.193748441361372592e+00
-7.942097345445430001e+00
-8.181712075479378399e+00
-6.650620010247616953e+00
-3.971401350069610814e+00
-5.830944696793464388e+00
-6.560835791882236201e+00
-5.241614577890522320e+00
-5.127549175124248571e+00
-5.047600820924563081e+00
-4.938674500585034544e+00
-3.941421705894496696e+00
-5.448922371827300992e+00
-7.759014662442449861e+00
-8.109326511783379487e+00
-6.402043763259855247e+00
-4.420542982382228203e+00
-6.007325362954608394e+00
-8.232862686770150873e+00
-8.889114285566492413e+00
-7.934229193579773742e+00
-7.746127216031258200e+00
-7.468980556022132511e+00
-7.174527364477476965e+00
-7.027370313147591752e+00
-6.704409625788331439e+00
-8.490856692370773118e+00
-1.046484703192131072e+01
-8.246952397390002076e+00
-3.133060959789065514e+00
2.001517365969722739e+00
5.024155110981602057e+00
5.655768585243730051e+00
4.437412381391212080e+00
2.529566648353742675e+00
3.017393663459086550e+00
2.907850570519584288e+00
3.608133233686687369e+00
6.112655547930034849e+00
6.295240313038647173e+00
5.877419157612282063e+00
4.099340785021943212e+00
4.578736545710146544e+00
4.436150763722541690e+00
3.477060506923437710e+00
4.707941347973815915e+00
5.050006947625854004e+00
5.272464895804540141e+00
3.919920180984186153e+00
2.402838081246796875e+00
1.601458564366524673e+00
-2.383528557895116251e-01
1.203020394026332734e-01
2.548969079315130948e-01
-2.779889295993374088e+00
-1.217426382998394452e+00
2.084685940269869864e+00
5.060473092716254229e+00
6.514807869043072408e+00
5.148366903723534449e+00
3.056790381867455775e+00
3.586387801510834361e+00
4.335431083900393112e+00
2.346990955073715579e+00
5.549693106906563145e+00
8.738071903892302927e+00
6.822025438517044016e+00
5.588453524722264198e+00
6.656816565417184250e+00
7.171759957464611368e+00
7.539802570089393363e+00
9.386904970205094401e+00
1.141699348912752576e+01
8.525131962278539532e+00
2.617015657526542416e+00
1.906934802680273044e+00
5.708867132867331051e+00
7.297220259210623894e+00
6.924811097255532566e+00
4.103618482752668051e+00
-1.973177794418861764e+00
-4.817130720311419978e+00
-4.088463168954345583e+00
-3.366009483196331420e+00
-3.967117135260928684e+00
-2.434644102641291497e+00
-1.733918414966523436e+00
-2.448052663533028639e+00
-3.789436684182200032e+00
-3.736083313318772525e+00
2.409219138853788689e-01
2.414569821950093953e+00
4.193916573734148834e+00
6.686864761523016121e+00
7.801010486955465062e+00
6.732307693653823755e+00
7.732058181782321071e+00
6.991549684971984036e+00
4.093040379977731291e+00
6.470665775920301233e-01
2.357302936137039229e+00
-1.750270348642546658e-01
1.181854360667704551e+00
2.407098688312140577e+00
1.350675864621994515e+00
2.446906178498702289e+00
4.882832081565284810e+00
6.288837989726979494e+00
4.753027593025246134e+00
5.159892791315781047e+00
7.455404596966971553e+00
7.915329349332369091e+00
7.477205848407621147e+00
9.651022880220502032e+00
1.199947400728551195e+01
1.270126739298163976e+01
1.014691192892167138e+01
7.089451971355859250e+00
8.044555375736623049e+00
8.816708663609876595e+00
7.811881816226579289e+00
5.120331853574504599e+00
5.907915362377144319e+00
7.685158661643856526e+00
7.537580424470289309e+00
8.508921963514982423e+00
7.993801593812693618e+00
4.404479163998797020e+00
3.093240456793046711e+00
4.034918536373404585e+00
4.144393959346724721e+00
3.470051429898258988e+00
4.846045084377124113e+00
6.593098204090144243e+00
4.251545535840111079e+00
2.091748528419550279e+00
1.755638989777402070e+00
2.356692082692305235e+00
3.527647527077432787e+00
3.089982448709422069e+00
4.424211294617868440e+00
6.503277168773681893e+00
3.750538410588130755e+00
-9.655118416858309294e-01
-1.463661717242649818e+00
3.929070116358681641e-01
4.677196424900096794e+00
4.471431581569617286e+00
2.584469972632709833e+00
2.667758668670997313e+00
2.420315232005613826e+00
1.861824711519020070e+00
2.825990834209491265e+00
2.464227330228460300e+00
-1.433834106496953087e+00
-1.811787429068580701e+00
-2.785230760538815464e-01
1.250891692279839873e+00
1.955888766272481316e+00
2.112523683235859040e-01
-8.289942881645725459e-01
-1.785569280746938770e+00
-2.585513977443641753e+00
-7.887699849188896106e-01
-1.151413894400155957e+00
-3.687983299320310770e+00
-3.075854926982021009e+00
-2.792144872551197698e-01
7.713756310760047086e-01
1.555912797816326465e-01
1.049214874290981703e+00
9.970697018242924425e-01
-1.130732771366762091e+00
3.243413317266318208e-01
2.319317240771947120e+00
-8.171620435629721457e-02
-8.774450903277239422e-02
1.710007631701836450e+00
4.718261405180058099e-01
-1.760987946340746513e+00
-3.656692676454033286e+00
-5.188492960039690516e+00
-4.615460238393243486e+00
-3.316383034180459877e+00
-2.531402484245270035e+00
-1.239671506591788708e+00
-5.079122802868000219e-01
-6.114374506900185358e-01
-1.000534347252340917e+00
-5.132414570768686346e-01
1.688837403707513340e+00
1.892188211057050928e+00
-5.091097253170451253e-02
2.075931645169418971e+00
7.590100632109257006e+00
7.807292999339981776e+00
6.276928168369341421e+00
5.426742180211812538e+00
4.277227665792377564e+00
3.795974739429081701e+00
4.239565828028413641e+00
4.550626371350166011e+00
5.960107467400032277e+00
8.042145557885863383e+00
8.495396113492091672e+00
5.893393296287381844e+00
5.725356886329294070e+00
4.589890226531236905e+00
2.124766066508068096e+00
4.010579395817429393e+00
4.781738353533441455e+00
4.102098719042166941e+00
4.388493567512819382e+00
5.766588144149582540e+00
6.238012299755640200e+00
4.516943472191814912e+00
4.758964226244293272e+00
6.954732890159218250e+00
5.211902700994584414e+00
1.176543357477731755e+00
-6.068439323674997832e-01
-2.939661474425482535e+00
-2.737025495684823007e+00
-1.495991920971329936e+00
-5.891574964073514886e-01
-1.783292496824246731e+00
-4.686164536762566613e+00
-6.494861175133650022e+00
-4.872239790392163705e+00
9.585245173570955401e-01
6.543760931359768662e+00
7.748300968710334580e+00
8.855753067460399919e+00
1.134894610746438026e+01
1.016569308134785032e+01
8.060552448571179696e+00
8.846845462895808865e+00
8.988013724827284889e+00
9.852328618687071327e+00
1.027495297504325400e+01
8.590031537634208902e+00
5.554404811470791792e+00
3.210355635699010168e+00
3.301278536170530131e+00
1.928103436435718576e+00
4.683568459327011602e-01
-9.271059588641273885e-01
-4.985583647986420452e-02
1.095430245143298231e+00
1.897967064420908567e+00
2.981928147719677291e+00
1.445525689633525346e+00
3.315733524224231399e-01
2.036379001429906133e+00
3.292754490133432466e+00
4.394930689641030064e+00
5.781267144015037829e+00
7.073900019658775129e+00
7.507466080432227962e+00
7.433526679171299278e+00
7.405316534474807533e+00
6.521709885428808029e+00
5.608781172694082606e+00
5.133654034283702039e+00
8.634541298846073687e+00
1.119269063862053493e+01
1.183928818797254934e+01
1.256492941975735889e+01
1.248772753628123233e+01
1.043505110126688251e+01
7.473890311079905757e+00
5.072499951654843464e+00
3.899627976652043415e+00
3.470290561544269181e+00
4.879058734637870209e+00
6.526353220832844748e+00
7.877213411616132532e+00
8.680861860913152483e+00
9.487436362004554979e+00
1.054296930524102294e+01
8.295447356536135075e+00
6.400477892469914387e+00
6.747279406651893296e+00
7.106738356581498550e+00
8.239276645944412891e+00
1.018857804776980025e+01
1.187206263478528001e+01
1.168234350558890355e+01
9.695329433016265597e+00
7.243245987740651870e+00
5.423860261332359656e+00
3.422109878790584148e+00
2.080172304874501776e+00
3.230888507291612477e+00
2.936125577025719746e+00
-5.611816111839175447e-03
2.232159599953976947e+00
5.056062043399211170e+00
4.733605888561775110e+00
3.437313022596526935e+00
2.790680726096124165e+00
2.099181469059422156e+00
3.387899429359154890e+00
5.397923069388752104e+00
3.784707359901407386e+00
5.999208910403421857e-01
-9.250124669614621098e-01
-5.204688656398140933e-01
-8.338715838628624200e-01
-2.795594403269638373e-03
4.886446412753650215e+00
7.749360940562008970e+00
8.618757401149654385e+00
9.202112569645164442e+00
8.378277930842733312e+00
6.249816452149929979e+00
4.602857476942099346e+00
4.460869880344932703e+00
4.355062547811083817e+00
5.775617248572832096e+00
8.348229867776245428e+00
7.834544542200337247e+00
8.301280093262731086e+00
8.903380246569252421e+00
8.719552431295841899e+00
7.672479849425222653e+00
5.808180530442807132e+00
5.667147215261587156e+00
4.581391630039915341e+00
3.903058428472399477e+00
3.309966676593337542e+00
2.808592802064385108e+00
2.028513397295700127e+00
2.828557098089689248e+00
5.333418494306695123e+00
3.777403001395235105e+00
1.101282148794638038e+00
1.324527394212518638e+00
1.951390705293357231e+00
3.383692476458029397e+00
4.739711482546330679e+00
4.912511880329657465e+00
3.671307527642857504e+00
4.276644222903614789e+00
7.471920272486975989e+00
8.289843775591320352e+00
8.617857156429030496e+00
9.799263155698239913e+00
8.756509673458600318e+00
7.064315711245286344e+00
5.346997245634873330e+00
5.699296997564949230e+00
5.031888109019273081e+00
5.491101664437831431e+00
7.246488689151541429e+00
7.846943145004186881e+00
7.586566865958238814e+00
5.480469577972865380e+00
3.564145828635651991e+00
1.936006421263468225e+00
1.639489420378332785e+00
2.176020121224269133e+00
1.230555740512310425e+00
-7.297600023042049022e-01
-1.030478696352626011e+00
-3.813562841211889376e-01
1.266985856499405649e+00
3.296717249810221073e+00
5.047847145767214272e+00
5.510540677725219716e+00
5.639194915143917797e+00
6.295193445347071481e+00
7.104268452678565104e+00
7.149000127694092654e+00
7.903103560144818296e+00
8.350971602878946243e+00
7.192443682937465610e+00
4.290711315699497597e+00
2.922568212822433953e+00
3.620557288439201660e+00
3.549641961233937604e+00
3.150103781015968440e+00
3.342020220001562514e+00
2.377919572243359703e+00
-2.991327549561739185e-01
-1.151170662376616027e+00
-1.847137231029220450e+00
7.001304627108116962e-01
5.125521917607579248e+00
6.225734255417263441e+00
5.937837469272810864e+00
7.112331997299135011e+00
6.948826035474995777e+00
8.073728526017019291e+00
1.010021711379862630e+01
8.303693876202304480e+00
8.297539196519183591e+00
9.975607022669366941e+00
9.886756232618518325e+00
9.846774196720117445e+00
1.111091319914240039e+01
1.098164349934466877e+01
1.051279314751690919e+01
1.112187738509524593e+01
1.042266920471507952e+01
1.253327229699561407e+01
1.392204173999733285e+01
1.406324827324458404e+01
1.416632479437053327e+01
1.411273711568138367e+01
1.460144363881426877e+01
1.416431910288380358e+01
1.496642495966488617e+01
1.564854573086221201e+01
1.563084832610354979e+01
1.578476103646380047e+01
1.559125637988439372e+01
1.501122480428236194e+01
1.508420429563390464e+01
1.566378028969905500e+01
1.558661017757870937e+01
1.440703037643093509e+01
1.323422429509191112e+01
1.182453012042094187e+01
1.233175580439005969e+01
1.416351249361836828e+01
1.310062406416838243e+01
1.170245563090755603e+01
1.102901552039987010e+01
1.103288504686059568e+01
1.136091034834318059e+01
1.195596461661036081e+01
1.167152839285115284e+01
9.944183931141452604e+00
7.755624804553965745e+00
1.048578733817568676e+01
1.290232405381357061e+01
1.143042437196965722e+01
1.101101502000570953e+01
1.360217956822325114e+01
1.437449460122809342e+01
1.325889255146731216e+01
1.158002223578973933e+01
1.290935564322325391e+01
1.284251757164723529e+01
1.201423891954594581e+01
1.223750010202844862e+01
1.244431428697277475e+01
1.167523308492795309e+01
1.096022888368784365e+01
1.348626805841659682e+01
1.375167988433895161e+01
1.456290897544654861e+01
1.445528108436089809e+01
1.485674541122588366e+01
1.574479040197267032e+01
1.547641349250922183e+01
1.550308338845391631e+01
1.583226601645348808e+01
1.540206837167930587e+01
1.508729884428910317e+01
1.378723439567061071e+01
1.421928111987184629e+01
1.522826300570868874e+01
1.474309598458227377e+01
1.418993536368838448e+01
1.527112167435661583e+01
1.466681695720035883e+01
1.327581573320795627e+01
1.401327373868163306e+01
1.458019854190945530e+01
1.417663245684292050e+01
1.310735758595444622e+01
1.358420721756470151e+01
1.386997948330636987e+01
1.302976459980777513e+01
1.351758566237051440e+01
1.523641370363178105e+01
1.485518991310107140e+01
1.348985798108756917e+01
1.223149265199743851e+01
1.143824796343266215e+01
1.277027837357288931e+01
1.273017388319816057e+01
1.151870761513452912e+01
1.295514697491054434e+01
1.340168677760166460e+01
1.218777378787931909e+01
1.259673851701494662e+01
1.372087176796410191e+01
1.458386086987584385e+01
1.508796445748744119e+01
1.434670814315729537e+01
1.398547673516252132e+01
1.463197450128434696e+01
1.455370476392524282e+01
1.433221420170537286e+01
1.499762530128919025e+01
1.535037013492730829e+01
6.470665775920301233e-01
1.483394437371379482e+01
1.414247934289024045e+01
1.365077391511048965e+01
1.386476031993209546e+01
1.330695367254292094e+01
1.219683901926839553e+01
1.376552458872345674e+01
1.498760254840818185e+01
1.490863928108148606e+01
1.386215810283805183e+01
1.174186896307213956e+01
1.012482816221488591e+01
1.113636193970022070e+01
1.238865470001105251e+01
1.326194872675407765e+01
1.168293072819158596e+01
9.271489010231324102e+00
9.108651551696386406e+00
1.010869068164863194e+01
1.116778961234654943e+01
1.237418989840407235e+01
1.342699578841967956e+01
1.426230168021917954e+01
1.340765976491163158e+01
1.136525790984879691e+01
1.194591585612654860e+01
1.269639770547054702e+01
1.095600165687020677e+01
1.100415222157373485e+01
1.166610288403659368e+01
1.213464244246936019e+01
1.191150250026703894e+01
1.257587548148090484e+01
1.328015121652402186e+01
1.184036467134985315e+01
1.027112021967478839e+01
1.086752664272090918e+01
1.119068925347538901e+01
1.256846865441602112e+01
1.409337790387277600e+01
1.498826125367924611e+01
1.561353801547784315e+01
1.555681877955252723e+01
1.470292868997504776e+01
1.417214094553466452e+01
1.374176642287432237e+01
1.408377180022692876e+01
1.467596152520828134e+01
1.552317451171494511e+01
1.574142343349090467e+01
1.539374340230138216e+01
1.555172540156595851e+01
1.567380497173885345e+01
1.539658773942207581e+01
1.516255396196968519e+01
1.510938529662710827e+01
1.563530155443621261e+01
1.560071672860062009e+01
1.455436872300801276e+01
1.406075229928925907e+01
1.473215101493497770e+01
1.549746586659439096e+01
1.556607111743030281e+01
1.484999886448091466e+01
1.481570090612976465e+01
1.496468231941140381e+01
1.479850192808144271e+01
1.540982418937125509e+01
1.593809787666696209e+01
1.574271976471701606e+01
1.446256419743915345e+01
1.340838361006190205e+01
1.252475236301208739e+01
1.063040483549556292e+01
1.074548967938220478e+01
1.113073650068748854e+01
1.151705965360444495e+01
1.186288406486208480e+01
1.217056134675996226e+01
1.304640616690331711e+01
1.310194264411116727e+01
1.199145266468694437e+01
1.129737479648623655e+01
1.245856595992807136e+01
1.361630808357417699e+01
1.367354828909099673e+01
1.413543221993283971e+01
1.466061133395172433e+01
1.488402811490255218e+01
1.536273336449087701e+01
1.592567939039028246e+01
1.594851138807906210e+01
1.533337052581314985e+01
1.534133034910155757e+01
1.551655474014782854e+01
1.608884383266985196e+01
1.579674746534801066e+01
1.511297005508300373e+01
1.458158332297523607e+01
1.448956117093377927e+01
1.429208522001558102e+01
1.408890879781541905e+01
1.441555550056149215e+01
1.382107436958875724e+01
1.274860289180438677e+01
1.241412123635089593e+01
1.199352380170324750e+01
1.117853881535644867e+01
1.272542765886701410e+01
1.364830699689460047e+01
1.335853120993216159e+01
1.367559257157416752e+01
1.453254699982510090e+01
1.502108779325825871e+01
1.531439953954721034e+01
1.571937116044356308e+01
1.448319309071587391e+01
1.437790802530294165e+01
1.473634670930765367e+01
1.426186314003037126e+01
1.476698800401020151e+01
1.469328756234360078e+01
1.469881119368393207e+01
1.435563419437689525e+01
1.271951189243843849e+01
1.162325240409301230e+01
1.110941452784804717e+01
1.196962008050047466e+01
1.268355211609915223e+01
1.212894000415242424e+01
1.162166293825608143e+01
1.047896025180436474e+01
1.045614557798094246e+01
1.008223210253551905e+01
8.104078288956754861e+00
8.851762504717759938e+00
1.027018390332791853e+01
9.138168326964619226e+00
8.819872122686016169e+00
9.182673199692802157e+00
9.025481415161415555e+00
1.045871748070684326e+01
1.244368551680360824e+01
1.250102422244073885e+01
1.085734638166518984e+01
8.750962590570960487e+00
7.799097697829736830e+00
7.088788350368633751e+00
9.784039646615040553e+00
1.213775211063949833e+01
1.323117595880597541e+01
1.433069998624073627e+01
1.414608628409864899e+01
1.286605470830786047e+01
1.253023024556801346e+01
1.258401585187774785e+01
1.170643509461183918e+01
1.072424569797522231e+01
1.291764643247498690e+01
1.436701430483655884e+01
1.462980688413817809e+01
1.517069200278432106e+01
1.555100297578685620e+01
1.506563632006560560e+01
1.485323298181175922e+01
1.500677630706887378e+01
1.438502578154404610e+01
1.505497241838823896e+01
1.498283863684967265e+01
1.337680811109606793e+01
1.197491507509019293e+01
1.145724120423459880e+01
1.242859597270353511e+01
1.314712604051416811e+01
1.154572476481990684e+01
8.825720137245513186e+00
9.182754781814407963e+00
9.092561532069872499e+00
9.044063773205628820e+00
1.026687306776402764e+01
1.181284930279264778e+01
1.368352337820124554e+01
1.371628708121664530e+01
1.300823828314801744e+01
1.260650139416956605e+01
1.188457966117869269e+01
1.061193933499287745e+01
1.084625883220880382e+01
1.250636715081163075e+01
1.387996791987267464e+01
1.568323452256105988e+01
1.573851520934895909e+01
1.434530628944644093e+01
1.489686416069742059e+01
1.594245925554271182e+01
1.606988879729582109e+01
1.589390646147663766e+01
1.464022605781863007e+01
1.461863256780329223e+01
1.491702056250342956e+01
1.415899020919006190e+01
1.243762704474459824e+01
1.197890662631269443e+01
1.199925627670620720e+01
1.215690359939385878e+01
1.300797835744015352e+01
1.404469847817150452e+01
1.373107959437738756e+01
1.118395059735881958e+01
1.118877090224932935e+01
1.214301448385702820e+01
1.233575088241503437e+01
1.248353054543050789e+01
1.244540650026667272e+01
1.155928372030487594e+01
1.010677640017412848e+01
1.204450182511152612e+01
1.393287315851779518e+01
1.435552374018452859e+01
1.419827420170543775e+01
1.474780746511975593e+01
1.450149889775311784e+01
1.357514764090023895e+01
1.459687611124046924e+01
1.396050805909864323e+01
1.170997788066010692e+01
1.229350963651215700e+01
1.270977003637901070e+01
1.296935788277987811e+01
1.430608804630626452e+01
1.432887296348693162e+01
1.333461238129400606e+01
1.337066475619111827e+01
1.328034136725403513e+01
1.420925738958575124e+01
1.466071923650206976e+01
1.495946479006995666e+01
1.499470777627768392e+01
1.410812835491171846e+01
1.323695245906978357e+01
1.281115567572835801e+01
1.250085661695186445e+01
1.182423849564907137e+01
1.204456990728083632e+01
1.397648607523009900e+01
1.439275876692630618e+01
1.182062836967388364e+01
7.549465304394153975e+00
6.982470515474950901e+00
9.142651804648441072e+00
1.081199263404946187e+01
1.176907634066656705e+01
1.120730478980708433e+01
8.673049168188969205e+00
5.003296324227459735e+00
2.270139924770076867e+00
2.063547328326901908e+00
3.746199926488618992e+00
5.213866721168814777e+00
6.095647811283137152e+00
6.990305125387448193e+00
9.061066755741270740e+00
1.099918566951329879e+01
1.130839961092374502e+01
1.136662724927422907e+01
1.206169842225511957e+01
1.355641012185927963e+01
1.376719738368225698e+01
1.325983336463014872e+01
1.199843370990203439e+01
1.156051797500973244e+01
1.154897788494603894e+01
1.064665850705146966e+01
1.188757487041816496e+01
1.392095087891897087e+01
1.417630961064592476e+01
1.268495630084453296e+01
1.082409353230125326e+01
1.069754668770093531e+01
8.982644977980164924e+00
1.097141411713553971e+01
1.303554120430123042e+01
1.380048614382468131e+01
1.359353112292558841e+01
1.238252792329439700e+01
1.015100809148412964e+01
9.248198317065936536e+00
1.059280872379269844e+01
1.250634861900973505e+01
1.216138868317120725e+01
9.568556639561309751e+00
6.884519644537038019e+00
7.216072751413169506e+00
7.340376824146704671e+00
7.150462222476564378e+00
6.551302460327617538e+00
4.826336463937503041e+00
6.436555407505824000e+00
7.479015861096526940e+00
9.255207790147837343e+00
1.220118273230239403e+01
1.402621220266552626e+01
1.409044131902713204e+01
1.278181090536443598e+01
1.177451676918128243e+01
1.163509821640899489e+01
1.308127678120973059e+01
1.441182429931233422e+01
1.417803843702370159e+01
1.280291967979956169e+01
1.231649883387448874e+01
1.203424801984674630e+01
1.186051288518681091e+01
1.192898461939325827e+01
1.318790726948206427e+01
1.440670498665705956e+01
1.335157446683271587e+01
1.104505709234937072e+01
1.039326167987990601e+01
1.068348181748349113e+01
1.288956132965527601e+01
1.467326209514111923e+01
1.416862126374258501e+01
1.274123446591611675e+01
1.178059120660003245e+01
1.217533380052338288e+01
1.301285956626447948e+01
1.423644832293328832e+01
1.429813016373859291e+01
1.275543405009347708e+01
1.048592216114931652e+01
8.267859094155387112e+00
6.581663560700213189e+00
6.788415188972241054e+00
8.338471706524098082e+00
9.399856671119175999e+00
9.418258674733106517e+00
9.394500544096207051e+00
1.093905374828108457e+01
1.209149311249062109e+01
1.112535062694168886e+01
1.133044647220872925e+01
1.255705030846243275e+01
1.217402011111842342e+01
1.179632276148083037e+01
1.146471060473563597e+01
1.132997356406527700e+01
1.183024912655296745e+01
1.131619821098441214e+01
1.064162384836662767e+01
1.110683404191732571e+01
1.011043457616831986e+01
9.392456179674695704e+00
9.654813333837035216e+00
1.010004683307255569e+01
9.934422557775896223e+00
8.454694894223823809e+00
8.338014300338791429e+00
7.910662878269421938e+00
6.760856120151260029e+00
6.427066022280822466e+00
6.916338085365956623e+00
9.082299064791632404e+00
1.037026825708317368e+01
1.088961964779285374e+01
9.541244829010230077e+00
8.058511623241392030e+00
9.452854454071770718e+00
1.102651407364702685e+01
1.178159817446083046e+01
1.176313092587809628e+01
1.218470908188695034e+01
1.190744279141154927e+01
1.042373231095532660e+01
8.958660340978925163e+00
8.765842695726183464e+00
9.751595108476532658e+00
1.057557675510009254e+01
1.205407621900386950e+01
1.223238266401229879e+01
1.072996584458943481e+01
1.075767937147529629e+01
9.468166192325375263e+00
1.034143785013224104e+01
1.139275524976376452e+01
1.011228392874261139e+01
1.124851458724554298e+01
1.080375886247570705e+01
8.826329673969153689e+00
8.524464458597281080e+00
9.421730182447289437e+00
9.617350528193151504e+00
6.583923106375555889e+00
1.360508679856180736e+00
1.313195252968177584e+01
