-4.865093827916318503e+00
-5.327852876028664753e+00
-7.092691710133307126e+00
-9.611328408933507816e+00
-8.670265659359564836e+00
-7.336541273174852940e+00
-7.164324856302307865e+00
-8.780444374701851018e+00
-1.135324703883734720e+01
-1.139178810301626399e+01
-1.065079847350689768e+01
-1.077318023680138559e+01
-1.139177240027315108e+01
-1.251518464090780824e+01
-1.406803946767600166e+01
-1.488174545530034720e+01
-1.566463041159142300e+01
-1.550725738334567083e+01
-1.382853965332145840e+01
-1.260750914780641097e+01
-1.195203083515415088e+01
-1.124661892946034314e+01
-1.062392947689216882e+01
-1.016318979782765730e+01
-1.017634711750036836e+01
-9.967985668463198223e+00
-9.190454543690888656e+00
-7.668408573650560278e+00
-7.803442160391036886e+00
-9.931622135701099197e+00
-1.093737597600159894e+01
-1.129837820226400069e+01
-1.229120190144415226e+01
-1.285821452847974022e+01
-1.260425635526248556e+01
-1.207290887310953309e+01
-1.289451876335287928e+01
-1.333267413077431662e+01
-1.236976899809507202e+01
-1.180205369605963739e+01
-1.220262247918419796e+01
-1.157423919707786908e+01
-1.011702240952630127e+01
-9.282768367858434289e+00
-8.927040140495634546e+00
-7.483222511852161141e+00
-5.775848642896643348e+00
-5.888789971472908391e+00
-6.182839343244042496e+00
-7.185894052868521342e+00
-8.586115353070074008e+00
-9.265788874402145936e+00
-1.025654077571423173e+01
-1.156822182852312686e+01
-1.177519340729287656e+01
-1.104844269240756383e+01
-8.808929483671390059e+00
-6.255851386620698840e+00
-6.071416544828171169e+00
-7.287660366281272672e+00
-9.008567656757524134e+00
-8.673986982319718209e+00
-9.306328368683088215e+00
-9.560481246101915076e+00
-8.803936740434254560e+00
-9.394443162837989192e+00
-1.067074062789516020e+01
-1.135787283934342895e+01
-8.639835290508646182e+00
-5.571260529251003568e+00
-6.266128077994845391e+00
-7.782471105545141654e+00
-7.263120137148986188e+00
-7.098290163283506260e+00
-7.684762530029042082e+00
-8.799729101331276837e+00
-1.068358228982195257e+01
-1.262390998609743598e+01
-1.209106627039766479e+01
-1.001948681744361735e+01
-9.493830157010165749e+00
-9.845205572635597591e+00
-1.023809727734855102e+01
-8.669640900403145167e+00
-7.488629656794365985e+00
-8.539657030057314913e+00
-1.028899758658862673e+01
-1.108123860912102820e+01
-9.481907971911976318e+00
-7.565681095879664753e+00
-5.772882266658893258e+00
-3.155062184286662852e+00
-3.875521331513080980e+00
-5.582985494936195892e+00
-8.592617252332685140e+00
-1.109025719383351394e+01
-1.033225398591592814e+01
-9.793659585641425025e+00
-1.061275924607537036e+01
-1.114448427721104196e+01
-1.132565636173793777e+01
-1.051634052362581251e+01
-8.376943739876946182e+00
-6.637862554676251747e+00
-6.498629260877133440e+00
-7.923447008564446392e+00
-1.096531116820476726e+01
-1.098433906278830285e+01
-8.176663527568084788e+00
-5.680872189768419567e+00
-3.932617872593682229e+00
-5.345119747285048462e+00
-4.555192782226483494e+00
-1.638638320385539915e+00
-1.546228173488179536e+00
-3.689044932660301424e+00
-2.510537596917106207e+00
1.574530261971867628e-01
7.653152478408201675e-01
-2.111533649236326804e-01
-4.661206617126850915e+00
-6.388487318359214129e+00
-7.761259955177975733e+00
-9.183208057118223522e+00
-7.993460478593274132e+00
-5.156709415541461006e+00
-2.666919614393017390e+00
-3.539974651165155084e+00
-4.898271298991275557e+00
-5.982511198984154177e+00
-5.271363945114600824e+00
-3.634365908908758325e+00
-1.579381877775635212e+00
-4.080024138886868545e-01
-3.425190447602495691e+00
-6.117060753589613320e+00
-6.853937755116905173e+00
-8.542859120078871271e+00
-1.121401560729582236e+01
-1.224069035109297410e+01
-1.039479534765187907e+01
-7.852547188367381636e+00
-5.436261768306923869e+00
-4.596028225933122435e+00
-6.024155113967975872e+00
-6.304815315566509426e+00
-7.264751293668748389e+00
-1.033726599471045837e+01
-1.131029026364037016e+01
-1.095231361760474975e+01
-1.239625366532707140e+01
-1.312104401752493210e+01
-1.316500604705823640e+01
-1.341823794221049759e+01
-1.366467538422515737e+01
-1.164999273394400170e+01
-7.459682922853404285e+00
-5.862565512102792198e+00
-6.707583258976562490e+00
-4.294338269644345729e+00
-4.654512104488075508e+00
-5.846557319485984117e+00
-8.530540146672821677e+00
-9.923282289132217215e+00
-5.995839014078915064e+00
-4.956110117218463507e-01
3.497491433936695815e-01
-1.110339838988998462e+00
1.118860998250217342e+00
4.016385015493710853e+00
5.705837496867053993e+00
8.030133273991838294e+00
1.095963231054722264e+01
5.801446893529684345e+00
-1.850312559001196844e+00
-7.575075323634831825e+00
-1.075762239681776755e+01
-1.134097438450311657e+01
-8.759398992644342741e+00
-7.743883442719637245e+00
-8.887017405548901294e+00
-8.093254898455903401e+00
-6.584315356865459989e+00
-5.359892742480850458e+00
-3.173068754727569996e+00
-7.203334999952868412e-01
-3.399531003851903321e+00
-5.089980161115204460e+00
-3.765370733052766816e+00
-5.234739408555796558e+00
-7.001251509633534376e+00
-3.754679336853520066e+00
-4.016646278537041148e+00
-7.702097194040880446e+00
-6.281027115303867703e+00
-2.429649546819800499e+00
-1.789582050283956560e+00
-3.800356390703438336e+00
-4.655989746455009737e+00
-5.997893741019169056e+00
-6.506189393889548533e+00
-7.480223340905594043e+00
-1.033802857105686002e+01
-1.163519477683063741e+01
-1.336105201973113843e+01
-1.353647320374795271e+01
-1.282916438299812434e+01
-1.275182840008271157e+01
-1.113544183247702080e+01
-9.416286666389620308e+00
-1.115275840283986319e+01
-1.292159238733094284e+01
-1.086165598148848055e+01
-8.939508740604816595e+00
-1.012196746987500262e+01
-1.262480208065949761e+01
-1.370932827376403296e+01
-1.274080599255345270e+01
-1.101962740393872053e+01
-8.245417091746450211e+00
-7.834002176940543904e+00
-1.112050603900129353e+01
-1.177053896177556069e+01
-1.075206112583946094e+01
-1.077784289435229859e+01
-9.937042393702240517e+00
-1.026554327841272674e+01
-1.236889787426055243e+01
-1.339433840582174717e+01
-1.138530321594359762e+01
-8.942366936646680031e+00
-1.173541350027629626e+01
-1.439295771569343252e+01
-1.395527957677279396e+01
-1.198189386833179881e+01
-8.269863274676819032e+00
-2.589435482226068341e+00
-8.733563106320547664e-01
-1.066311701344891061e+00
-1.403424642049120541e+00
-3.596783109373157927e+00
-5.188236966554855556e+00
-3.363340647410359985e+00
-1.029269480482500221e+00
-3.508914514504668070e+00
-5.452222218779333218e+00
-6.904613184592664155e+00
-8.934442813433072672e+00
-9.194905347757577729e+00
-7.727512839232058894e+00
-6.690549771823333991e+00
-4.830023904174038485e+00
7.138149615593982755e-01
1.070928625587090011e+00
-1.206047541413783453e+00
-2.206329314263347108e+00
-5.015850598386820458e+00
-9.130081419528623954e+00
-1.143539684164541548e+01
-1.242548189659912339e+01
-1.191675788060852881e+01
-1.066714643821896225e+01
-8.550525018709285163e+00
-8.913948800954731411e+00
-9.507517891248470576e+00
-8.870420978886684793e+00
-5.725729773134568212e+00
-9.459092127904616953e-01
2.125115316968476442e+00
3.797801431403708072e+00
3.086646306898689573e+00
3.895961148173601618e+00
4.034422933369167907e+00
-1.681545564149180105e+00
-5.410292481438566448e+00
-6.404634962532173681e+00
-8.063093107779547353e+00
-1.131524335904364875e+01
-1.133982061680084463e+01
-5.916978355271226953e+00
-6.639811054971328730e+00
-9.546567183327562489e+00
-7.550378311262502251e+00
-8.141622069670816586e+00
-1.229560676495433924e+01
-1.460797507883838087e+01
-1.475108374936794498e+01
-1.519737638385575806e+01
-1.648335015516038027e+01
-1.616060222119172352e+01
-1.317346646615876438e+01
-1.203948207492106981e+01
-1.426513139779170025e+01
-1.429211689518073491e+01
-1.190376276799148059e+01
-7.837367708312481973e+00
-5.839329140743628521e+00
-7.270102130635971882e+00
-5.272417706568207407e+00
-2.446490131539265978e+00
-4.820431168189339921e+00
-8.257834722667318772e+00
-6.242090855421459139e+00
-3.584379946840070108e+00
-5.838445577371444983e+00
-8.977644477286460756e+00
-9.168358484531987429e+00
-1.086761566284986102e+01
-1.181005571567321866e+01
-1.162294179608110056e+01
-1.378294931101229359e+01
-1.464540255666556057e+01
-1.379718835852930070e+01
-1.355639409384582983e+01
-1.398855444919640689e+01
-1.293724446512618620e+01
-1.071742372887508665e+01
-9.909803265487788337e+00
-1.139302868012046410e+01
-1.419794221121443556e+01
-1.611281862115620100e+01
-1.521133790301246691e+01
-1.289910204453999043e+01
-1.380883959233576697e+01
-1.493195915623994630e+01
-1.333193669564740524e+01
-1.057693695872290185e+01
-1.093638066055727975e+01
-1.331598842423015761e+01
-1.422604577415654781e+01
-1.292514985908091418e+01
-1.002526212153349583e+01
-9.840985648958991305e+00
-1.138300885369461213e+01
-9.216742720902463049e+00
-6.731248811192471315e+00
-4.233403627031845140e+00
-2.403765049321203051e+00
-6.991162174921806027e+00
-1.197318783743230775e+01
-1.143596167109920714e+01
-1.002227043448362842e+01
-8.673144313503696523e+00
-8.238544736461493656e+00
-1.004796088012417066e+01
-1.122458670007644876e+01
-1.022664182672269462e+01
-7.412229618345181237e+00
-5.664274933418544933e+00
-7.161480187089071414e+00
-9.244010292359796210e+00
-6.956792169883464716e+00
-3.292831144092009055e+00
-2.182450111833137196e+00
-8.109815379597955509e-01
5.994385993637727506e-01
1.303924997013697906e+00
-2.429523155244464050e-01
-3.236247318087782876e+00
-6.475251504288891624e+00
-8.244773877513978277e+00
-7.280703627105157949e+00
-5.102098981045815052e+00
-4.541920132006753263e+00
-5.012928644677427492e+00
-4.861953513593227250e+00
-5.801003202186159058e+00
-9.515098141304470403e+00
-7.939199439397158997e+00
-6.073896372037713043e+00
-6.081799503896852421e+00
-3.188485086687721903e+00
3.314216471258965568e-01
-1.648663895215508157e+00
-7.430309603623344472e+00
-9.394494053593357208e+00
-9.714759877126340371e+00
-1.321517250890028627e+01
-1.299479670655268748e+01
-1.108395381582668904e+01
-1.139206459018379469e+01
-1.280630229964476996e+01
-1.346509146825683167e+01
-1.226456925226103145e+01
-1.168435041322963741e+01
-1.114870487456789405e+01
-9.179596976448486600e+00
-9.132293313779825894e+00
-9.406140743666165704e+00
-7.813133741796439935e+00
-7.049939643775243070e+00
-9.010633277107286787e+00
-1.021974994073434928e+01
-7.217286038442485285e+00
-2.466419126277186624e+00
3.488979687194577184e-01
4.881861449270032960e-01
4.479137517226288723e-01
3.684587287298305647e+00
5.467287223117915929e+00
5.570075375500830539e+00
8.558557451659794424e+00
6.147203405404876086e+00
1.369785908508176053e+00
5.609999453876989006e-02
-3.481491277348759406e-01
2.254684243789830234e+00
2.590887676357829239e+00
2.831555538022508145e+00
5.218679375020268019e+00
5.943840976689278577e+00
8.204708552875480621e+00
9.991847744840232082e+00
7.393317599921024552e+00
-3.627162052769881129e-01
-3.016919862271985053e+00
-4.452484253777983625e+00
-7.512222503481551072e+00
-7.827288009753470277e+00
-4.220265392290285078e+00
-2.077322937414978199e+00
-2.632189893519690571e+00
-3.889272948612159109e+00
-6.742851259467668612e+00
-8.803226822913533312e+00
-1.051007159807907243e+01
-1.204558261522129570e+01
-1.153558662123274736e+01
-7.473775981993102668e+00
-3.482514935334028561e+00
-5.932786049734934508e+00
-1.121958668874434650e+01
-1.096357289299194449e+01
-1.109355619851098140e+01
-1.396910855439197796e+01
-1.547907633593579568e+01
-1.619445997144375582e+01
-1.589208814630189615e+01
-1.591133990286239275e+01
-1.669396960014062614e+01
-1.705632737694309498e+01
-1.712458433103594402e+01
-1.719929225013034824e+01
-1.678073968575667152e+01
-1.422369375800364288e+01
-1.221989973900038251e+01
-1.064309720831795048e+01
-7.692081752294614994e+00
-4.517644205206909014e+00
-2.373880365069128473e+00
-1.710905528383052987e+00
-3.647557309921480861e+00
-6.015954191723879241e+00
-8.195657992868545350e+00
-1.075606868611349221e+01
-9.098122676456954494e+00
-6.295090635815488334e+00
-9.264120409953335411e+00
-8.617967780741727424e+00
-7.287703255849791617e+00
-9.019934507906530285e+00
-1.042449677559332066e+01
-1.124343413498831090e+01
-1.007108092953280476e+01
-1.272046799479659818e+01
-1.484752029170410381e+01
-1.542469045875413158e+01
-1.571514663487250729e+01
-1.448393649248380655e+01
-1.257001126193355844e+01
-1.141730424843649772e+01
-1.022519743444512130e+01
-9.178298443645092064e+00
-1.095858372234813061e+01
-1.407328539390702637e+01
-1.566772754882263996e+01
-1.664693032701116593e+01
-1.664634784725589967e+01
-1.616828780119583442e+01
-1.603669206230145505e+01
-1.576076838047363005e+01
-1.578309465592006333e+01
-1.601369049283075086e+01
-1.662994950445187925e+01
-1.561936998899419038e+01
-1.370342722130055257e+01
-1.196450114654740915e+01
-9.896428437325761607e+00
-1.000183763556924177e+01
-9.754628045926763136e+00
-8.896652824708683127e+00
-7.997097036288296934e+00
-7.271823084264838144e+00
-1.003791820873311025e+01
-1.437492678805688584e+01
-1.589423244659660917e+01
-1.628069076236696944e+01
-1.613885806414634416e+01
-1.674246475010883017e+01
-1.709091744300576821e+01
-1.685044225139940366e+01
-1.678254419908633821e+01
-1.688160152462409513e+01
-1.684595373958498143e+01
-1.647721170349755226e+01
-1.515924579069714184e+01
-1.268923345961394133e+01
-1.060481778676521714e+01
-1.150518755323198938e+01
-1.182565625548876476e+01
-1.117867985042114931e+01
-1.010212755130820916e+01
-1.161565260605872396e+01
-1.346600008507607171e+01
-1.372658651077578007e+01
-1.479498458498861524e+01
-1.478668905584094340e+01
-1.345684191053102197e+01
-1.267398130050216309e+01
-1.287695760007007983e+01
-1.401421633979670034e+01
-1.506301432838291099e+01
-1.553489828620933011e+01
-1.510202207619076731e+01
-1.479638263253998964e+01
-1.380285310701214208e+01
-1.176451289078808315e+01
-1.304232422047325279e+01
-1.549223510430580220e+01
-1.530994949241827641e+01
-1.336797977398951076e+01
-1.333131020108351983e+01
-1.445858799758011237e+01
-1.432332482167712406e+01
-1.317648259294413116e+01
-1.194682099211989446e+01
-1.112909349831678973e+01
-8.823428281225515590e+00
-6.827987918223540120e+00
-5.714157755240028891e+00
-2.897289958513870722e+00
-1.377680942635035821e+00
-2.193087530363298843e+00
-4.241992185210888167e+00
-7.251586141138186115e+00
-8.810030096214036988e+00
-5.586290838478275234e+00
-2.811547749469446966e+00
-4.124958790900101313e+00
-6.585746505918169014e+00
-5.487524642394868479e+00
-2.318362546524731727e+00
-2.127135758032197010e+00
-3.135963081792534801e+00
-3.936776511381024690e+00
-5.569095568848068112e+00
-7.125328576690533211e+00
-7.054391189024473263e+00
-9.007184470500524398e+00
-9.940856595157208986e+00
-9.750189670470188474e+00
-9.677437791262768485e+00
-1.026534934540490873e+01
-1.125005282667011031e+01
-1.040796788330954215e+01
-8.973116721601909873e+00
-7.412004643647738256e+00
-6.022904989638912632e+00
-4.731973479581244035e+00
-7.411225742305870945e+00
-1.029705675008227317e+01
-1.029154463800894170e+01
-1.046849120338352890e+01
-8.335677108258211732e+00
-3.515961254891513121e+00
-6.855969203552879365e-02
-2.131696007605152557e-02
2.526470731770313449e+00
4.892740770502917336e+00
2.019883942489552719e+00
9.641157115850680359e-01
2.329879122511893108e+00
4.847601748607657690e+00
5.494506238454664349e+00
3.602273468849469751e+00
6.422350125877219762e-01
-1.090120989207871371e+00
8.127549985222015660e-01
1.822451237591692363e+00
9.311070051401404424e-01
3.883453711247424778e+00
2.496050608399195347e+00
-6.632074522905013758e-01
-4.582563393112275563e+00
-9.404117485736474435e+00
-1.007821874764201198e+01
-1.100199333079071451e+01
-1.216385730373885821e+01
-1.345128235376272485e+01
-1.331761483180465433e+01
-1.235843001467688040e+01
-1.110788982199241026e+01
-1.038690603736733564e+01
-1.102500664916783002e+01
-1.075216477069842291e+01
-1.198415943229482750e+01
-1.217635151464105370e+01
-1.192977736231576813e+01
-1.324288408904334169e+01
-1.381340249924391017e+01
-1.326337058012392056e+01
-1.383807890706063937e+01
-1.278197349779109793e+01
-1.100642528291047384e+01
-1.283720195907845252e+01
-1.333083579002658681e+01
-1.391851920560097255e+01
-1.495430976967386627e+01
-1.571737830790591062e+01
-1.529350001271977533e+01
-1.381011685470435779e+01
-1.237507331910017783e+01
-1.011774965808296045e+01
-1.046555280926282272e+01
-1.392227516260970965e+01
-1.513593665252785314e+01
-1.456019027876401140e+01
-1.430006240644798687e+01
-1.371834451415927880e+01
-1.266266676792043100e+01
-1.502996069100014864e+01
-1.626583019163039268e+01
-1.578124849247637940e+01
-1.577452430760437885e+01
-1.551668988939138671e+01
-1.417952724214029381e+01
-1.373701147179625615e+01
-1.278759642699734300e+01
-1.421598599136852492e+01
-1.529337970795680413e+01
-1.547377068657826271e+01
-1.565662737448032438e+01
-1.498170203489959285e+01
-1.468845617118295976e+01
-1.572731226036767360e+01
-1.606220213331183544e+01
-1.637036174561462332e+01
-1.602290124896785883e+01
-1.597593231446313311e+01
-1.542897285043111033e+01
-1.392489953295104144e+01
-1.464897444112915004e+01
-1.453977389925063157e+01
-1.358091363179872069e+01
-1.427975220911712206e+01
-1.405210455439913453e+01
-1.310072956274485811e+01
-1.281172281948999192e+01
-1.297979924955384234e+01
-1.482976947496006304e+01
-1.575496893242514673e+01
-1.604436238137111204e+01
-1.574235064293160313e+01
-1.485631377841091627e+01
-1.499920674774160645e+01
-1.579961995446038614e+01
-1.584062454792048769e+01
-1.403309577742779446e+01
-1.151201626966916791e+01
-1.175316869510341178e+01
-1.298934406348771731e+01
-1.362151106569779735e+01
-1.472647320377043201e+01
-1.583510145077659637e+01
-1.484399946295959971e+01
-1.079824496663549560e+01
-1.043568613286205071e+01
-1.170283142332576531e+01
-1.085626251819619981e+01
-1.055877011596645687e+01
-1.240125640941722196e+01
-1.384517723670398581e+01
-1.328740010721317688e+01
-1.163676585762037341e+01
-1.318996454153966269e+01
-1.409252296469091981e+01
-1.196639531268609957e+01
-1.234652307221767487e+01
-1.152266416353557688e+01
-8.146598206052820146e+00
-7.268644050769046849e+00
-7.464417959820728754e+00
-8.261136029560406158e+00
-9.216357541039876367e+00
-9.298226089975596409e+00
-7.584553371859605875e+00
-7.884048320572741630e+00
-1.089920671374907535e+01
-1.246703003704570811e+01
-1.206442227100746045e+01
-1.221105645317338251e+01
-1.371763847314482021e+01
-1.434546859587933731e+01
-1.409663981371863706e+01
-1.306088315511299669e+01
-1.326643421996960903e+01
-1.281445690832627449e+01
-1.148744212969580403e+01
-1.225516875768109948e+01
-1.398828372273786336e+01
-1.524251035753750294e+01
-1.581727049505435367e+01
-1.568112686267956768e+01
-1.493248601991116509e+01
-1.472033168353349453e+01
-1.410650827250974082e+01
-1.275629822347603515e+01
-1.022785482861775286e+01
-1.135152972256471138e+01
-1.375638787731307922e+01
-1.266073052657947429e+01
-1.147732514040407636e+01
-1.048510825915281686e+01
-1.104625539367099485e+01
-1.361069728793500389e+01
-1.393131161146158448e+01
-1.246718818851327981e+01
-1.100643750087983186e+01
-9.464720961615723738e+00
-8.098594719270135300e+00
-8.779811467951896375e+00
-7.613461425213365885e+00
-9.019474256713056803e+00
-1.134663509368391132e+01
-1.045390676396111296e+01
-7.336504700047299821e+00
-8.927288221306747928e+00
-1.173698785875568085e+01
-1.253506225501034876e+01
-1.154084760928660991e+01
-1.107639379211909159e+01
-1.249987661505987901e+01
-1.262880366529491027e+01
-1.073816016604713219e+01
-8.080149966099913428e+00
-7.829943912409524032e+00
-6.465138614506939163e+00
-2.640610048910104091e+00
-1.513069164898453556e+00
-2.229281956779453733e+00
-3.338303427302262705e+00
-1.678868512667277768e+00
-4.154521874126706038e+00
-9.481259792647215079e+00
-1.094100554914947310e+01
-9.472551420700272118e+00
-7.306407737462225604e+00
-5.643385687392092009e+00
-4.619013321358586666e+00
-6.331437879241973654e+00
-9.209720424103517544e+00
-1.205987714356891694e+01
-1.321718778151180373e+01
-1.323018316202638367e+01
-1.390934654060773390e+01
-1.376475907553427369e+01
-1.123541771869871297e+01
-7.487887300145552594e+00
-5.016910316917567059e+00
-3.601892874240379960e+00
-3.725572044776184644e+00
-5.416967628698388104e+00
-6.996109092922634609e+00
-8.414387027789244300e+00
-1.000724232873472808e+01
-1.071473648174666060e+01
-1.233627407705303192e+01
-1.313021981030621177e+01
-1.284776367751788229e+01
-1.432070798320378735e+01
-1.566064719078059397e+01
-1.582386277576181755e+01
-1.508403126038152742e+01
-1.449418438732804937e+01
-1.541353441953264003e+01
-1.589840502726355176e+01
-1.521457853530072590e+01
-1.468395650309822464e+01
-1.410175627337859616e+01
-1.247984632014382278e+01
-1.246019991523265880e+01
-1.183029829445877823e+01
-1.000309576194251626e+01
-1.139595277904721904e+01
-1.402202433056301878e+01
-1.520939169229345644e+01
-1.510127983990618183e+01
-1.447996320178354601e+01
-1.407711814501716674e+01
-1.515198856170747455e+01
-1.650784776661303965e+01
-1.632934308699386250e+01
-1.619451939467903046e+01
-1.637525427627613439e+01
-1.517742616899574237e+01
-1.327687850576181106e+01
-1.146225764822360738e+01
-1.073251273625522018e+01
-1.017364686655962558e+01
-1.050179167089089383e+01
-8.961505799975045150e+00
-6.632111699984921671e+00
-9.561880457177375447e+00
-1.243157703438596506e+01
-1.342707401387029442e+01
-1.282348094757617929e+01
-1.117007499369902845e+01
-9.942017788638887410e+00
-8.428473676986188323e+00
-1.154505744699023495e+01
-1.377681692728322993e+01
-1.291905511115209571e+01
-1.138449646660153647e+01
-1.039482296864226818e+01
-1.127497888374980661e+01
-1.265575065420447309e+01
-1.223325430224245558e+01
-1.051713852354653156e+01
-1.030827442377575132e+01
-9.023244840358755070e+00
-7.608025614307391216e+00
-9.475051597366345391e+00
-1.178959547813568065e+01
-1.197150134473847771e+01
-1.015851529609733994e+01
-1.003251929317174529e+01
-8.544151430287403315e+00
-5.574751703276034753e+00
-4.971454046412762118e+00
-4.928592272077655601e+00
-5.566211487669305846e+00
-3.490088274743261998e+00
-1.965535721299470406e+00
-2.881968642823542925e+00
-4.449020035943353157e+00
-3.133751739676255088e+00
-2.165664697603423006e-01
-3.232008217950782303e+00
-4.560380110169843348e+00
-3.888226721147024278e+00
-5.559851405039731631e+00
-6.926858351281452997e+00
-7.825369333414763595e+00
-7.748687818510227032e+00
-8.484307194139798725e+00
-1.100690249857358616e+01
-1.232153035284236431e+01
-1.253251790745137129e+01
-1.327892890131621506e+01
-1.234841101566904165e+01
-1.017899378289244439e+01
-7.539583890410033185e+00
-5.673889836131536413e+00
-7.206822154499255895e+00
-9.229755090829419473e+00
-7.282512283192192903e+00
-5.554885684788523292e+00
-6.080051741254316688e+00
-4.555473609072699936e+00
-9.762446473806847547e-02
1.298652709585693454e+00
2.237462912557798056e+00
3.506849707348643097e+00
-1.387385632962697235e+00
-8.072800712355745034e+00
-1.034649959756711191e+01
-8.686269327151560304e+00
-7.442496986681655713e+00
-8.719056502723903535e+00
-1.239126921151063243e+01
-1.475112722511412322e+01
-1.506329769488596249e+01
-1.418908726075752469e+01
-1.360109992853632299e+01
-1.266572311044669163e+01
-1.020171964960348099e+01
-1.206147327125568935e+01
-1.431212915886993997e+01
-1.409916398318759079e+01
-1.283392146658221478e+01
-1.267849378617606781e+01
-1.410111638688667490e+01
-1.391623740227687378e+01
-1.443294240567862907e+01
-1.496550834187090473e+01
-1.479367182661536262e+01
-1.327461093623273136e+01
-1.077497384332653141e+01
-1.192419440449897650e+01
-1.377198062298474923e+01
-1.290959946127041924e+01
-1.062735125268179104e+01
-9.065789280054650234e+00
-1.004691729005677026e+01
-8.874317099089985561e+00
-5.194251706364266141e+00
-6.430056136261886657e+00
-1.118102091366549189e+01
-1.305314520510719412e+01
-1.254601493883246555e+01
-1.062280151245613169e+01
-9.827658164175065991e+00
-9.444911669174377522e+00
-9.384366317484250430e+00
-7.092888019249370402e+00
-7.414195084821871617e+00
-8.247734637711458205e+00
-6.289039901046184156e+00
-5.610569091269362652e+00
-7.128303796782751611e+00
-8.583251655242660760e+00
-5.362002701429778639e+00
-1.650489195793057196e+00
-1.880236931299840597e+00
-1.037812588184330087e+00
1.580609757131949289e+00
2.718919849595376803e+00
2.068154807840438369e+00
1.008796158052947423e+00
-1.856730987758525853e+00
-5.398105374462502049e+00
-5.200024028673465359e+00
-1.528601498713536289e-01
3.622328794884480452e+00
3.413563365019885332e+00
1.290672952211110169e-01
-1.976056125038627043e+00
-3.812601216236123580e+00
-6.079298476428271591e+00
-4.332011729636342068e+00
-4.919119927565819061e+00
-5.239401870161247032e+00
-2.044859662508391018e+00
7.537689762515212277e-02
2.104242240296064548e+00
2.008003123082982455e+00
1.425489086690798546e+00
6.888381483940121397e-01
3.246614579837518555e+00
8.071096754190813627e+00
8.468364399982075241e+00
7.964495494907410489e+00
9.643477584302379668e+00
9.787216285526319837e+00
6.203200129190688195e+00
1.512923195550002875e+00
-4.463155123751590958e-01
-9.492268098640446738e-02
3.048393960990914753e+00
5.300957217733586191e+00
2.475228663958072062e+00
1.347215799641855227e+00
1.102407245921064538e+00
-2.900668963892484520e+00
-6.119495749535455609e+00
-7.680593962190503277e+00
-8.087214779513827168e+00
-4.985816014005909125e+00
-8.801701617954491574e-01
-3.245194674233597976e+00
-7.097071907650117417e+00
-6.269288619942278373e+00
-7.344004245252462759e+00
-8.236923870287647276e+00
-5.591506993180578533e+00
5.474980633982818867e-01
6.390905489688920582e+00
2.837241664766557481e+00
3.025665551380014584e-01
1.880891946187891905e+00
4.912250629262771895e+00
7.371003778043795585e+00
9.289272220469543484e+00
1.025062782896711155e+01
7.623323548898141233e+00
4.390071386052420088e+00
4.925814356883097211e+00
2.873830828619489353e+00
-2.756169160222449843e+00
-3.924794403090613670e+00
-2.354653552665324945e+00
-5.249486241181127166e-01
1.993796508393126610e+00
2.997945424712878282e+00
2.535574376913701133e+00
-1.477036105582800074e+00
-5.184979523593906237e+00
-3.613876883270420670e+00
-3.329358145294225135e+00
-6.076807814432704902e+00
-6.067350956301554632e+00
-5.099819813029909277e+00
-3.066855711422415531e+00
-1.408250651395945630e+00
-3.605192039883909683e+00
-6.795229568766746553e+00
-7.657552046953244762e+00
-7.842977954825180120e+00
-9.435571343125070953e+00
-8.849971540221131860e+00
-4.954109974529377958e+00
-5.863804972118238368e-01
7.198000410301842733e-02
-8.583582676675299838e-01
-9.782112016278576849e-01
-1.359706445932927998e+00
1.148856596716900658e+00
-3.289721887660609356e-01
-4.853347595343873166e+00
2.032772765624785427e-01
3.671608916521491572e+00
2.357005703281416675e+00
3.759043240825609811e+00
4.618047732512348347e+00
2.292970330208898844e+00
2.425350184753328531e+00
2.441900514745979134e+00
1.015999354212199668e+00
3.804590042608971157e+00
4.492076416884251522e+00
2.677212881725010707e+00
2.344620984418810838e+00
5.289797932417624970e+00
5.733758311052608470e+00
2.219529706477496145e+00
3.697472589831719558e-01
-3.319957240040612323e+00
-6.313349265942508559e+00
-8.284937139566734388e+00
-9.681167498258441029e+00
-9.639113923739696332e+00
-8.463147904407266608e+00
-6.610050019231295870e+00
-6.347852991262338485e+00
-6.225688343269220049e+00
-6.670013474444724366e+00
-5.965218141875753943e+00
-5.503682850775102331e+00
-8.037697338704596461e+00
-6.355605792642085028e+00
-8.151948450538586410e-01
2.342069691029314615e+00
3.313987318259959736e+00
3.547960157638331502e+00
2.616694721714788674e+00
2.041874044282506961e+00
5.220449767934588259e+00
7.042132796268839812e+00
4.858950133026678664e+00
3.849908017487241985e+00
6.761123891404471564e+00
9.391620424721093485e+00
7.512522571114176095e+00
4.455965360023015798e+00
3.557622541500415014e+00
1.310533853221716338e+00
-2.957975795558648979e+00
-2.814654429574800165e+00
-9.993024049625540695e-01
-1.374102553484967792e+00
-3.705458563458813526e+00
-4.705405081708163628e+00
-1.261511747624628033e+00
2.709776297088981156e+00
6.239816430167113737e+00
6.722401363099817395e+00
6.359973137610058558e+00
1.111017216203772406e+01
1.133877865637387217e+01
7.947134123179980136e+00
7.115944638989859961e+00
9.168885995232900044e+00
1.091358117399429162e+01
9.820150818024023565e+00
5.734381849950096921e+00
3.752910855877217067e+00
9.668655045275811322e-01
-4.303508217657051382e+00
-6.540087131967410095e+00
-5.215435113497637332e+00
-3.334747857780758107e+00
-2.473945885474587048e+00
3.099931156400860810e-01
2.536400273181922405e+00
-9.962577832248731280e-01
1.189342316393098287e+00
3.745630047563652809e+00
1.470425436567129429e+00
-6.792405874276278288e-01
-5.524255015714526484e-01
2.663525917832131995e+00
2.394224446812432294e+00
-1.685614801810695562e+00
-2.328095411237750323e+00
4.937546867736017919e-01
1.405479110290387190e+00
-3.970761129742773621e-01
1.461384998389829715e+00
4.435867076120175057e+00
2.367716326651184922e+00
-1.285958325881310371e-01
2.694342752928464702e-01
-3.135814787615486821e-01
-5.224995935759160215e-01
-2.241900314891307755e-01
-1.004583634244427870e+00
-5.414097135681610329e-01
2.679994948371771990e+00
6.919028733245697005e+00
8.682832704669646517e+00
6.814717785635210134e+00
5.265238471517692531e+00
6.784779076173530932e+00
8.930351249520665391e+00
1.092769841740423153e+01
1.159628414377611527e+01
9.814462213053207762e+00
7.006264860329691757e+00
5.678727058202088784e+00
4.562336324591758974e+00
2.922184636925009737e+00
1.702132835860828086e+00
2.793212694586430178e+00
6.384146452773150848e+00
8.122771020230491246e+00
8.939761063290575294e+00
1.229757672593240869e+01
1.449429706724419731e+01
1.562547895042412094e+01
1.658893729652212912e+01
1.546791943702323913e+01
1.175200871239691480e+01
8.855192926352414062e+00
9.208487663627190400e+00
8.724887338832351347e+00
5.622406678022322524e+00
4.372920964146209677e+00
5.272908856803060651e+00
4.979010366003673305e+00
6.438346496786535589e+00
1.033895227359342783e+01
1.236697807601074928e+01
9.621158300180962186e+00
7.803846546857745814e+00
8.705951563285875494e+00
8.185987641535772852e+00
4.381091287663871903e+00
3.893834891533187292e+00
3.316085098233128914e+00
2.436857647018935147e+00
4.668146509657600252e-01
-2.357773146692990984e+00
-1.632934870080891887e+00
-1.689285856471919867e-01
2.302794948134946118e+00
3.693102644364631093e+00
6.219200970609983337e+00
1.050943597285311171e+01
1.117188715647987074e+01
7.535263889634300938e+00
6.336980604109073489e+00
8.213609310315813872e+00
8.620977118613385670e+00
8.702008774910011013e+00
8.095846793136168174e+00
5.996334431091480788e+00
3.236168947703935039e+00
2.398092415766760244e+00
3.351437880208310904e+00
7.140723909535815483e-01
-1.618482845234134215e+00
4.460402309279622557e+00
1.046813776920450501e+01
1.275616465418196022e+01
1.538343031715094966e+01
1.728397830282914072e+01
1.755219836160030766e+01
1.701526203151487593e+01
1.482889619823521166e+01
1.330472572766614547e+01
1.427969324484511660e+01
1.368343543415268648e+01
1.176742007226175346e+01
1.159144615084656671e+01
1.073892562443903742e+01
9.382657292065564647e+00
8.998796714069934310e+00
8.778243425641361952e+00
6.968586664527327557e+00
7.384265478118181569e+00
9.343342099882569585e+00
6.322175503113536266e+00
8.561249515582217029e+00
1.176959050902619097e+01
1.139527076042073794e+01
1.064593170792377030e+01
8.399995719497910684e+00
6.171709872299158128e+00
7.118729271005072690e+00
8.666624853004794460e+00
8.279931937114492158e+00
6.489119170521831848e+00
7.869384001070746315e+00
1.059751028907023418e+01
1.102547158879840516e+01
8.383169225165607585e+00
7.187355334869030443e+00
7.055621571007922199e+00
6.205940080927635272e+00
9.852519853359735791e+00
1.357164228753920021e+01
1.330564010164201783e+01
1.035111233476827763e+01
5.050515893039337456e+00
2.182547335632123442e+00
-1.400893849731341012e+00
-9.932362655936937124e-01
2.526069146197644333e+00
1.181811584842901830e+00
-8.039724046062233231e-01
1.066740055857710312e-01
2.402169465379867308e+00
3.185640952928350700e+00
2.400195320023170265e+00
2.930604406694037323e+00
4.890890184656691453e+00
7.441394022665911656e+00
6.082317455157933317e+00
1.203446291783796029e+00
-2.478745733373404203e+00
-4.576905249436686418e+00
-5.387643613432433476e+00
-3.787876428823700792e+00
-8.041819151789588727e-01
4.838885968808945837e-01
4.156317890747649457e-01
1.433642008844327354e+00
3.254943259464678551e+00
3.368811996486263283e+00
6.562914349673040881e+00
1.043759116777142282e+01
8.966612788717929661e+00
8.422352336124321326e+00
9.341517714788901472e+00
7.398010867221080922e+00
5.409776463271895430e+00
2.556795250157985588e+00
-2.283095183895282598e-01
1.410038453623901011e+00
3.062427588020386171e+00
4.387604107070723458e+00
5.427691039446380650e+00
7.111827840421828029e+00
9.680787530126943707e+00
8.894639639281146870e+00
5.973172521218497621e+00
4.623818696151064778e+00
5.605537217868800326e+00
5.821358821141185302e+00
3.059421839264246934e+00
3.413383250419012249e+00
7.068657935900539258e+00
9.751788417463327363e+00
1.113044232371884590e+01
1.142027017771206054e+01
1.074655457109810364e+01
8.710068032437714436e+00
8.736457856506893549e+00
8.404210318172083305e+00
6.607492895477239614e+00
4.240262373214033431e+00
3.081464980396574127e+00
2.172791430509357191e+00
1.835194400143759674e+00
3.042696201763769981e+00
3.834670197932117830e+00
5.661768012185718568e+00
8.511471925692889684e+00
9.455288668126165419e+00
7.908403450588020078e+00
8.844759855232373624e+00
1.111426832796355768e+01
1.098582583376698096e+01
9.637113832866001317e+00
2.607529742678324158e+00
-2.234529918278577387e+00
-3.046029125494564394e+00
-5.721855765182255027e+00
-4.723021412261897645e+00
-1.077724673166955860e+00
-1.334915457099405289e+00
-3.056222547404905843e+00
-1.926531496866304538e+00
-1.901668858026890341e-01
3.273469453148257102e+00
6.175359300093800741e+00
6.380756305275541607e+00
5.592246791117681859e+00
3.001440193603714501e+00
1.650951640709050539e+00
5.720542887833389045e+00
8.416230138500351288e+00
8.746548041361352333e+00
9.133842318334028931e+00
1.002938787140227106e+01
8.071280605647976003e+00
7.435572478495036997e+00
1.016932949035638067e+01
8.599196511940451870e+00
6.307312970314869816e+00
7.259854262834892324e+00
6.969050547438770060e+00
3.714760967190026797e+00
3.695515584648775054e+00
5.264451728153487053e+00
4.168149237290410980e+00
5.282814714154033808e+00
7.038466195728292796e+00
6.926549516232728188e+00
9.265221523551250726e+00
9.708261127301861748e+00
8.318983095904387781e+00
9.730071877322966856e+00
1.050243151287541465e+01
7.320781761139943278e+00
5.695403098219641969e+00
7.373515384934695938e+00
6.363141358418797466e+00
6.924307061434473276e+00
6.873147247850192265e+00
3.970558410912789604e+00
2.443470091736899441e+00
1.349033021779564523e+00
2.265146090790180200e-01
-6.775445516034964699e-01
4.878008343172144934e-01
4.024983261251721345e+00
5.962860476882600125e+00
5.258974388291968616e+00
2.523438001604889180e+00
1.582158534629113822e+00
1.054069837362546780e+00
-2.276242552375189909e+00
-1.138951891237217628e+00
5.548519985718338710e+00
8.675898759349546907e+00
6.648235060189578327e+00
4.501571667369434593e+00
5.967738430403899841e+00
9.367984738704581815e+00
1.040167667441819255e+01
9.536571635399157643e+00
7.276376162602578468e+00
5.096287668788486158e+00
5.841888940415328690e+00
8.632806384607306427e+00
1.027771512504964235e+01
1.057583305323110601e+01
1.155448041468224574e+01
1.225518910606377432e+01
1.199092188242265422e+01
9.101798531055308672e+00
5.913000139045604620e+00
4.474958904359302103e+00
5.029280615746698935e+00
5.771491850260400902e+00
8.289367294348478410e+00
1.061537840186048243e+01
1.173681088764844915e+01
9.573913843817802416e+00
6.017151589633912501e+00
4.608125804197100273e+00
5.316046271302376169e+00
7.945627018457042112e+00
1.198588150954122433e+01
1.471047376363731907e+01
1.457653091103347620e+01
1.231694635835978424e+01
1.036449710313154959e+01
1.299417420438764559e+01
1.393668191799397249e+01
1.332434964410180456e+01
1.449128385993132540e+01
1.432529020622244964e+01
1.152062641870809045e+01
8.819997878765425625e+00
7.118165596557140873e+00
6.983566065095200948e+00
8.023229118225856382e+00
5.073565992487968579e+00
3.295694223846315829e+00
4.781183132410808945e+00
6.940830193588436892e+00
8.876333959027645548e+00
8.829199579888989291e+00
5.977600624983916866e+00
3.480159183959623981e+00
7.429208224094890234e+00
9.646846660288090902e+00
8.047340659121154260e+00
9.242418848299179146e+00
1.018238478440323824e+01
1.049481214404127805e+01
1.021137295683364599e+01
8.574235772858727955e+00
8.004984232616607187e+00
7.055947839896825613e+00
6.427223963495292125e+00
5.869587202675922377e+00
2.883722532338153233e+00
9.046184036625934954e-01
1.565818296020412559e+00
1.042006467266664904e+00
1.791322978375777364e+00
4.933481961478421773e+00
6.733606113578439967e+00
9.181556108461508714e+00
1.218412464662464068e+01
1.129487585965296503e+01
9.668409665639865480e+00
1.074359474594850816e+01
1.300927171199590582e+01
1.568311317909329006e+01
1.594400322001739845e+01
1.377280310210053038e+01
1.062557749264114193e+01
5.743851407073269577e+00
5.694204058545381919e+00
9.777615291557344435e+00
9.909212514551503759e+00
6.019406022120254107e+00
6.072873139845086143e+00
7.596263912631362025e+00
8.726544096476409607e+00
1.288531625992725793e+01
1.519300916840682447e+01
1.219867449157295347e+01
1.018020976081369611e+01
1.005734710165617152e+01
8.464674376662891575e+00
8.906275370455292162e+00
1.150581697562396855e+01
1.445054229786433986e+01
1.546428927801962594e+01
1.539478497561714754e+01
1.406636461031394703e+01
1.145816449104758483e+01
9.655352368094407112e+00
9.031477122542339586e+00
1.085365550777883747e+01
1.226544573388067505e+01
1.101344587978588763e+01
1.081497791754096127e+01
1.234817944331506823e+01
1.304763876609029261e+01
1.239775793688080618e+01
1.045897891473775054e+01
8.605138484333920701e+00
1.090369207945516905e+01
1.186599967470507266e+01
1.002479634845977507e+01
1.139353235602747105e+01
1.454268270039072597e+01
1.589157098323839179e+01
1.404840970491532914e+01
1.212393678605046254e+01
1.132028567724693069e+01
1.133873060082687267e+01
1.110572064738586739e+01
8.519949406253775948e+00
6.410004155901167344e+00
4.420453168659211229e+00
2.872770907516294603e+00
6.541168262563570757e+00
1.444560231629076874e+01
1.761242300921232484e+01
1.846845689752146669e+01
1.801083836460002985e+01
1.610015176025566674e+01
1.554386398614309073e+01
1.474478252216021801e+01
1.408471040615863323e+01
1.391236078193410464e+01
1.439678227077428474e+01
1.524863272345065646e+01
1.460423048654939748e+01
1.613764212927313935e+01
1.729306977838087178e+01
1.780587789181580050e+01
1.690934403417609744e+01
1.371755870125538834e+01
1.164744882863926456e+01
1.143938122873219676e+01
1.361923036521569763e+01
1.174306495979752718e+01
6.638833316683672159e+00
5.820708565357766595e+00
6.726238571431958135e+00
7.486254236849981147e+00
7.422059966589912072e+00
9.174593539915745666e+00
1.366415777191884295e+01
1.497127730467958528e+01
1.473347071749853221e+01
1.533781336549686891e+01
1.651817868728009842e+01
1.543273731836586471e+01
1.223721628651461479e+01
1.585052576985346029e+01
1.781869079754130070e+01
1.691625732379955238e+01
1.811963901930387166e+01
1.906431535492485807e+01
1.912882010397392563e+01
1.947166937199520476e+01
1.699674307963315201e+01
1.593294475894734141e+01
1.755674632200027219e+01
1.925374325029767775e+01
1.934724645316001812e+01
1.881005466408238291e+01
1.823974374348620131e+01
1.848453874830412857e+01
1.873000071456939253e+01
1.926219337148855715e+01
1.938573844467450513e+01
1.894806493632064104e+01
1.905171397925758470e+01
1.968882142499541033e+01
2.022131169119813521e+01
2.016444113755548173e+01
1.955469612471436136e+01
1.837352190944583796e+01
1.815723553653813127e+01
1.886999000560292217e+01
1.823568418077211106e+01
1.709957893806763707e+01
1.706536458463040873e+01
1.742597966105993379e+01
1.742078927485631468e+01
1.634951244478465071e+01
1.425556116638792581e+01
1.255881469270629403e+01
1.366231157197404755e+01
1.552476643357236341e+01
1.645347593590037150e+01
1.666745542032447247e+01
1.649250246239654416e+01
1.646039710022114377e+01
1.679308946157706117e+01
1.497335949526210541e+01
1.304011697301937467e+01
1.551441862110385728e+01
1.659676606825762946e+01
1.569431912545718788e+01
1.435624225564302847e+01
1.432331269346128799e+01
1.362294520707009937e+01
9.879003508249729393e+00
8.049443995155014520e+00
6.964229407593968801e+00
6.991930599928129375e+00
1.029784933564517857e+01
1.207249217602675095e+01
1.262899160803293519e+01
1.291998378931086577e+01
1.263296355763488776e+01
1.160044004501771653e+01
1.046858767201084817e+01
9.645491966964039321e+00
1.179338300889090441e+01
1.481971967895696984e+01
1.303810500698404873e+01
9.713642245134165520e+00
1.234781976906566214e+01
1.480429266804194910e+01
1.555396215195036724e+01
1.551909204205177595e+01
1.490093094117257166e+01
1.341141568792477834e+01
1.108871284397653589e+01
1.181005938965853019e+01
1.138352118839485527e+01
1.289910052351898528e+01
1.719420995275620001e+01
1.905718791049433136e+01
1.870808226793249318e+01
1.748293517446282053e+01
1.704930833331590634e+01
1.801482239588451861e+01
1.904452725078911257e+01
1.860955370360844086e+01
1.799021287032621430e+01
1.795122808144403592e+01
1.853633845819481252e+01
1.762621540606681236e+01
1.570771371533202121e+01
1.350203917461560366e+01
1.524414179203554198e+01
1.650743622987386061e+01
1.423108018064023028e+01
1.155704018153616097e+01
1.199792223193868423e+01
1.171696759427115531e+01
1.325170892945742906e+01
1.407603196162865089e+01
1.286014476230673331e+01
1.458252722176885463e+01
1.693872560036118458e+01
1.676936891936823315e+01
1.494691943170732529e+01
1.353667454759955646e+01
1.534569881771356670e+01
1.601916553265414933e+01
1.365276386009510645e+01
1.442026199002276776e+01
1.282431525477745460e+01
9.687003306304678318e+00
7.104517405902693206e+00
5.320129080537763677e+00
8.152189008187464836e+00
9.587458440214771116e+00
1.014557029882490369e+01
1.267644017988225613e+01
1.442595988888523806e+01
1.591049238843510238e+01
1.653044398106655066e+01
1.583830149284722744e+01
1.649940074435357218e+01
1.789346095914724089e+01
1.681540558131329988e+01
1.431216274930913457e+01
1.304844262842037139e+01
1.258833819385714570e+01
1.496032880432955992e+01
1.798026644514697026e+01
1.885674554538195835e+01
1.822539768632062263e+01
1.723720130194428535e+01
1.740948448635054646e+01
1.809576179461248557e+01
1.867392436565673464e+01
1.943142590250015189e+01
1.910651182637053580e+01
1.912793431068645944e+01
1.880986988821313588e+01
1.829032641012815574e+01
1.741995493232611736e+01
1.729249840738277655e+01
1.719102528628857485e+01
1.750742210071151206e+01
1.824367374869014924e+01
1.877509800721285416e+01
1.930831106476686543e+01
1.940377541023183028e+01
1.866093611522117257e+01
1.814272372086491814e+01
1.801698566707156246e+01
1.718740268873003885e+01
1.499384239282264808e+01
1.468952135580725304e+01
1.637255564910177341e+01
1.696319499752450355e+01
1.715171591238291882e+01
1.799195472372366567e+01
1.752121128965125507e+01
1.669972214441479252e+01
1.742732721319615408e+01
1.674445372482003336e+01
1.459945412356752215e+01
1.591415948308679340e+01
1.778958820840483313e+01
1.659424328821719286e+01
1.506903379190447545e+01
1.638880815610709618e+01
1.833345056974256337e+01
1.910580262039066213e+01
1.845687946978344129e+01
1.771739709267094653e+01
1.833822933496914231e+01
1.925718514472857734e+01
1.927721952210599810e+01
1.818622282533079826e+01
1.824570365622248858e+01
1.813798039422694686e+01
1.652232538964166508e+01
1.497523819779349807e+01
1.572649493564135348e+01
1.480685022883384327e+01
1.315816500610402251e+01
1.479983568190648313e+01
1.759288789924862684e+01
1.777853336156625019e+01
1.784655360709118810e+01
1.799868354236639689e+01
1.792236830026245542e+01
1.804391464134634759e+01
1.867762625456360936e+01
1.940420338355355412e+01
1.945529494783670543e+01
1.973659545316792219e+01
1.982831527885110035e+01
1.955629954273542737e+01
1.906059801374822271e+01
1.938660161154828998e+01
1.975043608951239804e+01
1.962550317094752828e+01
1.921925494461649109e+01
1.835450532805661084e+01
1.731845033612694706e+01
1.665339619602147536e+01
1.697397341844643393e+01
1.700993041066862332e+01
1.737726211181935554e+01
1.844768981619905546e+01
1.783506945714905356e+01
1.636644656361550432e+01
1.516950534561235919e+01
1.687946303294722128e+01
1.868333528157517875e+01
1.732594727270056367e+01
1.584721349439626081e+01
1.575435645765251813e+01
1.677063966439225595e+01
1.879170770257557166e+01
1.808594325739042219e+01
1.817128648372199251e+01
1.865880875016580376e+01
1.846212846836520072e+01
1.783937555651998252e+01
1.737151429200387298e+01
1.857527196388982205e+01
1.818911417939414576e+01
1.679581960282761699e+01
1.791572541402441132e+01
1.868883764489405763e+01
1.948204042858796115e+01
1.896391774680008524e+01
1.811831569425222810e+01
1.885109590219817832e+01
1.941630716478078611e+01
1.865971962638719717e+01
1.697749060375518937e+01
1.730255204479831121e+01
1.584133900040176535e+01
1.398478548731156934e+01
1.616157034533731718e+01
1.632246394421826707e+01
1.414754449688965110e+01
1.410487932540100786e+01
1.587261053742771821e+01
1.579925180867269496e+01
1.356140519057942306e+01
1.351020479618111381e+01
1.402466015487667583e+01
1.514004271655703526e+01
1.616665125386851187e+01
1.560456774873428110e+01
1.592075683756004700e+01
1.695082841865275469e+01
1.673230725116227191e+01
1.471348336485194785e+01
1.090211925000664728e+01
1.248056117044307811e+01
1.650096804861061983e+01
1.695841993365349509e+01
1.632530076084022852e+01
1.688482727328967314e+01
1.586223044895044687e+01
1.638874152860016054e+01
1.730376496072707226e+01
1.779644972699056282e+01
1.854714547815222758e+01
1.899423222224720931e+01
1.899392491611904532e+01
1.849909539895776334e+01
1.807380665629810679e+01
1.756443410803584726e+01
1.793702591603530294e+01
1.840696139072453974e+01
1.811391222784330779e+01
1.710833668800695051e+01
1.513403923638506399e+01
1.578041998024814596e+01
1.618630524805206861e+01
1.537213231794782686e+01
1.552200900224211111e+01
1.257986181007675341e+01
8.100155896343066431e+00
4.869418125451633550e+00
3.253258637709055101e+00
7.190625467552552941e+00
1.317664705810538450e+01
1.595466272485501413e+01
1.851156770501225779e+01
1.876303989920138804e+01
1.837739284194533340e+01
1.737520056590693329e+01
1.544443655225343903e+01
1.390876610210564479e+01
1.379853386689651451e+01
1.458886505762191099e+01
1.493058684992758245e+01
1.545721532257546293e+01
1.578800062384930136e+01
1.447895052414152950e+01
1.590426561023040897e+01
1.756347388880503857e+01
1.775578136755629188e+01
1.665920165332873992e+01
1.619932706784410215e+01
1.568261050577363669e+01
1.455344980535599575e+01
1.515015461666447116e+01
1.592085117775177494e+01
1.508663342051477763e+01
1.322834962927314173e+01
1.419042925358394136e+01
1.596105839422577510e+01
1.672493858525822574e+01
1.630656086733745624e+01
1.459676841406369086e+01
1.258923898267349628e+01
1.324796116724000683e+01
1.525623074111842925e+01
1.675482964088129734e+01
1.727734216721323079e+01
1.663765227057258400e+01
1.725648617199698265e+01
1.788885183171451487e+01
1.766604296898307425e+01
1.769315194003034009e+01
1.789726246282086208e+01
1.724583926897184583e+01
1.528928753947048058e+01
1.349578462327025008e+01
1.076366237620760025e+01
9.210067605379899547e+00
8.619371916539613210e+00
8.364476314694661241e+00
8.332440736985260443e+00
7.033300894306155904e+00
6.285610761213434650e+00
7.157591172151931858e+00
1.070775054122745473e+01
1.242665534070106581e+01
1.236650990549676621e+01
1.234381666626391194e+01
1.284588648613259743e+01
1.376039081567911637e+01
1.454269400932514245e+01
1.537134901591400649e+01
1.580167057381446583e+01
1.520350081035812551e+01
1.379677791065644321e+01
1.205904892235532166e+01
1.014149749180844040e+01
9.272993936790919989e+00
1.082483903015722326e+01
1.191768330401575327e+01
1.243780625306539278e+01
1.214921758334824275e+01
1.109527531533325195e+01
1.145316579218872199e+01
1.298459091128142262e+01
1.442991171520996119e+01
1.495414582900986922e+01
1.379384821962654506e+01
1.218180454376154920e+01
1.083883557821787669e+01
1.045027180472018813e+01
1.027221999999298241e+01
1.068243079775218973e+01
1.266151776190127265e+01
1.428458866161738250e+01
1.393673306990129390e+01
1.180571944960536079e+01
1.106052868696691327e+01
1.172223475846341501e+01
1.372766533448271886e+01
1.492396974959146760e+01
1.559397110585559254e+01
1.574260867774894912e+01
1.448923596143680292e+01
1.268553789160969103e+01
9.462537811167909041e+00
8.145399791555574254e+00
7.411855202879528370e+00
7.669282511168340477e+00
9.585449609538958526e+00
1.003262227388659689e+01
9.977542989200388845e+00
9.016985562831512979e+00
7.376385876283044318e+00
7.638502881806020106e+00
7.667879118567417329e+00
8.515688586492698775e+00
1.014166170601216344e+01
1.118646052033084359e+01
1.223049886452659152e+01
1.376298817052105861e+01
1.380952789749972887e+01
1.131325823430274369e+01
7.969244787486132076e+00
9.807454862190823519e+00
1.193272830314023025e+01
1.212848274571558704e+01
1.264736653734147431e+01
1.337559278405775665e+01
1.280395103927707723e+01
1.134355495253750767e+01
1.048480010962213704e+01
9.817601007530287305e+00
9.022656043824891725e+00
1.007340066100399234e+01
1.109373288098644572e+01
1.058784780921467039e+01
1.077752763855770013e+01
8.077799006682624849e+00
4.108771461124200108e+00
2.973596799048520367e+00
1.043242658496014830e+00
2.553587489750848150e+00
7.044483258407895576e+00
8.701093595469432174e+00
1.035894901865367146e+01
1.206491265810492131e+01
1.165432995749406153e+01
1.221993954747037137e+01
