-1.734470558962430076e+00
5.537071291474843449e+00
4.973451252794501620e+00
5.759829542098647615e+00
7.980994136369134573e+00
7.493599877625861438e+00
5.747253038956884552e+00
3.569749543431662175e+00
3.184195141795209683e+00
4.327456061901762574e+00
3.158089289489442120e+00
-1.736460927463741921e+00
-3.806818711308050496e+00
-5.143586471227931334e+00
-7.942222665098049639e+00
-9.508661439083983424e+00
-9.155995830094854071e+00
-7.767211289977922206e+00
-6.194746409653349772e+00
-5.234031211640549408e+00
-3.951354752296612816e+00
-5.021261140489225561e+00
-6.712827584885418197e+00
-4.416041579993269295e+00
-2.903143391978920684e-01
4.038627464058460959e+00
3.451658265961558225e+00
-6.829329543347508746e-01
-2.617485625836236895e+00
-4.701482735133551749e+00
-7.389167350578460081e+00
-7.914865005871358328e+00
-6.018115516293101486e+00
-5.797105469063462913e+00
-6.754763087687310374e+00
-7.116732819106984742e+00
-8.637506443367533038e+00
-8.063139995435090412e+00
-5.967222327265333526e+00
-4.162965109449331180e+00
-7.282087955383969025e-01
3.655161863616858575e+00
7.201815179359832619e+00
6.443510056844468536e+00
5.950670171335956660e+00
5.862708723607225281e+00
4.153855551983806293e+00
3.085224612981317893e+00
3.170352628790944927e+00
4.195313733492868735e+00
5.418067954498414274e+00
4.470265425885092903e+00
2.193760603284576671e+00
-3.482979607601884853e-01
-3.997667292358551450e+00
-5.045621226253049763e+00
-3.901406810366542910e+00
-2.427179424984557965e+00
2.428156858078920899e-01
2.448566829298161274e+00
1.609662764108219735e+00
-1.511340112771093480e+00
-3.726703380330353976e+00
-3.773417110821095211e+00
-1.470743772932666227e+00
3.229735914621753690e+00
6.562630707475757497e+00
6.767121819925418613e+00
6.286903054807309488e+00
5.121786083546252755e+00
3.543373759420557878e+00
2.447577324633778417e+00
3.950575257660480233e-01
-2.225584021590532924e+00
-4.371564813039934272e+00
-5.968510487640337203e+00
-6.682534643568616595e+00
-8.215686645660889909e+00
6.470665775920301233e-01
6.470665775920301233e-01
6.470665775920301233e-01
6.470665775920301233e-01
6.470665775920301233e-01
6.470665775920301233e-01
6.470665775920301233e-01
6.470665775920301233e-01
6.470665775920301233e-01
6.470665775920301233e-01
-8.628334560418753796e+00
-7.405480970822972075e+00
-4.859095268695101666e+00
-2.563497950666026703e+00
-2.601795720478051521e+00
-3.291097117858455601e+00
-2.906468588797139763e+00
-2.780684318516458919e+00
-2.438034228618946475e+00
-9.813731544975596854e-01
-5.949537769078820926e-01
9.537739965591497393e-01
1.632137918600848225e+00
-3.468489850282183151e-01
-2.952900997806983785e+00
-3.350233048388595147e+00
-4.703809748155514114e+00
-5.883545025578122534e+00
-6.647765238412731925e+00
-8.061187011341887754e+00
-8.156042972994541174e+00
-5.438019059889989570e+00
-3.249092678206247697e+00
-5.696763671219425618e+00
-5.809345655936634323e+00
-6.529867753224073645e+00
-8.933088297569122815e+00
-7.626830159708246626e+00
-7.576830047991928829e+00
-8.157398679724140678e+00
6.470665775920301233e-01
6.470665775920301233e-01
6.470665775920301233e-01
6.470665775920292351e-01
6.470665775920292351e-01
6.470665775920302343e-01
-5.766408223663016308e+00
-6.781461906863453848e+00
-9.544230410413666377e+00
-9.771663875492251350e+00
-9.458206060045586838e+00
-1.066951727253154303e+01
-9.676252745896860574e+00
-7.045534895694395061e+00
-3.913536717327730230e+00
-5.308672930674982027e+00
-9.658137292865912826e+00
-1.170576625182108899e+01
-1.243280719629067654e+01
-1.166413615038695184e+01
-1.162376786693858222e+01
-1.181000210257456651e+01
-1.190483402716244399e+01
-1.243849667375151569e+01
-1.131780838616222162e+01
-1.122188166644362006e+01
-1.189014115787621151e+01
-1.167314563996479926e+01
-1.115600480993812482e+01
-1.032970367969803860e+01
-9.833504215632270729e+00
-1.015967629467746569e+01
-1.148221033218756482e+01
-1.266531282322089957e+01
-1.314582707678464679e+01
-1.307034644307505644e+01
-1.229786332496212786e+01
-1.087349878045685792e+01
-8.154674848330570214e+00
-6.246631328005936012e+00
-4.112853440197507204e+00
-4.405505418279257235e+00
-5.901883168806665303e+00
-6.809944731393049011e+00
-7.092437058505880465e+00
-7.034950166570157926e+00
-5.405568918683584911e+00
-4.789617072561368261e+00
-4.310034706317288133e+00
-2.803061013063904205e+00
-2.492210166942716576e+00
-4.793204366318899901e+00
-5.961720296775395944e+00
-4.517345950073766936e+00
-6.514495911056926047e+00
-8.618373563952307137e+00
-8.962480072344117588e+00
-9.862367866719379705e+00
-1.025741154742254402e+01
-9.123308094271838087e+00
-7.048571058650439980e+00
-4.793768787134728093e+00
-4.799588218612664825e+00
-6.594576757375542719e+00
-5.367633517853407810e+00
-2.543497370641485400e+00
-2.108504034007381289e+00
-3.722115984319981585e+00
-5.355166672016724583e+00
-3.397223465975148571e+00
-1.270796864665427517e+00
-2.802973237797159456e+00
-5.526476597584644601e+00
-6.438080603440451632e+00
-5.374837421972195273e+00
-3.873344035284310038e+00
-2.060106006071152240e+00
-1.130242892807054034e+00
-1.148319679798986304e+00
-4.995545465703109533e-01
-1.647797245337496275e+00
-2.942296081146237974e+00
-5.028363966437176202e+00
-7.184383782791821993e+00
-6.060093822079605452e+00
-2.893439270740894464e+00
-3.099317224740609777e+00
-2.414807737921366826e+00
-2.516866616016903424e-01
6.891977307664417518e-01
-6.183562777051347659e-02
-8.737535063815844438e-01
-1.722938799450372871e+00
-3.205598469037590270e+00
-1.345020198363166664e+00
1.380042794407864815e+00
-6.378902631488961861e-01
-3.414347706057017984e+00
-5.263253433276880777e+00
-6.738274648232107644e+00
-8.166656029179886644e+00
-9.168561977298860910e+00
-8.643174123059646163e+00
-7.344876726037539605e+00
-5.645150476043601984e+00
-5.206033774454342122e+00
-5.507528098989130427e+00
-5.710265799146132970e+00
-6.820479356859421749e+00
-7.960287498515858040e+00
-7.653672633162207362e+00
-5.496263615631297839e+00
-2.076515984389095681e+00
2.863580497295622473e-01
-2.483423353370174169e+00
-5.954882025250157973e+00
-5.738423541400608840e+00
-6.027515214564965973e+00
-5.098654174086602708e+00
-1.432108919252002677e+00
-4.009644322080986589e-02
1.130332282123563736e+00
1.144432994412559079e+00
4.770914116027947238e-01
1.338895439470786153e+00
-1.074815540266037983e+00
-4.993158350061277950e+00
-6.786460780606090815e+00
-7.889043400983003274e+00
-9.665454823158997399e+00
-1.167557318323875748e+01
-1.236400103654808014e+01
-1.164828618945628058e+01
-1.139317270396836612e+01
-1.116371737151729171e+01
-1.045292266018371841e+01
-1.089513726619619760e+01
-1.213678719359705305e+01
-1.219731993877500820e+01
-1.110751596226873694e+01
-1.052613384089455550e+01
-9.710732252468762482e+00
-9.622790809896104136e+00
-8.818520662194663018e+00
-6.030330208068808595e+00
-5.589540507890271570e+00
-7.271409148361987818e+00
-9.253581434840596032e+00
-1.087876332361743437e+01
-1.053027635781903015e+01
-1.007375156719407094e+01
-9.961086584115266263e+00
-1.078037729884099782e+01
-1.174193362221484094e+01
-1.094182768579072729e+01
-9.107056910625853874e+00
-6.795444604227493635e+00
-4.671306285244960499e+00
-3.728992563494899493e+00
-3.143616333572031518e+00
-4.673852353676206661e+00
-5.819321118676239912e+00
-6.842754778451125119e+00
-7.934688194673698902e+00
-6.280536468706741537e+00
-4.958122882865469983e+00
-5.778321995436622949e+00
-7.218213999778696710e+00
-8.603633368021462502e+00
-9.854151938899683216e+00
-1.139195112542738642e+01
-1.221894961986282624e+01
-1.230667504392440215e+01
-1.116541526736273937e+01
-1.032890457261543027e+01
-1.035844736528447640e+01
-1.091816660698847308e+01
-9.424550606955811816e+00
-6.886670949789359675e+00
-6.856831235285251402e+00
-7.151965192851763575e+00
-8.127976093940578295e+00
-8.421357397368620212e+00
-8.747756993343006826e+00
-9.977714425222080408e+00
-1.066434500736261626e+01
-1.064116703312448564e+01
-1.014112342145324241e+01
-9.709408004094207456e+00
-9.442192365278776478e+00
-7.729838441805324756e+00
-5.316707223075670896e+00
-5.093489493440002569e+00
-5.399251115930227662e+00
-4.190934496387438202e+00
-6.279750208825078062e+00
-1.000768110199418537e+01
-1.157544943224360701e+01
-1.241244570252066204e+01
-1.285994786087936959e+01
-1.335026490378932884e+01
-1.381235550007109580e+01
-1.379837241299145312e+01
-1.337964401822633143e+01
-1.238144984178633123e+01
-1.142871073206564070e+01
-1.033468645918277495e+01
-8.206630216510397702e+00
-6.456936939448438828e+00
-6.726259920042174656e+00
-5.190295361174202426e+00
-4.779902733516959934e+00
-6.711788331770115690e+00
-6.782237862134206097e+00
-6.945295822090350235e+00
-8.165503030810842944e+00
-8.958480323555994218e+00
-9.335990524586893713e+00
-7.855401565966501742e+00
-5.509777292185882303e+00
-3.936337637851606619e+00
-4.904093567378820850e+00
-5.837568013323110705e+00
-5.615366822889233944e+00
-6.606928474441410515e+00
-7.552439050250241870e+00
-7.657510059747298037e+00
-8.390467712084738849e+00
-8.078531109292507395e+00
-5.111811978966305681e+00
-3.717719340491778990e+00
-2.928718325180017512e+00
-1.167736343609274030e+00
-1.932999837145917832e+00
-4.851731039282954683e+00
-5.447600136208458288e+00
-6.522355783470562329e+00
-7.725144405807303549e+00
-9.367778591575348202e+00
-9.531078298995804943e+00
-8.624607416058582388e+00
-1.012035709165541775e+01
-1.089253224136069242e+01
-1.107872448922592490e+01
-1.075081160987686779e+01
-8.001519552824769121e+00
-6.990706175060950045e+00
-7.216968476887226203e+00
-5.911549954750554114e+00
-2.818980837789030414e+00
-2.868856700813281702e+00
-4.293323700834193346e+00
-3.803452479818590248e+00
-3.200433841227657172e+00
-5.114537375335174829e+00
-6.435223495291101159e+00
-6.773150282649803344e+00
-6.099434900265768178e+00
-3.627803543467119862e+00
-9.736343243696314875e-01
1.498509358444848116e+00
2.696307216692204189e+00
2.193952756395628256e+00
8.540430488586432389e-01
-1.325879007127925613e+00
-3.972869328878281703e+00
-7.772866741946592661e+00
-8.752236883252889399e+00
-8.825398071784585241e+00
-1.039373552678669022e+01
-1.211406761405651977e+01
-1.254518800225434205e+01
-1.133772251530348996e+01
-9.551748735076765584e+00
-9.931413628162754748e+00
-1.156229304314484985e+01
-1.216352690597818231e+01
-1.215519357745661644e+01
-1.134818290712927258e+01
-9.688544867484043976e+00
-7.376380947171758073e+00
-6.043051288636285712e+00
-7.279637491056130116e+00
-8.159605734130591870e+00
-8.032629378277862386e+00
-7.933770802790117038e+00
-8.049187087554228626e+00
-7.273907211485135527e+00
-6.181738369273650058e+00
-5.121687497542602330e+00
-2.839840901591363043e+00
-3.342274222853393262e+00
-4.507778545266853065e+00
-3.053340750051806385e+00
-1.664469853663199217e+00
-2.300550184836118728e+00
-3.188333138903201025e+00
-5.356984307133092038e+00
-6.446788066103390946e+00
-5.657820983480520205e+00
-6.265332918329029610e+00
-7.912131561722228312e+00
-8.583544840852386670e+00
-7.594911342226471795e+00
-6.939578568497868361e+00
-6.856250155540165814e+00
-6.678516527853159523e+00
-7.237925692684270551e+00
-9.569166816373096296e+00
-7.504262293755744828e+00
-4.575481829170772841e+00
-5.236826539115713608e+00
-7.173046003444696339e+00
-8.519327786602962860e+00
-8.216401481651866234e+00
-8.298482872893327311e+00
-9.617394693726632582e+00
-9.286530295383006006e+00
-8.610175088570036550e+00
-8.990744603455794959e+00
-9.332964558982357772e+00
-9.091790696516325099e+00
-7.600586493173099534e+00
-8.343672215913755963e+00
-8.939793717329894918e+00
-7.402835532894627590e+00
-6.825808984744042185e+00
-6.812243753808408187e+00
-8.314709470988161044e+00
-1.078262611302538510e+01
-1.178182915824744548e+01
-1.136207017474966463e+01
-1.064589352583566928e+01
-9.641005480805286965e+00
-7.643281999459358822e+00
-5.700488792569962548e+00
-4.604388326583283231e+00
-4.397685061957950836e+00
-4.855933142940960678e+00
-3.416310845095519966e+00
-1.653001168575509272e+00
-1.840649043299153353e+00
-6.012903012459178242e+00
-9.055107708357176932e+00
-8.898520735623449696e+00
-7.993314314306391388e+00
-5.831281730093469839e+00
-2.605638452154705575e+00
-2.703134594099324328e+00
-6.353784644336630372e+00
-6.831932535607129431e+00
-3.783763307108460427e+00
-1.815197504249910665e+00
-2.673553789399306435e+00
-3.430498263120496993e+00
-3.664466059437645029e+00
-5.744475442907734930e+00
-6.388655576689633797e+00
-6.030703510650651467e+00
-7.314674203603228619e+00
-5.635537781327252915e+00
-2.208522846943455242e+00
-1.507030791001149339e-01
-1.935205890014201069e-01
-3.094562987680765875e+00
-6.019467465902696546e+00
-7.426013199970196155e+00
-8.878262635498893829e+00
-9.470306381670859253e+00
-8.734965466522128352e+00
-1.012639363638257883e+01
-1.181362438533814441e+01
-1.153508900766611411e+01
-1.149998607923907556e+01
-1.185695562630971800e+01
-1.151508843510070790e+01
-1.122896156433497517e+01
-1.098211729145834070e+01
-1.008027313518634038e+01
-7.286507442246854538e+00
-4.638356934053033953e+00
-3.548263630746374186e+00
-4.145641700132661533e+00
-5.341707506938179861e+00
-6.585277426961750891e+00
-7.648424047087999611e+00
-8.837322894236219639e+00
-1.006832639078791480e+01
-9.976525214797426599e+00
-9.453677246325785433e+00
-7.707959555501791016e+00
-7.811998196420383955e+00
-1.086449720717150491e+01
-1.228522428447172210e+01
-1.180189157140177514e+01
-1.022773357131674388e+01
-9.696447254172671393e+00
-1.001873745886149081e+01
-1.096795444708911127e+01
-1.251139173563242757e+01
-1.309389297598322877e+01
-1.306247462414331295e+01
-1.269607607695158258e+01
-1.208369388507295028e+01
-1.186589794759817984e+01
-1.210214997461067910e+01
-1.281792160322554786e+01
-1.266960104169074519e+01
-1.262824415334978667e+01
-1.177670144347040981e+01
-1.011088087563020288e+01
-1.103742997917286495e+01
-1.109799050538327236e+01
-1.043512608446526002e+01
-9.377197538860261972e+00
-8.634220606295041733e+00
-9.214766081970880762e+00
-1.113545252303453381e+01
-1.225912734880389365e+01
-1.245373628253511988e+01
-1.220499541138952182e+01
-1.105447887291629172e+01
-9.560762399648103482e+00
-9.633475017349081071e+00
-9.632412668866720651e+00
-1.001823997006015077e+01
-1.075776171828730376e+01
-1.061971364421384934e+01
-1.174752143685689276e+01
-1.279483679776349092e+01
-1.310751461203094514e+01
-1.270267958359801597e+01
-1.228302421526072763e+01
-1.259573666994055152e+01
-1.268468645618169965e+01
-1.291554467139436291e+01
-1.312449589731218502e+01
-1.297847707940961293e+01
-1.233846901603183177e+01
-1.208446444687863952e+01
-1.234173086776543826e+01
-1.171983162871363504e+01
-1.132765566564564175e+01
-1.213749212598492200e+01
-1.236333416209358127e+01
-1.243756447870511472e+01
-1.214793539744810857e+01
-1.160035593041801327e+01
-9.872537543837450968e+00
-9.654328819000483008e+00
-9.917453719793824618e+00
-8.676896093943819110e+00
-8.795482174332299508e+00
-8.574224220873254865e+00
-8.031846948781618423e+00
-1.018906980488663727e+01
-1.244728819917706097e+01
-1.276070289206020014e+01
-1.183680742198892233e+01
-1.179223717320445886e+01
-1.217444932296038118e+01
-1.155630702478396721e+01
-1.055303398577023621e+01
-1.026316035198542487e+01
-1.017596595800716663e+01
-1.152414331025299887e+01
-1.169750303261569790e+01
-1.036338607768876052e+01
-1.050252090952388428e+01
-1.114448547912580345e+01
-1.081972508483007012e+01
-1.165852035538311071e+01
-1.276893826669081555e+01
-1.298924562429710505e+01
-1.238098214402175756e+01
-1.266342147166734122e+01
-1.249724900146645723e+01
-1.076216212715450382e+01
-9.427853519765941215e+00
-8.760774929343241979e+00
-9.304587640650206382e+00
-9.108650017461426884e+00
-9.860441115874060358e+00
-9.761166009185920700e+00
-8.709163428113406269e+00
-9.554730395036562740e+00
-9.640086405050457330e+00
-9.438395777829580169e+00
-1.000892376685504104e+01
-9.550216818118562045e+00
-9.220275302342875179e+00
-1.120329704376556990e+01
-1.266583165679831424e+01
-1.266489014162920057e+01
-1.170656573262062672e+01
-1.171081859689524229e+01
-1.224388714024219382e+01
-1.175583276808364630e+01
-1.142797865961692239e+01
-1.118763615371531195e+01
-1.088993161684523336e+01
-9.890628170731648794e+00
-1.048622236041324562e+01
-1.188354780629316920e+01
-1.213316020884816737e+01
-1.201979364408624740e+01
-1.257748962625498557e+01
-1.268837654208616073e+01
-1.249964544252559229e+01
-1.276973701606337208e+01
-1.251140493202324677e+01
-1.155099498428507410e+01
-1.109514969800201811e+01
-9.786341441864376378e+00
-8.487633060907777249e+00
-8.915728933586729354e+00
-9.903323516498781842e+00
-1.136919196028450152e+01
-1.199514409631768785e+01
-1.182597257560320969e+01
-1.163512288974878039e+01
-1.204978691359126408e+01
-1.262565898813647003e+01
-1.243280540334779083e+01
-1.133445793529495127e+01
-1.023517616221864834e+01
-8.926694930611162704e+00
-8.047832869316648541e+00
-6.815395426204589491e+00
-4.903636605181284303e+00
-4.026277843091579101e+00
-6.425359931623138898e+00
-7.915778512993430382e+00
-5.259981022223936264e+00
-4.052474948177651193e+00
-4.194393515767401937e+00
-3.519845392119927308e+00
-4.089359891597374563e+00
-5.176342114969215480e+00
-5.731456341491185213e+00
-6.740426897684940855e+00
-7.858241509948410197e+00
-8.580346029499937188e+00
-9.879597672775007666e+00
-1.046554969046580119e+01
-1.009862452229966401e+01
-1.042411546276739642e+01
-1.101685812978568535e+01
-9.615447018813609859e+00
-5.971577447263644700e+00
-4.317214294103505878e+00
-5.873744886730842829e+00
-7.866012763276915010e+00
-8.540222875531878088e+00
-7.642282039682008588e+00
-6.981009106304497891e+00
-8.086162072989765193e+00
-9.225579010089605347e+00
-8.301958722615919939e+00
-7.159705321955209811e+00
-5.715844972567635907e+00
-3.859590909437922601e+00
-6.082767672187441299e+00
-6.855193812095889072e+00
-4.777736362007987125e+00
-4.765112172315109973e+00
-8.155456275535041044e+00
-9.846455016349018763e+00
-1.068666134680985813e+01
-1.164096444478239789e+01
-1.195783370079835173e+01
-1.062700083958938357e+01
-8.896313024135425351e+00
-8.170133270712296891e+00
-7.208658433290755063e+00
-7.651238590290511787e+00
-9.055971071419893548e+00
-9.092951608812310127e+00
-1.006430628606454469e+01
-1.161553545124723463e+01
-1.189224010276811505e+01
-1.165274803675532134e+01
-1.151611094603865837e+01
-1.214881866927504817e+01
-1.287754206322083661e+01
-1.299094503469243556e+01
-1.250420321540315882e+01
-1.008035406060855621e+01
-7.494093800410957407e+00
-7.665339753579782034e+00
-7.579674681433194117e+00
-8.625458121612775031e+00
-9.807336966369216924e+00
-9.432262415903979402e+00
-8.752142145661228056e+00
-9.212452868351800106e+00
-9.996040715533400345e+00
-1.143855808865355783e+01
-1.135927672768447394e+01
-1.017720592002236657e+01
-9.831582698533154030e+00
-9.938848711453193374e+00
-9.665154051600065799e+00
-7.659686725939964802e+00
-5.587929186882879762e+00
-5.528451937274745376e+00
-7.339720201487947904e+00
-1.026949454514837612e+01
-1.207313940497171600e+01
-1.273720196721275677e+01
-1.263258202162037058e+01
-1.216907124433891063e+01
-1.084890025230030730e+01
-9.179934476314395297e+00
-8.726003902726905181e+00
-8.919226837637550531e+00
-9.194688016733351787e+00
-9.679138473480998428e+00
-9.535103743142581578e+00
-8.181798556806850087e+00
-8.353672045052254802e+00
-8.416489719424784965e+00
-6.862342436702809856e+00
-5.061559274587103197e+00
-3.005680388266717795e+00
-2.630154211050751645e+00
-3.492003124501790623e+00
-3.285212002940745002e+00
-3.057358869662643475e+00
-2.926170713612216367e+00
-3.683146586391242483e+00
-5.420359815744919985e+00
-5.848307236185686264e+00
-3.767710227097596842e+00
-4.145041779418914274e-01
-1.043087098173993033e+00
-4.336220656120314487e+00
-5.836637262016432182e+00
-7.556276536150885015e+00
-8.933013889925000228e+00
-8.065127437373426744e+00
-8.169420395777095223e+00
-1.022122586984751358e+01
-1.089886019306753084e+01
-1.033079024902230714e+01
-1.034313746443124060e+01
-9.764118423942059977e+00
-8.576198651008635210e+00
-7.978999846493564974e+00
-5.839910704414804421e+00
-6.240792650793481222e+00
-7.097595341315228623e+00
-5.799131891024155827e+00
-4.043632016948612851e+00
-3.059046294319075709e+00
-4.678399909146415681e+00
-5.957001617121401082e+00
-5.562846946436763140e+00
-4.823191126569741805e+00
-5.730482397205717504e+00
-8.935158896104292481e+00
-8.325477290003290065e+00
-7.133971085568695969e+00
-9.040037319361216461e+00
-9.585644450198381961e+00
-8.808498721602374459e+00
-6.929947770007410135e+00
-3.321946945871198764e+00
-2.103112901523895406e+00
-3.203034867239916927e+00
-4.822766081609134226e+00
-6.453464556193076795e+00
-7.233238916967733800e+00
-5.539778326493683736e+00
-3.503506870553593444e+00
-4.401793308289542850e+00
-4.390079160667403890e+00
-2.266494693434414565e+00
-3.218676259131351358e+00
-5.206749208888227010e+00
-6.104077121749165613e+00
-5.320737764021436611e+00
-5.720089201734925410e+00
-6.002369865650719838e+00
-3.850343968309779985e+00
-2.804779840843848682e+00
-2.070475074885844702e+00
-3.377913273448786668e+00
-5.403677266925630107e+00
-5.980523752914719715e+00
-5.318146336734228541e+00
-3.787607160082229640e+00
-2.252075915999671274e+00
-2.220826941739631799e+00
-5.362744718697303625e+00
-8.514527149652236560e+00
-1.021768934050853339e+01
-1.006707377909520851e+01
-6.877355590386594386e+00
-3.947813542864584857e+00
-3.171734405551704050e+00
-2.582459721154995336e+00
-2.774963958935057651e+00
-5.623583674699722756e+00
-7.438643860358089555e+00
-7.740755677135902069e+00
-8.018367358079958152e+00
-8.000798483242004266e+00
-6.683882462934290558e+00
-4.479242129705593989e+00
-3.444619800126799802e+00
-3.587788467597831765e+00
-3.497908191087425678e+00
-3.838870763531878172e+00
-4.989756172901002707e+00
-5.503111176972183216e+00
-4.851266178092928705e+00
-3.731785135991592117e+00
-5.292921682622361068e+00
-5.659060291484538929e+00
-5.304833616784705441e+00
-6.198794518611538074e+00
-6.163425580017237948e+00
-7.422903524981141032e+00
-9.799567455980072950e+00
-9.859468526049562698e+00
-8.066727430330690396e+00
-5.829593307970898586e+00
-4.269615131112190376e+00
-3.765811136479930266e+00
-3.702164279678429093e+00
-3.357845421255102103e+00
-2.916200015616419616e+00
-1.717208180434643960e+00
8.104362280796824081e-01
8.472624108287076794e-01
1.168194935884634411e+00
3.445822031179757161e+00
3.894419297703866967e+00
1.740652622584376363e+00
1.869486128500512434e+00
3.196463276392735864e+00
6.221557353058201900e-02
-3.887332221490670037e+00
-4.925596452572415629e+00
-3.325312148897272557e+00
-3.119284911747072009e+00
-3.468806693635210880e+00
-2.558394195950452588e+00
-2.949949465519595915e+00
-5.038791788904739555e+00
-4.222625904568650945e+00
-4.155493697720666901e+00
-3.382169014708145127e+00
-1.224674500803379473e+00
-1.273728935190369338e+00
-1.816052561986621683e+00
-2.432223961183069161e+00
-3.864138422561906427e+00
-4.803264612034885417e+00
-3.137616292061170320e+00
-1.543100558259415278e+00
-1.902988103531609410e+00
-3.917380198928148261e+00
-2.915600068549235147e+00
-5.706297295206114173e-01
-2.812892209201935056e+00
-4.545196762633550769e+00
-6.143379757844734890e+00
-6.125177007393181050e+00
-6.284117368918419544e+00
-5.825810344892490278e+00
-5.060799812964222433e+00
-5.224303668430744452e+00
-5.067816095748360894e+00
-5.526929869194088241e+00
-5.564079343212045892e+00
-5.201040040463719372e+00
-2.268357365160146966e+00
2.208878267013738017e-01
1.819419340000593799e+00
3.460488683648743180e+00
3.687648396288206953e+00
1.604120527070564739e+00
-1.405626386936692507e+00
-3.979654888241929367e+00
-3.409476016701608270e+00
-5.608450686679538055e-01
-1.182166926087605541e+00
-3.398967905276098822e+00
-5.092449917072430665e+00
-6.264237357133246142e+00
-4.319545904067473963e+00
-1.547452854073852135e+00
4.045800569567336025e-01
7.358667507231114735e-01
-8.740958485207903639e-01
-1.956921447668956482e+00
-3.977198102240114608e+00
-6.112464824313134315e+00
-6.239616412860446104e+00
-5.501569687936331832e+00
-6.969286428557247781e+00
-8.515868176174048898e+00
-9.464096757544050220e+00
-9.953092948774653337e+00
-9.273903543624982149e+00
-8.453824238988932649e+00
-7.757902273103260526e+00
-6.681675803713252648e+00
-3.845545720594259809e+00
-1.100742340604712544e+00
-2.718047877809880664e+00
-4.459232063624455122e+00
-2.909096801105294894e+00
-1.259959761015044144e+00
-3.491159729798818390e+00
-6.186198805767788578e+00
-8.314704460703529421e+00
-9.056763336583726343e+00
-7.800046498700999642e+00
-6.664045641233661499e+00
-5.263001260735112652e+00
-2.779692595107287723e+00
-1.426719517622518918e+00
-1.825460228028608078e+00
-2.003955054050535534e+00
-3.154149088277480750e+00
-4.190669462925841415e+00
-4.360690045547436000e+00
-2.712329601827145442e+00
-3.999819514603667470e-01
-9.347655603722870854e-01
-4.071876043388119371e+00
-7.149756383411805416e+00
-8.098851764332794190e+00
-9.169593637906420014e+00
-8.210850005540924812e+00
-4.577177234268692274e+00
-4.553943841890061961e+00
-4.595108762337662967e+00
-2.513825173740030561e+00
-2.767201313306348442e+00
-2.719085272800723985e+00
-1.900474421015038384e+00
-2.018845409548265302e+00
-1.245291339574148060e+00
-3.058499344129538944e+00
-4.913295220405933250e+00
-5.879219039345932707e+00
-6.646472580026938637e+00
-8.402625373739844861e+00
-1.020389829436536644e+01
-9.969659009924313864e+00
-9.658466980117598411e+00
-8.931202279010250322e+00
-5.958702912916871597e+00
-7.036731340846807958e-01
5.094963469715039217e-01
-4.551071632951002588e-01
-1.593074112751580618e+00
-1.332067440007752568e+00
-2.584583384700850583e+00
-4.355249730478357506e+00
-1.482343515879942064e+00
1.009298130637755309e+00
2.558472345369285694e+00
3.899490613837423236e+00
2.494027098297538547e+00
-6.970637940945243471e-01
-4.683523573075596858e+00
-6.098752284457791717e+00
-4.844642320783383305e+00
-2.623025392079875395e+00
-1.935620175375050378e+00
-3.491836955393659014e+00
-4.424636350448952982e+00
-3.487422066125270614e+00
-1.268640115913042266e+00
-3.506252169031680577e+00
-6.187854118180065477e+00
-6.534857365762871240e+00
-4.460821272124980474e+00
-1.179313758814376500e+00
2.043219194283551587e+00
3.623799374397987272e+00
4.105534190438693720e+00
4.278394010852555773e+00
2.386358204959829976e+00
-1.263448805050042534e+00
-4.126701559764225813e+00
-3.883760050960510579e+00
-2.169161545821773007e+00
-2.418031627770417913e+00
2.575318521419250883e-01
2.199825688743088481e+00
-4.025003462220066441e-01
-1.161934537408984891e+00
-3.323260277734391810e+00
-3.103609541638734370e+00
-8.598938053454502350e-01
-2.481644133603783331e+00
-5.348195718740803350e+00
-6.547067781132835940e+00
-5.141590112501763343e+00
-4.132198293133716227e+00
-5.954620624042481047e+00
-8.417257767539709334e+00
-8.817713490002926591e+00
-9.129236790341604291e+00
-8.694140294014859549e+00
-7.849182513566882236e+00
-1.070506129009923413e+01
-1.200501442198051549e+01
-1.034271368147885006e+01
-7.821861478473254969e+00
-4.449623517669154538e+00
-2.161032673523235914e+00
-3.640027337548090713e+00
-4.485042928653150796e+00
-2.270515301805433150e+00
-7.277738198474315023e-01
-2.008890523049775556e+00
-5.317916679485327869e+00
-8.280923187583002942e+00
-8.596033203398775413e+00
-7.830771640726886140e+00
-5.470257093683912331e+00
-3.150752044973822219e+00
-1.765363122344077551e+00
-2.617564975964453033e+00
-5.127139254000723234e+00
-3.511070437991390847e+00
-6.145873439191171794e-01
-6.668822019545843638e-01
-3.155649058023165310e+00
-1.859410343328020243e+00
-2.688789851582131796e-01
3.739194995797770482e-01
1.860988406292397812e+00
2.636226524434159835e+00
8.421878173633300380e-01
-1.026401051878615300e+00
-7.866698446737179218e-01
1.273274777643833566e-01
1.199055386809749990e+00
6.940103268421259075e-02
-1.891855748983300112e+00
-3.713549581131911914e+00
-3.718061876447846359e+00
-3.425521407899346116e+00
-2.199693482658865218e+00
-1.242921516837851348e+00
-3.691336966932238450e+00
-6.893178424842347773e+00
-7.558779216334417406e+00
-5.266202645114316461e+00
-2.012803786567149533e+00
1.999055457099585098e+00
3.477716220978616324e+00
2.733993301458651271e+00
3.800040010793687140e-01
-1.544732196876353880e+00
-1.794224109852448512e+00
-1.201882739618180151e+00
-4.187942807739846729e-01
1.359846844030772717e+00
3.898389992654299530e+00
6.034106967833426260e+00
7.460167893962903030e+00
6.759161326167375528e+00
4.450571124170043191e+00
2.508873391014996290e-01
-2.602669119393715924e+00
-3.072217768254491332e+00
-1.915946777703522619e+00
1.017813856747038281e+00
1.981163168461846258e+00
4.047779852576075754e+00
9.562355878695543154e+00
1.113199937076119461e+01
1.040463903525554912e+01
9.551484486708297084e+00
8.989243643770143066e+00
7.133403670522708850e+00
5.650648318612456755e+00
4.500055130695502115e+00
2.359420876722401417e+00
-4.018544815835589090e-01
-2.564468482569663088e+00
-2.621868511065512219e+00
-1.196895110288299646e+00
-1.473941746824231736e+00
-2.604745533820816750e+00
-1.103379637861350071e+00
1.180064381119873662e+00
2.620577511635651557e+00
8.931586116619650850e-01
-1.706557985962685597e+00
-2.755875657307087057e+00
-3.031168622814666147e+00
-1.723636443958650677e+00
-2.017718711196152259e-01
2.108386948903004043e+00
5.140361430648852092e+00
6.716572794919756895e+00
4.715506333639712722e+00
2.854249666372468686e-01
-1.715410456734487221e+00
-3.840157960166332707e-01
2.331209200556254579e+00
3.767587339061091445e+00
2.554884301265296642e+00
1.159948688795749971e+00
1.750132481889821401e+00
3.490689874074789589e+00
3.845715748250055910e+00
3.368628826576174351e+00
2.999732179956363431e+00
3.948641388184346734e+00
6.340480043385774422e+00
9.430068394206843507e+00
1.093873808976096917e+01
1.097023629927568855e+01
9.915930717375788461e+00
9.152827978014387966e+00
9.241426290506266739e+00
8.148414171175382137e+00
7.962280558954972776e+00
1.051828754823362466e+01
1.181440628948084637e+01
1.180506050583846189e+01
1.098275910180772641e+01
1.120643145015210074e+01
1.291734113416438134e+01
1.288789611580065220e+01
9.797813265901043067e+00
6.072107239934970480e+00
6.931058815286805341e+00
8.404804803475856900e+00
8.590444597781415226e+00
6.294150987651589091e+00
4.769533861566418231e+00
5.876547877735055714e+00
8.061736851570179496e+00
9.680295494263988942e+00
8.250380915604461407e+00
7.092732898231402849e+00
4.709200435471743162e+00
1.435371807501056418e+00
-4.274550461468472062e-01
-1.162352671524899295e+00
2.150382809018535291e+00
4.997766708169624650e+00
4.327556985480772056e+00
3.609462919183100471e+00
4.971827004020257235e+00
4.885755432481091454e+00
2.928051327551312699e+00
3.665402434484241745e+00
5.843649760103629909e+00
6.891566947369161866e+00
6.491285648099451855e+00
7.906225782531209667e+00
1.002567417765920510e+01
9.117477382660702290e+00
8.020562400611273901e+00
8.844165927537499527e+00
9.358611080115343483e+00
9.751189986822524247e+00
1.056462784826669576e+01
1.043886597091631963e+01
1.125758129556843024e+01
1.296293555500894001e+01
1.222891114192815287e+01
1.018041132828640549e+01
9.052807243339623611e+00
7.588123547917013489e+00
8.437767517501304937e+00
8.431901256930965260e+00
7.194099678335462933e+00
5.165358548169211694e+00
2.343034071737606361e+00
2.670437138186338988e+00
5.549752470255430836e+00
5.905668078699517487e+00
3.980726480622122754e+00
2.655533072055648258e+00
3.039081886517662312e+00
2.264967432891452859e+00
6.704514183180972919e-01
1.617211400376909358e+00
1.968751201323889699e+00
2.482500225263657878e+00
3.702497210563660879e+00
4.168552119432302305e+00
3.683223595787478377e+00
3.649902898284411279e+00
3.335858296229930353e+00
4.120392045648530455e-01
-9.866280716675507323e-01
-2.003173944868025469e+00
-9.880095357692986191e-01
5.408123575944824957e+00
7.939186244140950421e+00
4.345470799381574878e+00
1.673335943190842556e+00
1.361062201043662379e+00
3.154151130302323414e-01
-1.244725827563874176e+00
-3.046092531324240849e+00
-3.524018201323654953e+00
-3.579609644255083989e+00
-2.850599860427514454e+00
-2.071643527217795544e+00
-1.659719783132580062e+00
-8.143786115551101545e-01
-1.495118247637055031e+00
-1.615371552406132727e+00
8.951221655458806437e-01
4.257860032490381919e+00
6.771756229543388628e+00
8.216614006618835120e+00
8.292453807168072899e+00
7.194246953592108973e+00
6.052848134219877885e+00
5.754068826116654378e+00
4.327560048989570696e+00
1.241145669440163690e+00
-1.822149223506631222e+00
-2.709715510425660057e+00
-3.002815325655855627e+00
-3.760791610617008729e+00
-2.930519269540026173e+00
-1.432266841159301751e-01
3.359119349656337850e+00
8.019287568574354097e+00
1.071378412147717185e+01
1.125266200081292212e+01
9.523199964597925060e+00
6.413984119705080644e+00
7.023102627202042925e+00
7.545680209937315475e+00
6.124674110709860564e+00
4.032263377639390356e+00
2.536424023481586243e+00
1.517361689556046223e+00
-4.335329132660002971e-01
2.937323033506257897e+00
8.100281263428190215e+00
9.624520230914814789e+00
8.253508141254108921e+00
4.979091105739181344e+00
3.803961723321719113e+00
5.141554218518948005e+00
4.903228558922085867e+00
5.673054714340224791e+00
6.029083974937180734e+00
7.732773912113418469e+00
6.685688683732771587e+00
4.395325851976406462e+00
6.766950628313114002e+00
7.073265116587983847e+00
7.714634698845715732e+00
1.020661434102030363e+01
1.180369695647879347e+01
1.194305667259041037e+01
9.549220806886735247e+00
8.099893977164240866e+00
8.924563906466710606e+00
1.059041476161652540e+01
1.203723104104144781e+01
1.229965686748307263e+01
1.132091621489897726e+01
9.060330125312907157e+00
8.492793370151852983e+00
6.341187234005127848e+00
2.556670926756171358e+00
2.878503198625917747e+00
1.991607370819479472e+00
2.762699930518158542e+00
6.783831173668304793e+00
9.286462817500781952e+00
1.000087191053231095e+01
8.715620427299478834e+00
7.756779066717055748e+00
7.664686887824087691e+00
7.193028009975991566e+00
7.763019683764673218e+00
9.972689572538442349e+00
1.222229935270398826e+01
1.294641296834437583e+01
1.329900526059001109e+01
1.279486433540199464e+01
1.157532716306103282e+01
1.093321908959908306e+01
1.028476164035617479e+01
1.005140299003578086e+01
8.987399027929786399e+00
6.788690955568384311e+00
6.430437452606164506e+00
7.946335169799178644e+00
8.276223841876692688e+00
6.239664279214345299e+00
6.809631765742118148e+00
9.768546245836486008e+00
1.177892482847139988e+01
1.235807308516797143e+01
1.213694472737198815e+01
1.102136192243761670e+01
8.618434010748957874e+00
5.971859550918237503e+00
6.675711904083336812e+00
7.689298442831512759e+00
7.991246181060426501e+00
9.847497276868157456e+00
9.556859138914795437e+00
9.224035273497657172e+00
1.116383839189271221e+01
1.094365098124822389e+01
1.078632297660413286e+01
1.177590507127579755e+01
1.175151359130277662e+01
9.310404075044690586e+00
7.725880989046258307e+00
7.103029877670514303e+00
7.996387907122199046e+00
9.048006579652744463e+00
9.667559041823064803e+00
1.135259553624924855e+01
1.187016593394648467e+01
9.673287775580051928e+00
5.983251645893637338e+00
4.610644399111717640e+00
5.624069907106442834e+00
5.721755059508137009e+00
4.017866252689462847e+00
3.508762465040413669e+00
4.295289309819380286e+00
5.710569881843553297e+00
8.186639217736180640e+00
9.551882396965231337e+00
1.004859513337014754e+01
1.118714430656700998e+01
1.105060135138444366e+01
9.171102084995997217e+00
7.300261926756834718e+00
6.346152980593505966e+00
5.538897739480611371e+00
4.020385105129933301e+00
1.662992285442805862e+00
-2.911048138054327383e-01
-8.211213258910984858e-02
1.091837096175613808e-01
2.414184750310005345e+00
4.878743409225422489e+00
5.821052199384549652e+00
7.952776189240871929e+00
8.645278323172643553e+00
9.728475505660169276e+00
1.091629936125416123e+01
1.015692967477527020e+01
7.902992015819121363e+00
4.579299610357747241e+00
3.293395098476012084e+00
4.727538113618449778e+00
6.929705194758301268e+00
9.144658324930864168e+00
1.149131198708086643e+01
1.134155493733418218e+01
1.016247265829563773e+01
1.060757137952307616e+01
1.140735332815374470e+01
1.113247598462326415e+01
9.542217053161685669e+00
8.765841099142559045e+00
9.990995558227757201e+00
9.492821942201993934e+00
8.453363217510059258e+00
8.215590772796291574e+00
6.292234247667719771e+00
3.970404439113976558e+00
2.371232119848722508e+00
2.422063154138801799e+00
3.665880908927424464e+00
6.126688561306440128e+00
7.215758326471203965e+00
6.152383153256880455e+00
7.899306233346135464e+00
9.364970890376548951e+00
1.003128746039436514e+01
1.142761686765098794e+01
1.275220421838346496e+01
1.233918791542190618e+01
1.051962269886571910e+01
1.095505965075356691e+01
1.214528374628987706e+01
1.288530889613951835e+01
1.253223876892260336e+01
1.042648711334132550e+01
1.002696639033282899e+01
1.106968774820315815e+01
1.106314507037441786e+01
1.143351076504152708e+01
1.170783026672178195e+01
1.040184913198982031e+01
1.109974716838997821e+01
1.237659582358178589e+01
1.282046877383321615e+01
1.204697143599940290e+01
9.912043664542501631e+00
7.624334903876125225e+00
6.025481274403090559e+00
4.625045196957469962e+00
4.701046722100372222e+00
7.177138511854862735e+00
9.523136619727260666e+00
9.658359430389015898e+00
9.335283334138813061e+00
8.062607201780066291e+00
6.134742815123241044e+00
7.517996470217585880e+00
8.652638334570255552e+00
8.361122859055504009e+00
9.459781723527077801e+00
1.157320721127361018e+01
1.298253594118416743e+01
1.375556436909724312e+01
1.425626007217973346e+01
1.470798729598240051e+01
1.441344316527744063e+01
1.330924275144180768e+01
1.326991209483182921e+01
1.338840720839103327e+01
1.207870078473828279e+01
1.030033506949894573e+01
9.952501928167908574e+00
1.101944073185912387e+01
1.134628978210891326e+01
1.079206432334436983e+01
9.995371521356325673e+00
8.819322936301004390e+00
7.506165662184391962e+00
6.196935880898856830e+00
6.004330967851480239e+00
7.562351256514625142e+00
9.164588689891449036e+00
9.921271503927698632e+00
1.141594608005889278e+01
1.282281890357134913e+01
1.255446097756136403e+01
1.077584514224104062e+01
1.078035063986115993e+01
1.251480818402260553e+01
1.193916013006645649e+01
1.044381437622823761e+01
1.164051203769017206e+01
1.158934457841640864e+01
1.065154485339791179e+01
1.058838136958313214e+01
1.115648251045101169e+01
1.127003876143261607e+01
1.191426482434633805e+01
1.368724109129486699e+01
1.454492540994174377e+01
1.397898232492453019e+01
1.243331586255701104e+01
1.121611254039847339e+01
1.052655411552922970e+01
9.652773721451906042e+00
7.875286236190103928e+00
6.193805007487282133e+00
4.914732579567176352e+00
5.050082004810174219e+00
5.578215997317325758e+00
7.949511273531868483e+00
9.913569348486918287e+00
9.710425271497429733e+00
8.864686503974857246e+00
8.744283199477880686e+00
1.108077130736384674e+01
1.064638777243853340e+01
9.802672472260486103e+00
1.231256466519034731e+01
1.380296038940515757e+01
1.374379345812537601e+01
1.309591125116690513e+01
1.309954228158039591e+01
1.433222247647780634e+01
1.479910887693940857e+01
1.436836418986251829e+01
1.395136120246473332e+01
1.291391870998484315e+01
1.176860879063998588e+01
1.094207100663693488e+01
1.146534652753364192e+01
1.132946395667530837e+01
9.495338419742905600e+00
9.621386625449064312e+00
1.301248324831586167e+01
1.426117739562988440e+01
1.440504043248673050e+01
1.375030167317537533e+01
1.270452354500709014e+01
1.159365433909802157e+01
1.071738480328831855e+01
1.045642782134368254e+01
1.057697395689927511e+01
1.108222949419639392e+01
1.045323282041788282e+01
1.037412122936727599e+01
1.066848430956559390e+01
1.241214453579531707e+01
1.391833655449608820e+01
1.405985024263127414e+01
1.336372329187786789e+01
1.323603126007442121e+01
1.265223872536908978e+01
1.130278585053376617e+01
1.193536167121634328e+01
1.284821089869891253e+01
1.171659336143512498e+01
1.124101692531038843e+01
1.234223546518083126e+01
1.369829776511858910e+01
1.359693081022470729e+01
1.198368410464665423e+01
1.077737486278456380e+01
9.704228739228774714e+00
7.521530310103740291e+00
6.014093858378642743e+00
6.485726528390999945e+00
5.666348905615725684e+00
4.016982797635992419e+00
3.971848348993580302e+00
5.906326529169819040e+00
9.637122880929920754e+00
1.056527785774903627e+01
9.485177910208424379e+00
9.535622190833489498e+00
1.013155020882191337e+01
9.055273231310613014e+00
8.011076520335585371e+00
8.592332689127989198e+00
9.982105565237535671e+00
1.128433838799641897e+01
1.164855058798981879e+01
1.159507482250328003e+01
9.569070505691312789e+00
7.504172533753974861e+00
8.206567615345241151e+00
9.781434902872449655e+00
8.418726079259830186e+00
8.612660560980396340e+00
1.125268730651576199e+01
1.312782840006612695e+01
1.355226005827454827e+01
1.325018346568498195e+01
1.181670915080567497e+01
1.128641340351433087e+01
1.006527444843116115e+01
7.829353338447527122e+00
7.674616771053580422e+00
8.806683310446794977e+00
1.020025261684991591e+01
1.251532144145371106e+01
1.371401497517363843e+01
1.287417638685342069e+01
1.211141816710349239e+01
1.132032392962781486e+01
1.132735939043288909e+01
1.172630286211003714e+01
1.218192481354089551e+01
1.357635966632601310e+01
1.450468179571135607e+01
1.477667321257215782e+01
1.487202638396527554e+01
1.482237685200473898e+01
1.483315805228481032e+01
1.470663225763863302e+01
1.449409267968564663e+01
1.427642703376312028e+01
1.403398954252584829e+01
1.336334576563863585e+01
1.313480405754550695e+01
1.352071736219823173e+01
1.298163628781304624e+01
1.101180258767334585e+01
1.077269494443583220e+01
1.043844879124128688e+01
9.109020526768837556e+00
9.762366160437268903e+00
9.725568623934282897e+00
8.590614306529595012e+00
9.162984912833662676e+00
9.964261094836610155e+00
1.115895396232110670e+01
1.249156902015959858e+01
1.323077115268225690e+01
1.305982517543758981e+01
1.287499240311193915e+01
1.257518401377893014e+01
1.186935995941891164e+01
1.110501566822762776e+01
1.096776265492108138e+01
1.129707986231570160e+01
1.085145518062557635e+01
1.077976286186500765e+01
1.188672903939548320e+01
1.085696153924930663e+01
9.369596133865023546e+00
9.821596432544806632e+00
9.276654678272697296e+00
8.196920757721075645e+00
8.250284089454837044e+00
9.346991697882957695e+00
1.016191832268821393e+01
1.064971868407950595e+01
1.170651578985702024e+01
1.178629998484799835e+01
1.037417299718383212e+01
9.108636538219725409e+00
9.819379104979697459e+00
1.214581316070638728e+01
1.137527228502361076e+01
7.597453899256292331e+00
6.792269396954232263e+00
6.419940562311324150e+00
5.243218369033130877e+00
6.066433608733357907e+00
6.637240519197916022e+00
6.756390670983404512e+00
8.619085457880917289e+00
6.192356691630584997e+00
2.289060578738598473e+00
2.561465283580643959e+00
4.158001906097142708e+00
5.090491480804844038e+00
6.553294740051391898e+00
8.176295149125206052e+00
1.007883702126562575e+01
1.161491262475265884e+01
1.162098465739686226e+01
1.051724738658758085e+01
1.093592268657864786e+01
1.275321612343520705e+01
1.240238646146252677e+01
9.790110530763630692e+00
8.987582661717517851e+00
1.098635843926171951e+01
1.190730380155544310e+01
1.232499370416032747e+01
1.185288147215369392e+01
1.048456216335091007e+01
9.205512150377005653e+00
8.915810364704690016e+00
9.776900488156174518e+00
1.135319172553972322e+01
1.352567536196012909e+01
1.429671541142975144e+01
1.399865488428144999e+01
1.390439837091559205e+01
1.409829457012685339e+01
1.342239713595452777e+01
1.180308474535230800e+01
1.078194802544979325e+01
1.029917279133925767e+01
1.080750156568759301e+01
1.229815687898199350e+01
1.365098831949574709e+01
1.327817976762112728e+01
1.321433781342743075e+01
1.284558087273853744e+01
1.075981123383872884e+01
8.483494764470616900e+00
7.935487752817707907e+00
7.667658187758957133e+00
6.808070328718402564e+00
6.426487912556983595e+00
8.666189621042420299e+00
1.168864043536796338e+01
1.118907083926028356e+01
1.071203918013654288e+01
1.220786242665422527e+01
1.249856158900957759e+01
1.229625040199935171e+01
1.347134687322089164e+01
1.438108888040233246e+01
1.475232526959109158e+01
1.416003173798110915e+01
1.201078214694374857e+01
1.174160199462975740e+01
1.235983186446114779e+01
1.232043539151020539e+01
1.134405197160492129e+01
7.869424850450053910e+00
5.523490069609525044e+00
5.484851734781616805e+00
5.323352275145877499e+00
6.727838316769232385e+00
9.290453963127371040e+00
1.006236649432663732e+01
7.222576946845295609e+00
2.910658114325738843e+00
-1.024690014648341307e+00
4.411697254653432210e-01
7.036724261795183288e+00
1.170897023930724679e+01
1.443608930881961072e+01
1.436493415082756897e+01
1.422138605814882162e+01
1.377901986545944091e+01
1.300091676946368224e+01
1.267265078479982954e+01
1.227695741345413794e+01
1.323164481736873910e+01
1.309411307329188112e+01
1.247493783902053366e+01
1.319131088292638765e+01
1.325118571745618645e+01
1.181754790143060774e+01
1.116857051851669524e+01
1.177044986106055902e+01
1.118689141541654486e+01
1.187249067465146979e+01
1.304756357122675681e+01
1.190272834559412019e+01
9.970105183173252783e+00
9.182308256586232176e+00
7.036133510830254068e+00
5.058629051476163596e+00
4.326716259964894284e+00
7.762536675549984722e+00
1.191533249433872754e+01
1.263577261211614911e+01
1.226840035651454208e+01
1.122701023165132916e+01
9.958896365212686064e+00
9.008334585591025956e+00
7.810998300415252338e+00
8.803301124424798729e+00
1.127417748268477560e+01
1.275596838359552621e+01
1.192538427965621395e+01
9.861376654163835909e+00
9.619089953764248691e+00
1.128565999943442044e+01
1.303576291745843818e+01
1.289220112401848084e+01
1.166640888014650024e+01
1.035035093186508348e+01
9.354334654563785989e+00
7.873767937262362793e+00
8.397215309165391162e+00
9.172048339719429677e+00
1.005541205019130047e+01
1.012854252323698390e+01
1.018597281119516573e+01
1.078900927383650377e+01
1.219644237398534514e+01
1.264115660294976529e+01
1.144901827538842554e+01
9.662405572245726049e+00
9.157486990459164033e+00
9.024436315937279574e+00
7.579462364508684935e+00
6.470665775920301233e-01
6.470665775920301233e-01
6.470665775920301233e-01
6.470665775920292351e-01
6.470665775920292351e-01
6.470665775920301233e-01
6.470665775920301233e-01
6.470665775920301233e-01
6.470665775920301233e-01
6.470665775920301233e-01
6.470665775920301233e-01
6.470665775920301233e-01
6.470665775920301233e-01
6.470665775920301233e-01
6.470665775920301233e-01
6.470665775920301233e-01
6.470665775920301233e-01
6.470665775920301233e-01
6.470665775920301233e-01
6.470665775920301233e-01
7.548918856701185121e+00
6.485598308411647750e+00
5.585990778786137589e+00
5.446285142507504951e+00
4.523175027323416586e+00
3.769210919592584919e+00
1.274233885393289079e+00
2.530869792407371754e+00
6.906514776468111627e+00
9.869301492166398404e+00
1.082667725771944589e+01
1.125110098788328727e+01
1.268849399798184407e+01
1.314741173067232438e+01
1.281891438737475220e+01
1.319029571590038685e+01
1.259204725111560563e+01
1.061853596581487658e+01
1.042089384558336995e+01
1.118749634467719822e+01
9.789921141357506684e+00
8.150999116449376913e+00
6.560671718960734644e+00
7.326787637506467554e+00
6.848913549665571310e+00
7.396318689684879821e+00
7.609294062440742579e+00
5.945017516843404515e+00
8.133701669866571393e+00
9.708025264246598951e+00
1.048749033931879282e+01
1.033853996791492769e+01
1.026396471832080337e+01
1.018475923719506682e+01
8.250588861963192855e+00
6.222621981200155972e+00
6.857181024461389995e+00
7.280202841732940300e+00
4.379652967091603344e+00
6.470665775920301233e-01
4.239346575395019023e+00
7.778650357479907740e+00
7.554062529451856634e+00
5.561297877602947359e+00
7.428480093460066769e+00
8.029674146145403313e+00
8.553971881996549342e+00
8.806235366835657885e+00
8.831809592272586329e+00
9.161444356701862191e+00
9.085369545790658918e+00
9.126250524166042766e+00
7.335234132694401943e+00
3.242487558144524495e+00
1.703097716110092641e+00
2.374485813080547292e+00
4.033617898654707545e+00
5.800723333513771784e+00
5.512793782341766757e+00
4.802417738242570344e+00
3.927200010546624487e+00
4.334849361384417676e+00
2.582471430613922703e+00
-1.203868897606773958e+00
-7.852553268083923843e-01
1.688466651324743939e+00
1.031050793266080845e+00
7.593210666339804682e-01
3.718696749375552724e+00
6.316620717195271517e+00
7.730871503556461910e+00
9.346547235174451629e+00
1.055134622362491648e+01
1.011011288476568915e+01
8.400083888274606281e+00
6.765024622750588357e+00
5.102896404985528989e+00
3.837278055974465918e+00
3.016147587756329518e+00
3.079992336646942164e+00
2.877052853829247248e+00
1.254563225327402831e+00
3.125329271397240927e+00
7.197412423542084881e+00
1.017711537456631810e+01
1.112238618361565834e+01
1.070828092534297937e+01
9.057447236527170986e+00
6.663560012626009943e+00
5.744111265692321666e+00
3.741775463510584210e+00
1.218157629481327220e+00
1.845997324007969009e+00
1.943913710024540276e+00
1.868442316603612152e+00
3.932699787186801466e+00
6.216814013357825353e+00
7.752184131389618926e+00
6.783036731806698860e+00
5.462278451257537526e+00
7.092561733865380802e+00
8.869775656922607610e+00
6.963882543896083632e+00
2.948476425609122042e+00
1.049185057439572022e+00
1.893801417460849734e+00
2.794646231834025940e+00
3.824501791817754182e+00
7.191492724628330890e+00
1.035566064412865650e+01
1.044544811678795426e+01
9.462286026268351691e+00
7.750258828993908722e+00
6.052328789871428860e+00
6.491910957697449192e+00
5.565185580738732263e+00
7.174382920276952014e+00
8.409991257793826946e+00
8.205952192164872372e+00
7.631733655510742231e+00
3.890300960254011287e+00
5.992569908348788221e-01
-1.702013864087121187e+00
-1.884075312824128545e+00
-2.434636674114015520e+00
-2.836310178517553293e+00
-1.989170863945989298e+00
-4.732095071310967960e+00
-6.369770494484123802e+00
-5.137686065560900239e+00
-9.848710160701122929e-01
5.677690393672454761e+00
5.925673919373437570e+00
2.753277549300129579e+00
3.571904586571592155e+00
