-6.063810068038816503e+00
-9.030483222087127615e+00
-9.037626916789690767e+00
-9.187889099001710136e+00
-1.072831845619829316e+01
-1.161329594921708264e+01
-1.135241251728332834e+01
-1.080245412391355408e+01
-1.008403658753397458e+01
-9.012181904835985691e+00
-9.511036010762683901e+00
-1.076785126494607425e+01
-1.148524957362901588e+01
-1.121651665875423909e+01
-1.036461406785204531e+01
-9.477001017436409214e+00
-7.679452013305730240e+00
-6.534586130033779305e+00
-7.846842269712506202e+00
-8.891138726446063956e+00
-8.528605283720885666e+00
-7.326667913762639373e+00
-7.230036334747039106e+00
-8.709980292770399757e+00
-9.787407703069376907e+00
-1.027761075489431519e+01
-1.124350520612567905e+01
-1.139398577537856383e+01
-1.004055369793587005e+01
-8.565111983554599462e+00
-8.330904263773341256e+00
-7.752947734161659277e+00
-6.466402451325480527e+00
-6.512425532415652363e+00
-6.856730425997640488e+00
-7.723808053517608130e+00
-8.856561268132908893e+00
-8.937577150479878441e+00
-8.055539864225581326e+00
-7.170253412665043236e+00
-6.030575989946049376e+00
-5.103284003297202887e+00
-4.116241923111481071e+00
-4.413460472596906214e+00
-5.556237750199986003e+00
-6.077111497929516659e+00
-6.221406161087726261e+00
-5.932461883238198119e+00
-6.257023663407224490e+00
-5.891304085336623864e+00
-6.573882181285618742e+00
-7.454356415382751067e+00
-7.808097250645992027e+00
-8.305428812871069155e+00
-8.905636387448826241e+00
-9.529549277927053197e+00
-9.011259002785694250e+00
-7.572759994843414333e+00
-6.894182098919221069e+00
-6.803533150867616897e+00
-6.599750798189218060e+00
-5.166078078777308846e+00
-3.038483737939498663e+00
-1.558571377796816426e+00
3.248084236428961935e-01
4.630924548587345702e-01
-7.620119271301016850e-01
-2.934435259933975360e+00
-5.601602938761057970e+00
-7.042038776419325963e+00
-8.340611210782713059e+00
-1.047598213777407139e+01
-1.154408294139896007e+01
-1.085318933969239552e+01
-1.024671774675518243e+01
-1.021759819341188269e+01
-1.050994530645667879e+01
-1.019408412022602306e+01
-7.900346153392582949e+00
-5.234644045854234484e+00
-4.503526337374925248e+00
-3.739124254787812074e+00
-2.958121051091314513e+00
-4.276902809693591045e+00
-4.993868363740038951e+00
-4.197995394603625918e+00
-3.145157328141527486e+00
-3.094994316537960088e+00
-2.990374311630627169e+00
-3.760365294241935441e+00
-6.037034831385975409e+00
-7.260063594879618165e+00
-7.085385389796317490e+00
-5.978878824289457050e+00
-3.672502729907618058e+00
-1.314869957370057740e+00
8.184572981311309947e-01
-2.608950029180192587e-01
-4.245544494263296720e+00
-6.950391363665729294e+00
-8.140468628256865458e+00
-9.084327029353856275e+00
-9.336714796103279923e+00
-7.398710928567652445e+00
-5.931228165392788299e+00
-6.772225301493156380e+00
-8.716796964601973841e+00
-9.310978305750733597e+00
-7.511832196425143771e+00
-4.395682299592033715e+00
-3.555982077046383250e+00
-5.267627856245232110e+00
-5.622083677044254379e+00
-4.736017084021097112e+00
-3.852596400221971251e+00
-3.133427313221680777e+00
-1.883897809005868895e+00
-1.977808511885020382e+00
-6.000603076233692157e+00
-9.232324733451628518e+00
-8.768920530511216782e+00
-8.576883843779391725e+00
-8.328462997127312306e+00
-7.768174223516448151e+00
-7.963468986134503602e+00
-7.284387755203010961e+00
-6.871874008260526523e+00
-7.411583402557408995e+00
-9.462990058233758717e+00
-1.054056867691959276e+01
-1.023586032586891115e+01
-9.646826116260346140e+00
-1.042365702908316827e+01
-1.147933619477448275e+01
-1.071914473431319870e+01
-9.398607443675940587e+00
-9.841180354724397006e+00
-9.671240219009817451e+00
-8.697902238761011873e+00
-9.052238220494363219e+00
-7.271233151313200693e+00
-5.042206170748971594e+00
-5.107005144669303220e+00
-5.274859716177896729e+00
-6.189799317578641435e+00
-8.399790681871705189e+00
-9.758185235563942683e+00
-9.427474139525150676e+00
-9.731818493073902232e+00
-1.040195663647705793e+01
-1.080006991051325471e+01
-1.065069319467876241e+01
-8.853004862723556911e+00
-8.721126639167025019e+00
-9.088443116674856270e+00
-9.730692135834145162e+00
-1.088246026837935254e+01
-1.020082755607204383e+01
-8.086458394692911611e+00
-7.552506916085667044e+00
-8.890232453934993728e+00
-1.096297259672312308e+01
-1.226810671168722422e+01
-1.281666394225584149e+01
-1.125111819264368762e+01
-1.012899468020358285e+01
-9.786738010831143697e+00
-7.241265440049971858e+00
-6.927738407168453350e+00
-9.928427513333444310e+00
-1.028584944863465545e+01
-8.184414367152989200e+00
-8.322748531991491561e+00
-9.425325894400929272e+00
-9.720211407866528930e+00
-1.047184780908959034e+01
-9.865473743932771100e+00
-8.285474938320806615e+00
-8.492091439442120304e+00
-7.017378546577146103e+00
-4.487896927440634620e+00
-3.658844392909250232e+00
-5.788039078347390287e+00
-9.062461391208925576e+00
-8.358435626295010579e+00
-9.288864667657808383e+00
-1.047507519221229266e+01
-9.830674956700681477e+00
-8.046385357448707865e+00
-7.205097754339564453e+00
-7.158495427313507520e+00
-6.097442670598223202e+00
-7.480955202542124205e+00
-8.399859384627758274e+00
-7.423312957955542579e+00
-6.617145143237989302e+00
-5.318967305939495738e+00
-3.253332167098266670e+00
-5.837150205123875502e+00
-9.245255107129059624e+00
-7.971532185324536002e+00
-5.466994851993605131e+00
-4.314074758478653848e+00
-4.302437655351722512e+00
-4.383118892726193927e+00
-3.589097865893029038e+00
-3.508273230025632294e+00
-6.104638337364099776e+00
-8.854368511012417287e+00
-9.014086136207685840e+00
-9.007760013084217476e+00
-9.920494202462041500e+00
-8.428781941461052085e+00
-6.425601592228190384e+00
-7.286977732898895610e+00
-8.384597802016715562e+00
-8.262472035015756333e+00
-8.036073312257308032e+00
-8.791481799509071493e+00
-9.490546257535061869e+00
-1.039487123070384911e+01
-1.172115499443138376e+01
-1.260271460139279398e+01
-1.222613163145581261e+01
-1.058225446428073013e+01
-9.179126534278569949e+00
-7.995513292018673113e+00
-6.643503726121719133e+00
-5.490271874800185969e+00
-4.194488538303509984e+00
-2.436435627197773623e+00
-7.002756669543419576e-01
-1.506456303619295722e+00
-2.584438907012745812e+00
-4.069429268222516605e+00
-5.361087315808259035e+00
-6.931979065892352132e+00
-9.554790015946123205e+00
-1.060744203234601102e+01
-9.426690342259798072e+00
-6.797140085182991953e+00
-3.878664519890075990e+00
-1.384783498543715963e+00
-1.713650062936601826e+00
-4.660816276631798871e+00
-5.176867149595961060e+00
-2.876629769914954338e+00
-2.442673753366530587e+00
-3.173488109003430591e+00
-5.161878907106727254e+00
-7.540895761819106369e+00
-8.740234151147159736e+00
-1.031371134434950321e+01
-1.069185745800126242e+01
-8.920205173042541347e+00
-6.369000596888342081e+00
-4.565671607440351387e+00
-2.833409491419358162e+00
-1.099711376020256370e+00
-1.525628838972665324e+00
-2.917243519152542541e-01
-5.077272357874798581e-02
-7.545558955093665254e-01
5.631959782266265230e-02
-1.383291070066802186e+00
-3.413123696772697446e+00
-5.339804086872356415e+00
-6.840516467728972927e+00
-6.004831525498379285e+00
-1.955978052418011481e+00
2.567190113848557553e-01
-7.759831829630792210e-01
-4.308129813821998333e+00
-6.048019028407109587e+00
-5.444846544625023377e+00
-5.853697841063989493e+00
-8.017185446674801597e+00
-6.550814883377028330e+00
-2.809520151172655744e+00
1.029484751326765535e+00
4.164947837877837622e-01
-2.079195934975651472e+00
-1.358796670008819207e+00
-1.680114073102002337e+00
6.470665775920301233e-01
6.470665775920301233e-01
6.470665775920301233e-01
6.470665775920301233e-01
6.470665775920301233e-01
6.470665775920301233e-01
6.470665775920301233e-01
6.470665775920301233e-01
6.470665775920301233e-01
6.470665775920301233e-01
-5.543954035485197274e+00
-7.783832703302199896e+00
-6.871944266411942337e+00
-6.046949031567281807e+00
-8.579462939594202808e+00
-7.536101204836529455e+00
-5.012985463232008776e+00
-4.340909443705660564e+00
-4.666721252330080283e+00
-5.238755777628516519e+00
-4.506634348219741071e+00
-4.064502897480237742e+00
-1.761635982750993312e+00
-1.523303527274833202e+00
-6.128548658219123979e-01
2.344890724087950851e+00
1.681499390578616859e-01
-2.221473032033309813e+00
3.339733875336684532e-01
2.443186694975169271e+00
6.470665775920301233e-01
6.470665775920301233e-01
6.470665775920301233e-01
6.470665775920301233e-01
6.470665775920301233e-01
6.470665775920301233e-01
6.470665775920301233e-01
6.470665775920301233e-01
6.470665775920301233e-01
6.470665775920301233e-01
2.224810745985813298e+00
-2.327662473914028585e+00
-4.086695714257205125e+00
-4.300115426699876231e+00
-2.959519484792737298e+00
-8.543538349337983506e-01
1.179058517524715910e+00
2.769829530219975133e+00
1.914166410033607102e+00
-8.495826577101353028e-01
-9.725803098271069702e-01
-4.198864898908645671e+00
-5.406139152655352831e+00
-3.646819746953556152e+00
-4.520468196257321658e+00
-4.319061586144476550e+00
-2.694379439680525401e+00
-2.981844253664990951e+00
-4.855625175728391696e+00
-5.902986636204426318e+00
-7.148747350085241870e+00
-6.941130175388953383e+00
-5.408985428968633435e+00
-3.755464568199507802e+00
-1.224921430690041335e+00
-1.803304731026432517e+00
-4.960690944256526791e+00
-7.225177589582546744e+00
-8.956798382005580095e+00
-9.617360374769310383e+00
-7.718887365690487279e+00
-3.895969803818970068e+00
-3.151615927659102923e+00
-4.532164449382852567e+00
-5.654236823539502410e+00
-8.527277746583235896e+00
-1.047821801158277211e+01
-9.525551854486094427e+00
-9.020726955434087202e+00
-8.905152102757369903e+00
-8.817057176653939621e+00
-8.788045378306684086e+00
-7.473301898441648383e+00
-4.566057142863530594e+00
-3.773483586992548044e+00
-3.285061964027087278e+00
-8.494039718323630472e-01
-3.331869830757053230e-01
-2.194058661227330731e+00
-3.409647629208007569e+00
-3.611228235909953455e+00
-2.671182448412790400e+00
-2.981209494707308227e+00
-4.260946589397064166e+00
-4.890134613400945796e+00
-6.766764104066826491e+00
-7.203219818973451538e+00
-7.726519659222282677e+00
-9.000050468990874464e+00
-7.670543202311717046e+00
-3.872265270653003189e+00
-1.051237040575530024e+00
7.106675988099004915e-01
3.352798510371501894e+00
3.861162987509884736e+00
1.077576064360988628e+00
-1.895413027736911671e+00
-1.974846445618128055e+00
-2.122521251236520801e+00
-3.744060570299582835e+00
-3.275583797700823752e+00
-2.690290562484519477e+00
9.754291273392573514e-02
1.619368119781547044e+00
-4.650219847957608454e-01
-2.532158472053145926e-01
-1.012181362649151151e+00
-4.093745584368144286e+00
-4.142181532756964657e+00
-3.445977038474314469e+00
-4.885923088330232922e+00
-4.425056586699337657e+00
-6.042849122364054359e+00
-6.938524842737454179e+00
-5.006000697371282726e+00
-6.531529146058701052e+00
-7.697399211711062783e+00
-7.615839888728046958e+00
-8.052083319348353641e+00
-8.587645045239185038e+00
-9.994808580051621760e+00
-9.804326878359061581e+00
-8.264930834759308453e+00
-9.385305573888727437e+00
-9.289678246360765002e+00
-8.356352090736688609e+00
-8.870804992178625170e+00
-1.052679374938196055e+01
-1.153162090443753307e+01
-1.058812770809518078e+01
-8.811302684164857624e+00
-6.539609959700085184e+00
-6.192714587055659692e+00
-4.874034124124714040e+00
-4.106128714225434351e+00
-3.701019844880171217e+00
-5.653141015686822257e-01
-7.963184170114374627e-01
-4.610729306775405156e+00
-7.925584216072613764e+00
-8.545403417169596949e+00
-7.633116665173278470e+00
-6.647291315806628020e+00
-6.803715254053320116e+00
-8.604822486923232816e+00
-9.772080245187536818e+00
-1.125996927089872379e+01
-1.230539488284128424e+01
-1.168415576533796774e+01
-1.125773961097085163e+01
-1.101255584466761483e+01
-9.820080268011475155e+00
-1.046506373391975586e+01
-1.102790116075307125e+01
-1.083379300837170511e+01
-9.778655323052616311e+00
-6.976767066664436356e+00
-4.997500395125506145e+00
-5.272042476199950478e+00
-6.444198393860217422e+00
-5.801481541017753152e+00
-4.402162036023490543e+00
-6.364527015699177781e+00
-7.171013668670464192e+00
-8.212824391189743167e+00
-1.040079549103788104e+01
-9.631742833227578515e+00
-9.329408640179611467e+00
-1.033684965361432972e+01
-1.033788677827666547e+01
-1.076500146318034012e+01
-1.137730395856215715e+01
-1.188852199467661563e+01
-1.293304142939020984e+01
-1.344124776360457219e+01
-1.239663321435258148e+01
-1.163972920923378140e+01
-1.086688841580320997e+01
-8.638315303130106315e+00
-7.850660722478485454e+00
-8.930311992537426136e+00
-8.863268885091297733e+00
-7.889276388309347077e+00
-6.590279746293465912e+00
-6.536770120417092045e+00
-8.320106611749208625e+00
-8.822252912027140681e+00
-7.216602154052512930e+00
-4.809262361218049620e+00
-3.702861123336987248e+00
-5.440547349791792442e+00
-7.398864869186234650e+00
-8.267424056473087646e+00
-8.631214135410123944e+00
-9.266646194545243631e+00
-9.368379822754549835e+00
-1.026023977415900212e+01
-1.155784454866900823e+01
-1.147165569758402270e+01
-1.096578401948679726e+01
-1.020975703766176146e+01
-1.093657180809529628e+01
-1.230275636246074100e+01
-1.290400769734241493e+01
-1.271819067245774448e+01
-1.159633459691399437e+01
-1.197707845070740795e+01
-1.233447546427905195e+01
-1.157409335347683133e+01
-1.077890071364845070e+01
-1.108425532556403859e+01
-1.059687913945715820e+01
-1.013487138006742683e+01
-9.056248370691678318e+00
-7.561654714403513111e+00
-5.807910046982882157e+00
-3.930543120190983508e+00
-4.786665700304004289e+00
-5.580647410028804600e+00
-5.321866073555186816e+00
-6.691270679837884927e+00
-5.930027046081039366e+00
-5.038778743390587067e+00
-6.526232887614855649e+00
-9.027672656556514852e+00
-9.834084225879095698e+00
-8.724596573062409988e+00
-7.018033700050992252e+00
-5.399384743538255371e+00
-6.499976132686992258e+00
-9.671203013705895302e+00
-1.165795339575673673e+01
-1.302077158321270289e+01
-1.264245497663580231e+01
-1.152547109504118694e+01
-1.166779714887413277e+01
-1.206532426685935988e+01
-1.252782301436671020e+01
-1.172653099698706214e+01
-1.138305159023750868e+01
-1.215826789667846874e+01
-1.231575513539400468e+01
-1.171399970498416998e+01
-1.162351888466189287e+01
-1.180436700140553086e+01
-1.295185001998612506e+01
-1.363089589361411669e+01
-1.336047774769943430e+01
-1.299312704447169509e+01
-1.265188965214241890e+01
-1.309293961517828997e+01
-1.360614551745109679e+01
-1.378577711518603977e+01
-1.347437617840533974e+01
-1.318042824898416399e+01
-1.318367756397094404e+01
-1.375560126179968812e+01
-1.389170181512364977e+01
-1.352408485258350268e+01
-1.329511632777085595e+01
-1.335155560488962578e+01
-1.302919334227900094e+01
-1.219006791495217890e+01
-1.098768719156300833e+01
-1.113240876602839435e+01
-1.068254336539312455e+01
-9.706259255553741028e+00
-8.891722933486631675e+00
-1.027813055194674519e+01
-1.144585387269307120e+01
-1.076459131990270812e+01
-1.035524924642649225e+01
-1.042940331139931764e+01
-9.072969348214984464e+00
-7.710756715235186576e+00
-8.176528806993749399e+00
-9.955833889383301383e+00
-1.035725837714566566e+01
-8.841695780587278009e+00
-9.295242474208304628e+00
-1.188825309095109262e+01
-1.335505919502812411e+01
-1.301100837819602596e+01
-1.278764031883836694e+01
-1.372609875103301569e+01
-1.394689015277436539e+01
-1.386721999650907300e+01
-1.379719242245465693e+01
-1.385176549019729642e+01
-1.335485864723729854e+01
-1.196530133477608082e+01
-1.062811689276205662e+01
-9.438070656377853140e+00
-8.788232364934840390e+00
-7.383397532060120838e+00
-6.053770334187816182e+00
-6.133379288764031045e+00
-6.720320177960042329e+00
-7.213495771829282255e+00
-8.395400798004279963e+00
-1.017567036798696378e+01
-1.120325897574751117e+01
-1.224046482068381536e+01
-1.325616714654036699e+01
-1.316441671036623973e+01
-1.270767898731753398e+01
-1.290274954458541856e+01
-1.290055023888337438e+01
-1.240224099640462363e+01
-1.152495059876771677e+01
-1.182734297410346080e+01
-1.125969253437395068e+01
-1.026442130805959607e+01
-9.902956641407032023e+00
-9.849069294007605890e+00
-1.049941045152114860e+01
-1.061885955644401491e+01
-1.064944653981597256e+01
-9.684139150591832390e+00
-8.785802700175798563e+00
-1.120221586018661952e+01
-1.190567804749576553e+01
-1.149454728985167229e+01
-1.218742552839708893e+01
-1.285245826020782367e+01
-1.311332922186018202e+01
-1.318268932017401340e+01
-1.262945605463159104e+01
-1.252868515363246082e+01
-1.209453342259259578e+01
-1.243496575032177986e+01
-1.267285080079044235e+01
-1.187583966099534472e+01
-1.053728918711700580e+01
-1.050248743155568931e+01
-1.093136896961238058e+01
-1.011753224872046175e+01
-8.272797364379393059e+00
-7.630496244914872328e+00
-8.170227908728019628e+00
-1.063138576976677641e+01
-1.156683838102475015e+01
-1.173649389178205560e+01
-1.211105682999756183e+01
-1.214477250681355613e+01
-1.216853194144723282e+01
-1.257552331024324843e+01
-1.351106339097754905e+01
-1.331971817863926155e+01
-1.287190956184185886e+01
-1.341237814217243240e+01
-1.329123724359519443e+01
-1.201620547212155898e+01
-1.264802648632990412e+01
-1.347313612095802426e+01
-1.322584577792354033e+01
-1.227466284534078156e+01
-1.229003174471836779e+01
-1.239413476942442571e+01
-1.297259330546752665e+01
-1.365735215839804439e+01
-1.380903991039841472e+01
-1.371516962789443284e+01
-1.367238120532226731e+01
-1.370379688366166526e+01
-1.336020554345773448e+01
-1.268661099688127081e+01
-1.233581730437132151e+01
-1.204105862240102809e+01
-1.209452329994710063e+01
-1.324165211073353987e+01
-1.331254798376928505e+01
-1.308059033578606289e+01
-1.316950464249711494e+01
-1.361271007160842750e+01
-1.390821826382162740e+01
-1.356645294789241518e+01
-1.298813149306283243e+01
-1.286376271826754447e+01
-1.310982093031555884e+01
-1.094851010373692723e+01
-9.162487056931670537e+00
-8.493611581013560397e+00
-8.856570601810652477e+00
-9.170522736951506104e+00
-7.977805196011090061e+00
-8.141125032825845764e+00
-8.222390792393731829e+00
-6.151672268452199610e+00
-7.535707206922344525e+00
-1.181791033435315441e+01
-1.267051669267985758e+01
-1.314499677816408862e+01
-1.355623547486375280e+01
-1.370754176380804523e+01
-1.348634102645018551e+01
-1.370848662119928818e+01
-1.364429684649416430e+01
-1.375926791725051856e+01
-1.396919970627487828e+01
-1.395821319298375762e+01
-1.348689914467158246e+01
-1.260538841650700270e+01
-1.206864459204626527e+01
-1.150185122892994372e+01
-1.078317291354097129e+01
-1.043568501325259845e+01
-1.145789587523771047e+01
-1.217102935542473929e+01
-1.183808264124263232e+01
-1.188493038648070765e+01
-1.063744005980582585e+01
-1.110889990324615439e+01
-1.277846792930858122e+01
-1.347094057556852853e+01
-1.320444574848426456e+01
-1.163583939332711203e+01
-1.053667259418380375e+01
-1.068817031610860013e+01
-1.150574638947765393e+01
-1.268514013799749129e+01
-1.342546486741023948e+01
-1.342017188864971899e+01
-1.320224610720044822e+01
-1.297181974658749937e+01
-1.319024219703840828e+01
-1.345408478265898111e+01
-1.404507024699783813e+01
-1.401095346928359042e+01
-1.394877664046488341e+01
-1.303478406015565305e+01
-1.120293327599791056e+01
-1.051445311359528034e+01
-8.547779672620963609e+00
-5.945723562406475260e+00
-5.873315639882533468e+00
-4.886871269281392038e+00
-3.736504000181472218e+00
-5.729983019003740630e+00
-8.207988556147514103e+00
-8.344601724935213127e+00
-7.778614144545611175e+00
-7.807984615417359997e+00
-5.773190944450605322e+00
-5.099540727993038480e+00
-6.096772678781252175e+00
-7.592788393684429593e+00
-9.467067918837868135e+00
-1.137530020153624832e+01
-1.227805543633328433e+01
-1.247962525054388117e+01
-1.273967451849303778e+01
-1.249960532293534321e+01
-1.317592540136174861e+01
-1.379967675570859598e+01
-1.372131385573567997e+01
-1.389698233858839416e+01
-1.358995704756929790e+01
-1.265335594304408673e+01
-1.213477408739637120e+01
-1.266705424483287779e+01
-1.198481280700307217e+01
-9.055967236984491464e+00
-8.010556575706413440e+00
-8.275071995961852167e+00
-5.574120293992153030e+00
-5.617583553027933441e+00
-8.642270631575740936e+00
-9.978754807185023168e+00
-9.724770984673630991e+00
-8.742902949037366866e+00
-8.570200804920773408e+00
-1.087366202454240849e+01
-1.187632129059724662e+01
-1.161694434137385201e+01
-1.055612389263124129e+01
-1.071695417016943708e+01
-9.654798069724909837e+00
-7.915250489103256903e+00
-8.814729280223710717e+00
-9.647697971203342604e+00
-9.621004252046940763e+00
-9.183605212536074092e+00
-1.136706155285312825e+01
-1.367516028876116785e+01
-1.369252429738040888e+01
-1.301068050883316829e+01
-1.323440375753285814e+01
-1.364592765795911511e+01
-1.400230072258136182e+01
-1.377548656294871776e+01
-1.248791728434057191e+01
-1.214295178700145428e+01
-1.297183934950035678e+01
-1.307425928436619600e+01
-1.317762375860028712e+01
-1.161462209466507645e+01
-1.146546260175322196e+01
-1.196011518201706281e+01
-1.156790886527536699e+01
-1.179157579516922638e+01
-1.157580492060736610e+01
-1.221925592004644123e+01
-1.092204409067069015e+01
-8.750950701252945052e+00
-9.004593171969949239e+00
-1.034971222454193729e+01
-1.039353954366548649e+01
-7.899011052682011425e+00
-6.958192394167379113e+00
-7.963025906966727518e+00
-9.711649661105006714e+00
-9.643812106611568069e+00
-9.899975894337908144e+00
-1.107269697071117420e+01
-1.050679791245653760e+01
-1.061938952115934853e+01
-1.076142975264923329e+01
-1.094031454826715510e+01
-1.142871707433089590e+01
-1.057366847247872421e+01
-1.099666701312006722e+01
-1.040234962371371985e+01
-1.039232034010994887e+01
-1.213492083966986534e+01
-1.139864490843520883e+01
-8.614352309415586717e+00
-8.932483850858377039e+00
-1.130386698467640016e+01
-1.285102841450841460e+01
-1.364434292747680821e+01
-1.345720175041488531e+01
-1.201826808278724812e+01
-1.066848070324823539e+01
-1.110067095992967445e+01
-1.098200519361320282e+01
-1.024080688584987442e+01
-9.374731472225878548e+00
-8.850548361313647305e+00
-8.425862431936833374e+00
-7.735037697492868070e+00
-5.617173505324942973e+00
-6.429598292168898332e+00
-9.339501485366071165e+00
-7.869133498925473980e+00
-7.580184222854119191e+00
-7.461948625583553429e+00
-6.852979672731160932e+00
-7.922724314021675873e+00
-6.805264198107068729e+00
-6.191458562488715067e+00
-6.745688521722657427e+00
-7.602380696382185832e+00
-4.656969602473775005e+00
-1.464325265973932977e+00
-1.498203374400908006e+00
-1.540192314977040233e+00
-8.568589016432165417e-01
2.529822363836942145e-01
-1.535188654523388152e+00
-5.719033878722863840e+00
-8.383369027561824893e+00
-9.340446306664148324e+00
-9.206909631940552785e+00
-7.630834376411256059e+00
-5.522721708489594761e+00
-6.475836018271307282e+00
-6.639138083204290552e+00
-3.344224810824621752e+00
-1.306904134203602741e+00
-4.928550543180027499e-01
-2.543710814907343298e+00
-4.199036879579302273e+00
-3.807091874737097648e+00
-2.744050125993005906e+00
-1.216522409998573862e+00
1.515010386351797189e-01
1.719211963878326754e+00
2.796833434488596559e+00
2.310847982731972561e+00
5.903370435481756218e-01
-8.241892823975004445e-01
-2.057041900882813579e+00
-4.786354254350014159e+00
-7.397636548758872443e+00
-8.706608429227678414e+00
-8.920131088592336610e+00
-7.815042964709745021e+00
-6.647360648740718858e+00
-6.513313222372614675e+00
-7.319593060066226897e+00
-9.245490191618557674e+00
-1.101935210348309191e+01
-9.342654018473508515e+00
-6.723256819081655067e+00
-5.722057517850895891e+00
-3.150097833703901173e+00
-2.290986253175680609e+00
-3.350974968284970767e+00
-4.812549825997240127e+00
-6.697948722849631054e+00
-6.926900635792641481e+00
-3.863604912247557532e+00
-3.524532131429836124e+00
-4.507798754835938837e+00
-2.528244476436850796e+00
-1.419202669636797642e+00
-3.893795128912407311e+00
-6.455745714466876173e+00
-7.096971384659389592e+00
-5.980180024664694116e+00
-4.907628960414357699e+00
-5.542056660677656232e+00
-4.830071953940881180e+00
-6.601266603876474903e+00
-9.936260494278501554e+00
-1.017334710381485685e+01
-8.377348654055793986e+00
-6.832379025457198551e+00
-6.003783905618509387e+00
-4.990117346857102731e+00
-4.959926110051855019e+00
-6.506683492615725761e+00
-5.849031194913070664e+00
-2.288940797176811426e+00
3.186737885474388854e-01
-5.628836386725502017e-01
-1.060601654211304590e+00
-7.938916779195035467e-01
-1.540284159770682004e+00
-1.922969631017116710e+00
-3.219153272377555552e+00
-8.476268419157186873e-01
1.153568540919266416e+00
-5.238504545469490487e-03
1.241519540148535050e+00
2.998128887754397898e+00
4.785967868133753633e+00
4.690828539453552715e+00
3.153257201150928779e+00
2.492668081776461708e+00
2.605019577113692475e-01
-2.900256053500592124e+00
-3.471272856579914468e+00
-1.710275892335811232e+00
-6.071659525321310147e-01
1.340344865300642230e+00
3.428635081568540244e+00
4.089663065008763532e+00
4.603623815270801778e+00
4.726408567517531800e+00
3.595969653940036537e+00
-5.344614922252165501e-01
-2.535349419855835507e+00
-1.149227105127984983e+00
1.500559238950401442e+00
1.905633239847111859e+00
6.358159392309928881e-01
-6.228059641850718364e-01
-1.101677137504392112e+00
-1.626449464215683482e+00
-1.629886704598748404e+00
-1.196744753713669812e-01
-8.455808258044369419e-01
-3.106058472681042737e+00
-2.986011851717200738e+00
-1.971811924852829634e+00
-2.149545248199490999e+00
-1.584048522933144465e+00
-1.079199625712352395e+00
-3.651249082349325548e+00
-5.530139973421434263e+00
-8.023319552729562432e+00
-1.094580694151795974e+01
-1.134309868217150807e+01
-1.033034585782473869e+01
-7.857293644241880592e+00
-7.135754217525125398e+00
-5.614004291154831350e+00
-3.642306948835468017e+00
-3.157350230884329534e+00
-7.895067872763587014e-01
1.575221842287251262e+00
3.564242879918685603e+00
3.083857761955402843e+00
-8.748577238600738215e-02
-2.946973207425354069e-01
1.396669641109809623e+00
3.910431049871666787e+00
4.636053012996960376e+00
2.475530723748595285e+00
1.581104797284113239e+00
1.392082717808644787e+00
-2.973891413325863708e-01
-2.659998612439522958e+00
-4.416742136265176200e+00
-6.081187456557680449e+00
-6.369121729231709494e+00
-4.973347913253609143e+00
-2.990524347428488383e+00
-1.332520664986408088e+00
3.297118687045330621e+00
6.440674582613417520e+00
5.351583746631413341e+00
3.974787666065678238e+00
4.373102443008709983e+00
3.090481593046529696e+00
4.287780497269831348e-01
-9.983483006625212264e-01
-1.377183813541838164e+00
1.444215467277883747e+00
6.312882549471315663e+00
8.452408711542613418e+00
7.822050350951618825e+00
5.938315144536917778e+00
3.426973502139827321e+00
2.311865150745539665e+00
2.981819379152998106e+00
2.014756693222191419e+00
1.231726074566588336e+00
1.204312658121125396e-01
-1.207414088172868327e+00
-8.554900553655925277e-01
-4.140507642253111187e-01
-7.987732095796201692e-01
1.766973172926401270e-01
2.918635129985692966e+00
4.583892385127262159e+00
5.727881063682166207e+00
6.119022847966391510e+00
5.419461974901423673e+00
3.846697418524280376e+00
8.168972055590652259e-02
-1.723838795754854436e+00
1.951648768600663664e-01
6.034189928306747941e-01
-2.156468956227773348e-01
9.418686825238087312e-01
3.102767757174440977e+00
4.003393104159733262e+00
2.385462183751247967e+00
-1.369980780597026326e+00
-2.809645009588847220e+00
-1.974155625764783539e-01
1.436223460938320651e-01
-3.577652093934664546e+00
-4.943742951770626171e+00
-3.592452487026161823e+00
-2.158368636505678229e+00
-7.973966993150872762e-01
9.333391959324449649e-01
3.025253149289847787e+00
4.967440908206695482e+00
5.512812319755323820e+00
3.341612609795552302e+00
1.997650596260929667e+00
8.694638487539894101e-01
-1.252923563073451707e-01
2.516543010217698662e+00
3.997406327758432187e+00
3.834554917919108963e+00
3.682426291304064403e+00
2.033455823788331784e+00
-8.680633711088974191e-01
-2.832564882124315453e+00
-3.514860697987221450e+00
-1.536423264040957415e+00
-4.031674281161145568e-01
-6.202402034088443372e-01
2.145147295864414244e-02
-7.622029434469131948e-01
-2.702342460928237600e+00
-4.611795202975415897e+00
-3.264687244533291288e+00
7.984530338758645540e-02
-1.894842867590615376e-01
-2.410223552275877257e+00
4.823627895549602029e-01
3.413339065652883697e+00
3.833731422156068991e+00
5.403722901923750044e+00
4.791074227002978247e+00
3.376073016830277496e+00
4.839448066731936393e+00
4.586476837230311077e+00
2.040916258561307206e+00
2.690797743526106345e+00
6.599814291042676473e+00
9.080435606635868240e+00
9.996087697506478520e+00
8.036236795050653470e+00
7.153094439800308457e+00
7.264060867326996629e+00
5.062519236834488900e+00
3.602595308927007078e+00
4.285226145365202299e+00
2.806807532470331878e+00
1.426351868806630341e+00
5.220443414690691952e+00
7.156978110165751694e+00
5.962259918894542210e+00
4.188243007165783460e+00
3.519777150344806760e+00
3.337981942694080217e+00
6.042082020182155677e-01
-2.659682383823817720e+00
-3.581386545628674423e+00
-3.422290524121176514e+00
-2.588833603143445572e+00
-3.382022510409212757e+00
-7.317981777604654070e+00
-8.131280840725462866e+00
-6.150746871666259885e+00
-4.755510009824646112e+00
-6.164112172485557650e+00
-8.959096106436330587e+00
-1.076104243174852471e+01
-1.011125377163350514e+01
-8.712028128336090305e+00
-7.758568193128675183e+00
-5.498139685882574845e+00
-1.026713650342616635e+00
1.239382562782639141e+00
2.446846668975033445e+00
5.123089588755453505e+00
3.560135192664190207e+00
1.772194417640718944e+00
3.215428237179128512e+00
4.108916816751454704e+00
5.116702950235315406e+00
7.318746296133495477e+00
9.824227060289835833e+00
9.672682787810368055e+00
6.254836730099009756e+00
5.146931496228733138e+00
3.501485723443668263e+00
2.565088652743733988e+00
4.204205612343298704e+00
3.102720112660910523e+00
1.036345510979695517e+00
-4.659388015815805750e-01
-2.998815290761288388e+00
-2.148966954102283999e+00
1.344409746368697978e-01
3.398000810629945967e+00
6.242236661671978659e+00
5.939278882535033333e+00
4.053735841532513540e+00
1.655869618591895076e+00
3.049176505651229330e-01
-3.466327568040458162e-01
-1.787104216941024226e-01
2.516795515241714298e-01
-1.757193653563289493e+00
-5.185910608769784602e+00
-5.864756843810881470e+00
-3.401363013571933269e+00
9.114295516568747813e-01
3.616138849635521790e+00
4.241872268201154483e+00
6.375234237755750044e+00
5.669601870696221901e+00
4.826587967748108277e+00
8.069873751810686002e+00
6.852988448277415046e+00
4.292534174140998360e+00
5.281645650801017666e+00
7.407366006115092105e+00
5.388569481827104823e+00
7.491438348383997470e-01
-1.274088095500688356e+00
-1.939437878225236611e+00
-9.279041191372393582e-01
1.617087760594191570e+00
2.005067114700405106e+00
2.443476639680124851e+00
9.102918555202557105e-01
-3.054209032366022480e+00
-5.869878011162318998e+00
-5.863952110571810650e+00
-2.097938811094797185e+00
-8.081132247249253053e-01
-1.212141517026680715e+00
-1.274650166797372530e-02
2.088958377106096886e+00
3.498802796442791241e+00
4.228615195037534136e+00
1.725649514663237349e+00
1.792957326114750893e+00
3.144122332558200839e+00
-1.051677850810524006e+00
-3.629821971427802829e+00
-5.030066373520790890e+00
-6.762451152588207393e+00
-8.631707147207734465e+00
-9.419162119858821569e+00
-8.204834480378874417e+00
-5.767078922641213801e+00
-3.229531933785966480e+00
-2.887134447195776499e+00
-3.895997535210537155e+00
-2.356490507193764294e+00
-4.755490085146800716e-01
-3.439222739650841909e+00
-4.736449658403083518e+00
-4.742081667825596369e+00
-3.980114173195913985e+00
-2.193745621796789447e+00
-8.951237328735979215e-01
-2.434071496355658226e+00
-6.576293062821605417e+00
-9.206877819460594026e+00
-1.199133542831824251e+01
-1.328207609797930644e+01
-1.386523677026129775e+01
-1.432098867741355264e+01
-1.376751494119182873e+01
-1.277607826911191502e+01
-1.351832439372296868e+01
-1.287790189288280551e+01
-1.151920398102398879e+00
5.535905894487809675e+00
3.148595385035923400e+00
3.005640059991316004e+00
4.242425349002222568e+00
4.816083332630180180e+00
5.664398611515983006e+00
5.233839370939348257e+00
5.743274741846479792e+00
6.885003862314112766e+00
7.501549117796416866e+00
7.425077130460561392e+00
4.810538253838985590e+00
2.446563846207091775e+00
2.102155764668543370e+00
3.091418060642889376e+00
4.358961348729639695e+00
4.749412930683107881e+00
3.216657896264601302e+00
1.764788789060854901e+00
3.386380804191269078e+00
5.071083273407158920e+00
3.739944655310711852e+00
1.329924424164988350e+00
-4.014944678785369314e-01
3.538882718241485037e-01
3.495808261635007685e+00
2.626682099036825591e+00
-2.022786989239613309e+00
-1.784028411268775205e+00
1.390172986542427935e+00
1.631501811566523630e+00
1.692911494977593634e+00
2.513627388183797162e+00
3.277443231373727173e+00
5.330807721013149703e+00
7.738155707690428819e+00
8.114606961691164244e+00
8.836899993819276489e+00
9.537611242150134672e+00
8.797156032920124602e+00
7.037546324819528465e+00
4.948751517575581182e+00
2.516907586890794413e+00
2.260046803003812332e+00
5.265452998929358586e+00
5.948129901382061213e+00
2.648857796695776923e+00
2.792591077071013839e-01
1.460688500285176605e+00
2.661877366561304026e+00
2.969602012677374336e+00
4.709237984324754045e+00
6.390685131287852094e+00
8.072129317785257996e+00
9.386931150029317550e+00
8.204143885461441243e+00
5.118581901834521553e+00
2.324663668156059515e+00
1.926091929442939943e+00
3.365268831377527636e+00
4.051100344418236077e+00
3.929543414321749140e+00
3.677296290073169605e+00
3.093761483951716240e+00
5.626203322600454193e+00
9.408174125906693774e+00
1.073231467943289985e+01
1.154939586186936573e+01
1.123280209743229285e+01
8.115395376033688990e+00
5.039341959962637674e+00
7.391397172480616007e+00
8.166844383623800496e+00
5.436514627457087023e+00
4.405075543337579447e+00
5.968652932457954030e+00
8.483943960083896840e+00
8.219713435295354031e+00
4.349215042717363033e+00
3.151803349679203503e+00
5.456558655353456189e+00
6.646868341625541632e+00
5.518866404180839957e+00
5.041655756295144286e+00
4.073499983285759463e+00
4.492239037734984564e+00
6.487763401503797489e+00
8.802466331748194150e+00
9.175351410939873276e+00
4.977625761260153325e+00
6.848071210931544472e-01
1.994730234439804128e+00
3.747486649299661909e+00
2.852478618206539362e+00
1.346089526033728001e+00
9.975587186723776645e-01
1.905691218152859134e+00
3.377653796587821500e+00
4.585849719640719080e+00
3.427248306041476233e+00
1.832623614367956399e+00
1.822205324639783797e+00
7.982082112207288249e-01
1.689858479126488122e+00
1.172050282272450117e+00
-9.957069744310518278e-01
8.771770978027433330e-01
3.105622133659081463e+00
3.284925192326483945e+00
2.066372530081773906e+00
2.104268715206606633e+00
2.298468208250559197e+00
2.856518209860689161e+00
5.000074318235384396e+00
4.607404323910594179e+00
1.950476275348587363e+00
-5.609008147981238146e-01
-2.672193697761958919e+00
-2.747051465655989233e+00
-7.540846677321667579e-01
-1.788772908528329653e-01
2.278085240095377786e-02
3.530085326348501251e+00
6.325466954003664988e+00
8.008182404100812946e+00
6.995584508331786466e+00
4.858557610489173229e+00
4.614991409195198457e+00
4.381507213544417745e+00
3.506950276614569262e+00
2.972830276328852328e+00
1.368849971113857089e+00
1.667319262414640901e+00
2.964270241764941805e+00
3.598680444329779515e+00
3.543096840995922925e+00
1.241588604495559078e+00
-2.185065817510196684e+00
-3.009257806016837566e+00
-1.008020554978747096e+00
1.593686394808583540e+00
4.142943127931023817e+00
4.509071801735624163e+00
5.993683832877060524e+00
7.117483074127614273e+00
7.099386186831589285e+00
6.185618419668490908e+00
3.451213446653390804e+00
3.238014317094028982e+00
5.002822739394407137e+00
6.940219173697129484e+00
8.227748086449617304e+00
7.611347900926974219e+00
5.000902414303473265e+00
3.203819490879273868e+00
5.559379120540008934e+00
8.055826576526060379e+00
1.010122443555537863e+01
1.066010473036467410e+01
8.056294221119774335e+00
4.458147802863884124e+00
1.215097254871113863e+00
2.017003270608045185e+00
2.745465596295195265e+00
1.864497036838242749e+00
2.050896311468606292e+00
4.163796072707228291e+00
5.041146033317730257e+00
3.890494106736623436e+00
3.821961148133991237e+00
6.534524630752509999e+00
8.883540718855169160e+00
9.104750775268934504e+00
8.876427867897470847e+00
7.521821289988632309e+00
6.753905042669334335e+00
8.391761336310953112e+00
1.116536560457918448e+01
1.202006267765863434e+01
9.688848836340008930e+00
7.287891017570278684e+00
9.504677236921475370e+00
1.250318962079742313e+01
1.204435604502949886e+01
1.092875996142961981e+01
9.230764338978062256e+00
7.163641068376489507e+00
7.531784650350254573e+00
8.999109706919313112e+00
9.482366188912521920e+00
8.734866203497791304e+00
6.782114225129729057e+00
4.886298099919451410e+00
4.110534715594924116e+00
5.765457102668124278e+00
7.508636135086917740e+00
6.421689845740140790e+00
5.512036388532967734e+00
5.157265489376201550e+00
4.111757463104389387e+00
5.095478560768825993e+00
6.560477861751532025e+00
5.042663120318679582e+00
5.306703151793416673e+00
8.424510596849851041e+00
8.677774098251854085e+00
9.244089910287508260e+00
1.039275203744485765e+01
9.600327751385750119e+00
8.424555408784186739e+00
6.266669753728697501e+00
4.993061750799301812e+00
6.249530510293308971e+00
6.249906663756232383e+00
3.651631453920693549e+00
3.097394326732684000e+00
3.675739784088776219e+00
3.582497615039835548e+00
4.181916568090666253e+00
4.054802396177442425e+00
3.614274356478233585e+00
4.631409369974655021e+00
6.270544050086616750e+00
5.882745413092170139e+00
8.590926386235653300e-01
-2.116798593023540676e+00
-7.854100032716685442e-01
-6.765889825466221419e-01
9.063480332999774847e-01
5.470438719344264733e+00
7.897718567491622821e+00
7.088220560951878468e+00
5.987291496306896832e+00
6.950535149149975389e+00
8.467085792328264304e+00
1.088982183143161997e+01
1.303995623150495931e+01
1.277885608007685292e+01
1.162970506676645854e+01
1.128986206803970305e+01
1.142955027059867135e+01
1.105887939757469063e+01
1.056798534408955170e+01
9.043260442510474562e+00
7.210146426762800154e+00
5.827109022395352333e+00
3.211880508836615356e+00
2.331684334817597293e+00
3.927493859816320043e+00
6.318262224167840557e+00
8.415608116834542685e+00
8.800677914719836181e+00
9.199564798779860553e+00
9.908195286599449148e+00
9.356156472485409381e+00
8.794721800145577362e+00
4.931945630985056006e+00
1.957855634626072705e+00
5.047687384675904276e+00
9.541592664190078565e+00
1.105686182560143571e+01
1.229908310402698923e+01
1.365228740839946830e+01
1.403138071711105894e+01
1.413877779175087568e+01
1.514190901128127642e+01
1.539550169919821698e+01
1.482453180483116562e+01
1.466164137858476479e+01
1.466879196025801413e+01
1.417625322397291932e+01
1.260522802745492754e+01
1.086865335165797397e+01
1.216593993352867820e+01
1.255310416473346891e+01
1.228647389250695454e+01
1.350680439133384070e+01
1.507928556540593945e+01
1.569773503529098058e+01
1.593746215121868737e+01
1.576847483378063153e+01
1.502614697864181004e+01
1.544202803505458910e+01
1.515351189735228488e+01
1.511775781334430491e+01
1.490273876395861841e+01
1.367520490773180519e+01
1.382981383732290759e+01
1.435777529654874662e+01
1.122019780699202940e+01
7.830972567929284089e+00
7.890486489109391322e+00
9.866523713404987461e+00
1.025852312622307672e+01
1.119850458189559994e+01
1.213345302899293543e+01
1.164191746015747420e+01
1.035008412696204338e+01
8.845903777737218476e+00
9.522595291157088582e+00
1.099888518534121218e+01
1.040771635545849172e+01
7.625023084402016593e+00
7.350021975130611729e+00
8.527493468252927755e+00
9.941486330998058563e+00
1.212453560078640535e+01
1.391587125291612992e+01
1.381931391987434310e+01
1.170613247377927912e+01
9.574049926175394631e+00
1.012559588447461323e+01
9.365839686186655300e+00
8.519556167121358214e+00
9.438823634365332893e+00
1.103090714663922789e+01
1.289097720933432534e+01
1.157752078616956304e+01
1.081136545311139763e+01
1.288834922986734099e+01
1.402039814211514113e+01
1.469244893926207141e+01
1.516038936178328456e+01
1.577515597775289535e+01
1.578663257315610657e+01
1.593523171851448339e+01
1.607256332145204780e+01
1.594321993015804217e+01
1.592681167680360588e+01
1.491267127098137557e+01
1.239763331174838967e+01
1.040588239220784494e+01
9.803191064649416475e+00
1.117579084422784597e+01
1.303807429648991700e+01
1.335080572455621351e+01
1.338647351706128674e+01
1.266540937156799451e+01
1.391316646488353292e+01
1.490670596972526241e+01
1.469961707275303908e+01
1.439517726579774148e+01
1.464917372949947527e+01
1.533372436395891825e+01
1.514856992030707694e+01
1.392063405984951885e+01
1.392016776390094712e+01
1.422736405856468167e+01
1.388715396069543040e+01
1.423958719212274460e+01
1.458969439090954801e+01
1.489572540323442240e+01
1.400526544461798295e+01
1.238430976383612325e+01
1.193561937967274211e+01
1.178962413714714685e+01
1.225630504550524869e+01
1.368012173755367833e+01
1.487980758753394284e+01
1.578248080309893098e+01
1.577284002561233578e+01
1.546721632973720340e+01
1.489241998543655221e+01
1.517222260847737125e+01
1.518416981635818352e+01
1.473671490838903964e+01
1.472707227494733395e+01
1.549282332875007739e+01
1.574819898207788960e+01
1.595433140950256146e+01
1.599800527138917516e+01
1.601211038734300729e+01
1.580195142926535468e+01
1.484070231944092377e+01
1.449737355909760694e+01
1.379129947744133489e+01
1.374371620202984090e+01
1.339757414746810937e+01
1.389561519492473529e+01
1.542348290867412608e+01
1.613946810864995385e+01
1.579463005572859657e+01
1.591443811516846729e+01
1.592172819356645519e+01
1.559642566048015588e+01
1.544410581990862674e+01
1.467685379620932906e+01
1.378374356824063440e+01
1.440355488773129267e+01
1.550702240500351081e+01
1.516633798206585659e+01
1.538275440846056519e+01
1.519660532163880973e+01
1.470986843913707709e+01
1.506378640542911462e+01
1.527350243924363049e+01
1.547339747482491923e+01
1.567618355194307966e+01
1.518754924917781146e+01
1.509039843437162354e+01
1.474298385162198954e+01
1.418907294640927397e+01
1.504401958481733459e+01
1.542275454274579616e+01
1.486003079117275583e+01
1.524370460768258262e+01
1.562405344891592307e+01
1.594190574375660141e+01
1.598000959388985009e+01
1.561331054530466389e+01
1.510168712518986922e+01
1.473564481192336117e+01
1.488915883487251435e+01
1.463144363642751600e+01
1.325356647363256712e+01
1.186133470281782643e+01
1.290310990520701040e+01
1.305907128737569955e+01
1.279866938119037734e+01
1.381433996417010235e+01
1.425570615969686727e+01
1.499188723880305574e+01
1.509966176483088240e+01
1.444058477191847878e+01
1.438340562843475468e+01
1.405557934934791042e+01
1.502038832095623455e+01
1.572448570485457786e+01
1.569967442666108681e+01
1.590811004495078151e+01
1.601354973236195178e+01
1.547683067591347950e+01
1.463919452903007468e+01
1.421866539516856953e+01
1.375908859701855924e+01
1.345638208081266463e+01
1.396099917905067933e+01
1.354685682722240436e+01
1.449470512682019674e+01
1.509875311961310018e+01
1.458930570121299475e+01
1.330537387925955350e+01
1.274074719991468108e+01
1.378859804426561553e+01
1.458517182425287295e+01
1.485578684358414669e+01
1.515554656019615720e+01
1.574728461279194569e+01
1.582979596988315407e+01
1.558487133906974265e+01
1.493497710218268182e+01
1.320712606804641887e+01
1.238141211503491768e+01
1.296411087052906908e+01
1.215206066234019033e+01
1.095060727757252828e+01
1.214821330234940433e+01
1.283634957696089529e+01
1.287984756299619704e+01
1.400530249512559777e+01
1.534925672807299613e+01
1.599525076640517973e+01
1.581813152117860533e+01
1.508600599697153122e+01
1.484991288484913063e+01
1.475636864929206560e+01
1.407141498646231170e+01
1.259418597208760104e+01
1.257651460402081689e+01
1.261127768517947523e+01
1.294022531125635211e+01
1.234453680787267515e+01
1.057083139375565572e+01
1.127535339625292288e+01
1.133301134412695710e+01
1.286421247188853911e+01
1.370007549383103118e+01
1.270316928487712183e+01
1.321583780493363847e+01
1.065479245901559224e+01
9.425893854202104905e+00
9.466028474215162802e+00
9.164056810653038454e+00
1.033961901505277226e+01
1.100859865522119740e+01
9.531684153651063696e+00
7.553953023891335050e+00
8.196206605557986080e+00
1.016669179084421337e+01
1.149564833212090065e+01
1.309659805855074488e+01
1.337997068552571100e+01
1.251107987007250166e+01
1.320532171920176090e+01
1.416454835297412274e+01
1.489027769850379990e+01
1.520468086920494422e+01
1.462412915786026346e+01
1.394705500557246225e+01
1.322599665564120741e+01
1.166038580747994580e+01
9.173779538528304300e+00
8.084126656398652244e+00
9.710569599842923338e+00
1.092634766498444421e+01
1.134554412687512226e+01
1.064920297479554101e+01
8.517691272461295426e+00
7.715412013277891390e+00
6.675493146797300881e+00
5.499572167100848397e+00
5.592918968799392765e+00
8.252893318736168382e+00
9.443019632484727310e+00
9.245797444900562212e+00
1.095329231147713500e+01
1.226778903905792717e+01
1.277992168204158574e+01
1.129653674087385440e+01
9.309863500899691502e+00
9.008185600053328912e+00
8.664482860687950705e+00
7.594062702589877922e+00
6.220477114821687081e+00
5.634875991664292982e+00
4.464458292248170146e+00
2.082693503992438355e+00
1.303668056103215900e+00
1.983726388156490161e+00
5.388579357865443953e+00
8.648217918885917399e+00
1.014975605604793252e+01
1.025264104968801426e+01
1.024658694740531928e+01
1.003827180828135823e+01
7.245588901257302261e+00
5.942159962857366473e+00
6.197310346318128715e+00
7.482503259779657689e+00
9.086945473975005072e+00
9.973976186302124347e+00
1.159949105734517616e+01
1.308845700416925339e+01
1.401488858420407446e+01
1.487681255295829175e+01
1.486375569332024860e+01
1.485334132834773868e+01
1.398436082751286236e+01
1.318324176876244991e+01
1.329987849257036281e+01
1.375485779372711193e+01
1.439496322112379367e+01
1.437723225935295801e+01
1.353499310736069816e+01
1.236864660871344235e+01
1.109383953403793832e+01
1.051841891480223090e+01
1.016910951558723397e+01
1.017664152568278624e+01
1.192924201766991565e+01
1.223387398404015336e+01
1.135982050952548406e+01
1.134224346439923004e+01
1.169851494936031955e+01
1.299094883202450745e+01
1.449869128684141018e+01
1.498322049669547695e+01
1.468658965267553107e+01
1.416974368939196083e+01
1.364787352360080952e+01
1.322525068985762431e+01
1.329473589938833022e+01
1.304660406290644836e+01
1.209321612714985150e+01
1.051164835325865177e+01
9.208599660540746967e+00
8.902136429770981962e+00
8.545194781446276977e+00
1.007399521369114836e+01
6.470665775920301233e-01
6.470665775920301233e-01
6.470665775920301233e-01
6.470665775920301233e-01
6.470665775920301233e-01
6.470665775920301233e-01
6.470665775920301233e-01
6.470665775920301233e-01
6.470665775920301233e-01
6.470665775920301233e-01
1.173093285139175279e+01
1.152806403257797108e+01
1.120865216822758015e+01
1.211347652729437741e+01
1.336110152596639544e+01
1.452191017612074830e+01
1.538203917483877881e+01
1.523868659680963233e+01
1.510568173938316505e+01
1.498512386568015842e+01
6.470665775920301233e-01
6.470665775920301233e-01
6.470665775920301233e-01
6.470665775920292351e-01
6.470665775920292351e-01
6.470665775920301233e-01
6.470665775920301233e-01
6.470665775920301233e-01
6.470665775920301233e-01
6.470665775920301233e-01
1.427065518233883346e+01
1.277921141644317871e+01
1.154463407172322675e+01
1.172268672415847313e+01
1.306670136877425215e+01
1.287313037377171909e+01
1.073081019451952400e+01
1.058163952476841274e+01
1.245309104191060534e+01
1.268478498179766056e+01
1.267041538141240054e+01
1.220218836195136980e+01
1.042839865871945904e+01
9.745936404549537357e+00
1.034472032550023179e+01
1.155407798252906204e+01
1.226190750546360242e+01
1.162931213863797630e+01
1.020751468236371196e+01
9.599156284285582430e+00
1.091284719713791951e+01
1.142515781231144167e+01
1.086334623178280978e+01
1.000623177334302838e+01
9.315538462170675160e+00
1.077926084049585320e+01
1.163962359041542172e+01
1.149468467558254225e+01
1.202850943790074822e+01
1.204034377610426709e+01
1.215293784007835676e+01
1.195539455753549696e+01
1.195062800954814541e+01
1.176533118599351901e+01
1.098883257429296201e+01
9.713605935425404070e+00
8.406432297280668209e+00
1.011725063333868135e+01
1.246104831150378978e+01
1.313087290261457518e+01
1.316758263326097733e+01
1.237024471887629673e+01
1.136114424638324216e+01
1.239238222868332073e+01
1.210980615733758725e+01
1.110974393937869920e+01
1.135755955991064781e+01
1.078226166335798020e+01
9.670309523634902149e+00
9.663553534462497652e+00
1.010318107498467910e+01
8.506840677293098452e+00
5.766555944517463672e+00
5.712509208760231161e+00
6.200226562260807484e+00
4.522730408204864716e+00
4.201304294549132123e+00
5.700681997266390688e+00
6.066070082905213212e+00
6.863188749431304636e+00
9.767096615902527645e+00
1.205947749630993471e+01
1.356201843064629919e+01
1.445857479346983965e+01
1.427759556271050911e+01
1.408645067253461214e+01
1.385007248953562886e+01
1.282277397148529552e+01
1.192201348203050593e+01
1.115879547215130785e+01
1.210655209079153138e+01
1.239703042062360971e+01
1.178088907815045516e+01
1.069954505496766473e+01
1.123507758311813554e+01
1.152309846822988781e+01
1.035434448582626921e+01
9.953258678605720888e+00
1.050717282141674680e+01
1.120193833900918534e+01
1.088631101296746984e+01
1.013622774626205825e+01
1.143469960500540239e+01
1.252666153256732784e+01
1.179045515365607599e+01
1.129773210722551546e+01
1.152052409135517053e+01
1.075520210155707623e+01
1.076779052103089285e+01
1.077379185813694029e+01
8.537998010274051808e+00
7.659704901754285089e+00
7.320765201341878026e+00
7.416933196257021521e+00
7.203652106090722818e+00
3.306944728922988741e+00
3.042019595727116776e+00
3.499817047112505186e+00
1.956630082801033010e+00
5.110046006273546659e+00
8.652003944889418818e+00
1.029518119335381421e+01
1.044163871226897378e+01
1.092245899439122070e+01
1.004038645471207758e+01
8.060469611263687995e+00
6.962722260882705072e+00
7.930976790253696507e+00
8.960934946113571442e+00
9.245423668435801545e+00
1.083961720910885873e+01
1.177164601873084671e+01
1.129961658650805845e+01
9.990936718819922291e+00
6.865265842927280815e+00
