-2.988855981972740494e+00
-6.027010929149337670e+00
-5.537516263277648676e+00
-3.884841872483173031e+00
-2.658468039711195718e+00
-4.017401064945349098e+00
-6.516449640943156041e+00
-7.541494283233470597e+00
-9.156212289968649998e+00
-1.136888835510959517e+01
-1.018875531918014055e+01
-7.944311155333156904e+00
-6.864259075864680426e+00
-7.196605668413273094e+00
-8.053022631263257125e+00
-7.999997957728793629e+00
-8.991091665887330109e+00
-1.006257884466012698e+01
-1.104756428911719723e+01
-1.210539968973838754e+01
-1.191823245587401736e+01
-1.007518661430543183e+01
-1.136276106126037000e+01
-1.347083259142306844e+01
-1.429707385423064636e+01
-1.324234629700912436e+01
-1.223722384730246304e+01
-1.126518705352376060e+01
-4.561651809004717784e+00
-8.758840974367141374e-01
8.657812353395931693e-01
1.638441302941668010e+00
-2.332342912548145186e+00
-1.739352955116765909e+00
2.470182726421985109e+00
-6.509528331382085087e-01
-5.041156555464881173e+00
-6.502784333462094501e+00
-5.593608300168386727e+00
-5.710583876639137024e+00
-8.161643734230766611e+00
-8.269142905122265574e+00
-5.383086085814638544e+00
-4.647184963868568275e+00
-5.703792413564003461e+00
-3.959851306394613246e+00
-4.834765151767001612e+00
-7.992111770749844801e+00
-8.855961712120913987e+00
-8.748981942065487516e+00
-7.631238551030234518e+00
-8.202766991087951709e+00
-7.670111226486548084e+00
-3.903969749386050125e+00
-1.472728614043579576e+00
-1.779166053200892827e+00
-3.588260413238796520e+00
-5.350380684259431696e+00
-6.109456660589682286e+00
-6.895663028312223553e+00
-8.166998573667630268e+00
-9.178403435076214478e+00
-8.348652587447203288e+00
-9.767163610786754546e+00
-8.558660343930572623e+00
-3.092953920410061563e+00
-6.361330164858640668e-01
7.081668171552372160e-01
-8.866611623646560858e-01
-2.764468717210494031e+00
-3.436639557504245435e+00
-3.692857160272945194e+00
-3.325220471361057140e+00
-4.124576442448717906e+00
-2.050641672350091316e+00
3.269492655177884899e+00
-9.743352901792801113e-01
-6.850279810313648632e+00
-5.459897960255705840e+00
-5.213726666426573786e+00
-4.329003661943725767e+00
-2.021982556847601753e+00
-4.394402915712659841e+00
-6.860620211317354666e+00
-5.451022956389607543e+00
-4.480486230260263270e+00
-5.479865500205725937e+00
-6.493261555010366060e+00
-1.009633243216839382e+01
-1.292771745155569008e+01
-1.272080822498178598e+01
-1.112349414192636843e+01
-1.194937417322434392e+01
-1.269152539277780534e+01
-1.185409921671650757e+01
-1.331666429489242809e+01
-1.470746529076704689e+01
-1.305583409329027411e+01
-9.629090949313964032e+00
-4.271907864935688970e+00
-2.823983789333087913e+00
-4.888897489220541459e+00
-3.567642900223174873e+00
-3.416923552790059215e+00
-8.922439402762705196e-01
2.349606160589270409e+00
1.291177962040898741e+00
-9.068304415580976663e-01
1.168622668345597138e+00
4.230489146831676983e+00
8.826051695067739233e-01
-9.990870303495723581e-01
3.839482973810137256e+00
2.545356678834896691e+00
-5.008937096116675702e-01
-7.690081643447372883e-01
-2.246100733915830094e+00
-6.512504436573612665e+00
6.470665775920301233e-01
6.470665775920301233e-01
6.470665775920301233e-01
6.470665775920292351e-01
6.470665775920292351e-01
6.470665775920302343e-01
-9.643998178411282041e+00
-9.266605018670695415e+00
-7.821210752674479849e+00
-5.962717664512952709e+00
-8.145428087428536301e+00
-9.228714000534409934e+00
-1.061401056021182221e+01
-1.355453407214947070e+01
-1.247817242324377318e+01
-1.028911624165091254e+01
-9.026828906204924508e+00
-6.651064788293915342e+00
-8.193827551878476001e+00
-1.047241489928487290e+01
-1.010319718285608559e+01
-8.709831047728838982e+00
-8.935950201487711908e+00
-9.579955441176229769e+00
-5.978915475391721301e+00
-3.415574057706579403e+00
-6.660182920281694230e+00
-8.330742088672501211e+00
-6.842192889264958389e+00
-5.369863577809849353e+00
-3.288046183180890480e+00
-4.842216371607953818e+00
-9.509003783385006514e+00
-9.581174425719984455e+00
-3.378313351117958163e+00
-2.243768881026395157e+00
-5.425265296835208417e+00
-6.492327097068218755e+00
-6.574550194958965754e+00
-7.987407514205831838e+00
-1.051082383951197841e+01
-1.167629684111946631e+01
-1.176794053859711831e+01
-1.123839656777251861e+01
-8.898666437316460787e+00
-7.081298691660086853e+00
-7.003472201806128616e+00
-7.092905562087942428e+00
-7.963172831863127854e+00
-9.944092455850576329e+00
-8.859357565684389257e+00
-9.014058287157350691e+00
-8.604905499029175786e+00
-7.100028457173243268e+00
-7.838011035181604136e+00
-7.597377076799875617e+00
-1.088927277757762546e+01
-1.014454000400603029e+01
-3.560661367110597997e+00
-1.867575469478734984e-01
-3.791641091640883587e+00
-8.808609825408309391e+00
-8.798287522581279774e+00
-6.534118961313350127e+00
-8.307232712200356417e+00
-9.814711092194574604e+00
-1.047517563969014631e+01
-9.869733092914463768e+00
-5.682375427322800654e+00
-4.504644702113684396e+00
-5.641587558223016607e+00
-8.775913654919545337e+00
-9.840044372619056290e+00
-6.877541234048837104e+00
-6.576967214613782531e+00
-8.416702606076871263e+00
-6.226218121036726671e+00
-2.988790184750443224e+00
-3.745259730602520154e+00
-7.274780488575907533e+00
-8.917595428756705189e+00
-9.073470879705435976e+00
-7.669485214746490698e+00
-5.984724438475440778e+00
-4.709369439688995129e+00
-2.556477311593107871e+00
-4.871581883106351540e+00
-4.449356699999412967e+00
-3.170343087727146791e+00
-3.638454813811764055e+00
-4.187752415087337532e+00
-6.425900929532379457e+00
-5.426713742243855165e+00
-2.769542786647958277e+00
-2.752688996761286866e+00
-1.718736589333581755e+00
-1.513325100441279547e+00
3.880244445593648006e-01
5.147349613790217049e+00
3.511849104504658925e+00
1.955820673695475742e+00
2.944642659289055775e+00
3.446722467474502949e+00
5.108505535856650681e+00
4.147481859986635655e+00
-3.510159243694773168e-01
6.470665775920301233e-01
6.470665775920301233e-01
6.470665775920301233e-01
6.470665775920301233e-01
6.470665775920301233e-01
6.470665775920301233e-01
6.470665775920301233e-01
6.470665775920301233e-01
6.470665775920301233e-01
6.470665775920301233e-01
-5.413346642900759953e+00
-5.061499756524800553e+00
-3.208277576382510432e+00
-5.384571510827896645e+00
-6.445282594562113943e+00
-7.089439119468691208e-01
-2.244773889015961310e-01
-1.706603976132419653e+00
6.819202749899524463e-01
2.630498744671944666e-01
-2.137277879788890278e+00
-3.706111067241909307e+00
-3.217717823392677090e+00
-3.019073499949748385e+00
-1.074671218953159979e+00
1.376443681919695905e+00
-2.411798171371094313e+00
-6.212660747128628813e+00
-4.112485440640596401e+00
-6.860856160223022249e-01
-3.818504541301473321e+00
-8.236365067384603833e+00
-9.356066393725795294e+00
-6.579903568882556009e+00
-6.779629133583555678e+00
-9.209219844528853116e+00
-9.722237303979804679e+00
-8.001886754592577589e+00
-8.370389932728272697e+00
-8.988303221495957729e+00
-7.259029071387560705e+00
-7.015634822686036109e+00
-7.667346127892359142e+00
-5.511039903447945143e+00
-3.333224874769256552e+00
-2.798462390886243156e+00
-3.563322827728613862e-01
-1.547712778471585393e+00
-2.583836532848617029e+00
-3.618253963153490016e+00
-9.050898398045012172e+00
-1.186576929382142076e+01
-1.306600227164312678e+01
-1.397029678415651688e+01
-1.435904299225629543e+01
-1.522824562448246333e+01
-1.463667969079694586e+01
-1.417261744034762927e+01
-1.351544146030418858e+01
-1.152135024786425532e+01
-9.765310132445785385e+00
-8.411594354195239376e+00
-6.558511845886568992e+00
-4.869767657084817181e+00
-5.537469110191657329e+00
-5.804487389291129062e+00
-4.008625230954078411e+00
-5.537259486869881897e+00
-7.684923419740674611e+00
-5.517262635699179185e+00
-4.914268263424113492e+00
-6.636304627869386685e+00
-9.300160542706056077e+00
-9.985206960553181688e+00
-7.558571056536544930e+00
-7.289490775864488015e+00
-8.485544526473093541e+00
-8.434312304682451966e+00
-8.302829209089773954e+00
-7.321543066586157167e+00
-7.830551352362102868e+00
-9.051032958510718984e+00
-9.290611502058538917e+00
-9.744128848672664489e+00
-1.060307772225378287e+01
-1.104656865616981065e+01
-1.026982200324195738e+01
-7.078387416697072609e+00
-4.826403289267326535e+00
-5.072250399477478133e+00
-6.810176483596231733e+00
-5.714367256090882030e+00
-6.381516040168595971e+00
-1.024338958574703184e+01
-1.050324625882940310e+01
-7.846002345045058668e+00
-5.641312474273047606e+00
-7.509217412169137518e+00
-8.822397894563039245e+00
-8.811445690764987404e+00
-9.648315059849624120e+00
-9.175678321849810359e+00
-9.703552102600884410e+00
-9.157909877881143856e+00
-7.176781706398827509e+00
-8.532736271605045886e+00
-1.087412959438276872e+01
-1.144643544278087433e+01
-1.206525283736642606e+01
-1.337940124962941368e+01
-1.443775982786271861e+01
-1.478683378327798081e+01
-1.302875630905814397e+01
-1.121839205668439554e+01
-1.220404681593960561e+01
-1.473458873637181910e+01
-1.508630172875490416e+01
-1.438583313046085976e+01
-1.435126709287581548e+01
-1.405772520397465186e+01
-1.251778022665867773e+01
-1.028897119963712292e+01
-7.590285065563355360e+00
-7.044293315317158743e+00
-6.301138915204909097e+00
-4.864117968535869529e+00
-4.989490298552372138e+00
-5.302631843983347082e+00
-7.103886831578503980e+00
-7.595311025418197026e+00
-1.048277999205986610e+01
-1.175547486319956114e+01
-1.191878949632870643e+01
-1.159875521800967135e+01
-1.121033778024954586e+01
-1.100350815335423604e+01
-1.221910926803687758e+01
-1.450545928285413844e+01
-1.374189159279063865e+01
-1.205610680905464172e+01
-1.273287337078789072e+01
-1.427745675738183273e+01
-1.445466406146607063e+01
-1.419275624893372978e+01
-1.485498684567824235e+01
-1.481907343657571907e+01
-1.440062503178790720e+01
-1.479988970613110588e+01
-1.438806293671498437e+01
-1.390352611427976370e+01
-1.486903727157480404e+01
-1.496095953021441893e+01
-1.382093768735724559e+01
-1.217297751805899431e+01
-1.233536571321104525e+01
-1.336570193552611130e+01
-1.485793907548793058e+01
-1.554385966555350862e+01
-1.474045563313881146e+01
-1.100359856685551740e+01
-6.979351852342275286e+00
-4.314082015386968116e+00
-7.359174587383921384e+00
-1.072802354537321179e+01
-9.419899653655862792e+00
-7.458752582241641171e+00
-7.789642823988253362e+00
-8.363353951583068380e+00
-9.157442683947957462e+00
-1.096887764716408853e+01
-1.378492419687875881e+01
-1.517370960366708843e+01
-1.512828578015331793e+01
-1.463384205262816629e+01
-1.523373912915193173e+01
-1.531797693209862565e+01
-1.372343114763432403e+01
-1.435742924908224083e+01
-1.509196014390428964e+01
-1.487463574774694308e+01
-1.466038385908737318e+01
-1.313096115707642930e+01
-1.342317624136717313e+01
-1.456768535155052646e+01
-1.412149070651996752e+01
-1.266761528327357667e+01
-1.172584141114328915e+01
-1.226916088066086452e+01
-1.215807318234725010e+01
-1.100371373798113517e+01
-1.090175046780952961e+01
-1.174782928993759512e+01
-1.063614134860827498e+01
-7.556244231040759374e+00
-8.476954580256226279e+00
-9.886589424558074768e+00
-8.604282494948256144e+00
-8.353993382924109312e+00
-1.086338280709752802e+01
-1.238998164481302666e+01
-1.295119377668214966e+01
-1.421087965848778012e+01
-1.495192412843423213e+01
-1.505427092180713800e+01
-1.462155557267633021e+01
-1.500661797276758591e+01
-1.549233301302746924e+01
-1.493720942982855426e+01
-1.395342093498251046e+01
-1.409037289662805925e+01
-1.355792296123215301e+01
-1.283678444801675589e+01
-1.371222425867245320e+01
-1.458191735482875728e+01
-1.330572151338191489e+01
-1.196457455622095978e+01
-1.288225321685926694e+01
-1.369368011196557511e+01
-1.438868407617915146e+01
-1.478083946586400366e+01
-1.434738832265621866e+01
-1.501380423798202379e+01
-1.472318500999976365e+01
-1.429411517834932432e+01
-1.473479404027243334e+01
-1.463589244594910177e+01
-1.444028626971376461e+01
-1.226097425752771386e+01
-1.119326404889474347e+01
-1.214695773370947940e+01
-1.336438676635332357e+01
-1.324703797798119709e+01
-1.389325787085068420e+01
-1.476010792018945317e+01
-1.522254799790409940e+01
-1.534434885391773129e+01
-1.509692233037643128e+01
-1.444625945883976392e+01
-1.312540697883758511e+01
-1.285559464317022282e+01
-1.336276224522807077e+01
-1.227516747045897105e+01
-1.182059747165989627e+01
-1.258629001482292686e+01
-1.262265084089506395e+01
-1.368816333117839612e+01
-1.319577846990263659e+01
-1.260119066480248939e+01
-1.238633586180969282e+01
-9.431910961907984614e+00
-7.372901993115337227e+00
-6.958681706003195799e+00
-7.503469368206868495e+00
-9.337850442727615885e+00
-9.377713459920592243e+00
-9.773986308445216764e+00
-1.143350192209005201e+01
-1.238058760176220474e+01
-1.223986743506413788e+01
-1.079773387134340723e+01
-1.088869766054474297e+01
-9.050666545253326589e+00
-3.564017941353596175e+00
-6.895293247389154834e-01
-4.059853061271405217e+00
-6.545532463273297630e+00
-6.492843494627153156e+00
-6.149318088947557825e+00
-6.575797496807378018e+00
-9.752245884523956576e+00
-1.366861041711667291e+01
-1.381638181766089346e+01
-1.330604353268528683e+01
-1.414761774228743896e+01
-1.469189853544343727e+01
-1.519676439988901073e+01
-1.520271390494626829e+01
-1.508310762995257548e+01
-1.527482023636814823e+01
-1.519907069340223416e+01
-1.535591128461375199e+01
-1.480692405055875760e+01
-1.360202088321243785e+01
-1.360094014078583946e+01
-1.459592050252927109e+01
-1.390611116653998103e+01
-1.225761835502462738e+01
-1.244079267447608217e+01
-1.221173550419684517e+01
-1.178718494376158610e+01
-1.173104974597127637e+01
-1.128634330649492234e+01
-1.000261449215636311e+01
-8.720590682511067726e+00
-6.280579329534604405e+00
-8.820409103916448501e+00
-1.245859537136166395e+01
-1.169206728602827994e+01
-7.895162479328869942e+00
-8.416433104967902423e+00
-1.110372418040670439e+01
-1.285142868379221959e+01
-1.445832934226614874e+01
-1.397226105370996940e+01
-1.301803397506840909e+01
-1.265014624783204233e+01
-1.364134094615210735e+01
-1.485393535824412581e+01
-1.468960149682183491e+01
-1.382042535471747335e+01
-1.301240376574286906e+01
-1.211151039179412159e+01
-1.166825647672858146e+01
-1.278040937577141634e+01
-1.403128344966852659e+01
-1.432587710296185080e+01
-1.447619705380700417e+01
-1.397965331483126761e+01
-1.237579813215386615e+01
-1.138193628236627220e+01
-1.111973240999398982e+01
-9.905947256374258103e+00
-8.560071789366903161e+00
-6.984577659331770327e+00
-7.568629037980323382e+00
-8.776193638409301556e+00
-7.320380845944906234e+00
-8.656108284563067912e+00
-8.812044822521345466e+00
-6.174314967155905443e+00
-5.012363155514734103e+00
-7.013859920816591043e+00
-8.378203981089567876e+00
-8.888800680720228442e+00
-8.545808797956260250e+00
-7.000785688507933813e+00
-8.264670615570590684e+00
-7.942123733371088790e+00
-5.091963205871635090e+00
-5.359847254874708256e+00
-8.837652624454351624e+00
-9.422534442388528220e+00
-9.440519459923198298e+00
-1.073216335096090113e+01
-1.116250754597402306e+01
-1.197910669714890375e+01
-1.162668788220275928e+01
-9.422970795131195842e+00
-7.886696150148392093e+00
-8.867855630895732588e+00
-1.014334831338015874e+01
-1.109183423214264863e+01
-1.232992779962329521e+01
-1.308590278670635065e+01
-1.329760980413163551e+01
-1.290695427782286586e+01
-1.226896206498293118e+01
-1.281132990835762264e+01
-1.388524873258766235e+01
-1.387260942510149064e+01
-1.339968066605924868e+01
-1.228685590810859907e+01
-1.038431242638584173e+01
-8.868776738328412179e+00
-9.329026109568363978e+00
-1.057499638032698108e+01
-9.424632962681254611e+00
-7.704329601381016523e+00
-7.773775207436774970e+00
-8.047690961763633410e+00
-7.153519568301978104e+00
-5.400198536827823581e+00
-3.582739253012053648e+00
-5.002382668607532779e+00
-4.826384793323682310e+00
-1.993913951931604700e+00
-1.386821333841548265e+00
-2.755007723446070145e+00
-5.724929777293129796e+00
-9.612954911525054769e+00
-1.138544341564367457e+01
-1.196162776801632965e+01
-1.139967723770968178e+01
-1.194858464585529312e+01
-1.316464363845354235e+01
-1.375618779206982012e+01
-1.432763140090941612e+01
-1.395702304789998394e+01
-1.387159143284668872e+01
-1.372123824058070163e+01
-1.270698709904299761e+01
-1.141144751103590771e+01
-1.186296575036756806e+01
-1.118507431962247445e+01
-8.861020418266550180e+00
-7.684907161577786638e+00
-5.406505117475215449e+00
-4.999634089542184689e+00
-7.036529632896576736e+00
-7.963360166066565604e+00
-6.257187519254408414e+00
-4.504179926448197868e+00
-2.277732254375941512e+00
-9.624128358720412946e-01
-4.741010815635854136e+00
-5.591621451947438537e+00
-3.060424149799207960e+00
-4.165968583020609906e+00
-6.184538670688935369e+00
-7.364903995106404366e+00
-9.351036712893405323e+00
-1.021096238654475385e+01
-1.162573760410785972e+01
-1.333682708844384202e+01
-1.415553123230981925e+01
-1.435094495023437666e+01
-1.279233768478751365e+01
-1.141078682956552193e+01
-1.200849786057684909e+01
-1.228887572677535012e+01
-1.276935235170320837e+01
-1.257885740266213759e+01
-1.307582427289390381e+01
-1.273702981735248940e+01
-1.012165392463459135e+01
-9.929495593629853900e+00
-9.455989673776889148e+00
-1.079975881579825447e+01
-1.163465475206749566e+01
-9.546670633228217184e+00
-6.310557934284224402e+00
-3.650557735002470494e+00
-4.889369958767573188e+00
-5.358883686745360642e+00
-5.760405090179782306e+00
-6.041540663145360313e+00
-4.050094075543583472e+00
-6.090955732287858027e+00
-8.921149375798899328e+00
-8.121465789292166448e+00
-7.082106146100492161e+00
-8.962607433155859837e+00
-1.071749825154852154e+01
-1.227561585678912159e+01
-1.131056188755803937e+01
-9.101877213107087528e+00
-9.270520620948499158e+00
-1.062243628452901945e+01
-1.137170308035689104e+01
-1.079442988334471920e+01
-1.024511806469421238e+01
-9.156907573627998786e+00
-9.163045719552947332e+00
-9.368577857046226143e+00
-9.713909449031847387e+00
-1.092614593031557391e+01
-9.635794954226073017e+00
-8.986144781136601978e+00
-9.466352639747126929e+00
-8.381398270551496665e+00
-6.843271002386384083e+00
-6.204438063429271288e+00
-6.147340424420992377e+00
-8.100978109802159821e+00
-8.952306618761847190e+00
-7.706166807518132877e+00
-8.408963166118640586e+00
-1.068523291806422648e+01
-1.255451576541548242e+01
-1.300651522406026928e+01
-1.400886946326147608e+01
-1.467644240899987551e+01
-1.442118232094536268e+01
-1.415541241634195124e+01
-1.344300787090714877e+01
-1.339530787358832775e+01
-1.256750854579420462e+01
-1.322101213926427121e+01
-1.328776262975306999e+01
-1.101952325714947101e+01
-1.175494244027501978e+01
-1.124469789515955220e+01
-1.005264638301381908e+01
-9.284828836582439848e+00
-8.398765273020227795e+00
-9.367863134946258441e+00
-1.035596533704416444e+01
-1.113757907158038840e+01
-1.190448444784139426e+01
-1.216049513495646828e+01
-1.124036803582652766e+01
-1.075857136470172470e+01
-1.017466425619257819e+01
-1.028913630689907244e+01
-1.001138670233520500e+01
-7.655689827649802659e+00
-6.694057694603871234e+00
-6.867965151500911247e+00
-9.808588757464844932e+00
-1.189408498761165234e+01
-1.214470149961519141e+01
-1.156337083057642445e+01
-1.130425117408226754e+01
-1.227386529423955430e+01
-1.307652710159227283e+01
-1.201098231074559131e+01
-8.806386639089270219e+00
-1.081841890755373647e+01
-1.274050388785926913e+01
-1.098764393711753051e+01
-1.040136625225286338e+01
-8.842974371453507842e+00
-4.753388371050593086e+00
-3.507346018538500143e+00
-2.874580386804115317e+00
-3.437347740837358057e+00
-5.706754924265387885e+00
-7.771472757074537441e+00
-9.213415149081829014e+00
-9.922493949647483547e+00
-1.250184495632107229e+01
-1.366576703770886247e+01
-1.294196882266104609e+01
-1.288674339001993019e+01
-1.382500484995286527e+01
-1.448240938551234436e+01
-1.431828509031200625e+01
-1.364326637946550491e+01
-1.339552355605706069e+01
-1.379541549684896751e+01
-1.152921352621579842e+01
-1.049139864148689227e+01
-1.027612733643713128e+01
-7.868024537446259181e+00
-6.371667957795125403e+00
-9.737518795754567691e+00
-1.294826200272130379e+01
-1.219875297797185176e+01
-8.960423751869232234e+00
-4.933495244519980893e+00
-3.266098804135896483e+00
-1.993900546886137271e+00
-4.169285739948544456e-02
-1.975920032885206956e-01
-1.933021711233966489e+00
-5.178838028412733330e+00
-6.451681859115626416e+00
-7.377000256669990819e+00
-9.495017469547873290e+00
-1.097586111262611475e+01
-9.926025171443608741e+00
-7.923851877704639612e+00
-1.004414571820687030e+01
-1.328925997948432602e+01
-1.349706458533522557e+01
-1.203549063129152330e+01
-9.936495188489297803e+00
-1.037270268816485874e+01
-1.225259394501202692e+01
-1.243519112205908606e+01
-1.289529036454201538e+01
-1.341075478990614300e+01
-1.269053833206009152e+01
-1.076176530175915858e+01
-1.055852014435760822e+01
-1.216818454180276454e+01
-1.351882765372407746e+01
-1.476001672792895114e+01
-1.567584535908652121e+01
-1.538634282218851901e+01
-1.416526041190304142e+01
-1.397006395444053872e+01
-1.292570916516427282e+01
-9.418658514465658271e+00
-9.667992434569702809e+00
-1.071984123092832242e+01
-1.087261316253091081e+01
-1.039392900488481430e+01
-7.850870939483380440e+00
-6.290428631639692902e+00
-6.691330299589315800e+00
-7.591997847632995011e+00
-1.066175026457265851e+01
-1.222476607998876652e+01
-1.129161052905743468e+01
-9.708947776463723756e+00
-1.138852545412554029e+01
-1.383327174617619093e+01
-1.216167804634655703e+01
-8.794100996152122818e+00
-7.228168289393541279e+00
-5.921345658657843458e+00
-4.105946268049203596e+00
-3.409812346023844309e+00
-7.364698714950788982e+00
-9.186906917242007253e+00
-9.938736251442353620e+00
-8.800349100593777507e+00
-4.564699795187859621e+00
-3.871385607783754956e+00
-6.484136392428299978e+00
-8.310665519073928920e+00
-9.890600914616285877e+00
-1.118910823275873057e+01
-1.295672991286108200e+01
-1.328749786056980042e+01
-1.188558758097132539e+01
-1.002499578856134832e+01
-7.214332101267170394e+00
6.470665775920301233e-01
-5.430946162398195831e+00
-4.462086390495339394e+00
-6.964195897827280213e+00
-9.343585357198881169e+00
-7.851950507647839750e+00
-6.781972621368569598e+00
-8.767307049303408206e+00
-1.084182800043816464e+01
-8.727794803820179581e+00
-4.487839515926542511e+00
-5.686705394708742922e+00
-5.564449869225229328e+00
-4.489673058008970763e+00
-3.757816575779598711e+00
-2.153392112865104568e+00
-1.543948241583188663e+00
-1.071244012779375643e+00
1.875390548509455080e+00
-1.040606915408562039e-01
-7.382270107028534589e+00
-7.843719969500595468e+00
-6.738358283946327631e+00
-8.485262011198861032e+00
-7.038255963121558878e+00
-4.902327325690791326e+00
-6.010532853527449149e+00
-7.199254625749455627e+00
-6.348655595958768494e+00
-7.020058221941500420e+00
-5.660290806025468413e+00
-3.058252294089127243e+00
-2.078380768506720599e+00
-3.018803182824063125e+00
-5.568651149995059058e+00
-7.277994877822578701e+00
-3.760016946092722190e+00
-3.257030094070892279e+00
-5.053431478357859774e+00
-3.897736076932632798e+00
-1.121712549807116543e+00
1.162463124040559626e+00
1.107005097202711674e+00
-1.339841896594389237e+00
-4.818325989258992692e+00
-6.445995315009070303e+00
-7.580491594527388521e+00
-9.440522594635668341e+00
-1.066021146574773226e+01
-1.058175643032710589e+01
-8.205999587080313518e+00
-6.936730377459009667e+00
-4.579492789840661437e+00
-1.450687906312235764e+00
-1.562162744922364510e+00
-3.311911581489502154e+00
-1.189443170508403869e+00
1.045706345765327949e+00
-2.666750413276219867e+00
-5.838566923818948595e+00
-4.276685133099195291e+00
9.278420910629292528e-01
3.553619362569282902e+00
4.120819065715386031e+00
6.030463246268752187e+00
5.702975259236609418e+00
3.631332516029114998e+00
-1.112491362951911977e+00
-9.670101146922075452e-01
2.618104957449009507e-01
-1.885835750569284930e-01
-2.346853977863774254e+00
-2.125896463830753369e+00
-5.736426343655804949e-01
-1.099309300608232398e+00
3.046299679075985534e-01
4.828958711490624611e-01
-2.799315065109461820e+00
-6.585034070412540963e+00
-7.061077214867785834e+00
-6.538673818778046432e+00
-6.073230895314771338e+00
-4.236587901086931396e+00
-3.430999805121560442e+00
-2.163700942994542853e+00
2.502525614822437849e-01
1.510568807392981272e+00
2.663069309111306016e+00
1.899778082883411656e+00
1.038709084028683893e+00
-4.148382841554305867e-02
-5.756273234522367943e+00
-8.428210542234651825e+00
-8.261510596611275403e+00
-8.570814315536580352e+00
-8.887162337888344865e+00
-9.957412339307399662e+00
-9.382092482993567018e+00
-7.518721532229484694e+00
-8.859407223429236922e+00
-1.005413421027138554e+01
-1.051567918899070442e+01
-7.162374260530230075e+00
-2.844951072410338178e+00
-4.492804923409619455e+00
-6.603350583590740008e+00
-7.193078328444569181e+00
-5.590322216894304752e+00
-3.208086552209483244e+00
-2.853557282557810382e+00
-2.080430891426309437e+00
-1.839441125734148308e+00
-1.377325345340705276e-01
3.573544683489240814e+00
4.067348831743246684e+00
2.853338496754271425e+00
9.066196160811389460e-01
-2.733954000587038191e+00
-5.410934200790911142e+00
-6.883922864337365333e+00
-6.487342222298607020e+00
-3.494548633994046583e+00
-1.836217445583665286e+00
-2.002233336619689386e+00
-3.834003333320969098e+00
-5.930573869957372679e+00
-4.278533332526337496e+00
-4.458385447895131470e+00
-8.706789595412692151e+00
-1.105664799907378537e+01
-9.828798068913044972e+00
-6.439042453972027680e+00
-3.600985493129104764e+00
-2.832754268988592283e+00
-3.850297656371267419e+00
-1.707422932239574864e+00
1.366729460838874477e+00
1.762620774239832100e+00
5.481108734287561957e-01
-3.088335580399737434e+00
-5.134641584436999473e+00
-3.856655414071384236e+00
-1.823722432159947893e+00
-1.699354114131653715e+00
-3.321298608762481397e+00
-4.584880353338199654e+00
-3.168659456038645406e+00
-9.851939343813544969e-01
-3.331934335081256027e+00
-7.269063253600948293e+00
-7.011810972129994823e+00
-3.003928820250664433e+00
-4.374613875170310084e-01
-8.482967205290906643e-01
-3.627337951822022788e-01
1.518853268038023563e+00
2.759726046316486769e+00
1.561158734088866851e+00
-1.893582099483305470e+00
-1.692953336356330940e+00
2.269085536378316892e+00
4.089380932230699983e+00
4.836813586288585931e+00
5.301470906553799267e+00
6.295157137465383634e+00
3.955198464508201450e+00
1.736613334481433846e+00
6.686657914716268580e-01
-1.652533216524803450e+00
-2.167998776339447264e+00
-2.896656787411271861e+00
-6.587093709755886817e-01
2.126962737393903069e+00
4.118948561300544431e-01
-2.319242604445250322e+00
-2.877612222840943090e+00
-1.466099914458161291e-01
2.659497147445015752e-01
1.295605705484998982e-01
3.137346531502865687e+00
5.335320814386054877e+00
6.321799568540667380e+00
5.932701244363654425e+00
4.844593314547822160e+00
3.180604950584182244e+00
1.466359083183657708e+00
2.077939548054651198e+00
1.890526879009129857e+00
6.349525342088574442e-01
3.606704111022926096e+00
6.509407371266740405e+00
5.279728322356620929e+00
1.638965372526455466e+00
2.151410292082090170e-01
1.363834362022361191e+00
1.279348919642903981e+00
-1.899638960852719327e+00
-4.752315668016559691e+00
-4.278433156177765539e+00
-1.443746850925419434e+00
-4.157483971529087885e-01
-3.891027783058291778e-01
-2.124534583092983375e+00
-1.659492435417197376e+00
-1.750375272669078830e-02
6.001874304453554965e-01
2.687004863503504204e+00
2.242831519235309212e+00
-6.485381912072309962e-01
-3.114577850288886562e+00
-2.849065169654445118e+00
1.788965054879427363e+00
5.361788017908700077e+00
4.030901028737257086e+00
5.121687931360656698e+00
5.763534018250727975e+00
7.923512254267183197e-01
4.313229777916797736e-01
2.548416705705264018e+00
6.325456319360641011e+00
7.832240816926725913e+00
3.520914066751251514e+00
6.809002056006139281e-01
2.457894744847228807e+00
-4.741168379844648006e-01
-5.643661534616463804e+00
-5.785510616278398466e+00
-3.491678191562842315e+00
-2.135862416752449366e+00
-2.872448757769465733e+00
-2.370019790973354468e+00
9.334994716033681028e-01
4.244608173369715409e+00
5.496155306063632118e+00
4.941027649556099632e+00
3.359316407294563600e+00
1.147536902695927452e+00
2.309705380123631802e+00
3.572752984921005126e+00
2.706023229473220049e+00
4.035530538863789651e+00
1.827185451267648642e+00
-2.496048033735239757e-01
2.906443143601735724e+00
7.745033544787203184e+00
6.709971666194841866e+00
4.499620216208554346e+00
5.840007583233294497e+00
5.432962747392799940e+00
3.125322017397155872e+00
1.317601106931336030e+00
-1.719266189741589512e+00
-4.212498936197450305e+00
-3.373647344202850729e+00
-2.739267805527807464e+00
-5.661403787084272388e+00
-5.278304811829351628e+00
-3.763664729005928855e-01
3.462553486269351666e+00
2.316659032343147739e+00
-5.591158151501351981e-01
-2.215201609710557129e+00
-2.733119871982800930e+00
-7.413876068330641500e-01
4.966137917279486724e-01
-2.256253060779677799e+00
-2.940464679297420059e+00
1.465012058656452731e-01
4.684732399509921597e-01
-3.681564978071343308e+00
-6.588224268622866475e+00
-5.430563460336131243e+00
-6.427898562671408023e+00
-4.490639413358120891e+00
-2.554624023952278833e+00
-1.798710364783233207e+00
-1.755528913207184516e+00
-4.467737923064671435e+00
-2.681957285292546622e+00
-1.073951635914263125e+00
-1.097875488382122761e-01
1.182597773154815401e+00
2.113596040361510831e+00
4.469714338389895403e+00
5.979675622058226558e+00
3.552342164175509076e+00
3.204422325262043181e+00
7.393198195304156783e+00
6.090152573383937451e+00
6.197566147537788339e+00
1.054800032650878805e+01
1.011978051903461306e+01
6.242512187659905010e+00
2.191301222942434457e+00
3.322309659047329777e+00
3.775843172681756954e+00
3.423537429728113146e+00
1.424218981335601653e+00
3.192571070301163799e-02
5.810395132756704939e-01
1.160154399666032399e+00
5.472457174110459732e+00
9.279998079010825407e+00
1.129319896050594885e+01
9.414720258607601977e+00
7.786312022373341080e+00
9.506705329810165139e+00
8.474992551603472535e+00
5.841071458830694674e+00
5.350766349281456336e+00
7.159588230710614454e+00
7.650166196979486521e+00
7.541058141784502844e+00
5.640605785459102961e+00
2.814412918105150485e+00
-2.553713543854926327e-01
-1.447780123351372072e+00
-7.363925734538020462e-01
1.956722035929050252e+00
1.684715910352077239e+00
2.395889153553516504e-01
-1.201599784036018193e+00
-8.614592749640529457e-01
1.703131749521333393e+00
4.210903351927710148e+00
2.735095377596593380e+00
7.358093103594054440e-01
2.309975816244504099e+00
3.558817907789267321e-01
1.498439567647214421e+00
3.128875099896744505e+00
2.376603389748315198e+00
3.536527626527961043e-01
-3.064631758281506357e+00
-2.633799370887111913e+00
5.076807154815390355e-01
2.844378418747512516e+00
4.428438848012945961e+00
2.314894157654010076e+00
-2.379230534897934568e+00
-3.141396851816074864e+00
-1.725108061610630461e+00
-2.828016310314434456e+00
-4.473847795799342997e+00
-5.272404154985488312e+00
-2.759578909505220334e+00
1.213716926248418870e+00
5.320951124364273532e+00
6.513533500095577189e+00
4.644459953348242465e+00
3.869764502606273915e+00
5.259482389584724693e+00
7.529160264981070938e+00
6.200433702635071320e+00
6.430364124802930625e+00
7.787386107764959320e+00
4.595005536748760555e+00
4.847173171232262767e+00
5.361378795695657118e+00
5.962247636718161381e+00
8.897900505457879916e+00
8.552386608266585810e+00
5.935120913977346646e+00
4.980523696188428495e+00
7.779940767577673277e+00
1.058863734399115231e+01
9.888122134969425048e+00
5.462876524429550962e+00
2.362398606158167880e+00
4.111455402217112365e+00
7.742680754576841018e+00
1.250073279751552846e+01
1.396512167409657224e+01
1.465313947193691924e+01
1.629951042761690516e+01
1.662318702972031659e+01
1.593768312910792417e+01
1.475389043346185147e+01
1.530186970630697907e+01
1.658570400687267465e+01
1.638929362342837592e+01
1.419578854454504935e+01
1.018567601786613430e+01
5.731074510895842522e+00
6.692611097814675780e+00
7.352313452791428006e+00
5.263496223757883286e+00
1.958925526598243927e+00
3.211313378756781578e+00
8.035209680009558042e+00
7.713367112283442850e+00
6.732007564335021677e+00
5.919871971867700644e+00
4.684106242223431416e+00
3.140097646267551390e+00
1.674325564380378495e+00
1.239495414207216539e+00
3.064576718555689805e+00
6.362518233404995449e+00
5.304483985214465847e+00
1.692115514625436967e+00
1.045091569328307379e+00
7.817644429174842591e-01
4.618073172217809219e-01
-3.190531862999666401e+00
-5.918735007222093447e-01
3.199888524790599487e+00
1.335813114092802900e+00
-1.528666672921039416e+00
-8.355249229742743866e-01
4.101819874442014680e+00
5.526858315517103826e+00
8.020662219372230339e+00
1.021438478939322714e+01
1.046260429556927996e+01
7.459077136947059650e+00
7.126228667082703971e+00
9.518149965000805679e+00
1.121279715652245201e+01
1.399307572342283557e+01
1.496817957145783851e+01
1.458211273190705093e+01
1.464521534288932081e+01
1.382518469977887676e+01
1.328833183996451517e+01
1.575405327386032361e+01
1.593113164775888535e+01
1.561857011086662617e+01
1.345740693096091967e+01
1.074571175973184367e+01
9.899594238970713889e+00
1.084344889040038140e+01
1.056748964022728821e+01
7.432834837148021734e+00
9.629082453831921740e+00
1.465889446901620730e+01
1.432511641425040949e+01
1.269729263432256516e+01
1.331066799834534642e+01
1.216423249941927409e+01
1.078399303908128104e+01
1.102077870624551537e+01
9.625806943803647542e+00
7.417723749535490185e+00
1.022762082045226606e+01
1.144195956693257088e+01
7.964661692853012731e+00
4.617086716262210899e+00
1.673817832275054762e+00
1.777624030696013380e+00
2.719158329741957481e+00
4.877357329525229268e+00
7.339987251144020952e+00
7.444463495489513249e+00
5.923079388648139876e+00
5.219100877428060947e+00
7.946931596875303150e+00
1.051040988517927310e+01
1.206306267997324788e+01
1.258709881259864005e+01
1.148019450193329050e+01
1.045313755872762229e+01
1.113351234013332203e+01
1.315232328204007928e+01
1.215082832914645117e+01
8.368619406467535882e+00
8.292131323664779785e+00
8.736084966875459656e+00
9.878611492047250309e+00
1.209811876530969066e+01
1.334143781716403510e+01
1.468748261837122371e+01
1.516229467008234444e+01
1.440476750229195879e+01
1.425804488592751973e+01
1.252582475652475580e+01
9.609505251847492602e+00
1.006886845317912282e+01
1.099412082409216218e+01
9.421104838005332383e+00
9.299573769005240464e+00
9.439215326335984813e+00
9.026108609775016944e+00
9.355585167050278983e+00
6.529707417606241293e+00
4.964476226104234335e+00
8.920244574861856179e+00
1.247918964322396818e+01
1.272800223185761048e+01
1.354508553387336711e+01
1.452624157278896355e+01
1.453157982365759970e+01
1.453408788006732344e+01
1.320354585304100681e+01
1.242123794571126894e+01
1.421598041593899175e+01
1.431575069490396324e+01
1.359375369618170915e+01
1.272066333130918281e+01
1.165103555822761194e+01
1.218340441767364446e+01
1.274214607372953623e+01
1.130715719283745635e+01
1.129246134040738525e+01
1.145941005641628507e+01
1.258540123416285894e+01
1.477444793396034051e+01
1.538057637256629206e+01
1.407421622680893236e+01
1.359979376017318309e+01
1.395648731142741106e+01
1.287693221743338157e+01
1.209764995585788405e+01
1.203076263687264991e+01
1.064373684331298442e+01
9.328575085078652407e+00
8.405842778664194270e+00
1.066508808377664863e+01
1.158231385531228064e+01
1.171106873331164344e+01
1.455096758529855983e+01
1.471962600327775128e+01
1.495064468651195355e+01
1.451122528379161558e+01
1.360595269344817027e+01
1.546929512457942657e+01
1.523307233664633387e+01
1.226634086263661949e+01
1.056898350254183150e+01
1.174779671296598238e+01
1.508099858701326923e+01
1.770442728003676436e+01
1.787217729166312097e+01
1.778832887679100239e+01
1.716967989745352341e+01
1.678472310812972879e+01
1.721010534168965123e+01
1.697308608496884119e+01
1.618807610222829396e+01
1.689465857191152409e+01
1.757274142320606458e+01
1.759138930270700740e+01
1.674261258926059170e+01
1.680937866773080813e+01
1.732884084405161573e+01
1.747598147655688550e+01
1.653728873341790262e+01
1.516010086856268124e+01
1.580143957206264815e+01
1.582969339201474313e+01
1.542648554792757132e+01
1.586652707874450385e+01
1.665595428380824217e+01
1.630059224088815739e+01
1.482553865873897969e+01
1.434646597677491009e+01
1.419142343504237225e+01
1.609321979133169833e+01
1.680700117369232061e+01
1.669450955741857001e+01
1.703725295066574930e+01
1.734171949923208800e+01
1.725107329010902646e+01
1.651526255108467112e+01
1.624577970862154785e+01
1.715839974170668469e+01
1.736138540194604829e+01
1.607356668454933768e+01
1.412182607501158138e+01
1.579345425486425469e+01
1.601647213349647458e+01
1.303410075393406586e+01
1.132507677548789893e+01
1.196832960245482269e+01
9.886806675235060737e+00
7.898309984320623478e+00
9.038923955299861035e+00
1.111166231394055970e+01
1.293686486039553252e+01
1.269639773424675511e+01
1.421161306110752953e+01
1.669356391065251444e+01
1.728401409754694029e+01
1.698633279049898803e+01
1.693187663079816829e+01
1.688922270237437573e+01
1.650445840478360537e+01
1.748197414437225561e+01
1.782171055461479625e+01
1.707922501781053271e+01
1.633403759658686027e+01
1.552700324500010254e+01
1.626043526261236849e+01
1.738948362824156391e+01
1.742710448793114608e+01
1.724481569166659511e+01
1.762161467806920712e+01
1.673252728287812729e+01
1.694924465617119580e+01
1.763792272999399557e+01
1.688132695930233851e+01
1.668112045112983921e+01
1.704255907397187997e+01
1.726378377935086306e+01
1.654748833610983283e+01
1.520558912852747824e+01
1.363713119679146857e+01
1.272490012977172569e+01
1.556092356548294475e+01
1.652127580358829562e+01
1.537471506498247464e+01
1.546216621520620826e+01
1.676733369246859695e+01
1.723233765674239848e+01
1.726562539572602972e+01
1.756800420109679806e+01
1.704541501717073970e+01
1.605301087577363006e+01
1.573522031714039038e+01
1.711864904735968551e+01
1.766134899293408367e+01
1.749291873764745731e+01
1.687874250829741740e+01
1.637831143865929562e+01
1.587264023909479960e+01
1.630566964795562512e+01
1.746892958733531742e+01
1.749564207696349882e+01
1.675138718348132727e+01
1.753034471669865013e+01
1.713197351803241375e+01
1.785169118507479169e+01
1.756186844358949983e+01
1.699585527810444319e+01
1.735278993000302350e+01
1.679616517165703016e+01
1.649307860849294372e+01
1.597503349294190933e+01
1.583380759327884668e+01
1.502861941684647462e+01
1.468722057959879912e+01
1.632574102105853697e+01
1.674164461457973729e+01
1.590821729768694226e+01
1.481100889787783714e+01
1.580993574112478406e+01
1.762462306607105944e+01
1.751554438334160579e+01
1.729758721352693129e+01
1.669546727259341168e+01
1.586523800872412870e+01
1.525432763159638050e+01
1.367019532272883175e+01
1.343697172364658243e+01
1.369506268158205309e+01
1.490063345402115580e+01
1.631776392579581625e+01
1.621955448388338539e+01
1.407126639158622261e+01
1.066677074875356013e+01
7.056169026941030431e+00
5.771783821177425722e+00
6.341396974738876757e+00
8.339230270445874282e+00
1.049899039452304450e+01
1.069003079132638057e+01
7.469044538255592336e+00
8.278328720814755570e+00
1.045989623233791299e+01
9.335530899093116730e+00
6.896284348225884209e+00
6.727855910084600488e+00
8.790287672147204745e+00
5.808358795325119672e+00
1.572138096709053467e+00
2.612419201679338610e+00
2.963726009612901002e+00
2.978242850068192560e+00
5.879115308519828886e+00
8.873523611265930811e+00
8.458929848263695206e+00
8.270945044976075522e+00
9.176139797729968350e+00
1.109418886548295546e+01
1.174127448963036890e+01
1.013510063277996487e+01
7.779669955321015351e+00
1.011890098317962838e+01
9.094677354849059370e+00
7.576068346274435150e+00
1.030461864939119820e+01
1.230666117981206398e+01
1.393430868867693739e+01
1.327133935685816546e+01
1.187103379877577503e+01
1.196415970115848992e+01
1.218069214920185317e+01
1.399988062787419096e+01
1.583359777830801463e+01
1.476149927187587352e+01
1.285488896738056930e+01
1.198484832589893223e+01
1.180106825149957928e+01
1.223878787360715670e+01
1.354996718394439270e+01
1.430496169741366508e+01
1.314425107159261685e+01
1.087242288298088511e+01
8.864153479425127102e+00
7.990453191131772215e+00
7.894625887163789102e+00
9.207859076863575964e+00
9.452354606835115192e+00
9.174180554304248503e+00
8.210788898266381253e+00
8.735120817916454783e+00
1.187606491879439652e+01
1.353141224095792516e+01
1.290800994197284979e+01
1.103782749435826815e+01
9.260413857503342783e+00
1.021268244279666071e+01
1.222484484580038533e+01
1.094551141036168218e+01
8.559790342526312656e+00
8.755319877360408398e+00
1.028007356012450835e+01
1.001365848271097825e+01
1.034593901772779567e+01
1.156762471300605810e+01
1.294673141124254023e+01
1.357974496759839766e+01
1.185298676370331705e+01
1.320336816241576017e+01
1.408883281591470293e+01
1.244618670289467843e+01
1.424037121591709898e+01
1.537887406432125026e+01
1.449094330673632314e+01
1.330659129831014020e+01
1.077430115117243581e+01
9.750625837983765365e+00
1.174025303579556301e+01
1.419593683811631557e+01
1.494335683833040029e+01
1.457759826944575288e+01
1.336630201898541692e+01
1.252094093690110199e+01
1.246268324390877602e+01
1.204722605109767031e+01
1.192557774942885374e+01
1.047155382557790482e+01
8.817191180139458240e+00
8.224241989595350688e+00
6.750776060542428958e+00
6.342541658557006912e+00
5.037969308540501956e+00
3.269656253687513559e+00
4.449651007174018957e+00
7.233778814060848994e+00
9.845089892659480313e+00
1.071387948422707481e+01
1.167662517354150786e+01
1.130303310497665059e+01
1.208040598160853563e+01
1.294272819278518760e+01
1.077149678547363365e+01
8.851865793635747437e+00
1.256148914693791951e+01
1.532661759099624632e+01
1.392857499010061240e+01
1.078041468977490602e+01
8.390226465802207656e+00
8.410077994187485473e+00
9.414793778467554830e+00
9.816405438991276711e+00
1.107555115918801825e+01
1.116797009099838078e+01
1.058755082553672011e+01
8.621053388072963841e+00
6.760974603624555712e+00
7.225648130707413408e+00
6.513924493716021225e+00
8.582500286640630804e+00
1.200127214097833850e+01
1.146995199353730399e+01
9.850032687490763550e+00
9.643398332171123855e+00
1.050981698520288710e+01
1.036660981899337663e+01
8.920606100773214919e+00
1.152510910086982499e+01
1.237595362116636366e+01
1.152213255982811901e+01
1.259751968994302729e+01
1.297943937075326026e+01
1.217648827265728428e+01
1.190340357097017865e+01
1.153245033213983461e+01
1.178673528329733777e+01
1.312680880330383992e+01
1.439719043330955550e+01
1.411136294598563445e+01
1.202326046307300267e+01
1.043593571998407299e+01
9.890678414493541126e+00
8.835529595290994465e+00
9.955075665388161354e+00
1.342489196284158837e+01
1.451427271926089091e+01
1.421040564849669430e+01
1.087312188006293745e+01
7.027390470743279494e+00
8.727773119659172352e+00
8.664678184296265684e+00
9.828815994804072531e+00
1.287792236033514115e+01
1.135904350568325860e+01
8.378937174808191557e+00
6.539575897953874062e+00
7.711982295117795871e+00
1.489834448972792913e+01
1.685310348737409925e+01
1.633489429868107834e+01
1.665122334498074252e+01
1.719845115283529324e+01
1.674282370555827626e+01
1.608377331206089167e+01
1.684514112757750937e+01
1.725568639376098901e+01
1.699339923126138530e+01
1.693048300362939784e+01
1.637904656041985518e+01
1.626937059641433336e+01
1.662452445654035671e+01
1.727077665843481924e+01
1.798307866125191623e+01
1.777399895426685461e+01
1.637990497606893214e+01
1.747343544234172796e+01
1.704883194318077955e+01
1.425109918963974742e+01
1.054308765877780552e+01
9.847268190409637967e+00
1.231631813630680483e+01
1.204407882022351295e+01
8.406545563963325307e+00
1.021603195582967416e+01
1.041767768754177403e+01
9.918836515349246596e+00
1.352326786548898419e+01
1.594216549016352680e+01
1.672777669103594889e+01
1.710482408354020478e+01
1.776166122536228897e+01
1.832426239041955895e+01
1.820775835958271571e+01
1.765414375926313895e+01
1.787584445886733420e+01
1.754662545845853927e+01
1.743672935241074029e+01
1.472886205851672337e+01
1.004809545177954710e+01
6.705757616499737672e+00
6.587889350993747506e+00
7.411115774957555580e+00
8.108189486476177876e+00
1.047804584706717712e+01
1.212620478481836273e+01
1.366969484509392885e+01
1.386629862201980323e+01
1.432757087999017820e+01
1.451018505413885151e+01
1.617822559623170164e+01
1.739624384184211792e+01
1.729423458938276426e+01
1.705450127770552626e+01
1.724304181164644589e+01
1.679575310625141071e+01
1.707338079965629518e+01
1.807541692128643263e+01
1.782874669414741220e+01
1.735309891519709424e+01
1.637729289501905683e+01
1.516197132625429589e+01
1.548383064109776619e+01
1.502958353431760408e+01
1.465834661750146140e+01
1.265641212852379915e+01
1.255331443781203404e+01
1.274734814118580317e+01
1.304423970071789896e+01
1.137333935125922046e+01
7.442619649800229276e+00
8.698476091210650907e+00
1.038354698415520438e+01
7.958736921227559158e+00
8.113586642517500280e+00
1.005215872761402807e+01
9.539672025035963898e+00
1.084472985115395005e+01
1.605942005238559389e+01
1.626252749538023679e+01
1.432113421749708593e+01
1.498390757807591278e+01
1.666259003975322273e+01
1.771914511865855602e+01
1.728550324204002919e+01
1.553699379128749847e+01
1.333490095617780291e+01
1.128862744362718296e+01
1.141520832366234295e+01
1.049654190104213392e+01
6.776052461003762239e+00
5.453510962281659324e+00
5.470479563996837769e+00
4.755795465603672945e+00
5.974075330420517638e+00
5.354970124970914291e+00
4.888231897306406282e+00
6.865870037599029807e+00
1.065491844604814808e+01
1.530844199831883579e+01
1.613581350864639674e+01
1.440222722949398637e+01
1.487232017046313004e+01
1.594589892740352077e+01
1.623386361421641055e+01
1.416222207471303030e+01
1.485174248052888402e+01
1.612815525665536853e+01
1.122504402346860175e+01
4.654317904770005399e+00
1.207269928961194116e+00
2.787845510878303568e+00
6.579007572225284761e+00
5.200871324074265445e+00
-1.108125953043218176e-01
9.944536341994111295e-01
2.234295176556939655e+00
4.328401673454735921e+00
1.073110214308982790e+01
1.242323973396591796e+01
1.217562986498510469e+01
1.263305755724893764e+01
1.370146391575732991e+01
1.432829572774187277e+01
1.304387093879367043e+01
1.288958725015972817e+01
1.483426610963399561e+01
1.544919371542759556e+01
1.548392861796524933e+01
1.493423171512355907e+01
1.532389686524893513e+01
1.613433488649977221e+01
1.603651806525528656e+01
1.497615514782494017e+01
1.408560635549320317e+01
1.399977508713076446e+01
1.237870274579704422e+01
1.051130728008758553e+01
9.282430357860803838e+00
9.443638741100414791e+00
9.070865981683287060e+00
9.712624011205248209e+00
1.076551054945408659e+01
8.583079110267833656e+00
8.338916502732994118e+00
1.219014082534990351e+01
1.099957769565035193e+01
8.395293082406652729e+00
9.283820508936216243e+00
9.812367232078672785e+00
1.145129737871830500e+01
1.018470732311550009e+01
9.783372389398369506e+00
1.032529259026924962e+01
9.871242515915893634e+00
9.508085803627333021e+00
6.688056400519173827e+00
5.708743344973425060e+00
8.009842923253700064e+00
7.515592709512426417e+00
2.964216227723518671e+00
-5.731473549718745231e-01
3.307609122532761514e+00
8.236254585071574041e+00
7.945105758038906174e+00
5.438652958174326812e+00
5.416129072903028252e+00
6.868066686869349624e+00
1.010017738217289462e+01
1.234933370915100603e+01
1.251062925355161504e+01
1.272104174707701141e+01
1.248926777649328379e+01
1.176479736577632984e+01
1.234925692364732797e+01
1.395028560414450070e+01
1.483386455827903028e+01
1.460670410952342735e+01
1.295196312641592051e+01
1.023833017230028375e+01
8.296965310916446512e+00
7.673016999502552338e+00
8.307722547218098441e+00
9.222182302433425960e+00
7.721796216242025501e+00
5.558923244126834362e+00
9.225867119800632565e+00
1.182421638534790809e+01
1.116305997501187619e+01
8.392120476442640253e+00
6.710144523075562084e+00
7.520523755224624018e+00
8.047151970254244446e+00
7.201086318482603055e+00
8.846090539119515483e+00
1.113398438330705709e+01
1.172274717020563450e+01
1.266519575414868548e+01
1.392232071879607780e+01
1.389269939447304125e+01
1.293867867103804414e+01
1.283660353117056196e+01
1.321381617429793565e+01
1.551277266863175619e+01
1.594719111206201312e+01
1.562395018288174242e+01
1.477712686638428252e+01
1.254536795853011277e+01
1.158341361265516056e+01
1.137712006507628715e+01
1.316652326479430535e+01
1.393497951605226781e+01
1.197765868466251149e+01
1.012451637120651249e+01
9.981435462212040477e+00
1.076803086727176506e+01
9.980866362711591222e+00
6.463052489166764225e+00
5.590719792005476307e+00
5.571322346588167385e+00
4.362544192982105606e+00
2.900708656859312562e+00
8.940008263124465948e-01
3.078291139105135521e+00
2.534380115708342096e+00
3.232878007720556557e+00
8.229311707596357550e+00
1.068682333638823501e+01
1.239262136586650875e+01
1.352211807019128997e+01
1.476633472293087479e+01
1.530485480989209890e+01
1.425549625790144326e+01
1.340987586775705864e+01
1.512122062415439672e+01
1.413184445207135909e+01
1.314115665079351736e+01
1.318683584124547359e+01
8.794447133181337861e+00
8.130586703077954169e+00
9.926777747611414071e+00
1.046406791519035018e+01
9.299618140106108655e+00
9.498475937858749774e+00
8.898822074104222324e+00
6.316390610838951147e+00
5.321652340004618509e+00
5.530322138925876096e+00
7.990440085866444164e+00
8.672139126504630369e+00
1.057919166189181226e+01
1.179738041730408149e+01
1.198559741284579871e+01
1.279877084821473154e+01
1.245364331534195834e+01
1.143214133291017731e+01
9.761041515442160588e+00
9.016843385770915376e+00
1.095587480666429236e+01
9.432392134737986211e+00
1.033898512892703359e+01
1.035371879837642695e+01
1.097406882322134614e+01
1.222288082524540975e+01
1.184144081344662069e+01
1.211486958194889674e+01
1.158540046231771825e+01
8.857644809613159254e+00
3.027435781625262390e+00
2.702558196215361086e-01
1.988979841900631929e+00
2.676825130163963173e+00
2.035888055801283514e+00
2.604243288334230133e+00
4.007484869143836725e+00
2.262442392409891756e+00
-1.353234949608589588e+00
-2.399577161287383298e+00
1.397691812809857215e+00
5.388426829523807804e+00
7.181376547600479832e+00
1.092719662428876326e+01
8.991416881926960869e+00
