-1.264617366684564104e+01
-1.077670299319272651e+01
-9.217624711919283342e+00
-6.323857282181197803e+00
-3.732414664585103292e+00
-3.271936893164428817e+00
-4.345611436194071864e+00
-5.660254176584234465e+00
-7.738185053747814734e+00
-8.293591703651589597e+00
-9.511055029460097288e+00
-1.088657900241090282e+01
-1.190484120234435572e+01
-1.239627060110230872e+01
-1.274303203730869427e+01
-1.332959302855204164e+01
-1.310940567079456365e+01
-1.303449360398110635e+01
-1.256448105805600512e+01
-1.181748140692831939e+01
-1.075446545600426518e+01
-9.476146363507476522e+00
-9.818394827919773249e+00
-1.078692416075703697e+01
-1.215185108634083733e+01
-1.287436314120538228e+01
-1.278731483250634504e+01
-1.269546959532140740e+01
-1.277546624073942638e+01
-1.256290605027469454e+01
-1.198440500200038095e+01
-1.133906580618804227e+01
-1.061872651073284679e+01
-1.059329056680108572e+01
-1.207934218600093956e+01
-1.385289273536755772e+01
-1.387835477481132607e+01
-1.311205782712094248e+01
-1.320681679688932775e+01
-1.308151223182417233e+01
-1.196450325494763334e+01
-1.000153123700365931e+01
-8.170170802610346783e+00
-6.571956072369999013e+00
-7.156311604478272415e+00
-8.551653512720500672e+00
-8.206882471907327670e+00
-9.564249644606505285e+00
-1.019127437514378620e+01
-1.055515225921974753e+01
-1.142100017235346954e+01
-1.183231190591575555e+01
-1.246999409866818986e+01
-1.266423057791385176e+01
-1.180271575662762018e+01
-1.202681170696656743e+01
-1.218235858319832232e+01
-1.160595762075305615e+01
-1.063858038524061556e+01
-8.989866028033961953e+00
-7.932675540175939233e+00
-8.531670795677868568e+00
-9.737718130134314976e+00
-1.048929226221771316e+01
-1.032566335200443497e+01
-9.928855814142776737e+00
-1.041611347082110761e+01
-1.039430993203629150e+01
-9.699235264284522984e+00
-9.046338674238166178e+00
-1.101382957916172423e+01
-1.257208469288909392e+01
-1.244798691172308125e+01
-1.070582578796104656e+01
-9.836194200205582661e+00
-9.638832598721972289e+00
-8.541516407798818378e+00
-7.682574433882371601e+00
-8.448258066126637544e+00
-9.918880487165399273e+00
-1.056207613228023590e+01
-9.707057552451034965e+00
-8.683745110850729532e+00
-7.271173975315853966e+00
-5.915748411142458529e+00
-5.630987906836222301e+00
-6.267351599044690857e+00
-7.957313119932494239e+00
-7.653141386377779298e+00
-6.778714539765572589e+00
-8.671358136549972784e+00
-1.032400812488306663e+01
-9.095407615392261391e+00
-7.404824341542732391e+00
-7.522038541952135837e+00
-7.429498558340376313e+00
-5.707094699388743919e+00
-5.240895282312466819e+00
-7.180231322668042537e+00
-8.761923994685339778e+00
-9.974255412775200114e+00
-1.162213029052344382e+01
-1.252725247902641748e+01
-1.225090201013738955e+01
-1.130923804295747104e+01
-1.135067974779813227e+01
-1.152647270488718334e+01
-1.094914234663249353e+01
-1.035405944885209806e+01
-9.402574461207347412e+00
-8.661663209599266722e+00
-8.697541479107528062e+00
-9.855758493551219246e+00
-9.639572704428312377e+00
-8.684457087638941530e+00
-9.106777427968559380e+00
-1.038661602101009329e+01
-1.138850622598312512e+01
-1.059550997176646270e+01
-8.890688905344200421e+00
-8.442094474679699090e+00
-9.103319478990911762e+00
-7.645796779273222654e+00
-5.529808566406004822e+00
-6.548733570205699017e+00
-7.409489126873886278e+00
-9.156838543243265960e+00
-1.113475906096510215e+01
-1.181164146985512708e+01
-1.288885714446514363e+01
-1.434313755346451558e+01
-1.509739526887653760e+01
-1.506574475906858446e+01
-1.418483735139883528e+01
-1.123775658807750766e+01
-9.157664756621974433e+00
-7.880679918824683661e+00
-5.865250097649622241e+00
-3.991824846382543868e+00
-3.381595606710139368e+00
-5.857363957370565366e+00
-9.420765356601528140e+00
-9.605820932350823682e+00
-8.068742430649212594e+00
-7.486780221676869296e+00
-8.308638337118123829e+00
-6.919407195357450746e+00
-5.966706954092795279e+00
-4.867317269647317701e+00
-2.609215081693240457e+00
-4.229857735258122808e+00
-7.475288919270939303e+00
-8.516757269173366396e+00
-6.954034175036674092e+00
-5.160711063589541681e+00
-4.556753638524202010e+00
-3.034219075329886550e+00
-5.487624474651601192e-01
1.012714513150553719e+00
3.423761071567089864e+00
1.568496215368356150e+00
-1.482128579104346144e+00
8.969813051786000579e-02
5.689741215807432306e-01
-2.222288166395518072e+00
-5.418561620694666736e+00
-4.789544911342002997e+00
-3.556695228824357624e+00
-8.957943546044555561e+00
-1.098780099637642493e+01
-9.307879674949198545e+00
-8.967586957375901946e+00
-9.204337761454596034e+00
-9.137226851309330655e+00
-9.582758513693535818e+00
-9.926396108114587946e+00
-8.717390943901486722e+00
-4.882482154464272028e+00
-3.871011556786223551e+00
-3.696624782065970560e+00
-1.153417479577830251e+00
9.751415649381546258e-01
1.557790572546904340e+00
-1.149910319721426877e+00
-6.198930615908868624e+00
-8.508934733719042853e+00
-7.513617000887442110e+00
-6.731734236935170479e+00
-8.650194725614827718e+00
-1.053290126438498575e+01
-1.223940954935370229e+01
-1.353411055759342396e+01
-1.274920192373163808e+01
-1.040852913026079918e+01
-7.842330360266209333e+00
-4.861111908458012998e+00
-2.105460458079245978e+00
-1.997526936799306263e+00
-3.673318014792612107e+00
-6.663077267292593753e+00
-8.658283584155196166e+00
-8.226325798453268945e+00
-7.312457664814101754e+00
-6.675303023058339669e+00
-6.387747274409670162e+00
-5.520171998161237603e+00
-6.936149047208722607e+00
-8.843917141696927331e+00
-9.227109824797317117e+00
-1.034149125802824720e+01
-1.095334209726817676e+01
-8.454080429269891894e+00
-5.407296071714912777e+00
-5.885186598623738163e+00
-8.407554680378508394e+00
-1.038825831449028136e+01
-9.393212785149799515e+00
-9.376087164083838132e+00
-9.117469724750026927e+00
-7.255804326110289360e+00
-5.947350919392853541e+00
-3.983381756055211831e+00
-4.134303702790642632e+00
-4.906671416592877755e+00
-3.741783249515236331e+00
-2.517328728543265726e+00
-1.012626154336129902e+00
-1.649825880076356832e-01
-1.042812411850290166e+00
-1.155973919105952374e+00
-3.531746890665436123e+00
-5.269374448402555977e+00
-5.244934240588516872e+00
-6.132117348538881352e+00
-5.940806270028241798e+00
-4.744900214110788106e+00
-6.230143711761450653e+00
-8.380499922986230033e+00
-9.361139460628715270e+00
-1.012818714169591061e+01
-1.145221086268828969e+01
-1.265610225529112220e+01
-1.014798822422458535e+01
-6.526341748573861956e+00
-7.198331203552299051e+00
-9.634889713188895755e+00
-9.701841137041760987e+00
-7.584131166900081489e+00
-6.002566103889176219e+00
-6.436749890218722570e+00
-9.319032719241709728e+00
-1.035405295866760333e+01
-1.007519050631372792e+01
-1.122003963188500997e+01
-1.058635590295800810e+01
-9.312374134552017679e+00
-1.004452936670155339e+01
-1.188202140595179834e+01
-1.322344988544099031e+01
-1.281435545865415726e+01
-1.093467180348498680e+01
-9.494727627925520608e+00
-8.598936978695867595e+00
-9.169961401682956037e+00
-1.173409763578171550e+01
-1.132237350664876097e+01
-8.295763612630842943e+00
-5.873955615802565866e+00
-4.851807555800984773e+00
-3.651507407857811138e+00
-3.576889317673254798e+00
-7.011939894707567511e+00
-7.650704745613764679e+00
-5.282242946318462806e+00
-6.457319463694262573e+00
-8.077915517822297886e+00
-6.391928082948778567e+00
-7.221745691210532669e+00
-9.518865856005046311e+00
-8.922462053287814499e+00
-8.330188681934998840e+00
-9.703986776669893288e+00
-9.396426036136597659e+00
-8.260941479228398165e+00
-8.930923696391131372e+00
-9.118812120331421411e+00
-9.518047537040528638e+00
-1.080517654865968247e+01
-1.316397891197246750e+01
-1.495357062595751430e+01
-1.557698387503128146e+01
-1.480615161641127919e+01
-1.219872728699936459e+01
-1.246300002107157034e+01
-1.237916727776349290e+01
-1.046552859909597011e+01
-7.746039916032568584e+00
-9.221491975156638432e+00
-1.024012163533645570e+01
-1.096010428516852109e+01
-1.192551831611330826e+01
-1.120701474199212022e+01
-1.032638771075368567e+01
-9.852545245501573845e+00
-8.913072056101688290e+00
-9.498061867960622351e+00
-1.096174378995817378e+01
-9.672750196436602721e+00
-7.325581858460049389e+00
-4.817714487395424072e+00
-2.637723861281362048e+00
-2.811807539894747521e+00
-6.169074297415006569e+00
-8.172066085188630424e+00
-7.187751671900873163e+00
-7.419218213753774549e+00
-7.847947716771266791e+00
-8.364535289986005040e+00
-8.666757236571930534e+00
-5.273006918222062467e+00
-2.918756787328372404e+00
-5.683289269537187494e+00
-8.037998958630771185e+00
-7.898416347068688559e+00
-5.408566068329458076e+00
-9.342450841931299044e-01
2.996711764044277526e-01
-1.066363850832428573e-01
-2.365404643357232661e+00
-5.432866647883941802e+00
-6.104762881595143575e+00
-7.568916995008398096e+00
-8.532806547333846581e+00
-7.707776501490927856e+00
-8.481451148980506005e+00
-1.052834291655104870e+01
-1.244259027559761677e+01
-1.235247286723584637e+01
-1.038611428553091542e+01
-8.506444879821799532e+00
-5.480124750055962224e+00
-2.908446330847255457e+00
-4.679141525611595576e+00
-6.846583696304250566e+00
-8.292074210493749931e+00
-1.165356424834426008e+01
-1.380463283699453569e+01
-1.406306276177679848e+01
-1.380384215079631360e+01
-1.166728547085651968e+01
-1.050199302147264291e+01
-1.200895812402010776e+01
-1.189420496657672643e+01
-1.137312906626501174e+01
-1.141663616827687378e+01
-1.025532796704874627e+01
-9.970965849834490413e+00
-9.328583595466820810e+00
-9.661965021290827238e+00
-1.221071335574155192e+01
-1.407577848019925071e+01
-1.405995690011950572e+01
-1.212211217743179859e+01
-1.003454727406414726e+01
-9.114729232072310339e+00
-8.884706824251400903e+00
-9.457168642783837953e+00
-1.015678904055461906e+01
-1.003622410297297840e+01
-8.039306328714273420e+00
-4.426329932380111742e+00
-3.665997897276723094e+00
-4.379356513611016410e+00
-3.923420531740324346e+00
-2.370482385627581845e+00
-1.741547100612522936e+00
-1.167832744364698083e+00
-6.132344551494487567e-02
-3.414079535360319273e-01
-6.020055639983833834e-02
-3.433064572010735560e+00
-6.503407673391838451e+00
-7.145179244159650445e+00
-7.713803917197376236e+00
-6.431887200758570344e+00
-5.921574348689834899e+00
-5.240587567036626204e+00
-2.094962677863210665e+00
1.287544353340251968e+00
1.855776524542075645e+00
2.533193210054273337e+00
6.220176032456150139e+00
7.832052297282698028e+00
3.982774559410870996e+00
-2.706263577611046411e+00
-7.354297077510267400e+00
-6.688034007491546973e+00
-5.437580165771137786e+00
-5.912831604165595500e+00
-5.239862448240424797e+00
-6.305283260646054266e+00
-9.016839966231469106e+00
-1.063125798805799604e+01
-1.111448621515001633e+01
-9.550458457219122010e+00
-8.312914901684699487e+00
-7.767866137114356917e+00
-4.965931295204575768e+00
-2.806918787654753444e+00
-1.967758189310819583e+00
-1.669795667449896381e+00
-3.233048720055990977e+00
-5.801844905463803492e+00
-7.804731661107448204e+00
-9.258554916533537238e+00
-1.090267884616316785e+01
-1.124928687738535515e+01
-1.132943069288186422e+01
-1.055896335873762837e+01
-8.551927848094054596e+00
-7.455234582601543813e+00
-6.308664845152569534e+00
-3.905148386872078436e+00
-3.521975747083760044e+00
-6.660071216305591513e+00
-8.887089609493408204e+00
-7.651848918537032418e+00
-9.742423948699389769e+00
-1.252611109117452948e+01
-1.289541527082652017e+01
-1.358191686387236885e+01
-1.470420284860746563e+01
-1.359226003208475575e+01
-1.230578477162078599e+01
-1.142074455881341066e+01
-1.239393602958510421e+01
-1.310535201089292556e+01
-1.233374085233507067e+01
-1.246615957307012046e+01
-1.140725777739432090e+01
-1.086050463911883845e+01
-9.115288477037342574e+00
-7.081076713916416132e+00
-8.311547834414479752e+00
-1.045494649964318867e+01
-1.215307458380836536e+01
-1.382932734323535229e+01
-1.460937239976493629e+01
-1.453307237977467459e+01
-1.449215349787058749e+01
-1.481778094482641173e+01
-1.493272049981309024e+01
-1.510017064976115009e+01
-1.418359099283902047e+01
-1.369021727702337898e+01
-1.364626106951070739e+01
-1.260652569488469510e+01
-1.094192556503482194e+01
-1.141715329742161700e+01
-1.177998691587144187e+01
-9.323853856661562745e+00
-6.381339953420755329e+00
-5.594466399576021765e+00
-6.129151465362105533e+00
-8.259748454978995014e+00
-1.102266088285801970e+01
-1.276360359806070122e+01
-1.366019203353441647e+01
-1.354071058500862179e+01
-1.371735506113539849e+01
-1.356870925485806723e+01
-1.194544088111221924e+01
-1.159131462023315606e+01
-1.163399673912934418e+01
-1.092663816509528907e+01
-9.935976179749761883e+00
-9.042060013718286271e+00
-7.245161036349487382e+00
-4.577427885075292302e+00
-3.258163195749935070e+00
-2.353739469702990750e+00
-1.907992376722537520e+00
-3.149097298461629446e+00
-5.781507865472801377e+00
-7.862015439961398400e+00
-7.710086989917581235e+00
-9.369955391021454361e+00
-1.157528668141450900e+01
-1.266147731062783066e+01
-1.320003014219497395e+01
-1.264717142024436036e+01
-1.170701674417960980e+01
-1.099809999657557746e+01
-9.441073825408833997e+00
-7.694313520949635610e+00
-5.298171002609310953e+00
-4.154221692591126391e+00
-4.209148498951590156e+00
-5.170985978544196726e+00
-4.525784516910549726e+00
-2.846390450953126372e+00
-5.065361775688538515e+00
-8.844705769238386139e+00
-1.032015538433103430e+01
-1.004781351906405718e+01
-9.206905552229404321e+00
-8.636342534550569994e+00
-1.025468291280339983e+01
-1.178535268084828225e+01
-9.783214581254178199e+00
-6.010011877344671127e+00
-5.694465757172475051e+00
-5.424284218347406039e+00
-3.602794490580465858e+00
-3.023579817986381979e+00
-3.052205170118121647e+00
-5.263953734356685565e+00
-7.340716128675032870e+00
-9.075334245397275623e+00
-9.623272355368328590e+00
-9.241541433442932885e+00
-8.086607203134748900e+00
-6.823680389176354666e+00
-7.349359356023099643e+00
-7.367498870198381233e+00
-8.957078159506156823e+00
-1.084092949763081215e+01
-9.580976586694335495e+00
-5.387222375230742877e+00
-3.671807707952281952e+00
-5.595528339514993732e+00
-5.286280593919529203e+00
-3.628483541501970500e+00
-3.173832684408593341e+00
6.470665775920301233e-01
6.470665775920301233e-01
6.470665775920301233e-01
6.470665775920301233e-01
6.470665775920301233e-01
6.470665775920301233e-01
6.470665775920301233e-01
6.470665775920301233e-01
6.470665775920301233e-01
6.470665775920301233e-01
-3.240394143703972496e+00
-4.799398628348684248e+00
-5.286168429157834581e+00
-5.717028685626643458e+00
-8.505933505225785396e+00
-8.951547104977711555e+00
-7.249898014196042517e+00
-8.040691517541482369e+00
-8.580431933670199740e+00
-8.066545239557282088e+00
-8.903184416894328379e+00
-1.064601550294731602e+01
-1.205338670695283909e+01
-1.243953269242073034e+01
-1.307723930330206841e+01
-1.320565102251305767e+01
-1.280938478071564113e+01
-1.189763063346373961e+01
-1.266447080048346230e+01
-1.357694244474448908e+01
6.470665775920301233e-01
6.470665775920301233e-01
6.470665775920301233e-01
6.470665775920301233e-01
6.470665775920301233e-01
6.470665775920301233e-01
6.470665775920301233e-01
6.470665775920301233e-01
6.470665775920301233e-01
6.470665775920301233e-01
-1.216602669800835557e+01
-1.213421337006605150e+01
-1.294139850930936220e+01
-1.195375935045938576e+01
-9.412289603106497538e+00
-7.221401368734110093e+00
-6.653344392727921885e+00
-8.277941255691427358e+00
-9.619708380004910353e+00
-1.068459757596450999e+01
-1.068684494700315391e+01
-1.076753468821513060e+01
-8.802677033024089326e+00
-6.007022674479335578e+00
-5.244604468400669184e+00
-3.463907658573686987e+00
-1.145489186631873268e+00
-2.793262197005613068e+00
-3.997740097223589029e+00
-5.443226113150633871e+00
-8.279194199831362511e+00
-8.572806251127284227e+00
-8.698661817029940124e+00
-9.982392413374229889e+00
-1.213475467560312104e+01
-1.298102237394219927e+01
-1.231754007640482840e+01
-1.086396008169475458e+01
-1.012397738328099628e+01
-1.065915923629720830e+01
-1.103572611451495256e+01
-1.171987616745092531e+01
-1.228133065132555934e+01
-1.201022546459134688e+01
-1.231453467857500783e+01
-1.156467562769817903e+01
-1.133165375753644888e+01
-1.231314634397845964e+01
-1.354052056260652392e+01
-1.328090036437368049e+01
6.470665775920301233e-01
6.470665775920301233e-01
6.470665775920301233e-01
6.470665775920292351e-01
6.470665775920292351e-01
6.470665775920301233e-01
6.470665775920301233e-01
6.470665775920301233e-01
6.470665775920301233e-01
6.470665775920301233e-01
-1.226395660105190721e+01
-1.250115830603500022e+01
-1.294527239152663078e+01
-1.356388266304316659e+01
-1.334392089885524513e+01
-1.263583874784926664e+01
-1.094491651948425748e+01
-9.698508519105134340e+00
-9.166176969841549393e+00
-1.001344660438279988e+01
-1.292046885892876773e+01
-1.422146262117432691e+01
-1.491940671587231115e+01
-1.531315209704234626e+01
-1.531777123123379880e+01
-1.516377231142741167e+01
-1.472886028301021710e+01
-1.449536310694486474e+01
-1.396388574404009475e+01
-1.384567254084399046e+01
-1.375490764250952225e+01
-1.389208450884421531e+01
-1.451792794673933429e+01
-1.461482672650808468e+01
-1.433970127321932608e+01
-1.401884628311509751e+01
-1.340254386703571576e+01
-1.291511717061373510e+01
-1.194490505878205511e+01
-1.224836603588972928e+01
-1.373941059735819081e+01
-1.451716799433172689e+01
-1.495830584507545602e+01
-1.526872027178256985e+01
-1.555476702922253729e+01
-1.532815082393501527e+01
-1.511861036641568568e+01
-1.452524124333521449e+01
-1.405638898193349462e+01
-1.365288680527702603e+01
-1.368017241352403879e+01
-1.415324255965034084e+01
-1.387050205814537485e+01
-1.334553858723643494e+01
-1.246212560701624561e+01
-1.263649491328771646e+01
-1.406779279551481210e+01
-1.454677108509279115e+01
-1.454109913495264905e+01
-1.428361971045359269e+01
-1.395482829680189063e+01
-1.256442942139473473e+01
-1.162094224085100258e+01
-1.032439180898590259e+01
-8.854298976375154950e+00
-8.618487955881633411e+00
-9.799536377008507770e+00
-1.007449497613127321e+01
-8.954562052854695864e+00
-8.336581294924016561e+00
-9.610191959393583616e+00
-1.069943269813474451e+01
-1.210039114406911942e+01
-1.258709477934760379e+01
-1.199317854577687470e+01
-1.327838816972970015e+01
-1.374547400823868948e+01
-1.357491530056858409e+01
-1.360770037856290848e+01
-1.338809906515702330e+01
-1.386426377263624943e+01
-1.484272329139885827e+01
-1.510521591084231829e+01
-1.439211037469093135e+01
-1.457410866374705449e+01
-1.430914416417389390e+01
-1.309536974614307958e+01
-1.253852294571580117e+01
-1.174644811701510072e+01
-9.799668231541570407e+00
-8.826403621958348822e+00
-9.070578431323951918e+00
-9.295608570894772882e+00
-8.844864834000143006e+00
-7.160138868159970471e+00
-5.276229621295554395e+00
-6.923502411734110851e+00
-9.904725361643478720e+00
-1.219150607740572489e+01
-1.298253324346661230e+01
-1.300365380770914214e+01
-1.370138319828348550e+01
-1.356241207535885351e+01
-1.257592159580723923e+01
-1.160641194095169837e+01
-1.057895914559892425e+01
-1.035214690478825794e+01
-1.137187148022896110e+01
-1.164656988751782229e+01
-1.146630687796275083e+01
-1.266751781118984965e+01
-1.331923852678966824e+01
-1.147236176373770533e+01
-1.021587920355693413e+01
-1.115152627096542659e+01
-1.136704636718267558e+01
-9.129205798120052506e+00
-7.096133007239242119e+00
-6.731812113749158222e+00
-6.313870918780930985e+00
-6.940790187020528634e+00
-7.528871038335669397e+00
-6.958089399689867172e+00
-5.424404908564269157e+00
-6.337214698601344232e+00
-7.897816550089244103e+00
-6.282589788120557017e+00
-3.250942281916335386e+00
-2.196083625442701581e-01
-2.506299529005025395e+00
-6.926925123435577092e+00
-9.961944750467509380e+00
-1.199381094209754295e+01
-1.325840493953892363e+01
-1.463929513164191398e+01
-1.453022414923822581e+01
-1.361315995323976402e+01
-1.298561125205806022e+01
-1.150508846372878047e+01
-1.220220957535340567e+01
-1.397589582118797757e+01
-1.324705560059474152e+01
-1.092831848823232299e+01
-9.109128123759333562e+00
-1.089995130316322935e+01
-1.258003856010032884e+01
-1.207450966338124765e+01
-1.062327704385031346e+01
-8.367214830375420576e+00
-6.837249447931073476e+00
-6.491070463081373809e+00
-5.369820714585706867e+00
-2.731435023127942507e+00
-1.800413258739059552e+00
-3.452550070372965685e+00
-5.648230154911860978e+00
-6.298391665343404000e+00
-4.676782470940435310e+00
-2.139740642967542072e+00
-3.707486090840163229e+00
-8.248721950581460405e+00
-1.048708543517671821e+01
-1.176445025187418025e+01
-1.241632976117151443e+01
-1.274869692622083761e+01
-1.218399259723890182e+01
-1.269114834037208617e+01
-1.414774727825464851e+01
-1.424981255992181595e+01
-1.358646943491244485e+01
-1.401156657578335185e+01
-1.476026640426049852e+01
-1.490880186598806034e+01
-1.402513787263561618e+01
-1.266262081611595569e+01
-1.203395490567429960e+01
-1.136340378037345644e+01
-1.193067935767667009e+01
-1.328320482632606492e+01
-1.333157433697922123e+01
-1.131789633274933315e+01
-8.909997750300124864e+00
-8.861096580093819952e+00
-7.670261713030260609e+00
-5.099137786726613442e+00
-5.056292142515469656e+00
-5.781182706387379078e+00
-6.767184667183244962e+00
-7.977909017175280226e+00
-7.370653616175853351e+00
-6.642304397722218923e+00
-4.675139964702498929e+00
-2.837781357657736425e+00
-3.494782680548689680e+00
-6.142763116493052955e+00
-8.975013904953350163e+00
-9.197223821117074039e+00
-8.138304670647029226e+00
-9.343664826012961555e+00
-1.206471619067366596e+01
-1.306913971392706841e+01
-1.184938863403597686e+01
-1.068618226278518613e+01
-7.903164961231700758e+00
-4.623058285447624982e+00
-6.604423205362449423e+00
-7.653449145214031191e+00
-7.441517607289642733e+00
-7.182358163092873227e+00
-6.990155562509016818e+00
-6.965890247456710149e+00
-5.862801868021007223e+00
-7.696975820890197717e+00
-8.180621312568691295e+00
-6.390394052505284250e+00
-9.270491310855526024e+00
-1.143728748626276115e+01
-9.226632436797407522e+00
-8.444700032428345438e+00
-9.358830478362117233e+00
-1.003119896426186664e+01
-1.082583336000008245e+01
-1.159493946240718820e+01
-1.068964994659289935e+01
-7.101751963048565486e+00
-5.182983899007472139e+00
-5.121403118879928940e+00
-5.016795923253184242e+00
-6.294677377295319509e+00
-7.517569798293290972e+00
-9.636483535326302530e+00
-1.217164263948338565e+01
-1.219940023210995683e+01
-1.087915551173393602e+01
-9.035355215339452073e+00
-5.648755738339466426e+00
-3.377977742916443482e+00
-3.312059179586529289e+00
-3.325198071961229740e+00
-4.481441313362307000e+00
-5.251073864569574923e+00
-3.523580461093629879e+00
-4.204172466463318436e+00
-7.637893362337766057e+00
-8.153926207334885490e+00
-7.004877336505294316e+00
-7.798504244316253775e+00
-9.112335952207279988e+00
-1.014709906285599139e+01
-1.109813662539266765e+01
-1.202369158163513418e+01
-1.300173772267835837e+01
-1.342250463547763850e+01
-1.332151474353030274e+01
-1.210563770118250027e+01
-1.132703481576700710e+01
-8.885482879278869817e+00
-6.056276285591101427e+00
-4.495348877202974158e+00
-4.262170757548578770e+00
-6.673565120038195353e+00
-8.901126734346240355e+00
-7.661896481802199510e+00
-5.407565211344506295e+00
-3.735362456744817372e+00
-1.767508803717336763e+00
-2.979746421013331759e+00
-5.297528273829450463e+00
-7.752507245353119636e+00
-8.659978345733094329e+00
-7.493486518833083920e+00
-5.697019714871559337e+00
-5.933100402475199431e+00
-7.569568832000533654e+00
-4.910852408025024651e+00
-2.718090910237885183e+00
-3.019973013034092268e+00
-4.331177523022294196e+00
-4.070313387715271958e+00
-2.084618461477508511e+00
-3.004103676490721853e+00
-5.048964458129005628e+00
-7.222867426760392284e+00
-9.213256245288935276e+00
-1.077228284030802996e+01
-1.113394660120240687e+01
-1.005645670071166897e+01
-7.324179936394409118e+00
-4.722498468492899448e+00
-4.390361025505447046e+00
-4.108967441137700405e+00
-4.870117826726182209e+00
-7.053924251895543840e+00
-7.135806805473108305e+00
-7.495916970571312454e+00
-7.856708569035211198e+00
-5.919655501859319990e+00
-1.992548486514974293e+00
-1.031926279832406479e+00
-1.656766453060188438e+00
-3.254949480375437521e+00
-3.034878661883020357e+00
-2.409228933201174261e+00
-3.558534208307313040e+00
-5.026218011799030272e+00
-5.217816541036487621e+00
-2.483495932528582362e+00
2.387580788533018999e-02
2.925511720807633331e+00
3.559365627522991460e+00
1.855624418042036705e-01
-2.475894334961353138e+00
-1.823614833811390223e+00
-2.626048071156942498e+00
-6.027536268018413246e+00
-8.784799701158872764e+00
-8.204794140211369324e+00
-7.267892424131763285e+00
-6.645058772708466677e+00
-5.738480063012845633e+00
-6.048301626506558115e+00
-5.990582311046305897e+00
-4.606430681723391984e+00
-2.251694158416783331e+00
-1.664709918861720706e+00
-3.967833806307082600e+00
-6.818100789243974447e+00
-5.748623338854775611e+00
-3.498915864798879394e+00
-3.950012693650840401e+00
-5.549276957226788376e+00
-7.147186232909246151e+00
-7.975899794547669508e+00
-6.487379653832898718e+00
-4.484017653372347922e+00
-5.621870728818872287e+00
-7.985121705714295359e+00
-5.759269815773014223e+00
-4.828923422548162314e+00
-7.395651599233528550e+00
-5.925807482246487012e+00
-2.381945277091671809e+00
-2.411412794022291362e+00
-2.425679826856421251e+00
-2.680104933117139598e+00
-5.477071175810067416e+00
-6.050853778660891358e+00
-4.335092089687677230e+00
-1.976329568672646531e+00
-1.981829558700385574e+00
-1.277203725488424757e+00
-7.858524914732814004e-01
-3.996948030363425275e+00
-7.859903838451072211e+00
-9.359747516057002059e+00
-7.528458047315956136e+00
-5.092652931615242018e+00
-2.365671336946599812e+00
-8.807805848701435458e-01
-1.889346558820199196e+00
-1.588433635578866632e+00
-1.364529983464659146e+00
1.600569826404754370e-01
-2.139429743425139030e+00
-7.933956621777139340e+00
-6.347926807602034316e+00
-3.162924263129013980e+00
-4.077421117689363328e+00
-5.524778810342469093e+00
-5.227122212365900467e+00
-5.535114417554509281e+00
-8.054129179665604710e+00
-8.733845818036511943e+00
-8.757824717952299665e+00
-1.029281715108701789e+01
-1.221024697169639062e+01
-1.290352332812838654e+01
-1.158403195453393764e+01
-7.155379187547512565e+00
-5.621070003424709860e+00
-7.483901878568643085e+00
-8.679332754806882377e+00
-9.793459303726359977e+00
-9.597810343611325123e+00
-9.110728920544993059e+00
-8.737789069240831097e+00
-7.135134152280540931e+00
-4.342177952252722406e+00
-1.688101081600829501e+00
-8.632569310029808429e-01
-1.121606895453900021e+00
4.149552504694409283e-01
-1.384510245071312706e+00
-5.921426452576478816e+00
-6.680042471498553347e+00
-6.375069336126244934e+00
-3.828429646851288393e+00
-9.031862994351966822e-01
-4.283295034831069437e-01
-2.209995230765122276e+00
-4.013900395961988110e+00
-4.736616909646466311e+00
-5.604942831883472643e+00
-7.370528156299452682e+00
-1.019590606426020685e+01
-1.187206521267961357e+01
-1.129731163011634187e+01
-1.015735344262960993e+01
-1.135895311077160308e+01
-1.082997478698370131e+01
-9.585093689492593327e+00
-8.150099293470480788e+00
-5.754895059828932347e+00
-3.602962826020711162e+00
-1.942058674616040870e+00
-1.372079490682550196e+00
-3.007435107638897875e+00
-4.827937234329189309e+00
-7.196711430662205977e+00
-9.019370357460866572e+00
-7.855626896338313792e+00
-6.417356060464970646e+00
-3.170035235478737334e+00
-7.778182467512261278e-01
1.843005805170058464e-01
2.481861373767532131e-01
-2.817957952918112019e-01
-9.076176840685402647e-01
-3.186256792025650153e+00
-4.380676069217116719e+00
-2.917216615241764899e+00
-1.632963369474935700e+00
-3.282684448293275103e+00
-6.404438569325961339e+00
-5.675353986146043361e+00
-2.184289508905812749e+00
-1.544201271181499857e+00
-3.319901055371426768e+00
-5.593628078851948793e+00
-5.352337055521125819e+00
-2.008448753408691889e+00
3.450466260999103696e+00
5.922559971408298374e+00
3.827805936218100502e+00
1.109488741002909284e+00
-2.008060386646359774e+00
-1.076028300930407688e+00
1.061829078100477997e+00
-1.211591171856694737e+00
-8.161642755862897891e-01
-3.907722202169994663e+00
-3.152522978761705730e+00
-2.145138015782130037e+00
-3.162107816698325191e+00
-1.712977233982089009e+00
-2.914904125267892887e+00
-2.789709914997030804e+00
-3.093821812449522035e-01
-5.314858567707460013e-01
-3.612627595761453425e-01
-1.121656199027172951e+00
-2.946693692085730287e+00
-3.481969048678799972e+00
-2.632353039661418759e+00
3.331255318703131296e-01
5.752975182251313768e+00
7.291664322272815468e+00
5.853493379983619072e+00
6.059476385221100436e+00
6.265408759651068138e+00
5.529530543741190129e+00
5.394163197482798822e+00
5.225740347143614351e+00
5.432674772897145843e+00
4.254190277583425051e+00
1.563561046289489331e+00
-1.573614002578096693e+00
-4.645377551284279427e+00
-5.585818214634637791e+00
-5.873508873146944254e+00
-6.455311504737778705e+00
-5.923791949344761498e+00
-2.372889419973374547e+00
1.630148094349801235e+00
4.121901679474271774e+00
6.342146871831451982e+00
7.469410321197941904e+00
7.537947249185570797e+00
6.142170474413158665e+00
2.677909383659240472e+00
-1.697944422060835956e+00
-2.908834245498984394e+00
-4.891337458661745963e+00
-6.763859843942676697e+00
-5.690505826629706831e+00
-4.678883503224079199e+00
-6.915194277007302048e+00
-9.483452204692977006e+00
-9.201827219412923142e+00
-7.704622934646825350e+00
-3.594542529109519879e+00
5.393553102451349446e-01
5.473069890082532529e-01
8.587094789017679641e-01
4.926233791565295950e-02
-2.645768958317621156e+00
-2.610118164690968801e+00
-2.647026887689048813e+00
-4.919305786327024421e+00
-5.390229854710868018e+00
-2.830326301986942017e+00
-3.009132211174338156e+00
-3.604420854992376633e+00
2.112659942238667821e+00
4.594229607419793027e+00
2.650190941725916627e+00
3.480542784850272131e+00
4.064595274301963990e+00
4.529959784951802959e+00
7.382777075170747771e+00
8.948177108276324176e+00
8.826401382858968248e+00
6.986370109678205154e+00
5.242522742822500526e+00
2.204072957930976351e+00
7.723749965703438081e-01
-4.463840393055690803e-01
-5.411563699524345461e-01
-2.281588488791804203e-01
-1.461496590181716737e+00
-1.469033542117278879e+00
-3.272388618184566833e-01
2.018054868156834214e+00
3.114921826824153417e+00
1.513727126948621882e+00
-2.065247051288146007e+00
-2.008297749030745649e+00
-1.446561881682487893e+00
-2.713376676778175067e+00
-1.505292853657003604e+00
8.113380228151282347e-01
1.360407041807842443e+00
6.106657397398109755e-01
8.324822518016511408e-01
2.829530626217180878e+00
6.277225620768532188e+00
8.732698893293804332e+00
9.462753554066470230e+00
8.834761906220654382e+00
6.812094828306404004e+00
3.487106536249830580e+00
8.977825515715129878e-01
2.372140874566520008e+00
4.251066111089463639e+00
5.555665182221418696e+00
7.537357753235444768e+00
7.857973120720142646e+00
5.627575436173656520e+00
2.501611981229194370e+00
2.323083686976228357e+00
5.856545184754876843e+00
8.842799182867016938e+00
8.203984076743207510e+00
4.724901740248141913e+00
3.788915688113722702e+00
5.402755255535431900e+00
7.222897765794703773e+00
6.979867833075393158e+00
8.220589772369793380e+00
1.072682276396123768e+01
9.817002139218875101e+00
8.252260346988535389e+00
7.416562774626374477e+00
5.336495223350731898e+00
3.323367671352190467e+00
2.327353220572347503e+00
8.177348046186134756e-01
9.659506609748875761e-01
2.815549038608704535e+00
3.641068974358931509e+00
4.356667073584170602e+00
5.195798733639292344e+00
1.535410374335511197e+00
-3.081035684912234895e+00
-3.562201511241417151e+00
-3.791700579498410661e+00
-4.916876942614664792e+00
-4.759349589887309939e+00
-3.295864379521721066e+00
-5.746620306707377779e+00
-9.949338745684432439e+00
-1.077968587583937143e+01
-1.037899127643614605e+01
-9.220134370805974200e+00
-8.241106794098859822e+00
-7.353541826676696758e+00
-6.569514769883362248e+00
-7.959760350406163809e+00
-1.055905780651684722e+01
-1.012927121771835814e+01
-5.345870381414683514e+00
-1.382340432202394942e-01
4.613932470327824831e+00
6.316242820808414926e+00
7.648203813899622894e+00
9.324153694324714081e+00
8.221875544699251748e+00
5.123336178580552236e+00
4.250457569784443557e+00
1.232097625634826388e+00
-5.344310455980594732e+00
-8.155938397197518341e+00
-9.397758548542530121e+00
-9.938481422638282936e+00
-1.094971648411435972e+01
-1.183295295520711754e+01
-1.253766858913829729e+01
-1.308878778552537803e+01
-1.367201520604067788e+01
-1.380966966110935701e+01
-1.170684884085562416e+01
-8.978517010168728163e+00
-4.734738334384418934e+00
2.801543337496358727e-02
2.408441371395429798e+00
2.281308446363435216e+00
1.639658328117728381e+00
2.909304723151711070e-01
-1.528375111465449354e+00
-1.736605318867382008e+00
-3.734630877872088806e-01
3.082395486243345584e+00
5.396817507006117509e+00
5.945001109129594674e+00
3.445060575348564136e+00
-1.995034709801361550e-01
1.269109260781660753e+00
4.265455277236868348e+00
2.959687698617616380e+00
3.795508644355166883e+00
7.803062115216981454e+00
8.027541649015734748e+00
8.115273743912272408e+00
9.988560466409412086e+00
1.216434155351264401e+01
1.307818578286247480e+01
1.359392837637076568e+01
1.500362023728549588e+01
1.513143917683609629e+01
1.413976680954881715e+01
1.352062470966479957e+01
1.427833339104633303e+01
1.469050118373854374e+01
1.452206706091973665e+01
1.386804961462396690e+01
1.176113494920863722e+01
8.435354512470047084e+00
4.501530781851731611e+00
2.460581853039438993e+00
-7.955753349092442583e-02
-1.270047889380720330e+00
5.238774400903426637e-02
5.294551133543458299e+00
5.272155094527833263e+00
4.521904506822865599e+00
8.915808765016688398e+00
1.125202517458677676e+01
1.013939523109189444e+01
7.359510969947058001e+00
6.192475674269760866e+00
6.366524257763173544e+00
5.775471402946167565e+00
8.465414301198661562e+00
1.144795511979155656e+01
1.205056569964181712e+01
1.100298766564628750e+01
8.032531403892441801e+00
6.540499791767838467e+00
7.818802281540361498e+00
7.961480790206921121e+00
5.879652377443315814e+00
2.218302397099671808e+00
4.645918949340238635e-02
-2.473896157100965887e+00
-1.299984109556116207e+00
2.943266008254655564e+00
2.747077763361133851e+00
1.398712046677878851e+00
-3.730566022441453855e-01
5.710959581799240903e-01
4.518826003095552046e+00
4.715236482554369779e+00
3.986624115932722034e+00
6.690465257094949436e+00
8.632363880580953719e+00
1.014813632208236172e+01
1.231591473996902408e+01
1.211485754590539798e+01
1.101847074201606702e+01
9.781030150298487769e+00
8.522572346864174975e+00
8.243306940123702020e+00
9.306704441048420762e+00
8.316030907720136867e+00
5.047905045801747370e+00
2.976882297674874334e+00
2.068265027461381855e+00
2.378298423214753932e+00
2.413614218354121377e+00
3.532447158494134154e+00
5.856340249731939451e+00
8.842529832022416159e+00
1.048834899398022458e+01
8.989383912408033694e+00
9.608126872675001096e+00
1.219423429755856070e+01
1.285669159464645794e+01
1.113912132630638929e+01
7.930314729625623116e+00
5.697426396793020764e+00
7.681099006766275217e+00
9.542500361365746642e+00
5.676617296909909349e+00
1.113637595678030889e+00
2.724479192744387324e-01
1.896144604738840611e+00
4.809443221447595285e+00
6.835430709443692798e+00
7.980589953637865719e+00
8.766601884901652042e+00
7.876215921178862267e+00
7.531306629153698751e+00
6.040948991805453083e+00
4.419430595685735597e+00
4.408832948384713291e+00
5.420043602377656811e+00
5.991056459567905002e+00
5.933450430145699173e+00
1.004934956379915612e+01
1.246118661327105492e+01
1.261451380361903318e+01
1.008903801602711070e+01
7.260324992994209303e+00
8.086530551645546794e+00
9.316481435952134404e+00
9.426019058362507863e+00
8.586970553834570197e+00
7.370731581226306339e+00
6.101697185013783553e+00
5.069143822046695114e+00
5.165068373646857225e+00
4.038658016517587157e+00
3.708293283827274855e+00
3.389603796123306090e+00
3.197391316030527175e+00
4.154832051513985824e+00
5.751690238827746882e+00
7.588610891715678264e+00
7.776092822144304861e+00
6.705302353254301018e+00
8.541999847886232899e+00
1.315237775448080271e+01
1.531401820973875516e+01
1.500522728069264033e+01
1.324158503503284834e+01
1.329629913177917722e+01
1.327815090106329876e+01
1.134320947749482222e+01
9.052290869627954706e+00
8.731018646683400775e+00
1.019192802061261816e+01
1.139097241780511816e+01
9.573065735222954231e+00
6.199705877539809507e+00
3.174443351505268573e+00
2.019319507050901574e+00
3.996585108620969606e+00
7.022094834904272886e+00
9.154321641155895861e+00
1.019838191157029428e+01
1.112003396438409375e+01
1.268213287915344800e+01
1.388521885730913219e+01
1.319481032414853949e+01
1.238477305837481168e+01
1.154266653327890602e+01
9.923379706182887006e+00
7.598302241933621026e+00
5.254042087378480552e+00
4.125764349326630942e+00
5.036566113644298959e+00
5.676880121520465394e+00
6.258410481715374729e+00
8.506226538797957204e+00
1.010634250261930767e+01
1.045961755842099628e+01
1.107203584214895642e+01
1.329624567510930078e+01
1.470016314013214220e+01
1.437680178195668290e+01
1.469834583888565049e+01
1.455583879880495779e+01
1.085559383955034463e+01
9.425875735324916960e+00
9.907713280653549504e+00
9.464888833157415249e+00
9.188520953045076212e+00
7.000533781289311364e+00
5.866434734762429493e+00
7.114731313778328570e+00
7.645731392772175283e+00
6.896847771175147024e+00
6.001313221986724677e+00
6.205693353455362882e+00
9.956827544392563567e+00
1.336976630123000298e+01
1.418063715701379657e+01
1.383881331929264391e+01
1.304490625745410526e+01
1.203536195324046432e+01
1.046225568699015618e+01
8.567867851809237933e+00
6.433614669062185598e+00
4.660401188565952424e+00
5.956630980685447163e+00
9.676077984012263045e+00
1.163588013901402540e+01
9.911746229686659859e+00
6.224819381825438924e+00
4.989878123288099765e+00
8.586095268562329963e+00
1.070836746871568401e+01
1.031067398628643517e+01
1.042660899334881464e+01
1.030899772569288331e+01
7.702653613402723032e+00
5.197020338955303131e+00
4.434299398006200654e+00
4.850318751879363788e+00
5.931484120497968249e+00
6.712257028497395694e+00
7.822751180409578176e+00
9.478114841406451774e+00
1.175547562784456090e+01
1.228744288346465297e+01
1.212998654691067024e+01
1.322008915147969788e+01
1.171355796019767403e+01
1.123152365273252329e+01
1.396217469845499970e+01
1.485469530895768031e+01
1.346050438311072561e+01
9.700389682451193707e+00
7.342572383378588086e+00
9.053997565730819375e+00
1.181369008158134903e+01
1.258288061267632685e+01
9.908942121402906977e+00
9.167689494107071013e+00
1.084617700631650017e+01
1.203437644966077436e+01
1.419524371159598886e+01
1.620687515986954708e+01
1.621120804929220682e+01
1.577082971756359520e+01
1.721977514883282367e+01
1.722650620373686436e+01
1.733668069126044031e+01
1.785855708470737113e+01
1.696089024573215198e+01
1.648151255973030871e+01
1.647974656280131711e+01
1.723950687047205221e+01
1.782530642063768411e+01
1.776158764815790647e+01
1.690635274976653690e+01
1.631165790835062879e+01
1.589110122744962972e+01
1.451400312900632805e+01
1.299774607709399632e+01
1.526536364845928340e+01
1.407072509151877782e+01
1.239943418903692951e+01
1.361433433639351342e+01
1.222230040452552480e+01
9.387346486559414060e+00
1.043763218307628549e+01
1.328910763088669889e+01
1.226868189616503990e+01
1.193921868043472756e+01
1.556905092740137597e+01
1.671358360158168210e+01
1.733343452509598848e+01
1.781141172660226246e+01
1.753373026600623774e+01
1.711809053006525616e+01
1.612929625607772266e+01
1.395017649497883383e+01
1.337920581093630368e+01
1.409473790945737370e+01
1.637342337510214563e+01
1.778133295565995908e+01
1.784054538737278506e+01
1.650029360541536505e+01
1.446661487043961358e+01
1.275186654020975396e+01
1.241494448821264207e+01
1.412840524441975809e+01
1.525160300048458240e+01
1.540754977130915115e+01
1.471323478944008123e+01
1.413621716155841668e+01
1.399867831965346987e+01
1.282714527161284401e+01
9.555176955254156113e+00
7.329015499975273684e+00
6.285750572690574245e+00
4.709780469860354479e+00
4.298270610762810584e+00
6.753870421228309162e+00
9.726013420757807282e+00
1.097615616560000262e+01
1.214297776258161754e+01
1.301312136018422194e+01
1.390320210180985327e+01
1.533948209308110222e+01
1.629685363413660326e+01
1.518633459056129098e+01
1.188989266552529855e+01
1.037685379381170137e+01
1.241634419756532459e+01
1.359204665579001237e+01
1.255536915351291860e+01
1.225238227883558118e+01
1.375709436415644582e+01
1.548707512397272268e+01
1.550705819567674659e+01
1.540498051069582708e+01
1.711309246031065001e+01
1.746725190520231763e+01
1.677723544848376491e+01
1.721700291766421032e+01
1.798647267044438181e+01
1.759101950402207848e+01
1.705606904028234538e+01
1.668917003293664081e+01
1.583337730140406663e+01
1.474116319910281092e+01
1.487280059034935853e+01
1.458378987893030931e+01
1.552977690806844180e+01
1.686702998161334577e+01
1.671131570347968420e+01
1.612655815620078315e+01
1.609495701140252422e+01
1.509153116845353004e+01
1.413477307798612514e+01
1.396673213281692760e+01
1.263940876321327167e+01
1.270377794372810953e+01
1.497834419525753624e+01
1.667702646419977341e+01
1.675224609771116846e+01
1.664024871276363626e+01
1.628233235876018270e+01
1.686543663899266576e+01
1.787633192723321329e+01
1.809901014300648825e+01
1.741174157827840219e+01
1.579531319715610493e+01
1.550369229179410624e+01
1.572046686757730249e+01
1.570068593999925000e+01
1.582060558503782666e+01
1.638643233239748653e+01
1.637626335942605493e+01
1.631041767517100638e+01
1.731887444049726810e+01
1.797165610152289617e+01
1.794200626139444665e+01
1.699228467951482813e+01
1.629640972669396604e+01
1.555250049833054682e+01
1.409374743593839518e+01
1.441870076065058726e+01
1.449856386850503043e+01
1.369819138708198203e+01
1.257806979430007388e+01
1.236124851385432777e+01
1.352251036836989684e+01
1.496099942055334253e+01
1.549409711798688249e+01
1.472537943534752358e+01
1.382883840430208267e+01
1.554821210139033028e+01
1.591637076878647861e+01
1.566070824874072720e+01
1.697976223333672152e+01
1.687472784337099441e+01
1.525023825371589226e+01
1.122804254052063477e+01
8.821470474557266073e+00
1.011870585375950782e+01
1.193480904270569098e+01
1.361125512776206214e+01
1.423853897340984531e+01
1.317963582677488255e+01
1.144667375204046600e+01
9.437957500290549362e+00
9.365359288605150212e+00
1.175619162181017074e+01
1.319265717075555777e+01
1.241227421036729517e+01
1.253553841581747008e+01
1.313198020751685569e+01
1.348518268093855532e+01
1.390777464413168651e+01
1.371555539098448762e+01
1.366770775271477412e+01
1.310256926700183477e+01
1.205792129260528966e+01
1.025987490806779157e+01
1.097924662593798573e+01
1.310517906456125914e+01
1.153510379500258409e+01
8.677972861387573289e+00
9.370275822556088485e+00
1.058378918595812301e+01
9.603860339974447768e+00
1.017418765931403435e+01
1.335354496116821821e+01
1.517435507783732440e+01
1.653569003433316098e+01
1.776097383069427238e+01
1.801464971845943097e+01
1.719868276625119208e+01
1.673429136223373348e+01
1.755328159147735434e+01
1.780476114329851711e+01
1.755468314605892743e+01
1.771811607528183785e+01
1.783072442919382183e+01
1.792928639348066255e+01
1.769073962187416882e+01
1.838077772937992194e+01
1.860177340618265163e+01
1.808892007390696932e+01
1.793257937221195419e+01
1.770827774888238082e+01
1.774691823621874676e+01
1.741680568417655195e+01
1.775696678066088907e+01
1.754653991186494011e+01
1.584144339216721953e+01
1.488750835775723402e+01
1.533877199231668342e+01
1.369453877198493075e+01
1.252026301663613772e+01
1.455611652050033911e+01
1.583594412048758215e+01
1.673640229927742240e+01
1.761152270798876529e+01
1.742124847515466612e+01
1.742513016127944425e+01
1.719927928027105679e+01
1.566726317349386299e+01
1.365879737086894785e+01
1.209739788150504580e+01
1.096134042299831890e+01
1.096174921487068943e+01
1.298548253339307834e+01
1.426170547925918797e+01
1.594698360928616765e+01
1.738752868689622133e+01
1.763554594820753962e+01
1.820573559479772996e+01
1.762015797482714774e+01
1.643732105248551889e+01
1.736122080999935591e+01
1.849511705531906358e+01
1.819363502179903946e+01
1.731100446331374343e+01
1.695021408892353421e+01
1.635858529952063734e+01
1.576913886852125479e+01
1.628688725949044169e+01
1.694671836588963387e+01
1.785705514378569347e+01
1.818945597518686697e+01
1.799036325231772437e+01
1.791405814073608838e+01
1.720965773099903018e+01
1.784546542949178161e+01
1.805071864721824682e+01
1.703385790133837574e+01
1.691109172838556418e+01
1.685970373283758761e+01
1.651581090738519819e+01
1.682328695831394683e+01
1.739864707540499467e+01
1.656128279801284719e+01
1.524210629592563038e+01
1.177065993672225730e+01
1.108644886738760604e+01
1.300084239225494365e+01
1.156613663573790873e+01
8.257838521747407512e+00
8.184496165056494021e+00
8.759902655061198473e+00
9.554127719592816703e+00
1.149597180465364055e+01
1.314004717722217919e+01
1.482287439305249421e+01
1.575777116335815009e+01
1.471531613835360552e+01
1.408370251790458028e+01
1.564566066007112788e+01
1.638196673984060325e+01
1.651920864521888888e+01
1.685974992880536050e+01
1.739424015786171296e+01
1.800732236151633003e+01
1.777470588586585620e+01
1.711129223960251622e+01
1.671491239729034817e+01
1.701137212484647776e+01
1.735182298747510643e+01
1.659693788022511640e+01
1.578221310619619544e+01
1.638090924724705033e+01
1.748292707250898204e+01
1.729131745901043260e+01
1.735743777169535917e+01
1.728843319391491562e+01
1.722071377761004385e+01
1.780684592102072727e+01
1.785799809035791696e+01
1.756952791615628584e+01
1.758974996881234176e+01
1.784343642221033122e+01
1.759620762398896332e+01
1.764615352977669716e+01
1.787336487576895294e+01
1.722063175953771719e+01
1.600634974665070231e+01
1.522908137372589898e+01
1.465329144883546242e+01
1.397782341132681871e+01
1.348807575948309356e+01
1.358428658740809425e+01
1.559699898321011347e+01
1.746307044892695259e+01
1.740290863174913838e+01
1.596686005143527964e+01
1.532317741257460852e+01
1.520168588581963931e+01
1.376786838234297683e+01
1.451565630137567986e+01
1.579738969372466073e+01
1.627345520512649912e+01
1.701206199069266489e+01
1.779769168378563649e+01
1.785491451535673590e+01
1.773253715545689602e+01
1.820590055720722589e+01
1.812953896367285367e+01
1.794025807796272076e+01
1.790195489873244838e+01
1.774653722713888016e+01
1.770101171476007096e+01
1.762257358594789380e+01
1.752801442319594827e+01
1.728813131317811980e+01
1.679266077822698122e+01
1.710113368288424240e+01
1.750767586483926053e+01
1.685937067834310810e+01
1.540019940181203140e+01
1.417082154266471861e+01
1.405071911172721855e+01
1.550627177487189101e+01
1.655892967547379513e+01
1.703662947567271857e+01
1.673370930222761288e+01
1.665090534551611867e+01
1.632001330120452565e+01
1.629180064348515700e+01
1.677651030119909592e+01
1.746767916461328696e+01
1.806965901566118404e+01
1.813235217697422286e+01
1.756226367153016810e+01
1.772344072058780284e+01
1.765777945462306775e+01
1.735879179882529399e+01
1.673027341889101294e+01
1.519357052754993376e+01
1.405357868080477779e+01
1.372620417964917827e+01
1.546391234006537729e+01
1.661561906156661905e+01
1.517930281369424428e+01
1.349961712067764275e+01
1.391949916339790505e+01
1.367272700795723672e+01
1.528657700267933883e+01
1.667655050627783453e+01
1.600359979656948539e+01
1.485911116425754130e+01
1.472261829853325388e+01
1.523946476484138834e+01
1.444726626554321491e+01
1.405085139438138420e+01
1.464863801562986723e+01
1.449114400558405791e+01
1.444558783564747273e+01
1.316658725953360687e+01
1.097306875960861738e+01
1.172685166545769597e+01
1.255819771677272811e+01
1.132995505460701047e+01
1.127963145388665289e+01
1.157452381723087953e+01
9.381183611221056040e+00
6.513048011726235487e+00
6.984778356081036144e+00
9.569168144223828776e+00
9.839381520690553273e+00
1.169931217732899498e+01
1.371982210824567261e+01
1.235166774631368547e+01
1.115374029884816665e+01
1.215942032507560988e+01
1.071829856036848660e+01
9.477221025167620994e+00
1.053462073434409341e+01
8.995084218328035064e+00
8.214776857717660974e+00
9.842663643528398509e+00
1.138052291150298245e+01
1.232344021809853274e+01
1.267495454843627378e+01
1.221575555158699800e+01
1.279013295175897014e+01
1.399351889448709052e+01
1.439748722652289814e+01
1.327867649810107586e+01
1.435047618706213868e+01
1.595572326336901803e+01
1.662584456061605209e+01
1.697409369354048891e+01
1.659066227588685294e+01
1.641412724972844117e+01
1.573702613533653150e+01
1.392992603881215175e+01
1.262544117153144185e+01
1.171752009558479024e+01
1.209115974445972519e+01
1.403639585381698218e+01
1.499527640283568886e+01
1.431554270222731162e+01
1.367977667709831557e+01
1.528697041518973521e+01
1.587556728618868185e+01
1.513549634418406242e+01
1.473416261399371052e+01
1.377598704271717622e+01
1.242341213341543238e+01
1.220616013720330706e+01
1.274550170214913258e+01
1.275740654514389583e+01
1.189242328113630620e+01
1.243821191186730424e+01
1.344123408034361233e+01
1.445217693429685291e+01
1.554730285789985267e+01
1.623128183675910208e+01
1.656182080074554008e+01
1.617303849479466038e+01
1.555068977213996995e+01
1.564178595557977935e+01
1.541775847273802214e+01
1.528977932180173305e+01
1.488190467037871123e+01
1.321818537440646502e+01
1.241262261504724762e+01
1.212242893400567212e+01
1.142523876531311267e+01
1.183078920474692275e+01
1.323589409844651144e+01
1.386507870964108946e+01
1.395123919243384769e+01
1.302820261962152948e+01
1.102855450081685262e+01
1.000455258743839693e+01
9.634694367276440019e+00
9.708982248258012149e+00
1.028478697216071858e+01
1.047107872389259597e+01
1.094833132743698911e+01
1.257038471561544135e+01
1.419091543982342607e+01
1.453290296766323841e+01
1.397114507670080741e+01
1.322745352146654696e+01
1.299242535252660780e+01
1.206334546330444368e+01
9.748306064043832819e+00
9.171073149403046187e+00
8.553550215935652901e+00
9.244295626071748373e+00
1.228679691316696676e+01
1.371621958248896789e+01
1.310789046828657689e+01
1.186805610624932328e+01
1.235523810636878217e+01
1.379203155009533255e+01
1.371532615280348288e+01
1.407143495986572468e+01
1.447463563335925940e+01
1.446560388659525742e+01
1.521149182447308945e+01
1.554887095755452542e+01
1.433813413567306583e+01
9.679773613353175321e+00
