-1.304002081323707962e+01
-1.149463292155783201e+01
-9.939498983168750357e+00
-8.959554343675941723e+00
-7.250253784713394545e+00
-8.128487067851780878e+00
-9.776546606137664241e+00
-9.062295633995642419e+00
-7.964015399507617055e+00
-5.123519376854868135e+00
-5.095969792095024431e+00
-8.424223011072713874e+00
-9.014886710039798245e+00
-7.872890954971192734e+00
-6.577545113136583410e+00
-9.159919719335075428e+00
-1.113105157452787708e+01
-9.491752064373304876e+00
-8.741050268600885076e+00
-9.991016758039480194e+00
-9.984451708486371757e+00
-8.484712339106799561e+00
-5.082423847068994860e+00
-2.813183842472325225e+00
-2.502802353633478472e+00
-1.029214149749135609e+00
-2.584635976483441233e+00
-5.020759217489996651e+00
-6.407125269963775516e+00
-7.146209162536671933e+00
-7.617017956780481214e+00
-8.442739324351151708e+00
-1.013395167844057809e+01
-1.115644458333360056e+01
-1.134459006750970111e+01
-1.199304615057473633e+01
-1.186258661441704376e+01
-1.148249773415531472e+01
-1.151765371609529787e+01
-1.097152541938476311e+01
-1.017778956117348521e+01
-9.686564717774716726e+00
-9.159970077980895908e+00
-9.005007775555666782e+00
-1.012715707635366691e+01
-1.226356209528630536e+01
-1.362764261602758076e+01
-1.363968376420054263e+01
-1.277582038302610634e+01
-1.229162874725841803e+01
-1.114433817109483726e+01
-9.845705858841229841e+00
-8.758969079311045292e+00
-6.591453595765097262e+00
-5.604537342875574701e+00
-6.867679562525117909e+00
-8.239294034945839229e+00
-8.456724668765566832e+00
-8.625989392600077466e+00
-9.221445104907033397e+00
-8.355685356930520058e+00
-5.279658887925811506e+00
-2.605386355470127313e+00
-1.635287090007162103e+00
-1.970355786348128024e+00
-3.258882712391554026e+00
-3.430347204224050817e+00
-2.314348809450438083e+00
-1.291011289138404683e+00
-2.349535039575751938e+00
-7.400307232674363966e+00
-8.009203516241599985e+00
-7.816845777410702745e+00
-6.814103588996926142e+00
-5.951815927023288211e+00
-8.705196275096636072e+00
-9.184958782519379028e+00
-8.423765300330778416e+00
-8.489474659183709804e+00
-8.760271679846075799e+00
-7.822705934013387541e+00
-7.612729095776489707e+00
-8.887295070555333965e+00
-7.395912147241466172e+00
-3.617279484484361873e+00
-1.797865275665193163e+00
-2.541059047844931307e+00
-6.287161692716982664e+00
-9.012752088630191949e+00
-7.850278516231735004e+00
-6.009869688890016270e+00
-5.871365148951155355e+00
-6.864240344231634872e+00
-6.957441194307826926e+00
-6.007848209958917884e+00
-3.776370161920477031e+00
-2.549369818038592417e+00
-4.813324713414000477e+00
-8.597000658263203476e+00
-1.074874214371235759e+01
-1.206834425807645594e+01
-1.149571014130496494e+01
-9.588902711456297467e+00
-9.509757262582439807e+00
-8.397684958167269897e+00
-8.631296171241055859e+00
-9.199286676075713487e+00
-7.754852818440530093e+00
-7.357279184613293666e+00
-7.225232572333427861e+00
-9.125375216861700167e+00
-9.189651578749122862e+00
-6.300834543222019413e+00
-7.901666468890558015e+00
-9.913395363401763305e+00
-9.681832836830865929e+00
-9.960659768264255476e+00
-9.843512171896314555e+00
-8.425990299544489304e+00
-6.507262152983154913e+00
-6.372047540112821373e+00
-7.860583823144075666e+00
-9.458302265004606468e+00
-1.115239408652159803e+01
-1.182916197254797197e+01
-1.078501050288939034e+01
-8.337542292456024740e+00
-5.940122066116699351e+00
-4.503470786048976215e+00
-6.865773708879790327e+00
-7.810649387050166759e+00
-6.348095029730500549e+00
-7.042842541625270236e+00
-6.358853117041426195e+00
-3.125803361815512549e+00
2.678355578917228086e-01
2.692273125279339041e+00
2.164982652055071011e+00
3.427633174231769164e+00
7.769346653136310898e+00
9.804998361644502225e+00
1.106823668330075883e+01
9.658016303695736937e+00
3.708617650024850221e+00
-4.422682893505897717e+00
-7.575062012395042288e+00
-9.466414091443152046e+00
-1.201977782094557945e+01
-1.417799631626978041e+01
-1.366658406493541200e+01
-1.218160950330915249e+01
-9.939833713731731635e+00
-7.055506225483287430e+00
-8.610577889737237811e+00
-1.247877072226972217e+01
-1.432157126381637013e+01
-1.488594921450514086e+01
-1.518843211480802502e+01
-1.468222636191230279e+01
-1.333044044860911903e+01
-1.192345777248841010e+01
-1.172759075114335481e+01
-1.302709792321098803e+01
-1.277131847110518237e+01
-1.048244771491616945e+01
-8.134479398762787028e+00
-5.996999789578814521e+00
-5.562631826843928096e+00
-7.608345374666053651e+00
-5.657351470391271064e+00
-5.142105813235624545e+00
-5.829657450090584447e+00
-7.311373355820401265e+00
-1.049676738937206188e+01
-1.403079258965571974e+01
-1.515531131104169482e+01
-1.393500078877917581e+01
-1.098922409284558732e+01
-8.661939268595043373e+00
-8.840903264083168622e+00
-9.152462007404290389e+00
-8.202734697586182122e+00
-8.526045278129316785e+00
-1.027707504040787789e+01
-1.063327185490917337e+01
-1.112306238077905007e+01
-1.017072704426119678e+01
-7.092441350513831289e+00
-6.820911729233475995e+00
-7.941504229657872393e+00
-6.767893460738584999e+00
-4.214948673820447134e+00
-1.493302067775426956e+00
-6.766907507111894482e-01
-1.548959427037889913e+00
-3.202229089650278304e+00
-5.480535703871593611e+00
-6.412207252737368357e+00
-5.687174582579817894e+00
-6.769170671093525549e+00
-5.064277363792290210e+00
-3.240880438931434071e+00
-6.574754783764050536e+00
-8.022333223731662244e+00
-8.554060505747161258e+00
-7.920945501320328042e+00
-4.912933490842552153e+00
-1.960581491512831676e+00
-3.283141379612565025e+00
-5.431901550615354957e+00
-2.488555309611512723e+00
-1.348412282436599829e+00
-2.582834425135884793e+00
-3.500955720765406731e+00
6.470665775920292351e-01
6.470665775920292351e-01
6.470665775920302343e-01
6.470665775920301233e-01
6.470665775920301233e-01
6.470665775920301233e-01
6.470665775920301233e-01
6.470665775920301233e-01
6.470665775920301233e-01
6.470665775920301233e-01
-6.010910394862241546e+00
-7.367122483009421963e+00
-7.598986783403774758e+00
-8.809925341065520499e+00
-1.077931707355921809e+01
-1.098929435328344617e+01
-6.779295170091988787e+00
-5.453602267731340270e+00
-8.649974316327151413e+00
-9.890916942252369282e+00
-7.345143766695470866e+00
-4.947080283235249176e+00
-4.299451250915816480e+00
-1.599719919187488015e+00
6.507848137754151940e-01
-6.940620938465875689e-01
-2.481225418462681631e+00
-1.038245852548110637e+00
-3.413570835064546394e+00
-8.301161012282733509e+00
-1.060715912667778404e+01
-1.288921004924154445e+01
-1.384838386959870604e+01
-1.389884255142162495e+01
-1.365181023982933262e+01
-1.284576926166321087e+01
-1.087061514098517634e+01
-8.324323772119834430e+00
-6.493782553011674175e+00
-6.136278818905210208e+00
-6.990228382762556869e+00
-6.656460772864789099e+00
-7.822922372310357808e+00
-8.414572958505468492e+00
-6.177565562719583347e+00
-5.499975802969736094e+00
-7.819037162077131065e+00
-1.075518653707056771e+01
-1.207158803217185472e+01
-1.209598054632615138e+01
-1.148150500822140607e+01
-1.305761199841441389e+01
-1.502777192171320308e+01
-1.398896589269047297e+01
-1.283555016959341799e+01
-1.374514949700966859e+01
-1.443803368279961141e+01
-1.336968462934975754e+01
-1.314196498319097905e+01
-1.354003443163078657e+01
-9.600787486530117931e+00
-4.756012589965393111e+00
-5.299045573706700374e+00
-6.291884774201077057e+00
-5.004940481468078239e+00
-3.011640181066901789e+00
-4.469003294842662122e+00
-6.444876299235684947e+00
-7.270444514330878683e+00
-8.381624711279561879e+00
-9.494491568594661146e+00
-1.094167076645543979e+01
-1.154568408665610768e+01
-9.791469666235368408e+00
-4.301737307474565064e+00
-9.321389140169880072e-01
-1.181860839209777803e+00
-2.149509681671337269e+00
-3.659091052968315605e+00
-4.532307803831881365e+00
-6.337459047451807770e+00
-6.943987299279032577e+00
-5.672534964194038132e+00
-4.578872721679876356e+00
-4.665756566711647402e+00
-4.670821905566575616e+00
-1.412628528333849554e+00
1.481360663806918332e+00
2.781015260570598002e+00
2.484046987825186736e+00
-8.232395429992718228e-01
-9.226394680506748713e-01
-1.935484496747988281e+00
-3.311609663927777891e+00
-4.933134091362805229e+00
-7.308044865945277913e+00
-7.097157385912387539e+00
-5.800595736686267934e+00
-5.178564256756602369e+00
-6.069660462795307687e+00
-5.782225007808446726e+00
-5.536689946133274809e+00
-6.109995551029711258e+00
-7.615117187654379727e+00
-7.305565875336863080e+00
-4.689243343770066907e+00
-4.939783045826941610e+00
-8.252289728281775538e+00
-7.100611794976984470e+00
-2.727310603771085251e+00
8.167613493796275215e-01
1.366868971439574088e+00
-4.028182626075951789e-01
1.494815152531506319e+00
4.585875603309818693e+00
7.638634090505238561e+00
9.341637894951501764e+00
9.407712988921668185e+00
9.699509413725410312e+00
5.584437194131223414e+00
-7.325964400449255787e-02
-5.398427285144989263e+00
-7.724911500556451038e+00
-8.039442862623007002e+00
-9.428965439685219607e+00
-1.120756352082923790e+01
-9.363982778356620074e+00
-5.687008153863700066e+00
-4.216760645903739224e+00
-4.310077238955745571e+00
-4.740788557845685425e+00
-4.438755742487696665e+00
-3.622551161610681358e+00
-1.863455763270573939e+00
-8.762576332818685643e-01
-3.229279348698558927e+00
-5.495219982621381227e+00
-4.030374837475290128e+00
-3.297579893081170055e-01
2.536143923868764638e+00
2.327635840984296323e+00
1.429302574328095377e+00
1.990798359345482549e+00
1.853261471157642060e+00
9.724871046559193655e-01
-1.455917450348623188e+00
-2.992233080801115719e+00
-2.829861242874637473e+00
-1.008280507025128614e+00
-2.601513094411731508e+00
-6.726549877750076512e+00
-9.258440891888676916e+00
-1.000118741480740248e+01
-9.830245803253683690e+00
-1.108496165310641857e+01
-1.051201112032975082e+01
-9.527453634786196446e+00
-1.092548136975394790e+01
-1.210119401477331991e+01
-1.080848242894483136e+01
-9.299166125577183806e+00
-6.635582237815847328e+00
-2.950189214472014321e+00
-3.568162689508533880e+00
-4.734287431605697982e+00
-2.272080045776877277e+00
1.317526678439519872e+00
1.381546244359103781e+00
-1.739750812616383202e+00
-3.236233680880360453e+00
-3.872616865022667554e+00
-4.879737874146345078e+00
-4.401144624700867425e+00
-3.834036480197605012e+00
-4.912135588837057476e+00
-4.953735749141269018e+00
-6.437970213107402806e+00
-8.173974537892418013e+00
-6.348379782558199125e+00
-4.994203374575616472e+00
-6.162369085447623185e+00
-6.555893088757701825e+00
-4.446611545258492448e+00
-2.325950906567824550e+00
-3.838136464832476058e+00
-5.155459564363114033e+00
-2.980663981721691336e+00
-3.873802452371906568e+00
-5.521085454059364572e+00
-6.265339755391966747e+00
-5.085139657167221827e+00
-3.900150621901431247e+00
-3.590834917161700446e+00
-1.131538639086570264e+00
-3.496161801249091816e+00
-5.686297556334330316e+00
-4.970360883409775887e+00
-4.153173045413180553e+00
-3.163380980049804503e+00
-3.239257810880892929e+00
-1.588310315000668993e+00
-8.240691273600202482e-01
-1.180626101050159082e+00
-2.221486939950081840e+00
-3.179728714721865579e+00
-3.257827645240765513e+00
-4.781457083177839351e+00
-7.039796220970220730e+00
-8.660981515069616776e+00
-8.572170531531606130e+00
-8.637319453929475088e+00
-6.817627653427540402e+00
-3.550561680892099670e+00
-2.864019514562930357e+00
-3.923850100644647121e+00
-4.936637681520884335e+00
-5.584580261505943000e+00
-4.234514730087672874e+00
-6.065045433899453720e+00
-9.279913773132575372e+00
-9.839452953974753058e+00
-1.017567773255716368e+01
-8.836476331107659732e+00
-6.266523222705639107e+00
-4.489621743645993313e+00
-2.531437768222956297e+00
-2.113560154372821298e+00
-2.322383310407691859e+00
-2.413660765691189702e+00
-2.208990459178154175e+00
-2.401948703559288134e+00
-9.178497193648905705e-01
-9.003332924301812312e-01
-4.061271603397843322e+00
-5.906075442790824859e+00
-4.342306495465308558e+00
-1.766416950216758597e+00
-3.736934052691911923e+00
-3.667847867819013175e+00
-9.619775796753916586e-01
-2.903786088650388009e-01
5.558602169497159906e-01
-2.838237802095736839e+00
-7.301205837925302866e+00
-7.274915502946719847e+00
-6.829641977907093597e+00
-6.992044503220276930e+00
-5.203423350934092362e+00
-3.726934192447127536e+00
-3.577295422039025397e+00
-4.639050942714855630e+00
-6.996675776498565646e+00
-8.627438084769533333e+00
-7.951313988111989417e+00
-7.432219316298450451e+00
-1.040924975390176854e+01
-9.747872272972603724e+00
-9.142300368691053336e+00
-1.020872010993731216e+01
-9.175635673511225221e+00
-9.401524252458598241e+00
-7.676191481747846268e+00
-3.479862163859902768e+00
-2.374530065777523014e+00
-2.638279588506775131e+00
-4.039915159959611479e+00
-3.735523865872585780e+00
-3.417323302818100039e+00
-4.938952235009296032e+00
-7.044501792754225278e+00
-1.028052237836878646e+01
-1.227352093530584654e+01
-1.274302136135040264e+01
-1.367741897207069890e+01
-1.419696203006288648e+01
-1.294003577595444376e+01
-1.140523931778716182e+01
-1.142585778085057413e+01
-1.036422007814839397e+01
-9.113774174930416194e+00
-5.475578448179182267e+00
-1.764283417775131646e+00
-1.147505519372231664e+00
-3.200536529617457049e+00
-4.560991035433135998e+00
-2.374421357522599862e+00
-1.014916794572358727e+00
-1.968765338456432090e+00
-3.443628512311850631e+00
-4.277877157356047455e+00
-6.552356695590075830e+00
-7.799171672386133736e+00
-7.620391119287322823e+00
-9.801885220406981958e+00
-1.108261478038261494e+01
-1.125003656419532483e+01
-1.240356380341505016e+01
-1.273693014926983302e+01
-1.291166749868126118e+01
-1.209023812731357062e+01
-9.669640704576014656e+00
-8.192112048021073178e+00
-6.252204917258366024e+00
-4.019374398166116968e+00
-2.520517087722650373e+00
-1.890873020061393461e+00
-2.425732649952155651e+00
-2.815816310385896859e+00
-3.976176016596298712e+00
-5.174662851202814551e+00
-3.586907174764493611e+00
-3.545049760893594026e+00
-3.811795486689280921e+00
-2.048475770851879041e+00
-2.285986952128544747e+00
-2.484613828500100929e+00
-3.428345069297934700e+00
-6.249076300505451265e+00
-7.064994410401182812e+00
-5.278313230898209696e+00
-3.822658154942981668e+00
-3.319787432621830625e+00
-5.986635687499210157e+00
-8.756096660797833664e+00
-9.883454879420948913e+00
-1.037862106234545756e+01
-1.041572125464556997e+01
-1.039715853301704129e+01
-9.047769194702750539e+00
-8.105634822277679064e+00
-7.882105067625595929e+00
-7.980149341635503824e+00
-7.833591593633788541e+00
-6.750466890809030396e+00
-3.683209383958438998e+00
-1.817332853026307982e+00
-1.711454081111598136e+00
-2.822243006086029737e+00
-2.989388865038453247e+00
-3.038816106370992198e+00
-4.882628182765734515e+00
-6.993830243311907502e+00
-8.849050884382821280e+00
-1.075515076882753185e+01
-1.112507817578323355e+01
-1.081058129463273509e+01
-1.082229824757408565e+01
-8.898753804461845718e+00
-6.775093316643488350e+00
-7.543604947646190162e+00
-1.149374444692505470e+01
-1.366376943963311241e+01
-1.336449601683966115e+01
-1.218407036386334852e+01
-1.132215915484367308e+01
-9.998192488316254511e+00
-9.289148715795501943e+00
-1.126793398496905141e+01
-1.312437919908778916e+01
-1.395031632136120869e+01
-1.399544545244811111e+01
-1.383792355486590786e+01
-1.316359011872447660e+01
-1.314849861514486840e+01
-1.375120189506767687e+01
-1.376099366941664748e+01
-1.329634183613763732e+01
-1.343219294655520812e+01
-1.395800113130974651e+01
-1.454873762888806787e+01
-1.481307625098206771e+01
-1.467268434438713776e+01
-1.467181181972120996e+01
-1.456655988053717365e+01
-1.429972949005294502e+01
-1.353748374091699347e+01
-1.351201383045321869e+01
-1.325304434464272596e+01
-1.296961524116207976e+01
-1.327523849143132573e+01
-1.302136970803778837e+01
-1.171800817482584378e+01
-1.137042055237306748e+01
-1.247877588030610596e+01
-1.371416312895158107e+01
-1.400258591350603332e+01
-1.317270197393088971e+01
-1.166290583231913836e+01
-1.000743283033177278e+01
-9.623231143282367839e+00
-1.114198366474213486e+01
-1.145178832158172533e+01
-1.255209401325618757e+01
-1.401307227943235922e+01
-1.462732766852340660e+01
-1.472184589927274878e+01
-1.420457949201868608e+01
-1.312533068310825080e+01
-1.270628594293470037e+01
-1.350446424745442897e+01
-1.401303011900305329e+01
-1.342490485108827336e+01
-1.263439258147099054e+01
-1.356599904116667865e+01
-1.383102770470048704e+01
-1.308738923333910442e+01
-1.319581619311158249e+01
-1.338577587294658855e+01
-1.367691468675482191e+01
-1.272271559656526740e+01
-1.328559236623236650e+01
-1.376625003489170496e+01
-1.306099810771353553e+01
-1.315291944850427619e+01
-1.176776407212106257e+01
-1.096099105332150891e+01
-1.113474360117937501e+01
-1.335024289674209186e+01
-1.410488997610125139e+01
-1.390188915060693908e+01
-1.440133182562456504e+01
-1.345853100812061953e+01
-1.218920446234687560e+01
-1.119111562719885100e+01
-1.018575956686383499e+01
-8.421865798914311085e+00
-9.526795118182723954e+00
-1.116757445547960792e+01
-9.508241493793329724e+00
-9.376032724210791258e+00
-1.185484262615717377e+01
-1.230331831506731177e+01
-1.132114042009800770e+01
-8.924999558969330948e+00
-8.383486015350884557e+00
-8.430716947222665070e+00
-6.009572069935573246e+00
-4.146378890680257001e+00
-6.170985095677893995e+00
-1.061510937713673464e+01
-1.209233467242298055e+01
-1.347381370352659857e+01
-1.383728030499936956e+01
-1.439392482564956133e+01
-1.451977765334367909e+01
-1.465478250140618499e+01
-1.397984891787549344e+01
-1.287830888233947313e+01
-1.255263625236998770e+01
-1.301342751641131379e+01
-1.341504430281447569e+01
-1.407808851814181672e+01
-1.452261949115511364e+01
-1.438753794404806463e+01
-1.413114833552306493e+01
-1.340058260281594293e+01
-1.224964632555754385e+01
-1.193137529343614389e+01
-1.335087375739297499e+01
-1.376252152791053796e+01
-1.370950114273169262e+01
-1.340847981577092263e+01
-1.175898160115006696e+01
-8.438078397948222786e+00
-7.030340101960818266e+00
-7.582299785323373342e+00
-1.020130165932500610e+01
-1.102202720449510842e+01
-1.127591333734244294e+01
-1.083157359640037321e+01
-1.013498654567462509e+01
-1.235819208835651217e+01
-1.302830543620731696e+01
-1.239889844675144381e+01
-1.141279508310379320e+01
-1.305948365026352143e+01
-1.383828087856844569e+01
-1.310672674418315786e+01
-1.241040419751179691e+01
-1.333172016019230632e+01
-1.427220113865032580e+01
-1.405535616590456094e+01
-1.365954858956058793e+01
-1.272798955632725715e+01
-9.677174649074272494e+00
-9.851341987789284715e+00
-9.548061248800452816e+00
-8.754341421799127332e+00
-9.400888158928793814e+00
-1.079962857621839234e+01
-1.100218486753398217e+01
-1.010098178331352514e+01
-8.668660743733303420e+00
-1.053547442525811029e+01
-1.186874180869959083e+01
-1.133945265075112196e+01
-1.160582948676980486e+01
-1.303904867562672010e+01
-1.402143430199688723e+01
-1.413852327251677643e+01
-1.418788856772136420e+01
-1.362911309580736763e+01
-1.250435383517678822e+01
-1.084999588532203596e+01
-9.727482345873612601e+00
-8.639054654336048245e+00
-9.719569429432175056e+00
-1.065273570180062634e+01
-1.040041417024512427e+01
-1.061649589936267724e+01
-1.125951597685884842e+01
-1.163964815411034159e+01
-1.178910209983216717e+01
-1.095785828076260060e+01
-9.473550019274824763e+00
-1.116615362928081012e+01
-1.347188443255606138e+01
-1.416964858558105078e+01
-1.390936944581020462e+01
-1.368026191783098255e+01
-1.336105147353047506e+01
-1.364693848000445087e+01
-1.434284212065729314e+01
-1.414390904849358144e+01
-1.316044980681813570e+01
-1.128211964623014829e+01
-1.222530347225998959e+01
-1.233771853909882665e+01
-1.053842358084570563e+01
-1.016418983613373150e+01
-1.043953279716949289e+01
-1.164194754503510687e+01
-1.298723230341850687e+01
-1.345677097819204704e+01
-1.385913565961770288e+01
-1.375244107664203064e+01
-1.419601144147505778e+01
-1.345211245830753732e+01
-1.190402635225150796e+01
-1.095551118681542313e+01
-1.070417164991324377e+01
-1.144623674886223341e+01
-1.322313749638942149e+01
-1.386356038924234646e+01
-1.385634832378615933e+01
-1.428380926110672711e+01
-1.391935866026260449e+01
-1.275855137868485656e+01
-1.208464054814063537e+01
-1.180041105354646547e+01
-1.288947715925131376e+01
-1.285186709445052067e+01
-1.343826683795936106e+01
-1.388141345538990024e+01
-1.262857764998483923e+01
-1.164994585920705639e+01
-1.247349555924133035e+01
-1.367103876042171429e+01
-1.469633264526121685e+01
-1.489744920587805765e+01
-1.449542203306333299e+01
-1.404997401111619482e+01
-1.348170498022573049e+01
-1.184206664299078504e+01
-8.888909253410012923e+00
-6.908466621442402200e+00
-7.768394866268304888e+00
-9.411453500193996291e+00
-9.911169666683603552e+00
-1.013539529096846437e+01
-8.587239976567266453e+00
-5.810551446061642089e+00
-6.477532924180438911e+00
-7.847043011172465832e+00
-8.378584735378396431e+00
-9.890029988044082288e+00
-1.067474584611889377e+01
-9.905429211549806823e+00
-1.073355770243277441e+01
-1.088922225831519164e+01
-7.954494333560137243e+00
-3.681325761478975611e+00
1.767844584206333503e+00
2.827409239576764932e+00
4.279433035919562478e+00
3.990973645296231886e+00
2.249981939029957800e+00
1.799192113995941922e+00
7.788794828556533378e-01
-1.963639549061720446e+00
-6.458336623103534180e+00
-8.244104055694629452e+00
-1.009208943211150711e+01
-1.122851977286678071e+01
-1.233567296807641966e+01
-1.378320883196610147e+01
-1.405114515106090245e+01
-1.245247492778691623e+01
-1.122143648166332852e+01
-1.184532403370782383e+01
-1.123986231053211249e+01
-9.880540979352655739e+00
-1.050818360146342734e+01
-1.164485018845206277e+01
-1.297929028563464016e+01
-1.425338490895584620e+01
-1.504737435545932378e+01
-1.483035114199049076e+01
-1.366017504712363184e+01
-1.256880741644159194e+01
-1.073921917259136372e+01
-9.077335657345194875e+00
-7.314881735238102145e+00
-4.764214878296177069e+00
-5.186779089304716983e+00
-8.332350326806114538e+00
-1.062636009520153024e+01
-1.087917127971728171e+01
-1.028303503898992055e+01
-1.023669771296279229e+01
-7.165096097489416671e+00
-3.109762456350205539e+00
-4.311877136445382064e+00
-5.782686426880391473e+00
-5.528984040838234471e+00
-4.537378263272653811e+00
-4.010051495117427756e+00
-5.716870997124239295e+00
-8.067990020874487911e+00
-9.299720464173811152e+00
-1.173458350652036764e+01
-1.319288049373771443e+01
-1.221640091417435947e+01
-1.014692312232316418e+01
-7.765223535766002882e+00
-7.992179044442463187e+00
-7.530703776067349864e+00
-4.893645922404830095e+00
-3.973925970870726854e+00
-4.551079616205199407e+00
-7.498429685880712903e+00
-1.067334156340752216e+01
-9.144487520148745219e+00
-4.817519594670627292e+00
-5.285261484585026537e+00
-7.775703815712355471e+00
-8.288901366956070049e+00
-6.928451420144425832e+00
-4.828133451639343043e+00
-4.942179154392777107e+00
-8.779200214748604125e+00
-1.217341374796674280e+01
-1.348010976568994046e+01
-1.299080829662977088e+01
-1.087924504281540727e+01
-1.111193896511756840e+01
-1.120684009050597929e+01
-1.181677795336914372e+01
-1.103494941571597110e+01
-8.749648436727115453e+00
-1.118475515632494854e+01
-1.301582759288366198e+01
-1.152578261753537880e+01
-9.430805503172205562e+00
-8.231471458307222377e+00
-9.366968141971002026e+00
-1.076679087304511917e+01
-9.009877081946315869e+00
-8.971844447209319284e+00
-1.022257870716097550e+01
-9.858500464907274718e+00
-8.027133607629975742e+00
-5.475164636852042577e+00
-6.689568039387755682e+00
-1.061859292548778200e+01
-1.028076326482953284e+01
-7.989225053198750537e+00
-6.802087087752233252e+00
-3.953417701523674666e+00
-3.709672008598800197e+00
-6.769613518623314619e+00
-8.485188335859293218e+00
-8.889887630245205230e+00
-9.509976531139948008e+00
-1.116283935821117801e+01
-1.306125624006516439e+01
-1.427965797529886771e+01
-1.469426836656792723e+01
-1.422228791000638815e+01
-1.342372426908216454e+01
6.470665775920301233e-01
6.470665775920301233e-01
6.470665775920301233e-01
6.470665775920301233e-01
6.470665775920301233e-01
6.470665775920301233e-01
6.470665775920301233e-01
6.470665775920301233e-01
6.470665775920301233e-01
6.470665775920301233e-01
-1.122701233731933534e+01
-7.050456099000039778e+00
-4.606738909943631555e+00
-4.591395372471583691e+00
-6.539144003324325105e+00
-7.722018140059775604e+00
-5.239508348894668543e+00
-4.524574470912558155e+00
-4.715027237055212872e+00
-5.816504416369379982e+00
-9.427313534181294585e+00
-1.107566413643215242e+01
-1.382827341306776781e+01
-1.478858209325813000e+01
-1.478978396273685725e+01
-1.502062991030950379e+01
-1.506684005397407766e+01
-1.488795634360476328e+01
-1.356332964983292833e+01
-1.139147752750452902e+01
-8.667540331561301770e+00
-6.426879348819578119e+00
-4.417348230418922661e+00
-1.941640527128520866e+00
-1.203115259172623297e+00
-3.452791923195904111e+00
-4.172523740304847628e+00
-3.915146095401123461e+00
-6.081864603927648716e+00
-7.112312455296398106e+00
-6.602819589588410309e+00
-5.551957776586866622e+00
-2.483413539598458897e+00
-1.842088425365346824e-02
-1.541326928216991909e+00
-3.027297181928090275e+00
-3.503839978479275974e+00
-5.140357294554733336e+00
-6.602888573156467267e+00
-6.578255826620701185e+00
-4.146125225839335293e+00
-3.126092440357109759e+00
-3.166177727508622475e+00
-9.081262084155689029e-01
2.324653204584683053e+00
5.198924223880038831e+00
7.118864792028849031e+00
6.733059987682203484e+00
5.066583250148373629e+00
4.138422232958176572e+00
1.739797671743503749e+00
-2.642661393038615802e+00
-2.954665509645172605e+00
7.934880273085470614e-01
3.251370479811561243e+00
5.354512347643725079e-01
-2.453028809540227062e+00
-2.382210641927017925e+00
-5.345704088021919764e-01
-2.819435726747953619e-01
-1.446094331939481448e+00
-4.154751053872895561e+00
-3.001760164830943101e+00
-1.211758059078231475e-02
-1.674074346963805304e+00
-4.511823327730643207e+00
-6.203754819653279462e+00
-4.310342692325838776e+00
-5.002972263941389830e-01
1.628222849169452591e+00
2.398239028841225640e+00
3.847010113323581670e+00
4.680639311090097898e+00
3.614296926191079784e+00
1.187382946348227719e+00
-1.331243309498199245e+00
-3.338832107034371610e+00
-3.900088078726132501e+00
-5.231166098766834693e+00
-4.548923428529557889e+00
-2.317013649556998622e+00
-2.092889853289677582e+00
-4.508463349991821190e+00
-4.627742158205850664e+00
-5.709356619918865228e+00
-9.526471277920830261e+00
-9.753254424069195849e+00
-8.256939057329644172e+00
-7.074427152223255355e+00
-6.679667099712810696e+00
-6.394848501543523689e+00
-4.564537156020681330e+00
-5.038424138760588811e+00
-8.678637787526637837e+00
-8.911633751905762679e+00
-6.659131939424796087e+00
-5.772046043246226610e+00
-5.986805592444941482e+00
-5.510569810360797405e+00
-4.525821305188689969e+00
-4.347015408106394752e+00
-4.964173082365323175e+00
-3.188098752140338110e+00
6.181827642545010271e-01
1.820328209643046868e+00
1.443917361504108765e+00
4.476188520630198231e-01
-1.575021319268992803e+00
-2.919333316888579333e+00
-4.633389690524352567e+00
-4.740539370111009454e+00
-2.837356512325674096e+00
-2.184310121421918272e+00
-4.778308047083268839e+00
-7.346954816371826347e+00
-8.413243338614336153e+00
-6.670352628127418804e+00
-6.776834457046802207e+00
-8.762793355773849768e+00
-7.768149705202604061e+00
-5.383993235427505297e+00
-1.580066858135550589e+00
2.252311686810708480e+00
2.670301573182271682e+00
4.208576355591173157e-01
7.192158234552648022e-01
3.128288231576277667e+00
-6.731596360342538832e-01
-6.312435500503992714e+00
-6.990813330666686198e+00
-4.776229992740578467e+00
-2.346044597140800825e+00
-2.790200805102611703e+00
-4.299576571219815513e+00
-4.704381755721310121e+00
-1.926549341242296265e+00
3.306639971539337530e+00
6.673331876516033212e+00
5.787146251371209971e+00
1.981032419014254753e+00
-2.530793142731432077e+00
-4.467317152422642046e+00
-6.616730064314237048e+00
-9.564318297612699027e+00
-1.212084821581831662e+01
-1.286123497059489829e+01
-1.187781127133883707e+01
-9.624827755647521244e+00
-7.369839268807404586e+00
-5.398761264800350013e+00
-4.387650446886840250e+00
-4.697139055863028823e+00
-5.677831980107952425e+00
-5.137876547397470794e+00
-5.811657935380788231e+00
-4.394718619418879868e+00
9.694214376166127023e-01
2.754617445323405356e+00
2.107723235758221847e+00
5.793976958734369243e-01
-1.149933931329053305e+00
-2.105059799570429213e+00
-2.691674677582803987e+00
-4.083853999062656115e+00
-4.999404818935796690e+00
-3.733189015677387701e+00
8.961278727368977154e-03
2.215730696758608342e+00
-1.931230607679028655e+00
-1.714125528214202943e+00
9.655912051194370793e-01
1.396069493187589439e+00
8.883632437676753923e-01
7.560048437784394615e-01
1.400402208902500778e+00
2.478450095906739925e+00
5.184055824672405777e+00
3.487025563123720140e+00
4.667153971595816131e+00
7.443136423036277982e+00
6.253271097361797537e+00
6.261905649210262936e+00
2.886663073767747001e+00
-2.069447789376206437e+00
-4.675802885389324537e+00
-5.548750921019930615e+00
-4.147129803964765493e+00
-2.479792524012893296e+00
-1.624530731654398319e-01
4.850976763076567111e-01
-1.460793408150732109e+00
-3.113557262253012325e+00
-1.548603733323099307e+00
-6.578069455006192445e-01
-1.527180674232308188e+00
2.343245414123224180e+00
7.251034866909713550e+00
8.504429234336273069e+00
8.772814749912400956e+00
7.173755117220907529e+00
5.691190836542316944e+00
3.152325875881192285e+00
-1.048007082452915295e+00
-4.199808849594036886e+00
-5.459136068512158602e+00
-5.601912799052608527e+00
-4.054370590310129252e+00
-1.008194531855592269e+00
-1.646246355941120842e-02
-9.571873696866697312e-01
-3.170036114931752635e+00
-5.379288045226396697e+00
-7.877844070413262401e+00
-1.079513938060866884e+01
-1.254225564592788267e+01
-1.171275960219872836e+01
-1.060749805408044644e+01
-1.060779393608921062e+01
-1.226562326443883144e+01
-1.349515571907712008e+01
-1.170192296405340393e+01
-1.006946292493942252e+01
-8.604881271174374291e+00
-4.267573475814296913e+00
-1.439894848345937062e+00
-2.213536834927912533e+00
-4.571735947763223784e+00
-6.852413459862092715e+00
-7.355097567079217136e+00
-6.392213334551104076e+00
-5.441621594312157306e+00
-2.773341829418079385e+00
-1.409110668143599643e+00
-3.885550797393180211e+00
-2.788338738008491635e+00
-7.072817331538161501e-01
1.414331052698165836e+00
3.695597023430162054e+00
2.708421935544191861e+00
1.253452225045774471e+00
1.900620786051443911e+00
3.375790148786245837e+00
8.428979539015635236e-01
-2.323030384455480046e+00
-2.033936462071769924e+00
-2.641836391642852888e+00
-2.159584088303399874e+00
4.931974922449846033e-01
4.332801664871298364e+00
5.923976506195908875e+00
6.576204434218481332e+00
8.795755147534491059e+00
1.120488627059948250e+01
1.263412130303016667e+01
1.312191113808426124e+01
1.206681805072452818e+01
1.101605619371564160e+01
9.676042800607818961e+00
5.421876316211180047e+00
2.712346413223724717e+00
6.903242317825935892e+00
9.548132488357648384e+00
9.613990529896030424e+00
7.569422928447330001e+00
3.958104287074258210e+00
2.353328617661869071e+00
1.447097841523658612e+00
2.258737522299761047e-01
-6.075596163268535271e-02
1.729841413440720510e+00
2.960257348547229661e+00
5.203784272278393352e+00
8.390085991060987070e+00
8.463459795413255549e+00
5.866048936072429498e+00
3.551334733510329578e+00
3.161784223644140468e+00
3.737147025206438933e+00
2.680100954142577763e+00
1.715858593899902473e+00
1.472504845533905815e+00
3.631422898250855180e+00
6.359163223067480608e+00
4.339503591894056100e+00
5.324442925958426720e+00
6.252224804208978526e+00
5.351620759533684435e+00
6.215825801419873287e+00
4.043360829185862926e+00
3.578749570154927895e+00
5.783934645036032052e+00
4.904790457628206646e+00
3.648528310218123849e+00
4.524648619953116402e+00
5.002648084024888142e+00
4.119627243837956421e+00
2.992019865323733985e+00
4.317206747441230341e+00
5.360163139783952424e+00
4.989917324071724281e+00
4.531117768769092002e+00
5.597943621477539544e+00
5.963349140498734435e+00
1.761827944692418768e+00
-1.342707214629885293e+00
-5.286543848584500660e-01
3.427113548228583273e+00
7.220702003237396305e+00
6.500504580049747183e+00
8.463864652151190882e+00
1.081787087043037765e+01
1.172520822191911094e+01
1.179373548658924520e+01
1.080452086385454891e+01
9.652752088487316584e+00
9.676228744904049606e+00
9.875782211406571420e+00
1.090898922426472772e+01
1.310999415376872612e+01
1.357621408874898528e+01
1.064698303462371598e+01
6.755133563297833099e+00
5.920465553472840092e+00
7.921155216327817605e+00
6.100048727510730906e+00
3.727139238057985526e+00
5.287146920328402722e+00
1.736295441857572897e+00
-4.531133504607927076e-01
2.017062520279567117e+00
6.213446776075945088e+00
9.625691757771162926e+00
1.202776842542665925e+01
1.308541665522011144e+01
1.139866506080892528e+01
9.283257823120637298e+00
1.049388446162520161e+01
1.177881202946146466e+01
1.341255347974549750e+01
1.492144467184986745e+01
1.355155959362797624e+01
9.722247558748762231e+00
9.673518928787920856e+00
1.046191102799664030e+01
8.732536755659269900e+00
6.746477478112230308e+00
5.088023158720032413e+00
5.646928834694018740e+00
7.448953597146223515e+00
8.126221794145344290e+00
4.473153321038828345e+00
4.305150369927654985e+00
6.720740164280738504e+00
5.857865420720928640e+00
5.673992426780919196e+00
3.835479195454470247e+00
5.674211699049464208e+00
5.932016218504355898e+00
1.302946545973646231e+00
-3.568083596594596174e-01
-1.543158823077733555e+00
-8.096161501702597851e-02
3.441304562874425876e+00
2.456362613338564094e-01
8.610236255479497558e-02
1.690759991432998488e+00
1.648548513315061026e+00
2.005487126705341794e+00
1.701395087611326795e-01
-2.499881059421049212e+00
-5.566809410157669724e+00
-5.207654202331365667e+00
-2.140982878013546475e+00
-2.383828276260241630e+00
-3.135590086734461046e+00
8.421052733103244758e-01
5.531969731840996829e+00
5.724790613456444355e+00
2.860801459495279975e+00
1.514868198428936275e+00
5.762789969852213368e+00
8.163803994008457465e+00
7.755721112826792663e+00
9.244726242028928453e+00
1.132165769599591698e+01
1.106516582881969768e+01
9.120828238925723142e+00
8.911885216839854351e+00
8.338835803517236300e+00
6.319834002297840314e+00
4.720588777423088800e+00
3.392737192340824937e+00
2.966691791925032629e+00
3.443517339294142054e+00
6.021804688166207065e+00
8.199762285654797367e+00
1.043697840536847643e+01
1.078176311064810378e+01
8.283577577386454394e+00
6.285579478640959117e+00
4.797951679262681068e+00
5.630670446445958710e+00
6.934710939309672639e+00
7.984328694450391062e+00
8.695159559296911311e+00
7.108819923001727048e+00
5.389415324589568179e+00
4.339047959125955423e+00
4.557697943445901068e+00
4.788855215773224039e+00
5.945522928682003716e+00
3.460451871707699745e+00
-7.618365269274810503e-01
-4.769677824520590637e-01
1.155430237962063122e+00
3.396804665459546846e-01
-4.294518693654828745e+00
-5.137952517046247003e+00
-3.950588902375749001e+00
-4.423416916286139755e-01
8.960540348398913224e+00
1.283207882940683042e+01
1.258125861310922922e+01
1.334624898477119714e+01
1.431629081975557405e+01
1.343402611475785768e+01
1.330708700802069089e+01
1.409901097078627963e+01
1.277865735275254444e+01
1.030277212087472805e+01
9.647684767608415868e+00
1.019181808346673535e+01
1.125632360442872049e+01
1.048767410553536905e+01
9.614143151417271937e+00
1.127478893086394862e+01
1.110388053211367776e+01
8.956764002100479516e+00
5.725976202891761346e+00
3.705501666608248534e+00
3.466646766988671136e+00
4.762282470574939808e+00
7.373854346493471823e+00
7.873316279320749622e+00
8.880136042037678479e+00
1.035273159187466696e+01
1.104274981627845520e+01
1.249298654636384676e+01
1.247719818497849076e+01
1.042570608407498689e+01
5.838432421432774078e+00
3.523021656978877481e+00
4.805025419320764435e+00
5.218146294120793449e+00
3.771994629644803254e+00
1.419421680487308546e+00
2.845303426188158791e-01
5.104023528689814217e-03
-1.237952914163431561e+00
-1.770988341663556120e+00
-1.438591547616404898e-01
4.636303380984093891e+00
8.668440035934084520e+00
9.418839136208816853e+00
9.376660328227471197e+00
7.102799528394506900e+00
5.639241506663256409e+00
4.103529634601963849e+00
2.715979600287215412e+00
5.533816163059316118e+00
8.754548138809248314e+00
1.034956680359936243e+01
1.061510239303659553e+01
1.200735190957523635e+01
1.354982491167680969e+01
1.489543770358041819e+01
1.623876222265523595e+01
1.612434102905355360e+01
1.436977687005662041e+01
1.333539986382870168e+01
1.306359406077048568e+01
1.132119256259218787e+01
1.019279306580834010e+01
8.615889954709949450e+00
8.834292574895361128e+00
1.308610342265796689e+01
1.325082474330205429e+01
1.187482769433805352e+01
1.181456741950208134e+01
1.046774452958757884e+01
1.002270387283128805e+01
1.119938739236242498e+01
1.139797830871232520e+01
1.042720126901865818e+01
1.121346873183814274e+01
1.380514401549663539e+01
1.396283657225342623e+01
1.445117536446430329e+01
1.576595154113260655e+01
1.547630131220839367e+01
1.409252042817055894e+01
1.211784063482168428e+01
1.107944202083579377e+01
9.944234030772394206e+00
9.269668560407236413e+00
1.168773016024140432e+01
1.099152307006105289e+01
8.883168633176149243e+00
8.433895052993561237e+00
6.589119407057922650e+00
3.777711870739395295e+00
2.032955284155955500e+00
4.745221059657195539e+00
5.475714401481043048e+00
5.132233518378329862e+00
8.640868664164983670e+00
9.947910050839235296e+00
1.009166959277160025e+01
9.560407744263510921e+00
7.421780275714601416e+00
7.723500987540686147e+00
9.025107187516759666e+00
1.019901367608855658e+01
1.067021288248184518e+01
1.112281701029423253e+01
1.301666238672888021e+01
1.345266704052256834e+01
1.373045048447659866e+01
1.298620237907943142e+01
1.079589533536733192e+01
9.250296631831618654e+00
8.513763929325234514e+00
6.823035996000514025e+00
5.924275557850847029e+00
6.869480189172143092e+00
6.010007888410022758e+00
6.287163984572789133e+00
5.006132192181209639e+00
1.436813584077634154e+00
1.716382265589038170e+00
3.909964491674794207e+00
5.665323884775789409e+00
8.380143653752842425e+00
1.074057942371721985e+01
1.283623559909731249e+01
1.431301520655897797e+01
1.301423262395138281e+01
1.297404101536613652e+01
1.347077476182705702e+01
1.228415028366061179e+01
1.285165784802636502e+01
1.298617203917828355e+01
1.176892954978410977e+01
1.040392735805995805e+01
7.930333095383274689e+00
5.500328394318526826e+00
4.825159753971234089e+00
7.643769703352190525e+00
8.759654789521100327e+00
9.428542354130120984e+00
1.090176627210096605e+01
1.170204287305261026e+01
1.368675916795527137e+01
1.573728384173505113e+01
1.646129141279230268e+01
1.683142377290970870e+01
1.704856143981150396e+01
1.592591476263396366e+01
1.339883082218588761e+01
1.171418480290814479e+01
1.143748613437991146e+01
1.225018964959112999e+01
1.205510067005615404e+01
1.030385869974498725e+01
9.301235905611907384e+00
7.511737071827220724e+00
5.320805797045944807e+00
7.026616329408418515e+00
1.118774564319606135e+01
1.403833867019770310e+01
1.451576687511615482e+01
1.549397653891782944e+01
1.645361794296556468e+01
1.633250200308375355e+01
1.559251025622207898e+01
1.335021802077007358e+01
1.098806117632895862e+01
1.192969641426341632e+01
1.251328256892362667e+01
1.212699415280020254e+01
1.308770308413003036e+01
1.233489291331880011e+01
1.176118483962615180e+01
1.263775285867914810e+01
1.413284364581703301e+01
1.498711900322368074e+01
1.631031230336290250e+01
1.725990552818770851e+01
1.742568441587956229e+01
1.672295290588295202e+01
1.506633146973382331e+01
1.313215824367324913e+01
1.059271246793149146e+01
7.132101329875381701e+00
6.231345293736578306e+00
7.629739431799705152e+00
9.858130827554832720e+00
8.314231873579172927e+00
7.332322881316398089e+00
8.936570927463700187e+00
1.088236306891248084e+01
1.274612062849296201e+01
1.432339021200956886e+01
1.535472546162512408e+01
1.464699419689639193e+01
1.383704555113348356e+01
1.476184570650929651e+01
1.350939676640766862e+01
1.067708033797259226e+01
9.204735501439975209e+00
7.992892520205043816e+00
7.357124606715600201e+00
9.552470528262935190e+00
9.475203070526482918e+00
6.925564026415187868e+00
6.102635126815495248e+00
3.593186716021218974e+00
4.626357886160374910e+00
5.804003553059147613e+00
6.422748848054451010e+00
1.120071754333701897e+01
1.464867585684261719e+01
1.558363184035968629e+01
1.594377003575094953e+01
1.591906197133835654e+01
1.550879874902132727e+01
1.446094793621777264e+01
1.483901262428915935e+01
1.414139142659687742e+01
1.339488616592745274e+01
1.447909106841957794e+01
1.499604877697946037e+01
1.574200624812899640e+01
1.492154280795895538e+01
1.363018041862392238e+01
1.514291072401482374e+01
1.666301412079990030e+01
1.624268025163662443e+01
1.662176048749313395e+01
1.731405618085323894e+01
1.633698073911150672e+01
1.323912658383516394e+01
1.043466295062573757e+01
1.011138960541136278e+01
1.086756926531155187e+01
1.175966195722120489e+01
1.035045774719086609e+01
8.212899433814241590e+00
8.847366249040652164e+00
1.066390834651158848e+01
1.289317042212964814e+01
1.430211349948408461e+01
1.444320104116983039e+01
1.526928337783247791e+01
1.477269781603110133e+01
1.200129500280242922e+01
1.077497347955260487e+01
1.018921104786385889e+01
1.118044896188728465e+01
1.317292216812757211e+01
1.401832291203158043e+01
1.355855221065039906e+01
1.074278026074047254e+01
7.247165073052112660e+00
1.015219988126904838e+01
1.104793430213162431e+01
8.716221773164708253e+00
9.814531103031574943e+00
1.006304278611549385e+01
1.013121350520324881e+01
1.100753005920032557e+01
1.227040825501800292e+01
1.237411199576406062e+01
1.113687655600852899e+01
1.248280585020094868e+01
1.285469883726732654e+01
1.250042947647159508e+01
1.351497656062055519e+01
1.504786956109350804e+01
1.526102561109298961e+01
1.491449825381704564e+01
1.515829335767339892e+01
1.586130136765737753e+01
1.677994242957139548e+01
1.733885433270166843e+01
1.678866171599986501e+01
1.622126355726424052e+01
1.621976353990676145e+01
1.563336906529190173e+01
1.545602023122362567e+01
1.458130527906607377e+01
1.224275704742783510e+01
9.838433715649083311e+00
9.978656587788909960e+00
9.939206319053427663e+00
1.035379239504406357e+01
1.149748882282272788e+01
1.094711634951407220e+01
1.107459802838843110e+01
1.174335091437223788e+01
1.263298745259395339e+01
1.309627781845224881e+01
1.455723668534264803e+01
1.471675054132440863e+01
1.392746031889692837e+01
1.256691487077501002e+01
1.017810420532971527e+01
8.234498830252018564e+00
6.498528984974187850e+00
8.139232652995888273e+00
1.113760526624147040e+01
1.351918744515570303e+01
1.471112758753023009e+01
1.580046643430108055e+01
1.673438285223398836e+01
1.679575858449575776e+01
1.717705053118332970e+01
1.688471825579504326e+01
1.505949905134593259e+01
1.249032083175946362e+01
1.385759280845771180e+01
1.602799437800344506e+01
1.589066259301177375e+01
1.517384141155533150e+01
1.492337551055754297e+01
1.424735597850889768e+01
1.509038069578249619e+01
1.534197621465687966e+01
1.396851832159771511e+01
1.331345499565226476e+01
1.365151767010513417e+01
1.236220564956219370e+01
1.137504740776042134e+01
1.082827550812339545e+01
1.224052422620482794e+01
1.415418555515761767e+01
1.575946221738242947e+01
1.588086353206860935e+01
1.511647677901054365e+01
1.584123979951339400e+01
1.498948580843265077e+01
1.051436549627832839e+01
8.976000890904595408e+00
1.081457549750540714e+01
1.302010211934624984e+01
1.440026189264905021e+01
1.438954294553713531e+01
1.317595189653179588e+01
1.177597213626678574e+01
1.274086619288096678e+01
1.533466562994878402e+01
1.580139312135593066e+01
1.552145540126206136e+01
1.597020096472471806e+01
1.662855417902659028e+01
1.688224536579825852e+01
1.675313775994347409e+01
1.717605012007134135e+01
1.685516854236667328e+01
1.562150758368900227e+01
1.606360840611812080e+01
1.623544586361366271e+01
1.668157881344995275e+01
1.707274984676673668e+01
1.745642198453022687e+01
1.735858773420075707e+01
1.721281724551939618e+01
1.750054965313713851e+01
1.715803371649947096e+01
1.611330090346304544e+01
1.655132032206089221e+01
1.630544501410573233e+01
1.569709363111240030e+01
1.539076516827720376e+01
1.590179546858347059e+01
1.670265534966681997e+01
1.709862036351768211e+01
1.689620320167524525e+01
1.550843260889962494e+01
1.493567993708348318e+01
1.526930631342749756e+01
1.477241773320927187e+01
1.471027062620272297e+01
1.519731979984386427e+01
1.563178261714224071e+01
1.514251196251916731e+01
1.524717620399898799e+01
1.677706635743448516e+01
1.746224927947700323e+01
1.753561571216441806e+01
1.723330534573362982e+01
1.615573029456095711e+01
1.510514778034080052e+01
1.483723362794352418e+01
1.452661622578556333e+01
1.379767165099782567e+01
1.413628664907582255e+01
1.492642580743183700e+01
1.474856432250799543e+01
1.449292070456704984e+01
1.455653250550132505e+01
1.354651067758443439e+01
1.265025043322036957e+01
1.241209964576015956e+01
1.322079377062381056e+01
1.515951744875304108e+01
1.666653515656583195e+01
1.655114236367515801e+01
1.566793558179057122e+01
1.507820235867459324e+01
1.474708744628723522e+01
1.299350225235374445e+01
1.223951863910152404e+01
1.413022145261829543e+01
1.450799803094647977e+01
1.189263832800580722e+01
9.949493852876846844e+00
1.035447201463514055e+01
8.125693275244454838e+00
9.586374512103992274e+00
1.533327020119284789e+01
1.698616445596777424e+01
1.663761828102790830e+01
1.525202401311261724e+01
1.491881305806765035e+01
1.470399082324419737e+01
1.438529464392309443e+01
1.550089529043694547e+01
1.613221683228869452e+01
1.644761412416049140e+01
1.672478715549727113e+01
1.547126605556571199e+01
1.290292437086347732e+01
1.151490823056795598e+01
1.335545958542620681e+01
1.444336125824155381e+01
1.421846668103258260e+01
1.393380820590131286e+01
1.306835313713125579e+01
1.274533547784988130e+01
1.232386962541815301e+01
1.118781529324027524e+01
1.248907271991379275e+01
1.503493125317903711e+01
1.499758425869690548e+01
1.309181015449732932e+01
1.279998008144608690e+01
1.460031806979181468e+01
1.523292674831324867e+01
1.471582434892769875e+01
1.555235979854745487e+01
1.614025877446357882e+01
1.533939785199818040e+01
1.620889520547514806e+01
1.717685946360219518e+01
1.663290894610982207e+01
1.651667440787350927e+01
1.648478079060210533e+01
1.514474174902123416e+01
1.507484762506232023e+01
1.568408511564342156e+01
1.620586459440824001e+01
1.567074582589551035e+01
1.333591022819035565e+01
1.073006306639844176e+01
9.559597487844756714e+00
9.489554617692553151e+00
9.602442989838278820e+00
9.247343616129535704e+00
9.561646132489640237e+00
9.364469587388089877e+00
7.886005709091097771e+00
8.210063410475040513e+00
9.787795515872888430e+00
1.278120874100046400e+01
1.522082024269569800e+01
1.543344743433948274e+01
1.511939502458804974e+01
1.511597156021875143e+01
1.501398093389822108e+01
1.421440043444773771e+01
1.355239586303785337e+01
1.396217809373734120e+01
1.363336974411941682e+01
1.334176741604482963e+01
1.197294445019795184e+01
8.700656930307424375e+00
9.791680891205656323e+00
1.050872659027351652e+01
1.116833375497108349e+01
1.312902747562535133e+01
1.468137359020774646e+01
1.631278985460070885e+01
1.651657004603451284e+01
1.610626730538271190e+01
1.528695453544098015e+01
1.501798182803695880e+01
1.485522882343015816e+01
1.500078407065245578e+01
1.562256505122518924e+01
1.535259852681585535e+01
1.464071960279654228e+01
1.481045493689493497e+01
1.532062524836974227e+01
1.446300130593525068e+01
1.189470298826227435e+01
1.089724474766782869e+01
1.150652465256864154e+01
1.282136673723412379e+01
1.320283507438155546e+01
1.289062670757876283e+01
1.166894349304724798e+01
9.836060905646748509e+00
8.735719437665748544e+00
8.230018473993697015e+00
1.060213487551200373e+01
1.247593370740878349e+01
1.215757290754485886e+01
1.072644037731049060e+01
8.813380219244036695e+00
1.125659642921934278e+01
1.164427142913646307e+01
9.933086027716344191e+00
1.146623117237478162e+01
1.345988141260241910e+01
1.304660297801753011e+01
1.196130737010754075e+01
1.365277961518261485e+01
1.431880002257500450e+01
1.477286800573279280e+01
1.563582432722492399e+01
1.473613745592006730e+01
1.432020820250632376e+01
1.557799040203273755e+01
1.610143635061740142e+01
1.456116875661160037e+01
1.184585842674406742e+01
1.241767052612989453e+01
1.344585030840220163e+01
1.294786419318955772e+01
1.066534887434171885e+01
1.025523185414872707e+01
1.238440189952201997e+01
1.163282653739931050e+01
8.580915095265122972e+00
5.734928147759427830e+00
7.883137304314598914e+00
9.694292857739123193e+00
7.300721898432251500e+00
5.043329206466887982e+00
4.409306696242609291e+00
6.998527620914925862e+00
1.040367979354089734e+01
1.202535300990172651e+01
1.152711891488418949e+01
8.766818267459088432e+00
8.115624533131102325e+00
6.531746686740221186e+00
3.585734522369541821e+00
2.633491626713218459e+00
4.047865873722047425e+00
6.761647076441996695e+00
5.915604452742611485e+00
5.123360484545448124e+00
5.175919366646174247e+00
4.524529559588935435e+00
4.849786792726225038e+00
6.126112906868407926e+00
4.494882697032346996e+00
1.963480977051120124e+00
4.435472206985482835e+00
6.709403201599286604e+00
9.171445466799072577e+00
1.145336610050216564e+01
1.046189507854904477e+01
9.833012108772019033e+00
9.689269129018512672e+00
9.495034796903636831e+00
8.694105592991235198e+00
9.261095607423468934e+00
1.165234763484200009e+01
1.353167295122768543e+01
1.502786457577344414e+01
1.473954319729331353e+01
1.422555267564930581e+01
1.459803377705735983e+01
1.410019570134802613e+01
1.245221508460038784e+01
1.244834477402586792e+01
1.387566430902641379e+01
1.551643725750164293e+01
1.557352928815965676e+01
1.465457641951334544e+01
1.383569931948362530e+01
1.290798935499364752e+01
1.271647678063299480e+01
1.333479075608525832e+01
1.457924246630546428e+01
1.544080754129953981e+01
1.533282685092320641e+01
1.519982187718148658e+01
1.465741852779004617e+01
1.405666979147907902e+01
1.353126449444672019e+01
1.215299525630661925e+01
1.143317932720165686e+01
1.151295457427490199e+01
1.060259093717299095e+01
9.157584269792620191e+00
9.689705072073184766e+00
6.470665775920301233e-01
6.470665775920301233e-01
6.470665775920301233e-01
6.470665775920292351e-01
6.470665775920292351e-01
