-1.007681070462443707e+01
-1.043090238864712838e+01
-1.017595879457333830e+01
-1.086545151738025794e+01
-1.139661514259606712e+01
-1.177492749240988879e+01
-1.060263792732558308e+01
-9.754330722245711627e+00
-1.009871764925039983e+01
-1.056723893025631789e+01
-1.152889819870661370e+01
-1.205635899233903707e+01
-1.222326348152045128e+01
-1.058409198023040432e+01
-7.552905628075012423e+00
-7.091537964626307478e+00
-7.473853826404776690e+00
-9.590326277041590686e+00
6.470665775920301233e-01
6.470665775920301233e-01
6.470665775920301233e-01
6.470665775920301233e-01
6.470665775920301233e-01
6.470665775920301233e-01
6.470665775920301233e-01
6.470665775920301233e-01
6.470665775920301233e-01
6.470665775920301233e-01
-1.096606145791043296e+01
-1.081584711866403126e+01
-1.080111801571517027e+01
-9.771269106212075783e+00
-8.068512632834428544e+00
-7.421370518018205686e+00
-7.627099224623773210e+00
-7.726204455965698159e+00
-8.699885546654270385e+00
-1.096686166070438695e+01
-1.181998540497449568e+01
-1.246986242843611947e+01
-1.311820031518799823e+01
-1.253388576820907829e+01
-1.129066308485318260e+01
-1.003480217312076839e+01
-8.768448637138247292e+00
-7.479891221938130386e+00
-6.555519876749793085e+00
-6.658211671069354409e+00
-7.873444436158880677e+00
-9.849341057317769099e+00
-1.060917527071171662e+01
-1.037560356335567135e+01
-9.176608915376601061e+00
-7.362011275346381112e+00
-7.564939150567563608e+00
-7.666684956709304721e+00
-6.427790678350582709e+00
-5.800690434336342349e+00
-6.177236525179921500e+00
-6.981546728100255450e+00
-8.035636946976906003e+00
-7.839040003582391059e+00
-6.182634893489006522e+00
-5.312828218796300739e+00
-7.163589097272385686e+00
-9.266823172859368185e+00
-1.064057785536331124e+01
-1.157572161404716304e+01
-1.159556143361834479e+01
-1.052907177907473546e+01
-8.105489700499584060e+00
-5.171229233489418320e+00
-4.463528864746615810e+00
-6.114616201340857593e+00
-7.923178598545085549e+00
-9.103741836869380322e+00
-8.989098277465966902e+00
-8.475492757870959792e+00
-8.720843665796017774e+00
-8.529994733714586275e+00
-8.870931583702953205e+00
-8.687419631141599652e+00
-7.169180634528237839e+00
-5.490591908982116465e+00
-3.823986867992989147e+00
-2.567430880388002379e+00
-1.359010194408891925e+00
-2.907859157113976245e+00
-6.829138957943681199e+00
-9.822330666687522083e+00
-1.200003755744523737e+01
-1.201662750127590051e+01
-1.296010513127409425e+01
-1.326714044088334177e+01
-1.226692136538874855e+01
-1.156322620610846386e+01
-1.157929296806936037e+01
-1.254815097493749221e+01
-1.219057913696454420e+01
-1.052094229098143074e+01
-9.708612251216431233e+00
-9.099837457130371732e+00
-1.002120761222295364e+01
-1.193580180652097589e+01
-1.231326846168100353e+01
-1.144667302649477669e+01
-1.057783167133844948e+01
-1.004459940655944550e+01
-9.907474901702933323e+00
-9.658334653910022993e+00
-7.951957049746869899e+00
-5.638421438362387406e+00
-5.778010614320780114e+00
-5.703953848804844462e+00
-3.296047305049045750e+00
-4.677057608183461390e+00
-5.747356635166256389e+00
-4.755192389196863267e+00
-6.792917160503586516e+00
-9.479577089630415898e+00
-8.205523798587959661e+00
-5.890334481806934086e+00
-6.210082467826871344e+00
-6.337015084390804631e+00
-5.847464574290732742e+00
-6.502617898629282855e+00
-8.756843781637892121e+00
-1.085731266542337181e+01
-1.126705299920836900e+01
-8.954521926236330032e+00
-6.973801118823978129e+00
-7.726908738558963208e+00
-9.093398678249318579e+00
-9.843603422134005854e+00
-9.430468196490409127e+00
-9.118599558882234390e+00
-9.554350027232306530e+00
-1.057888864659236461e+01
-1.205535566341009890e+01
-1.196108604481684345e+01
-1.144126284921572356e+01
-1.240596131234202559e+01
-1.389952922997424345e+01
-1.423071403477723607e+01
-1.267259683949090920e+01
-7.722829809934356859e+00
-4.907718791990403062e+00
-8.274427682175199195e+00
-9.231547647055664996e+00
-8.308867058090585900e+00
-8.506242290471517364e+00
-1.032385579241843132e+01
-1.105620793833874416e+01
-1.065246730008416520e+01
-1.211977926827942831e+01
-1.266020098830803597e+01
-1.157177838608460974e+01
-9.595507835273707542e+00
-9.344274561639579701e+00
-9.671969187352406294e+00
-9.694328395742894955e+00
-1.188572847186149239e+01
-1.387526654147257155e+01
-1.317143115504117468e+01
-9.958792789076522212e+00
-6.457041678062629408e+00
-3.060593122409044131e+00
-1.405582879759843751e+00
-2.956811395926682184e+00
-3.771475645688178613e+00
-2.040815288253506665e+00
-2.512696653546390824e+00
-3.632905179001991502e+00
-5.299987162038650723e+00
-9.551519176166046066e+00
-1.210105878349421360e+01
-1.128046893391971039e+01
-1.046390369165496992e+01
-1.323962693974898386e+01
-1.454710014996063094e+01
-1.468310204885981385e+01
-1.517313372860408727e+01
-1.464047177043768500e+01
-1.302223340268538543e+01
-1.112203657206776164e+01
-1.042391731357155749e+01
-1.070999442081176767e+01
-9.453899439706212604e+00
-5.628564108744046557e+00
-2.457650065993831401e+00
-9.463772102676436537e-01
-1.121922974974538745e+00
-1.937968845976742571e+00
-2.240829036705231481e+00
-4.605908545569286083e+00
-5.238991771774611728e+00
-2.861526833206580189e+00
-2.651960881797671643e+00
-2.928619051684355767e+00
-4.507371893879316693e-01
1.206227676020671824e+00
1.786024630291557225e+00
4.162304582211862503e+00
-9.532859884396462924e-01
-8.866270280211134391e+00
-1.107759370048716896e+01
-1.055388928302853557e+01
-1.076326558933075184e+01
-1.115880575926200180e+01
-1.233414436977150075e+01
-1.347804368338800707e+01
-1.159390361867528263e+01
-1.030990362519081671e+01
-1.051778506332469831e+01
-9.520919545048345256e+00
-1.040933470261806626e+01
-1.168139450447728223e+01
-1.327584055970956634e+01
-1.374211494979652670e+01
-1.270990977522312981e+01
-1.104621969848049901e+01
-7.838944404752433925e+00
-5.495509786362978488e+00
-6.203140541212420978e+00
-6.566772593980566342e+00
-5.491889323944612933e+00
-3.828775276707045538e+00
-3.143291078431675878e+00
-5.416876022248579226e+00
-9.481385636722940546e+00
-1.249108616377070646e+01
-1.339271601735614858e+01
-1.221572066806634460e+01
-1.113345026017130301e+01
-9.827726962855873438e+00
-8.640882691176612340e+00
-6.580891696024684379e+00
-4.727741292017997310e+00
-6.026955065908801146e+00
-6.649244840777157606e+00
-4.524300414155795202e+00
-5.686938232753432132e+00
-1.078495082762313473e+01
-1.261280870054971714e+01
-1.237930127875856812e+01
-1.171338573231635927e+01
-1.046467705523000724e+01
-7.422843317623536663e+00
-3.814418224286062031e+00
-3.394005769231380309e+00
-2.129993112796176646e+00
-2.474078872349136482e+00
-4.756186691819030088e+00
-6.050498322121860006e+00
-6.290530434217720845e+00
-5.454893764772958065e+00
-5.888047600895554012e+00
-7.070491288009883135e+00
-3.969203997525883487e+00
-2.740132166059269014e+00
-7.337499852109865550e+00
-1.131836784937096674e+01
-1.299222591386813264e+01
-1.277017876990669443e+01
-9.356979767277632476e+00
-7.227344619002067816e+00
-5.678778849919132732e+00
-2.391421871691295831e+00
-3.038000660178467260e+00
-6.831251202579357695e+00
-7.822804804189262384e+00
-7.980365276243760242e+00
-9.789224144354562895e+00
-1.029506323873594553e+01
-7.456567369343927609e+00
-3.683989816898634917e+00
-2.178602904209145485e+00
-4.408366515080536230e-02
2.462710143938103613e+00
1.545614907334887711e+00
-4.354646366145687453e-01
-1.579520332166732599e+00
-4.053357248275211155e+00
-5.890807984008827880e+00
-4.220109903617220937e+00
-3.858350860023913587e+00
-7.257429924818619149e+00
-6.480168715315056893e+00
-5.659727446911512416e+00
-4.952886264244863668e+00
-3.860753293401822717e+00
-3.509439484517968388e+00
-3.745035333942003941e+00
-7.187687629400747902e+00
-1.057103308010771769e+01
-1.097184076566284539e+01
-1.124347710036154524e+01
-1.098454596344100942e+01
-1.015202730956059263e+01
-1.182301379162543498e+01
-1.031883940184357584e+01
-8.952554658130702947e+00
-9.491477702991026888e+00
-8.804370971389323230e+00
-8.423731029369736945e+00
-4.367886457826176461e+00
-8.065813556936513029e-01
-3.735574528313618803e+00
-4.627744729529901235e+00
-2.136375421820481790e+00
2.204063897774410918e-01
-5.118037587084679485e-01
-8.647405455649359585e-01
9.380190659097900063e-01
-9.194896523436715263e-01
-2.610764211693677339e+00
5.465477881280580430e-01
2.640253416522075458e+00
2.843973688990192317e-01
-2.636984656870781762e+00
-1.475776752875331610e+00
2.223699709462964247e+00
-8.996076514047987027e-01
-5.822841237536700909e+00
-8.645217899909058090e+00
-1.031269048976331781e+01
-1.053784118542154502e+01
-1.100965626474461878e+01
-9.705986023130193985e+00
-6.558014388847914766e+00
-5.535125935469807246e+00
-5.131558784902774839e+00
-2.319529256054086552e+00
-1.573119975565061113e+00
-4.485955122079519519e+00
-8.496758896863370936e+00
-9.783860064321185490e+00
-8.665294121868189592e+00
-6.373722785460073759e+00
-6.903743943348296774e+00
-1.077289445518366051e+01
-1.327670843281952529e+01
-1.222137860643282359e+01
-9.294379895638769540e+00
-6.536705751602839953e+00
-3.980859775134553136e+00
-4.491809674110215589e+00
-7.154188235858542910e+00
-5.401308587441879361e+00
2.553533854765975275e-01
1.744659646982229972e+00
1.314314619939620954e+00
2.870241942027173643e+00
2.384690477416873122e+00
-7.995521737646511529e-01
-3.546465038892065103e+00
-6.278625975735316445e+00
-7.281814608607602324e+00
-9.122795051264603217e+00
-1.091799890117893668e+01
-1.170306089732112476e+01
-1.205261204997754376e+01
-9.337541215267661343e+00
-6.724338813653221614e+00
-6.815252773387141971e+00
-7.489741518532200715e+00
-6.058465343326840724e+00
-3.210985033934845134e+00
8.255648465741489972e-02
1.548776402213023706e+00
1.801975078173465583e+00
8.910508424869825195e-01
-2.447735124724739197e+00
-4.582157100967702235e+00
-4.584076895994060763e+00
-4.812037966781016252e+00
-5.772946105171189224e+00
-1.024518274600308665e+01
-1.300946471465102938e+01
-1.323343768383896446e+01
-1.219386360718199391e+01
-9.074451962586469023e+00
-8.576826505585861682e+00
-9.988829268382172444e+00
-1.077977426868409871e+01
-1.037222364095381444e+01
-7.861005004655796213e+00
-5.011447977813946686e+00
-4.268592263726304736e+00
-6.357553845855579588e+00
-9.075462084749460701e+00
-9.766974791583059812e+00
-8.197841084286819680e+00
-5.482746006777091452e+00
-3.984285604871289355e+00
-1.584347632326112976e+00
9.973987821034879797e-01
1.445656926050543634e+00
9.554532722976259995e-01
-9.303938189804384917e-01
-4.477470405886108118e+00
-5.591285239645639393e+00
-5.404654884157339190e+00
-5.857715186249216721e+00
-7.864758396098483040e+00
-9.310809433468099527e+00
-8.124996042586056788e+00
-7.888689919813351104e+00
-7.843847740444966021e+00
-9.817050729920012486e+00
-8.920542103263551681e+00
-6.413406524754091897e+00
-8.903435061387327210e+00
-1.098154069847420011e+01
-1.170664783331775283e+01
-1.088129439396766607e+01
-8.632357596868244443e+00
-6.460402115551484137e+00
-5.556284717608317436e+00
-6.310549600697662243e+00
-8.242082636775089455e+00
-1.075741475998387742e+01
-1.211719632625210963e+01
-1.171862979086120937e+01
-9.435469401076604257e+00
-7.241574349014634926e+00
-4.552050741892331942e+00
-6.557225831978900743e+00
-6.405059094462070668e+00
-2.091618276130951415e+00
-1.530101762249151731e+00
-3.863393613162201756e+00
-4.408680626136485259e+00
-3.879296324796040807e+00
-3.832704508083239592e+00
-5.964482447054034964e+00
-9.050349858600698738e+00
-1.032134140236625264e+01
-9.650452076365329646e+00
-5.234525365036840405e+00
-6.372807753408098463e+00
-9.132565945450867417e+00
-8.046814100281993731e+00
-6.483339678348384538e+00
-5.172419482779154087e+00
-3.337184946473770619e+00
-4.877937685213177055e+00
-7.162285434913718163e+00
-8.936792292855468389e+00
-9.383661915545241428e+00
-9.204032342312377324e+00
-9.449060349304623685e+00
-1.083945760605722874e+01
-1.322635122614716074e+01
-1.412997483146354938e+01
-1.185605621781502705e+01
-9.986141361677089989e+00
-9.717073612660257709e+00
-7.662861123292273646e+00
-8.885635645788152459e+00
-1.058543317117716853e+01
-1.016203847817213024e+01
-7.167956887163351887e+00
-6.195890756935894750e+00
-5.996341153366823384e+00
-5.550000606919964774e+00
-3.018496802935246581e+00
-5.295909117978383485e-01
-2.253041837692017602e+00
-6.552622249298353907e+00
-8.148137388494888000e+00
-7.574831539325778351e+00
-9.352333101746548749e+00
-1.103749225975853498e+01
-1.028442502041372819e+01
-9.422063328077369349e+00
-1.009020808796515034e+01
-1.296761377864053877e+01
-1.533061722632328205e+01
-1.592238744807815110e+01
-1.577730106355347317e+01
-1.415545321439506310e+01
-1.283275725851884630e+01
-1.238438396801064201e+01
-1.172715041193309027e+01
-1.227027765291944661e+01
-1.215668720019905891e+01
-1.001898090510606210e+01
-7.854837951559766829e+00
-6.416694228111992970e+00
-4.848332754449106829e+00
-3.620743465170611852e+00
-5.361429561021076040e+00
-8.109813087014311250e+00
-9.343383279429419375e+00
-1.075768364341660011e+01
-9.791346199734617173e+00
-8.914812225049448813e+00
-8.163372190113673099e+00
-5.937419664837861433e+00
-5.735705005214988716e+00
-6.012859221211556360e+00
-4.577295771022371618e+00
-1.332331611563959406e+00
-1.400964185442253429e+00
-2.619479639367527035e+00
-3.044703816331797430e+00
-6.251983674690014814e-01
2.256852537182615137e+00
1.490825720042861180e+00
-2.839787977511318395e+00
-6.542040811296741865e+00
-8.434415040944056585e+00
-9.275206827050649139e+00
-8.362203681303816083e+00
-7.687101130931677240e+00
-9.272620217187371949e+00
-1.121245485606912240e+01
-1.246177415293246327e+01
-1.398595487531446935e+01
-1.329559710771454739e+01
-9.351707457431210457e+00
-1.051206458790864673e+01
-1.301926857983900732e+01
-1.300346285984236339e+01
-1.111183381884951515e+01
-1.037608099873371081e+01
-1.174594830683904334e+01
-1.170257567704676305e+01
-9.980410955501550774e+00
-6.141800412085554939e+00
-4.698871767913113118e+00
-6.011080397665018005e+00
-8.915686588567394821e+00
-1.259540219425082519e+01
-1.458836752804122128e+01
-1.608189258131875832e+01
-1.651490743767224956e+01
-1.608568317658846780e+01
-1.541383148083243704e+01
-1.397365902195872067e+01
-1.345550580807810093e+01
-1.290829724260104783e+01
-1.463253070129088229e+01
-1.605879862469958042e+01
-1.535265345476044452e+01
-1.480474021709560795e+01
-1.544970968365363895e+01
-1.610673041369494385e+01
-1.577964987817691700e+01
-1.462590047076973576e+01
-1.391855418211452644e+01
-1.419555701713516527e+01
-1.478539012902352567e+01
-1.574146710340946420e+01
-1.632820213501965867e+01
-1.574881658714138588e+01
-1.565282500128184573e+01
-1.529384296669768517e+01
-1.468597489759402031e+01
-1.474625027645839026e+01
-1.560501400467932598e+01
-1.559857489958974952e+01
-1.571730974897791633e+01
-1.583192016436213478e+01
-1.516183721406846274e+01
-1.438645977367685092e+01
-1.434275903947677477e+01
-1.538901319592648953e+01
-1.528004268852693315e+01
-1.486225945550216387e+01
-1.524151762081193340e+01
-1.461999123021884550e+01
-1.405481652425890715e+01
-1.482039392943426215e+01
-1.537966791100322439e+01
-1.563004936131725664e+01
-1.619196120471195499e+01
-1.616711215266025903e+01
-1.541943762112094873e+01
-1.500189808884259257e+01
-1.534491094208061313e+01
-1.578322985199937101e+01
-1.574344721293482863e+01
-1.484247701032736799e+01
-1.421219653998033827e+01
-1.394455237313098372e+01
-1.337929123842066126e+01
-1.386986349522337747e+01
-1.335284318124874048e+01
-1.198678164877715524e+01
-1.090956945785850252e+01
-1.164543061085417719e+01
-1.194798246056100588e+01
-1.233465882782651590e+01
-1.291569255424866469e+01
-1.401631847804972431e+01
-1.408998770754094387e+01
-1.320450148424463954e+01
-1.212119685413921744e+01
-1.349567793912152425e+01
-1.538373397919274410e+01
-1.548134938515940817e+01
-1.516500162591863443e+01
-1.490644231279597598e+01
-1.547816953114900151e+01
-1.616160805259077904e+01
-1.568809770215819910e+01
-1.387784646438632308e+01
-1.294798344238921395e+01
-1.342307893330476176e+01
-1.252302032734182191e+01
-1.330225356512768187e+01
-1.449419218130642584e+01
-1.526655180470045536e+01
-1.614003792412952976e+01
-1.644823247158365831e+01
-1.634922546075231153e+01
-1.631591275300974786e+01
-1.608581345551175446e+01
-1.575909925862371708e+01
-1.522479211582478698e+01
-1.458195741831979930e+01
-1.519496900869652833e+01
-1.593523262387616590e+01
-1.601114545161576785e+01
-1.588544722886780214e+01
-1.536000324803747574e+01
-1.494821812226834190e+01
-1.461288992983455515e+01
-1.451972876800298273e+01
-1.352286289025917299e+01
-1.421996774624919624e+01
-1.462712711164891211e+01
-1.535027844377285611e+01
-1.584241900780095591e+01
-1.565567458391641686e+01
-1.504423110774935957e+01
-1.514557525822050899e+01
-1.477304656668184002e+01
-1.395075729461493275e+01
-1.479448592427331377e+01
-1.554114660618039068e+01
-1.598753012806659690e+01
-1.566418331410600473e+01
-1.379985949692083835e+01
-1.203537472465387026e+01
-1.188030794921511202e+01
-1.176317570628069120e+01
-1.226420601755288686e+01
-1.139594351522187843e+01
-9.633897719696323136e+00
-9.587658766440664948e+00
-1.000064672959205581e+01
-1.204458543170063933e+01
-1.077362718062924252e+01
-6.743710952632717692e+00
-7.342808081177878421e+00
-9.013806435453115995e+00
-9.994156777127898295e+00
-1.148207649210261749e+01
-1.129974310803411974e+01
-9.242758450632974743e+00
-1.014916238390405034e+01
-1.300439209952117103e+01
-1.378658253942838208e+01
-1.381921071434142867e+01
-1.498769220300399851e+01
-1.569534276649730486e+01
-1.612206596479182252e+01
-1.633735834118027341e+01
-1.613067268319099057e+01
-1.506506574038164459e+01
-1.443951186764027739e+01
-1.421930927454436677e+01
-1.480772774089732202e+01
-1.442987835398434449e+01
-1.161786578479265053e+01
-9.514016900826350209e+00
-1.166103736344536479e+01
-1.225647347228961337e+01
-1.197768374159588589e+01
-1.340258673130206191e+01
-1.491968280739970432e+01
-1.628356118964034849e+01
-1.620722090796489923e+01
-1.598799928153114713e+01
-1.480629406108124968e+01
-1.303380474126379163e+01
-1.252070511021254973e+01
-1.293112986095184169e+01
-1.301912381452812717e+01
-1.310915069706163294e+01
-1.371410770970220661e+01
-1.456996983181330130e+01
-1.402741554976595317e+01
-1.297334124153965718e+01
-1.199192981286209658e+01
-1.241403932611102157e+01
-1.392541200780812893e+01
-1.444659603248643265e+01
-1.289621341451607250e+01
-1.068546693406722881e+01
-1.131713751623544972e+01
-1.121450111791878790e+01
-1.196666150375634174e+01
-1.281112621968942200e+01
-1.239257932042860766e+01
-1.301747115186092429e+01
-1.285579785328480007e+01
-1.377804017811780923e+01
-1.488741033278707349e+01
-1.303539318592010332e+01
-1.180653414140797430e+01
-1.379432359268110453e+01
-1.537581126132393550e+01
-1.603134796162830256e+01
-1.604985266857451975e+01
-1.601874110339179680e+01
-1.635332411750872694e+01
-1.620427402292549601e+01
-1.598530318154789320e+01
-1.561767202821397227e+01
-1.357390603761303005e+01
-1.228046599569453434e+01
-1.391828710434399063e+01
-1.552390277170755262e+01
-1.583738473239015221e+01
-1.486238660581734905e+01
-1.293001009898892129e+01
-1.212169277356010255e+01
-1.156742887187060198e+01
-1.038138599910420012e+01
-1.067111974001054620e+01
-1.215994629459961196e+01
-1.323091899506535363e+01
-1.336559620582657004e+01
-1.423500883847196263e+01
-1.470567577409916815e+01
-1.544791804604309071e+01
-1.620989977870523546e+01
-1.624988863098950631e+01
-1.570965297300360497e+01
-1.464021308443329694e+01
-1.302662425656726342e+01
-1.080371765768131276e+01
-9.089430464337278082e+00
-8.666595427123382933e+00
-9.758137468978407725e+00
-1.169928471425617644e+01
-1.348779108095821222e+01
-1.405657849928563330e+01
-1.319179147970178967e+01
-1.162850591103343412e+01
-1.118308711315644821e+01
-1.007478922985222347e+01
-7.549658991668152908e+00
-4.810510568879234228e+00
-3.654579459929034879e+00
-5.170554513666090202e+00
-6.325692722194840023e+00
-4.538480715068526905e+00
-2.220547755729883388e+00
-2.609277141046743687e+00
-6.066546915289234398e+00
-6.934499968518206714e+00
-6.950859952444055523e+00
-7.022530356262563167e+00
-8.385114430846336120e+00
-9.842516531847746108e+00
-1.092062550111364594e+01
-1.292319627652801906e+01
-1.421832009442657707e+01
-1.508524617284864355e+01
-1.533485264444512808e+01
-1.459113962738791059e+01
-1.311111479909250477e+01
-1.416234503337427242e+01
-1.540190425517354633e+01
-1.609057868407564840e+01
-1.602157006196980049e+01
-1.468530568394105806e+01
-1.312032973453498030e+01
-1.121553336604082496e+01
-1.155777770066693044e+01
-1.391770850683897365e+01
-1.557426563065113356e+01
-1.617301942364351675e+01
-1.606705536211271124e+01
-1.493093343253728023e+01
-1.380771339061500669e+01
-1.348279083480049856e+01
-1.314772118753397656e+01
-1.341230043009020179e+01
-1.320658652961143709e+01
-1.163002072617654292e+01
-1.100638695027967273e+01
-9.973366707338501058e+00
-8.648648482613703337e+00
-7.903566354542808092e+00
-7.294958131224302811e+00
-9.508338375119549823e+00
-1.125016631033153480e+01
-1.216037943029577661e+01
-1.371871437630517043e+01
-1.338304707341399613e+01
-1.138480494838324475e+01
-1.052232188690162218e+01
-1.329290584707241329e+01
-1.486700631898170677e+01
-1.540486886054125115e+01
-1.554742349006470192e+01
-1.464794444048538580e+01
-1.426926873705345500e+01
-1.409269804803180648e+01
-1.348674987452795371e+01
-1.371496747651682924e+01
-1.315498962786400305e+01
-1.078985855568232921e+01
-1.020524023659966950e+01
-9.195543642000259865e+00
-8.556271481847087301e+00
-1.154465503149678796e+01
-1.278137785541404270e+01
-1.195128790492195492e+01
-1.055627659092208681e+01
-8.279991015125053977e+00
-7.752927260963784484e+00
-7.626725517653017761e+00
-8.206749571799747400e+00
-7.956756134798506075e+00
-5.663680518106660067e+00
-3.298713872693986637e+00
-3.905045266760658329e+00
-5.864369591751126265e+00
-8.888594531911589769e+00
-1.114508041674498529e+01
-9.950722338871617723e+00
-9.637886827796371847e+00
-1.174658017715693781e+01
-1.335116253722632607e+01
-1.462807646263261852e+01
-1.331776077609721476e+01
-1.186572254953651395e+01
-1.152689181728743328e+01
-1.035941849554930272e+01
-1.036997749336818941e+01
-1.191107568925902349e+01
-1.360980139466621708e+01
-1.482634771207919044e+01
-1.474334449086654963e+01
-1.336852493696911282e+01
-1.184450832889913663e+01
-1.160743195167606423e+01
-1.174205150595925851e+01
-1.235586217475347581e+01
-1.408504392863943622e+01
-1.510420396490371608e+01
-1.509537560292372227e+01
-1.393221028180361998e+01
-1.241555275363337252e+01
-1.193129316227371284e+01
-1.015370634087525303e+01
-8.593636770605881381e+00
-8.809096183499688593e+00
-6.557179518192348233e+00
-3.402742067192277009e+00
-2.668026550091415761e+00
-3.279033004556562769e+00
-2.939874388450971487e+00
-2.985275910388731635e+00
-5.865739918553867227e+00
-8.148330453488622283e+00
-9.602253612878575595e+00
-1.000677212607738475e+01
-1.035304234205145768e+01
-1.109664504914963246e+01
-1.183483711609479450e+01
-1.097194561245530942e+01
-7.803007105890109152e+00
-7.589590980966478106e+00
-1.028030191130843285e+01
-1.370075644472014531e+01
-1.452193353107726459e+01
-1.169846100844004333e+01
-5.969842791275667082e+00
-4.775587052674429067e+00
-7.284336857711993574e+00
-6.571491354377968719e+00
-5.666475735905797784e+00
-5.524545401411026901e+00
-6.643059208365634127e+00
-5.819487697695654660e+00
-3.949413641477378611e+00
-2.807746546400321730e+00
-1.706809827554636616e+00
-3.675018837553368556e+00
-4.060035929617271222e+00
-6.014037909614495803e+00
-7.425993496983381625e+00
-8.242634119187876252e+00
-1.022704857549141799e+01
-1.246566313105554613e+01
-1.384422377291361173e+01
-1.348768132783703955e+01
-1.182933071097958333e+01
-9.223426842174795581e+00
-6.259954933454739745e+00
-6.037013620077446241e+00
-6.982236545592722443e+00
-6.003571799399654907e+00
-7.771505578271110437e+00
-9.359414833808225254e+00
-8.546627185866231713e+00
-7.711060078345177260e+00
-7.704310063481166537e+00
-6.277829087950335563e+00
-4.575380488205739837e+00
-5.212999108432435413e+00
-4.081211091093850385e+00
-7.255050163457006374e-01
1.020560048337513237e+00
-2.327207560483340598e-01
-3.251592008277681245e+00
-4.589705224879573109e+00
-4.081114505619328092e+00
-5.329512508450728880e+00
-8.435021334933505699e+00
-8.920698983133792836e+00
-8.842283937795931692e+00
-9.287391932316863219e+00
-8.122686027405800147e+00
-5.927836559207410261e+00
-4.537899471763488179e+00
-4.765878222971497102e+00
-6.034294837320053340e+00
-8.039524612177070040e+00
-7.801850399945272407e+00
-8.084138870655785070e+00
-7.107958917711030722e+00
-2.427488232894121634e+00
6.169449864981507888e-03
4.207089880470739618e-01
4.816026241665934404e-01
1.203618187761165137e+00
-4.107660416261659231e-01
-4.246303010942024336e+00
-2.826450433393381534e+00
7.266070091703720202e-01
8.074964656399501450e-01
-1.391580297741321415e+00
-2.569904687060955428e-01
-9.814711400019564547e-01
-4.570407262202716758e+00
-5.048151931773454670e+00
-4.065746429328969569e+00
-2.334808336210290935e+00
5.349678659862846727e-03
2.203196559280892419e+00
3.770435435347368358e+00
3.590971318873967366e+00
2.148830979741142677e+00
3.624488716400320776e+00
4.382284922308376629e+00
2.391291350741048483e+00
-5.914562975596062561e-02
-2.595096462337064924e+00
-6.423931266422351349e+00
-8.861593457968920617e+00
-1.020256070187546626e+01
-1.108478460364035278e+01
-8.968282125983316533e+00
-5.999098784452728594e+00
-3.270947085720773639e+00
-3.697806448034917537e+00
-5.966016990183407032e+00
-6.219973086992312439e+00
-7.882503035581594375e+00
-1.013947634709958834e+01
-1.000835344946705163e+01
-1.094026848059736956e+01
-1.268279682852182333e+01
-1.392984792101938041e+01
-1.245502232419701549e+01
-4.291175087985120484e+00
3.355470397669993776e+00
5.240781274772781551e+00
4.217437972541689284e+00
1.297161193351946684e+00
-2.754829740186258702e-01
-2.526814512133837010e-01
6.731752275171417610e-01
2.526738849404277509e-01
-1.518653382166020305e-01
6.241152250214715425e-01
-1.414573168374340995e+00
-4.563248653019499557e+00
-5.287942917244082608e+00
-5.293273172564937568e+00
-7.334254316941342999e+00
-8.810001764502699118e+00
-8.785313131858663027e+00
-7.897878076483095811e+00
-6.335220204468698491e+00
-4.944583778329613821e+00
-4.528414700863856446e+00
-4.111441802391300193e+00
-2.732052543704989844e+00
-1.091876773509021126e+00
1.664692890088460109e+00
4.418613215083022183e+00
4.679537383580668397e+00
3.525307573249741200e+00
2.626769816439356475e+00
-8.863247790219597189e-01
-3.278112190972796824e+00
-2.178450394327998918e+00
9.881685078019428747e-01
5.179594181389585827e+00
4.593843453941103050e+00
1.021196572385306478e+00
-2.725807308053499245e+00
-2.228318292070953444e+00
-4.726876804575125268e-01
-2.123752696445167842e+00
-4.792332278452089867e+00
-7.593228045057471398e+00
-6.684487454126449180e+00
-4.504421929424771598e+00
-6.586720233493341681e+00
-5.618042543399551114e+00
-4.297117623008725573e+00
-4.632841621356354800e+00
-2.314983855747765773e+00
-2.685250861844704851e+00
-2.403992073919578587e+00
-3.638018798774554696e+00
-7.834051693230796864e+00
-8.212342722090124170e+00
-5.876726588202565438e+00
-6.607289920288939022e+00
-9.337189537983380916e+00
-9.132255152917437613e+00
-7.171011296199013785e+00
-4.690411764557822494e+00
-9.608346596061742018e-01
-3.744902614424086007e-01
-3.236876545459906662e+00
-5.309814155099212840e+00
-3.976419679202424007e+00
-1.065511435790949646e+00
-1.764949520681371231e+00
-4.331472610519006672e+00
-4.463510438358937904e+00
-3.736368857080712313e+00
-1.420948841958557640e+00
-3.440885470741362334e-02
-2.320426754281418036e-01
-2.157259419842523229e-01
-1.083366470918282420e+00
1.186437731849328214e+00
2.913653073538569505e+00
3.478772333542930362e+00
5.739077255231820551e+00
5.919700675734877571e+00
4.576597878162704802e+00
1.149728627013988147e+00
-3.330598516018648425e+00
-5.319650958498436388e+00
-4.473468725924836242e+00
-3.547493274694706322e+00
-2.190332722684766864e+00
-5.385747735392905078e-01
-1.622066249887886280e-01
-1.507494144831038385e+00
-3.528330434287653805e+00
-2.388351834817727060e+00
1.101788909639033420e+00
4.939426060909921645e+00
6.941933498612603337e+00
5.305132545003893085e+00
4.410718942157678235e+00
2.398326107621071568e+00
-3.165970957877801695e-01
-3.336414827036100039e+00
-6.384937215148851486e+00
-5.311793130351242453e+00
-5.623937354706229463e+00
-5.161461744465209556e+00
-2.408128318514343835e+00
-4.675142295687351179e+00
-7.670567394181606602e+00
-6.114209753119723700e+00
-3.679125325708001437e+00
-3.959515512275399995e+00
-6.134643768248008833e+00
-8.103615616749719308e+00
-9.302842738920675814e+00
-1.021836201788414655e+01
-1.027216761865508055e+01
-7.630766797034230109e+00
-3.765577763793905408e+00
-3.597464111083688465e+00
-4.146953679314925978e+00
-4.945759494815010981e+00
-6.126092931492075344e+00
-5.323665789903348156e+00
-5.454904087056443585e-01
4.504841889915991437e+00
3.859573194669393637e+00
4.522367044979355377e+00
4.210749587850435738e+00
1.533855140968594766e+00
-2.339646726841857483e+00
-8.150278107017490115e+00
-1.379147863233009907e+01
-1.634311500966786568e+01
-1.589859611331690914e+01
-1.502899160221920560e+01
-1.596613593254339847e+01
-1.571546801898951351e+01
-1.443145504139057067e+01
-1.325965002666095138e+01
-1.081699372813202054e+01
-5.648285007835710303e+00
-1.214331640078371688e+00
-1.345497471198542794e+00
-1.990336689458735708e-01
2.330624110579855746e+00
3.459910560426122661e+00
1.158634956584435161e+00
-1.318019158931014179e+00
-3.486383769442461755e+00
-3.022503709831398044e+00
1.839313235569460803e+00
5.011108497969838815e+00
8.036095084412538725e+00
1.146743735141564358e+01
1.262314304710665702e+01
1.184491609897981057e+01
1.313269388145477556e+01
1.411754325591374304e+01
1.425048712926335348e+01
1.404640259404201252e+01
1.077742997280924264e+01
5.588287572106977130e+00
2.474689110629547883e+00
7.402725268640751588e-02
-1.394035674318526041e+00
2.642754185528351396e+00
5.619352970954282434e+00
3.992126829389277098e+00
3.652268762687795434e+00
4.042965022718082224e+00
4.334440351659659463e+00
2.990867024790280659e+00
2.795012394446287018e+00
4.578153290493393257e+00
3.911929730246548775e+00
2.740436992571984032e+00
2.148981773784708338e-01
1.870302193006116998e+00
3.897575817575031021e+00
2.023900040676397172e+00
1.813974325759521999e-01
4.450534114431806687e-01
-9.055427801762410134e-01
-5.018189323464889995e+00
-4.930600124535266637e+00
-3.303796813975938385e+00
-5.264819217568657450e+00
-9.359514959438271831e+00
-1.215221497359403102e+01
-9.743602139436188025e+00
-3.395507241474070348e+00
4.153639964282571206e+00
1.055433189795844662e+01
1.008369780449056563e+01
6.927508881819210096e+00
8.010031804411575251e+00
7.446263930799359443e+00
6.770534084859161972e+00
5.419477464438687164e+00
1.779669022731923844e+00
2.588480636753647257e+00
2.793385458429630486e+00
3.284154074247111588e+00
5.240315889483981415e+00
7.698848940481978431e+00
8.877570171231511154e+00
9.007929693057480591e+00
8.274483581111839570e+00
2.433282721798855519e+00
-3.400794388717566452e+00
-6.113396490941776840e+00
-4.682113811792692815e+00
-1.605744346105260956e+00
-3.921594555574462460e-01
3.032150303794864943e+00
6.899423454722877658e+00
6.357294421430658815e+00
8.004860496630855637e-01
-3.572932416125243371e+00
-3.341031470283759575e+00
-3.781661288588626046e+00
-4.580981198154704614e+00
-4.622870463894550142e+00
-2.783344172006087192e+00
-8.740782337064683105e-01
-1.500185699843551879e+00
-3.060007470129335605e+00
-5.272287353316149172e+00
-7.478253155717080602e+00
-7.247858372042039754e+00
-3.331768735962276295e+00
2.658069040704159391e+00
3.643443284910311775e+00
3.519373017821766592e+00
1.463300277351855971e+00
-8.621003860113269912e-01
-9.840025413221722417e-01
-3.494053500339627139e+00
-2.783597910767065642e+00
-1.047686138837973457e+00
-2.601707482821957740e-01
4.359898016860563330e-01
6.417340190043353543e-01
2.524137920887459807e-01
-1.467504444211731762e+00
-2.182661265542787721e+00
-2.682740570755806075e+00
-4.476864079717534750e+00
-6.113574465829373139e+00
-5.210153859323960468e+00
-1.652638247084704748e+00
1.080971876261411335e+00
1.866539531441468336e+00
3.856213655775882376e+00
5.805501589380357430e+00
7.863150019994903595e+00
1.007459936737177308e+01
8.926706153148145972e+00
6.445518389280588067e+00
5.190700118955404285e+00
5.154612456573008039e+00
6.759787526584442041e+00
5.566236501994358044e+00
4.694988944287914912e+00
4.420982647593050707e+00
2.915307725042728837e+00
4.604366221687183014e+00
4.020982095937639222e+00
8.674132270072407724e-01
-1.175151073910919858e-01
7.358942322851708129e-01
1.362093114730922094e+00
4.167694027311369176e+00
8.753257115352278461e+00
1.209833804200658491e+01
1.265123859609561308e+01
1.228403424578106140e+01
1.134750836495874893e+01
9.493314932152777885e+00
8.535299715555323630e+00
9.530500672230404646e+00
1.177679584539347957e+01
1.405367422283294232e+01
1.397709934899113371e+01
1.139970419069019414e+01
8.246256327733744840e+00
5.434458457926205632e+00
2.507749201645962156e+00
1.308494422156760706e+00
5.091714163327297982e+00
1.076569469708402060e+01
1.482818145040247337e+01
1.657272244732406818e+01
1.363940789787317875e+01
9.874483136100684177e+00
9.624041157196280949e+00
1.176462837638095671e+01
1.312156802365174357e+01
1.162018916168235094e+01
9.633202791448844948e+00
7.262422733300264888e+00
8.092836459232488622e+00
9.395996797558511915e+00
1.087293243113508545e+01
9.863528074405792267e+00
7.139174616072975432e+00
1.077337941151783340e+01
1.044493835268361082e+01
1.003825094352228220e+01
1.104480359155525449e+01
6.640739876126048102e+00
7.299067637923702945e-01
1.581965330372654965e-01
2.566111998994216603e-01
-1.743262591743729883e+00
2.016034205605545804e+00
5.259088215392694998e+00
3.887453926831669904e+00
4.404274598402432517e+00
5.808891937803774219e+00
4.779632736392639636e+00
2.190246944688770903e+00
1.690421450489760780e+00
3.961375069075792066e+00
5.895706612863098606e+00
8.858670962900747625e+00
1.071990251943799244e+01
1.075981366568128017e+01
1.020903304758296315e+01
8.500596859297079533e+00
6.860758062326490325e+00
9.218064675199615365e+00
1.141599403721829731e+01
1.250493527805826766e+01
1.062107262487122306e+01
7.935220634837793163e+00
8.410414900526019366e+00
9.251131847034764988e+00
9.466196485280562456e+00
8.535411452015724265e+00
8.168186815425865888e+00
9.049448617413183626e+00
6.487293885589857645e+00
3.081493537603588351e+00
5.777447058045861006e+00
9.520422338061884204e+00
9.405977351315604196e+00
1.043208703896737433e+01
1.287168174151285349e+01
1.138876996733205260e+01
8.136993259813445789e+00
4.758717862155116052e+00
3.244445242402814067e+00
3.299497071138333126e+00
-1.712028651069462670e-01
-4.163520736266655753e+00
-4.393083356507657022e+00
-2.193824200991177698e+00
-9.989228393724829402e-01
1.601397544664059591e+00
6.076436649715534877e+00
7.927891972866119019e+00
8.197230988869712576e+00
1.026635562175163052e+01
1.343945428094571426e+01
1.513463156017425071e+01
1.650044822564246161e+01
1.768094822053179271e+01
1.762791552920546678e+01
1.546674320139336167e+01
1.176689362016942653e+01
8.586333395085683051e+00
6.359519847700442874e+00
3.060612740645011876e+00
2.145911423334774248e+00
2.880542901225425556e+00
3.365159868398722054e+00
4.003111703108440445e+00
6.277108208284289503e+00
8.079851768863090200e+00
7.827410371333210826e+00
8.418324331634375213e+00
8.146113946617280277e+00
8.032316779193628520e+00
1.113083322429679178e+01
1.322486528895465163e+01
1.252434596287170798e+01
1.233772887930602735e+01
1.029066857743218755e+01
5.352073877122616175e+00
2.289599258810989468e+00
1.679488402165517424e+00
3.367252154168936862e+00
7.170413398851695597e+00
9.752016196162250239e+00
9.923813911791279807e+00
1.111810731139958719e+01
1.230036342103568181e+01
1.250637598393269734e+01
1.037708820353185146e+01
4.633097414397759017e+00
7.649758596526917698e-01
1.624859806245963156e+00
3.562349879381322193e+00
7.003947456830609042e+00
8.325552050266987081e+00
6.998128399445049830e+00
5.767101698238604079e+00
3.240250254529594365e+00
1.074891614083482771e+00
2.576880966399921036e+00
3.794794927619139724e+00
1.904004697818574954e+00
2.168763876400353396e+00
5.157732083147723579e+00
7.992604157948387744e+00
8.944101994596048044e+00
9.126108298972507527e+00
8.907315143387114276e+00
6.166151690519964923e+00
6.779000572248969014e+00
8.582670006594353751e+00
7.810257134516822575e+00
6.642444181757905852e+00
4.416468022696058426e+00
5.610208983557798845e+00
7.329412250162949505e+00
4.175023616216024358e+00
1.185128380411755833e+00
2.217354855215055487e+00
5.762975778370571511e+00
7.047908860343119919e+00
5.459915047726241255e+00
7.032215303353352986e+00
1.139539425461249067e+01
1.426732474863883837e+01
1.525275007368669300e+01
1.477989822556101807e+01
1.292303452376648565e+01
1.260295482050673144e+01
1.410748315564508459e+01
1.606661927910337440e+01
1.832442305974169372e+01
1.905696654124923128e+01
1.862035320459045096e+01
1.800468157096685573e+01
1.669430164198298527e+01
1.470883052279638470e+01
1.492311267140411601e+01
1.656572680724598712e+01
1.807864643666136928e+01
1.874418954117202674e+01
1.856173594369881386e+01
1.724569468136439809e+01
1.747070318334584016e+01
1.873941285853757321e+01
1.893519553213601370e+01
1.871168012515996182e+01
1.880854903403231049e+01
1.875476452441842667e+01
1.898874746508255029e+01
1.893864769536089554e+01
1.776959984452041752e+01
1.591441685875947698e+01
1.460771182135829527e+01
1.341489173416164782e+01
1.317003681787088887e+01
1.417562978594437162e+01
1.480028941117832630e+01
1.478339033758323318e+01
1.400363784254340693e+01
1.228952890030831391e+01
1.021542322285533899e+01
9.073804881405756362e+00
9.267919424412840002e+00
1.178846600652234500e+01
1.560750574903596899e+01
1.615628574466533962e+01
1.529939437623847809e+01
1.484756186915479148e+01
1.562351776536295311e+01
1.629181829802531212e+01
1.551925926540953782e+01
1.422162256064800978e+01
1.215313921166750255e+01
9.097566029688289646e+00
6.355740733687175847e+00
5.585617678758719507e+00
5.239091737908590396e+00
1.006242890154424607e+01
1.637390181637404396e+01
1.807509844361336349e+01
1.844733641320317474e+01
1.799595236952673361e+01
1.809519884803804857e+01
1.890618292910645692e+01
1.855326444008462516e+01
1.844635823622953907e+01
1.944244247842565798e+01
1.977480247034052852e+01
1.959902479681771581e+01
1.904163683867970036e+01
1.854987547228933664e+01
1.835317341214292242e+01
1.841098571851181021e+01
1.868266862516629345e+01
1.859343559005965929e+01
1.868453093954406796e+01
1.741393032786146478e+01
1.645089880927070780e+01
1.812871578168181586e+01
1.871834794729583962e+01
1.852810990894710486e+01
1.855333365655732081e+01
1.714252713039228837e+01
1.495548253874050459e+01
1.283604545699939159e+01
1.301298716252937915e+01
1.511396131581249058e+01
1.589709663310667054e+01
1.674339718509117603e+01
1.465576739003146223e+01
1.304246516855833704e+01
1.217315800023554928e+01
1.071715746527358881e+01
1.190792276337789701e+01
1.511277789425048290e+01
1.694291450433692958e+01
1.656861577898235538e+01
1.676227637675317084e+01
1.738938848953740646e+01
1.859280462688730040e+01
1.928535059631129656e+01
1.911986138588719442e+01
1.889391161996059054e+01
1.919186336357953948e+01
1.887173847292170237e+01
1.810688074663862679e+01
1.685744528020061495e+01
1.676564378788036436e+01
1.852529839059204875e+01
1.862973356015312021e+01
1.884049221529652840e+01
1.911282026417564239e+01
1.902765821225483478e+01
1.886486882598173054e+01
1.906813565963396684e+01
1.953595847209843939e+01
1.955463465258661415e+01
1.917239774716930967e+01
1.923891033325229927e+01
1.881511391206222683e+01
1.807261130873476773e+01
1.723438492878560879e+01
1.750015464813997923e+01
1.758134844178417566e+01
1.662117160961284057e+01
1.723065128585279027e+01
1.622268689179741230e+01
1.733071599276118846e+01
1.896557213240375361e+01
1.934058000464229465e+01
1.935455098867058865e+01
1.826493370555089868e+01
1.736492308340865875e+01
1.733839978879819199e+01
1.670079503947975752e+01
1.614759676906418662e+01
1.575225786831135899e+01
1.509603704568416660e+01
1.475107720676891709e+01
1.644041728959609472e+01
1.808511671237775786e+01
1.702736389264416061e+01
1.415212648708893539e+01
1.409415765890235051e+01
1.536683114515770221e+01
1.552369816169746564e+01
1.423095319388544766e+01
1.320114236691459020e+01
1.413585035243454691e+01
1.401792762475267828e+01
1.627374934100813064e+01
1.815480842268530282e+01
1.910841160333681898e+01
1.850639517629388209e+01
1.822014520677380744e+01
1.789849054022190700e+01
1.726866641330533980e+01
1.773476581968489896e+01
1.870854335001417112e+01
1.908010930688244500e+01
1.912101692950296439e+01
1.895308364441707738e+01
1.902142161741848625e+01
1.803607312649549499e+01
1.698789476198801651e+01
1.701075769892716494e+01
1.653331732025795731e+01
1.746435140784719309e+01
1.879750139375134665e+01
1.925755182661763598e+01
1.901471257276405069e+01
1.847197168178474769e+01
1.746239776744910088e+01
1.762922380050922655e+01
1.867644826784243151e+01
1.812815465650203706e+01
1.714273491151995188e+01
1.797797237990784680e+01
1.913005660145791254e+01
1.920586256680147130e+01
1.903459308578225873e+01
1.892226945725937526e+01
1.805470918269996616e+01
1.672368365128009771e+01
1.561531052533321429e+01
1.524394324110365595e+01
1.550458290623059909e+01
1.520699753561084044e+01
1.512760677277576171e+01
1.387751315064945601e+01
1.331229336695736620e+01
1.362277211689919554e+01
1.222486667680793104e+01
1.286301563884368626e+01
1.203729659206857328e+01
1.025355449573293676e+01
1.047162149370305606e+01
1.094959844461924625e+01
1.271450019503566686e+01
1.476119177137221250e+01
1.705301748832778230e+01
1.751711072733492713e+01
1.716223853232290608e+01
1.543655542727223029e+01
1.295868157662614628e+01
1.229718961221659868e+01
1.324699968113053572e+01
1.558268442116955121e+01
1.603751532976934158e+01
1.596800913282378254e+01
1.699207539011876378e+01
1.726525062273309530e+01
1.643580285216636483e+01
1.493096647747745287e+01
1.447454036691539514e+01
1.655803546414049876e+01
1.711661277280520821e+01
1.658771217325079661e+01
1.538425585688176689e+01
1.405614296994226109e+01
1.460494098480948999e+01
1.525325585630576164e+01
1.257666640980300699e+01
9.383706289708118931e+00
8.244986623585555563e+00
7.532798408327909812e+00
1.099093697431499628e+01
1.289475689648434376e+01
1.380466517501487900e+01
1.621270953524110681e+01
1.759209870279410737e+01
1.780317959170805864e+01
1.688519313048778869e+01
1.488034418857295549e+01
1.341038968367679018e+01
1.470354868857886821e+01
1.408518976378455356e+01
1.381647190598480179e+01
1.633258724652664284e+01
1.684392442639568443e+01
1.699012737341105250e+01
1.832843710866472975e+01
1.859946668052477037e+01
1.684356295230353240e+01
1.408384856138792607e+01
1.385600284103301405e+01
1.523424213202965838e+01
1.607259060191796962e+01
1.628087955229311845e+01
1.574138742141307645e+01
1.498540732741574821e+01
1.568715161988058249e+01
1.646101775099327824e+01
1.726198493435961723e+01
1.765103906941440215e+01
1.803220869302201379e+01
1.910725454252814259e+01
1.926562952169183163e+01
1.835723355584609706e+01
1.614087699885286042e+01
1.297855756477432188e+01
1.135721787540885508e+01
1.211229622761562119e+01
1.131254581688003924e+01
8.886233347517086045e+00
8.074986113307270230e+00
1.047596464941812577e+01
1.419328297417649409e+01
1.580904765201882789e+01
1.662107105247540417e+01
1.769475727506682716e+01
1.862729571829815001e+01
1.923136276619398188e+01
1.918230973436943287e+01
1.805340101228420124e+01
1.603671981347260456e+01
1.432552473998979004e+01
1.402002663413766470e+01
1.397406600581284586e+01
1.226079436530382871e+01
1.004331643765812032e+01
8.742150629548861573e+00
1.078066352355491198e+01
1.170629552462480483e+01
1.062710871037899807e+01
1.271686657666543141e+01
1.407713126463727349e+01
1.346060243896552144e+01
1.104012828754264675e+01
9.188622817560510470e+00
7.786005891628887454e+00
7.117233686187954156e+00
7.681012226417212041e+00
8.728998379275864750e+00
1.150043441983638637e+01
1.131439090196969133e+01
8.575638361412433852e+00
8.994580089783006827e+00
1.286758831754041488e+01
1.635729396770368638e+01
1.758863835137582754e+01
1.745860884595680318e+01
1.752229259192903044e+01
1.688887406696453652e+01
1.437983325216754338e+01
1.461609385639188119e+01
1.545114610314189285e+01
1.580527501550434799e+01
1.621324806367261928e+01
1.531996666045688826e+01
1.643869452054727631e+01
1.737188903624417335e+01
1.623882347259184655e+01
1.634270341160273432e+01
1.648572456633120709e+01
1.485215670889776440e+01
1.395074248268112527e+01
1.528213665340933680e+01
1.709822195416264279e+01
1.788303523452525212e+01
1.739680184515173877e+01
1.698995632632159314e+01
1.741035507280522410e+01
1.697490718119689390e+01
1.592017413774214418e+01
1.462135120390098919e+01
1.329972922824417658e+01
1.333315936091515042e+01
1.399437799066132371e+01
1.519602084446724177e+01
1.673932557173768387e+01
1.772477020481478505e+01
1.842156312505786175e+01
1.894597159403028641e+01
1.921803395122653768e+01
1.896622926243833263e+01
1.816440022566115786e+01
1.750115463664437243e+01
1.652663394085567816e+01
1.770872713749565719e+01
1.868655284561733154e+01
1.778853189098730780e+01
1.684931397248375262e+01
1.729425893453234053e+01
1.817125550646096244e+01
1.797625616266359216e+01
1.663234039506590634e+01
1.655136617620286899e+01
1.805119586909805207e+01
1.877159607745349490e+01
1.797943423391873452e+01
1.683495455983612032e+01
1.605407998192378827e+01
1.536723103477580210e+01
1.567038505730860898e+01
1.708712143569722386e+01
1.825967772311154746e+01
1.880046659204473158e+01
1.900886260571153130e+01
1.871591736733769551e+01
1.752620929945264905e+01
1.595805755397153369e+01
1.645998818911404271e+01
1.614701370798305646e+01
1.520774621159616835e+01
1.520263187017717499e+01
1.689933416093763441e+01
1.769050956915388184e+01
1.697065677866896038e+01
1.577155551757833329e+01
1.482946795446487798e+01
1.338839258399570831e+01
1.102106811144541076e+01
8.817846325772874749e+00
8.887031080225670010e+00
9.744450173013227356e+00
1.174098835608443814e+01
1.360605471510227282e+01
1.363178975581944208e+01
1.456989785637208001e+01
1.647639700665012086e+01
1.688782701646853468e+01
1.635216674531217507e+01
1.448453350847614018e+01
1.176898328584916698e+01
1.240009440886475112e+01
1.362791087115851774e+01
1.423981391709890687e+01
1.552010113477595254e+01
1.706213226023747964e+01
1.729430424866160365e+01
1.719362620305674128e+01
1.769077895005062828e+01
1.717787147879256437e+01
1.590054680939396903e+01
1.461667720775104762e+01
1.367676352105596571e+01
1.447558935352273046e+01
1.557245087657725691e+01
1.562161837841027001e+01
1.438347351943716212e+01
1.205856860726819946e+01
1.063670303158082042e+01
1.079784851920745581e+01
1.118202371396474959e+01
1.180724519472816958e+01
1.340824914558122138e+01
1.471425953530818020e+01
1.425494028783407430e+01
1.475844666768726121e+01
1.592524947362422161e+01
1.586883318997450587e+01
1.425200517653689936e+01
1.269108629922495446e+01
1.282379776160492035e+01
1.240773128072101450e+01
1.168966336527258321e+01
1.125456636623830597e+01
1.177038043590099647e+01
1.399031324297191148e+01
1.501075391240334511e+01
1.417653138703059312e+01
1.436285123020324583e+01
1.582005458884475679e+01
1.689019202197662750e+01
1.677666530390147770e+01
1.572184638038027416e+01
1.413397892080935492e+01
1.168908614390157119e+01
9.244198046835247595e+00
8.659764826983096242e+00
8.053210099346191697e+00
7.509424025565030192e+00
7.220179346274676391e+00
5.705482129420144766e+00
4.148253400980108196e+00
3.688985134078976547e+00
4.869201940391525874e+00
5.352954621299730320e+00
5.129577209088725276e+00
6.085635523782985778e+00
8.738061825554378714e+00
1.139820198953307973e+01
1.235963612125870981e+01
1.319037712367061488e+01
1.311348365994908960e+01
1.184705761687450121e+01
1.130673344531293623e+01
1.164662128915313133e+01
1.105637422489753874e+01
1.078216056055422278e+01
1.368549792266058773e+01
1.611542940671951030e+01
1.640066234639306231e+01
1.576598869925391178e+01
1.548443705308217488e+01
1.490239745689643946e+01
1.464199866216079116e+01
1.496768324960963525e+01
1.476593226403423387e+01
1.455671404350611731e+01
1.413490976068762173e+01
1.459330727202527278e+01
1.495001377591130165e+01
1.274891351199793199e+01
1.015266918531664331e+01
9.739662928177356349e+00
1.032863115972508972e+01
1.000525483441048813e+01
8.418379614186365600e+00
8.607448013396936659e+00
1.028295030179415726e+01
1.225066048632150917e+01
1.250187023415027454e+01
1.126717810901805095e+01
1.181372660686478504e+01
1.184113756145946361e+01
1.015021847469518512e+01
1.081700331897859790e+01
1.226521112477758813e+01
1.159632487679835577e+01
1.005506724243152306e+01
9.772290799713434950e+00
1.032158491481668960e+01
1.061497545192847269e+01
1.115937674339287611e+01
1.027821307705118237e+01
8.533086376752315516e+00
7.639561914808560950e+00
7.361534846560955359e+00
7.293508042047886164e+00
5.994807560705940119e+00
6.999413699315343074e+00
8.195596322139559575e+00
9.630772391352595108e+00
1.169383966670089237e+01
1.059094218017677136e+01
9.250288376138323443e+00
8.166710651584709879e+00
8.953657741176071383e+00
1.154459109462399624e+01
1.183995067581294336e+01
1.069795038640791063e+01
9.262453190089869892e+00
9.137857897565506704e+00
9.029025397887787463e+00
7.853582100695418511e+00
8.238603382538986608e+00
1.045491064034105300e+01
1.204918855217974993e+01
1.292158475916164484e+01
1.267712653839389425e+01
1.272321419466262249e+01
1.314202620735759197e+01
1.146888561831190501e+01
1.028838605998409328e+01
9.911112478696374239e+00
9.286860491299632869e+00
1.053236581607602851e+01
1.187263227832236723e+01
1.301844650499220357e+01
1.401241130119626987e+01
1.330184529969226936e+01
