-7.405214100724855086e+00
-4.290996348464577004e+00
-5.162767315321426409e+00
-6.904215386968770574e+00
-8.422223591769762763e+00
-6.745936759156148099e+00
-5.773328823441301161e+00
-7.626511931738984451e+00
-9.128759628429243378e+00
-1.029900471165034226e+01
-1.158831222885503287e+01
-1.246983037210488376e+01
-1.241527039305943525e+01
-1.104185630959138287e+01
-1.085341224269051175e+01
-1.184109031903546772e+01
-1.142080274331592449e+01
-1.052300453022836457e+01
-9.560666822532486009e+00
-1.023305329183885526e+01
-1.044303776783258009e+01
-9.978107342030479998e+00
-1.006956238079886568e+01
-9.166274322263911145e+00
-7.853780905935177081e+00
-8.553941057536702530e+00
-9.919072496803256200e+00
-9.880718123316166057e+00
-1.013536270327294453e+01
-9.892249516961998168e+00
-1.006129659326319903e+01
-1.087979116585849049e+01
-1.051426760545913197e+01
-9.651619238755952068e+00
-8.575843978603639783e+00
-8.904386158748488711e+00
-8.770645359709975608e+00
-7.747605845674121028e+00
-7.651475492317090676e+00
-7.930715315611038818e+00
-8.651407070883314177e+00
-9.363861273443845334e+00
-1.051731670695038368e+01
-1.089565290329960945e+01
-1.003275460053297685e+01
-8.544447272733725285e+00
-7.432579063490740268e+00
-7.908427039017254856e+00
-8.187025630601459270e+00
-8.499586217477814287e+00
-9.271296300193148099e+00
-1.052810287562722635e+01
-1.143332689577264460e+01
-1.132217008858467544e+01
-1.100576523651998961e+01
-1.137476341712839201e+01
-1.189037553476844877e+01
-1.170306357173421041e+01
-1.092772595032188221e+01
-8.643195845989739112e+00
-7.175936585640747545e+00
-7.613901110327799593e+00
-7.384067774022274655e+00
-7.250365484336292354e+00
-7.398867745188660194e+00
-7.193423235488674017e+00
-5.670082877441545932e+00
-4.840261385510845393e+00
-4.781223629982472190e+00
-6.366008035317705982e+00
-7.622469683914979477e+00
-6.514367573124306254e+00
-4.839476695652147775e+00
-5.111722463299721575e+00
-5.531520225613794750e+00
-5.739583631827218646e+00
-6.513732612686072621e+00
-6.855420198617906635e+00
-8.606475804956120967e+00
-9.674381510893670821e+00
-8.243644605390468172e+00
-6.155665733326601163e+00
-5.795376332484774018e+00
-7.126816027531389430e+00
-8.397716803331233493e+00
-9.999274981565111631e+00
-1.182834518787471367e+01
-1.116942893639228451e+01
-8.970180856700155303e+00
-6.349649941984864654e+00
-4.317630481533280218e+00
-4.266092332135024812e+00
-4.298866429398509936e+00
-3.104218982626611556e+00
-4.003056055350207587e-01
1.961693528614971704e+00
2.213663985875111706e+00
-3.753473893253759797e-01
-4.474817839900385508e+00
-7.319225321138222107e+00
-9.118400201396736904e+00
-1.021115605244537683e+01
-9.014490364771539532e+00
-7.401995666038643229e+00
-6.177473076414461417e+00
-4.801497277337370306e+00
-3.943470300751288349e+00
-4.309061745517349884e+00
-5.160704254227012733e+00
-7.032825866776048152e+00
-9.643311734012714354e+00
-9.858254831710361543e+00
-9.517582617679583024e+00
-8.040187257761672868e+00
-8.202887053292522879e+00
-8.697832947162520867e+00
-7.127517713359900142e+00
-6.870158150120452945e+00
6.470665775920301233e-01
6.470665775920301233e-01
6.470665775920301233e-01
6.470665775920292351e-01
6.470665775920292351e-01
6.470665775920302343e-01
-5.577093091421184923e+00
-4.519334097609621459e+00
-3.755315009861720732e+00
-6.100937383916098966e+00
-7.799912188299091831e+00
-6.575653778980025344e+00
-6.236340399108018850e+00
-3.450611275593261418e+00
3.406144472716782778e-01
-5.974552676173852106e-01
-3.209288789311036005e+00
-5.741771482169146346e+00
-6.162406571368282293e+00
-6.387435449085475447e+00
-6.234199620604647940e+00
-6.739601565929802085e+00
-8.255500050011495006e+00
-7.139447646687420601e+00
-5.285957924249459872e+00
-5.346468390306378993e+00
-5.799595457452258351e+00
-7.467971345191386057e+00
-9.100074757946279291e+00
-9.106619950698169319e+00
-8.370062367849055107e+00
-7.792548892894882506e+00
-8.511941740912790877e+00
-9.672542922009329303e+00
-8.658230573536732422e+00
-6.101544123049824186e+00
-5.785942516135759384e+00
-3.406580912197039623e+00
-2.821165774110108715e-01
-3.499048155913116354e+00
-2.758904644298924680e+00
-9.771663094828133556e-01
-2.275262011105257720e+00
-1.048642232036328448e+00
-1.278725686980312359e-01
-2.165196883982909881e+00
-2.456503340702738569e+00
-4.507787311701300759e+00
-4.441222937696617912e+00
-4.756470398038536551e+00
-7.531192571320744378e+00
-7.968772144735498664e+00
-6.756543317067211341e+00
-5.154226920888573815e+00
-3.379810230226907741e+00
-1.349100068855732859e+00
-2.316446400865288968e+00
-3.475434248707474971e+00
-7.112648810299702973e+00
-8.977051217395189298e+00
-7.986804571841837230e+00
-8.344569588446127284e+00
-9.209458368421849173e+00
-7.376393295489031665e+00
-6.685265184136781613e+00
-8.643212261497600579e+00
-1.016291635960076611e+01
-1.158014243806807642e+01
-1.300142000388129482e+01
-1.295796101052523674e+01
-1.056306881283208376e+01
-9.266617972479917142e+00
-1.077237837276951993e+01
-1.245265010864295618e+01
-1.248100639753048036e+01
-1.031171900699865418e+01
-8.238848392888577621e+00
-6.510734627611347136e+00
-3.703255544119008480e+00
-1.771068412739501330e+00
-2.196706022901932620e+00
-4.967354523288789458e+00
-7.883847712254106632e+00
-9.824105830812134954e+00
-9.697892982826095576e+00
-1.025184391517919558e+01
-1.153909614076302326e+01
-1.056333236228241113e+01
-9.059038066752998830e+00
-1.046062222151546095e+01
-1.196980726348706447e+01
-1.150232184981397587e+01
-1.234622174688091789e+01
-1.350669443467750597e+01
-1.322330895198507505e+01
-1.312286924087887563e+01
-1.218100807156440446e+01
-1.141866995436449450e+01
-1.233777188197256258e+01
-1.375820997352947295e+01
-1.418434143078417797e+01
-1.384944854379151558e+01
-1.307398064640412727e+01
-1.215139790380198903e+01
-1.040047270106351363e+01
-9.225912459863721438e+00
-1.086145974257357061e+01
-1.119383682569882765e+01
-1.057858943871272039e+01
-1.056595252139522678e+01
-1.073919873147367277e+01
-1.189826701195971914e+01
-1.086963238657806308e+01
-1.044824117919002227e+01
-1.281037946829244945e+01
-1.226311313660298907e+01
-1.023364760642047777e+01
-8.759371010241748579e+00
-7.150591723082347251e+00
-5.740947329275138067e+00
-4.338344906831452796e+00
-3.846545604823921494e+00
-2.809022648197904815e+00
-1.790242543935140151e+00
-1.062985138900311988e+00
-6.455874555504269585e-01
-4.237268509838806096e+00
-8.729432804703906257e+00
-8.938103022031077316e+00
-7.718822271724337547e+00
-9.073711754694807397e+00
-9.894176502258613226e+00
-7.914009188455537469e+00
-7.190951738720602116e+00
-6.360028652125619963e+00
-6.783228537021479987e+00
-8.484066722882229072e+00
-8.267959841625364348e+00
-9.235734287827007449e+00
-7.863724853626238520e+00
-8.523723026202608466e+00
-1.029345683660792865e+01
-1.198254033638740523e+01
-1.084157406384004574e+01
-9.760590516074801215e+00
-1.212077978785294796e+01
-1.079482518806304903e+01
-1.111967002848304098e+01
-1.305465473826259704e+01
-1.223922391861313841e+01
-9.648086310600518800e+00
-9.444203206376034387e+00
-9.844705681286425758e+00
-1.004107142491417193e+01
-9.427287367746197688e+00
-8.137475945041236614e+00
-5.336268284810873119e+00
-2.426378899328368366e+00
-3.834152895306126574e+00
-6.448236518860587019e+00
-7.055211237550304659e+00
-6.211759604001417578e+00
-4.769510461773760035e+00
-4.579876539781131406e+00
-3.885822290648257571e+00
-4.024377338772414880e+00
-5.162835827492123109e+00
-6.891778822643072289e+00
-9.735929832351425617e+00
-1.098417392587184160e+01
-1.124864345272374244e+01
-1.228207344271289791e+01
-1.263461247143288624e+01
-1.010649631268492676e+01
-5.166190428769524168e+00
-4.626232670007415670e+00
-7.629182035583938593e+00
-9.420456873382343943e+00
-8.194790183783792870e+00
-9.221517820041041702e+00
-1.029300173670039875e+01
-9.670026168222811691e+00
-1.007797424412278531e+01
-8.604667899060439495e+00
-9.529762179657639720e+00
-1.179236842384092832e+01
-1.002299264784318744e+01
-6.457266736396030105e+00
-5.566980212595741939e+00
-7.523891645867508693e+00
-7.731360712236637234e+00
-6.507884619155585249e+00
-4.873494161313336015e+00
-2.709492463194071554e+00
-2.570630674434931429e+00
-5.251351470349951533e+00
-9.235119423334849031e+00
-1.145278289564119767e+01
-1.156902900112929267e+01
-1.003630146131652090e+01
-8.939189145074275089e+00
-9.128855951069693830e+00
-1.020607952717407763e+01
-1.252350587163234863e+01
-1.296748823341683554e+01
-1.267003884314100937e+01
-1.373860817375082455e+01
-1.297678898613052034e+01
-1.052539535684702265e+01
-9.686648719269403074e+00
-1.019953643190952164e+01
-1.110547849884760119e+01
-1.187579396512818164e+01
-1.231901649279267197e+01
-1.233594532797613219e+01
-1.336279600066241180e+01
-1.428691789210854246e+01
-1.350702605188898708e+01
-1.292107605155855587e+01
-1.223957768251587730e+01
-9.973050438923047878e+00
-1.005167968193253181e+01
-1.086121689367261389e+01
-9.429755832353793110e+00
-8.198060634178061079e+00
-6.803119185947998915e+00
-1.556471731917923318e+00
1.897604242918085493e+00
-1.224165260439736835e+00
-2.774700126277361178e+00
-4.112459669488889857e-01
-5.080808234576527083e-01
5.256714921242450211e-01
2.364903714553284075e+00
1.022305771211183600e+00
-1.887215854588721431e+00
-4.327800283031935535e+00
-6.119667213618541268e+00
-6.870353566266122591e+00
-3.883623091344389877e+00
-3.354068973277418930e+00
-6.908246315932909276e+00
-8.152869380397406829e+00
-8.265395380269625392e+00
-1.001673136825344024e+01
-1.101143711065272335e+01
-1.026628274824405729e+01
-8.943344487528166908e+00
-7.608830420209510947e+00
-8.884998809062315317e+00
-9.843998932011702507e+00
-1.082842180659893749e+01
-1.159158191030445373e+01
-9.197239688880614494e+00
-8.437033491429437149e+00
-8.964174588468187821e+00
-8.201696776120410703e+00
-7.155858519854654709e+00
-5.046581308809781063e+00
-3.368018954303078960e+00
-2.346087471419822101e+00
-1.886108903653763269e+00
-4.642495844163844865e+00
-3.167800574648526712e+00
-3.552221524155688703e-01
-4.285159059984208874e+00
-7.661713873599793168e+00
-9.195723249135859589e+00
-1.016806454333102927e+01
-9.628969266869589205e+00
-1.136615948014467747e+01
-1.199197137034984628e+01
-1.186897317148255304e+01
-1.201823664399161196e+01
-9.679844918081109029e+00
-7.350302159337942065e+00
-4.416929221657224680e+00
-4.238966027947655313e+00
-7.270026233980283692e+00
-4.756606748668535722e+00
-2.068063938001961866e+00
-3.970598614279653660e+00
-5.549507841470483704e+00
-5.450724995722517896e+00
-3.843080750942009516e+00
-1.893297976102847002e+00
-1.540093553613941069e+00
-3.482813974170078986e+00
-6.091220271063692238e+00
-3.711474587407227244e+00
-1.550212026752673777e+00
-2.514106265299871357e+00
-3.353378733801828382e+00
-2.692725775649303710e+00
-3.025656331773539431e+00
-4.768491387660895420e+00
-6.109502617076375763e+00
-7.711268272734160156e+00
-5.838463290903008307e+00
-3.794677217515557643e+00
-5.600517067539991345e+00
-9.547244382138218910e+00
-1.074937705803514021e+01
-9.893179073819380775e+00
-1.025460890847692852e+01
-9.994293420301721298e+00
-7.106890577963675959e+00
-2.988005632578301540e+00
-2.480321451404770450e+00
-4.652985102467688705e+00
-4.974648736515601577e+00
-3.330166646462682678e+00
-2.333716100139318961e+00
-4.467311026844786426e+00
-8.528387829244413965e+00
-9.466585484272551199e+00
-1.069787784958169041e+01
-1.121861282666687565e+01
-1.064862096071569830e+01
-9.112223692834421129e+00
-7.170290576274020999e+00
-6.550107966731016695e+00
-6.021153937052557303e+00
-6.365662905715772091e+00
-8.896223139964615001e+00
-1.128492549884948026e+01
-1.139680064336695686e+01
-1.001965978763242937e+01
-8.164232405440065676e+00
-8.833356342153917851e+00
-1.134207467382507772e+01
-1.107385789708437507e+01
-1.030248845037610117e+01
-9.320509732818136328e+00
-8.079470696905742599e+00
-9.167355851706149750e+00
-7.836279469647776885e+00
-6.179421658052539179e+00
-6.257092575501244092e+00
-7.018273652811099161e+00
-8.189810509691602292e+00
-6.641819654632150183e+00
-4.271355883503471951e+00
-3.785993651014795347e+00
-6.828937311002588828e+00
-9.976538114013498770e+00
-9.421027219843182365e+00
-7.939707373601650353e+00
-7.823510794433237159e+00
-8.117098729549548253e+00
-7.337423321763646200e+00
-8.785739545144339857e+00
-1.147443723097154056e+01
-1.116410960839076161e+01
-1.041168317212069638e+01
-9.799381238474991207e+00
-7.761812043936509475e+00
-6.534006086202448493e+00
-5.403147219225857611e+00
-3.509351440940338129e+00
-5.869027840835789434e+00
-4.601779160301952665e+00
-2.292621509290697634e+00
-2.722340544834695120e+00
-2.841395113104637105e+00
-4.717216200007285032e+00
-6.394567717674929597e+00
-6.799507602682674623e+00
-8.270857928500264578e+00
-1.018122486911321012e+01
-8.847934633622955403e+00
-5.285078827880028030e+00
-5.757763145029901608e+00
-5.695504057720951252e+00
-3.857502554085113555e+00
-3.809869952610803967e+00
-5.169204745585557426e+00
-6.392486183866366467e+00
-5.974287495481218180e+00
-6.025439771209696538e+00
-5.422931493088690935e+00
-3.247115497893992675e+00
-2.590655724557522355e+00
-1.978139221405084136e+00
-4.212873320490509776e+00
-7.145102269231143666e+00
-6.643429889211746264e+00
-3.918757130623532259e+00
-2.310847395508738078e+00
-3.266141375077994624e+00
-4.769749503436750082e+00
-4.669143257485695919e+00
-5.288154570895717832e+00
-5.302144831926114854e+00
-2.124650925633787324e+00
-2.495170369021100232e+00
-5.916585605257988156e+00
-7.940821940290778258e+00
-1.051832799326008505e+01
-1.185256464103507135e+01
-1.234986700065568499e+01
-1.236853242075312842e+01
-1.274056059939528396e+01
-1.181109088023727516e+01
-1.071641110597345303e+01
-1.126750361519175492e+01
-1.087454897770374096e+01
-9.568784706153442343e+00
-1.092300065491136785e+01
-1.216161027264123184e+01
-1.266767519326297275e+01
-1.251591980340510624e+01
-1.069658437951255969e+01
-8.942130858782824987e+00
-9.144087910361323068e+00
-8.982267565167751044e+00
-7.254979969018568120e+00
-5.143472808563145371e+00
-2.833627553572082292e+00
-4.789725367773134401e+00
-7.678835865029780550e+00
-7.315882129349403407e+00
-6.077208012509996315e+00
-5.785773387613668106e+00
-3.872807741681270510e+00
-2.485809980439131817e+00
-3.832110925702654658e+00
-6.571537461003305047e+00
-1.030999744122645545e+01
-1.135229925727783318e+01
-9.717008107314134335e+00
-8.198030514874348640e+00
-8.389935193797429136e+00
-7.319540485268338337e+00
-6.800042190511621065e+00
-7.866721978394490833e+00
-6.998375088173278691e+00
-5.166167399909411095e+00
-4.329729083746147289e+00
-5.885717140030089389e+00
-6.468641095692475140e+00
-5.110709013358933461e+00
-5.662015363599752327e+00
-7.347522423281975357e+00
-7.022259662796364488e+00
-5.825044363223997657e+00
-7.202361525934485975e+00
-7.117435309862540471e+00
-5.794668715024028138e+00
-5.462604437059275675e+00
-7.477958671978837124e+00
-9.213482870929576407e+00
-9.337030460725115333e+00
-8.985450329076103415e+00
-8.843200249198826413e+00
-9.336559609063332488e+00
-1.068617930798716920e+01
-1.184742390606639972e+01
-9.838011747866273637e+00
-7.168634807479098647e+00
-8.484638778920103874e+00
-9.680193364151840285e+00
-8.023658271062776848e+00
-7.736270814559129683e+00
-8.764934924947022310e+00
-8.969345845576638609e+00
-6.640222715932776687e+00
-5.609153473471844897e+00
-9.020936872197106382e+00
-8.158423743562030594e+00
-6.488951326215537385e+00
-6.392730877652795130e+00
-6.331197839340689804e+00
-7.539949431126184543e+00
-8.174382788750538253e+00
-7.418964354022229202e+00
-5.578215995893612167e+00
-2.229093906187029184e+00
2.175988058392159807e+00
2.085988016091892661e+00
7.334627556794962588e-01
-1.395932608525987662e-01
-1.800805402422596124e-01
-1.421630845485162831e-01
-1.949238619450216703e+00
-3.427949093689769633e+00
-4.952141814278442133e+00
-5.734153550262635513e+00
-7.186975306931669749e+00
-8.578453253312291693e+00
-9.311709028671833366e+00
-8.474619612361300014e+00
-6.312811709527996307e+00
-6.532917283158159449e+00
-6.872345801040024682e+00
-7.777768694832549734e+00
-9.080376157928119696e+00
-9.523314188931708557e+00
-8.800404950695229545e+00
-7.279873388358875097e+00
-7.590578061232002405e+00
-9.921981138699861091e+00
-9.851917638948135547e+00
-9.582995988793884479e+00
-1.041954416891819868e+01
-1.018457787944137571e+01
-1.196453473059476202e+01
-1.261007779999115108e+01
-1.262696958086190158e+01
-1.148213305238804516e+01
-1.102446898097722894e+01
-1.180037074822293341e+01
-1.129980438405978305e+01
-9.567393038268900085e+00
-9.095750679652470083e+00
-1.030881316226235178e+01
6.470665775920301233e-01
6.470665775920301233e-01
6.470665775920301233e-01
6.470665775920301233e-01
6.470665775920301233e-01
6.470665775920301233e-01
6.470665775920301233e-01
6.470665775920301233e-01
6.470665775920301233e-01
6.470665775920301233e-01
-1.190737541059777627e+01
-1.267283607761821074e+01
-1.351174808737190602e+01
-1.357999005968120976e+01
-1.339448766515941180e+01
-1.292916684041468933e+01
-1.317259060035978813e+01
-1.335264727296402043e+01
-1.355572793339984194e+01
-1.385426011901017596e+01
6.470665775920301233e-01
6.470665775920301233e-01
6.470665775920301233e-01
6.470665775920301233e-01
6.470665775920301233e-01
6.470665775920301233e-01
6.470665775920301233e-01
6.470665775920301233e-01
6.470665775920301233e-01
6.470665775920301233e-01
-1.376994055502569303e+01
-1.365813267656590924e+01
-1.327158921939692782e+01
-1.341742599881226106e+01
-1.382942657323455293e+01
-1.381377141095534888e+01
-1.368262564420276917e+01
-1.290366822398712010e+01
-1.289134352246760251e+01
-1.319785029205299054e+01
-1.336162347593042909e+01
-1.271555325927003288e+01
-1.260798629239752344e+01
-1.315408090582353573e+01
-1.330367125408963780e+01
-1.313236043551382792e+01
-1.274360626992199208e+01
-1.205096417638651118e+01
-1.178460915270491860e+01
-1.237996595490946916e+01
-1.244467214924905463e+01
-1.131280527789827239e+01
-1.055337789720398689e+01
-1.131651697860903028e+01
-1.108447379888949946e+01
-9.501502124874198429e+00
-1.133426848208586613e+01
-1.297178321410863688e+01
-1.287628932040486696e+01
-1.249978746141496266e+01
-1.286131542860708699e+01
-1.217403837045046977e+01
-1.211142717000605451e+01
-1.276554100171893502e+01
-1.216791429415202863e+01
-1.088025863222652312e+01
-1.034195962659891777e+01
-1.090507641522734694e+01
-1.081732112386629829e+01
-1.215624589449988413e+01
-1.343843378116555520e+01
-1.337481601422359567e+01
-1.357537098421073907e+01
-1.327473836192607415e+01
-1.253283155801009308e+01
-1.231406822733707962e+01
-1.234343516181139755e+01
-1.260042180822276414e+01
-1.279269058713994589e+01
-1.336429568378595079e+01
-1.333288464495414516e+01
-1.160845193707010203e+01
-1.065225928723957516e+01
-1.046845239226595758e+01
-9.626251699705504095e+00
-1.026455534407441483e+01
-1.193308424806341073e+01
-1.249584287206128330e+01
-1.233897920119367875e+01
-1.167242388814826803e+01
-1.094625113525939852e+01
-8.504584019599915834e+00
-5.310049176944907856e+00
-4.663135717727444174e+00
-5.206737472263641031e+00
-6.379419330857596826e+00
-7.169744788876810659e+00
-6.271613712475279989e+00
-6.614669189603605837e+00
-8.596250186803860771e+00
-1.086149225276459873e+01
-1.222781314602529612e+01
-1.235574926662034834e+01
-1.088068567508694962e+01
-9.356474751960844216e+00
-9.608605743331184001e+00
-9.946716138035768040e+00
-9.841372697968553851e+00
-7.951838103981617500e+00
-7.169922491846445034e+00
-1.017525809602537201e+01
-1.190631027016224230e+01
-1.106098529639335837e+01
-1.136573213581019104e+01
-1.179930489681386874e+01
-1.120334896793868573e+01
-1.056050214376205965e+01
-1.072343402202451657e+01
-9.909633416397303662e+00
-8.718674626113735115e+00
-1.081429877957087982e+01
-1.333343965541818577e+01
-1.365339003445215660e+01
-1.361261332774507871e+01
-1.386270980060304403e+01
-1.356220197434695329e+01
-1.280338417117947891e+01
-1.199787890708718585e+01
-1.266265099112436410e+01
-1.295972924332020781e+01
-1.223538523301425762e+01
-1.124418680597577058e+01
-1.102466875884968722e+01
-1.161016135165156804e+01
-1.083316796740867183e+01
-8.466084643523316799e+00
-7.951975739702220380e+00
-8.617399150993817258e+00
-8.090873432188535830e+00
-8.787713314170035872e+00
-1.021245475903103106e+01
-1.070873083091295008e+01
-1.015957051595016658e+01
-8.883562486001610026e+00
-9.692797800967962729e+00
-1.127180817256146561e+01
-1.174275077092585029e+01
-1.258417044629457493e+01
-1.298962515548861596e+01
-1.184188626120970333e+01
-9.610756602571465024e+00
-7.011331710847736431e+00
-5.476791492084073454e+00
-5.270146818334953132e+00
-6.030126452595029996e+00
-7.385260932840644443e+00
-8.921125115141405715e+00
-8.001392583896466348e+00
-7.292476775876060024e+00
-8.351906610590633662e+00
-5.538261643803751078e+00
-2.025830019738700027e+00
-2.319716917837774783e+00
-3.044287147510155389e+00
-3.379424819356006360e+00
-5.534342507154895507e+00
-6.020518762014864578e+00
-5.890346749756505851e+00
-5.753670503360241106e+00
-8.765158229015503011e+00
-1.041259460667506609e+01
-1.002138077626668178e+01
-1.094843440432644499e+01
-1.010214978323100254e+01
-7.691535452976328457e+00
-8.581207128226633785e+00
-1.095478622482403885e+01
-1.041896073527766475e+01
-9.482993220043363536e+00
-9.066303097610910910e+00
-8.168760545608675372e+00
-5.127477908585732713e+00
-1.965162027240888065e+00
-3.243451186454674229e+00
-6.227457456142922787e+00
-6.428823832105322822e+00
-4.747874707440129960e+00
-4.358200628463200665e+00
-5.113072948461988787e+00
-6.319740643150844051e+00
-7.448598593234916798e+00
-7.829887898711310967e+00
-8.754594926779921238e+00
-7.628745948984522407e+00
-6.477353126410179129e+00
-8.547845632857676179e+00
-8.244725930169201078e+00
-9.760875283799778757e+00
-1.235871250813044320e+01
-1.139999457367469837e+01
-9.395378783141966395e+00
-8.447987236038811076e+00
-7.225567425117358944e+00
-6.340799531575098236e+00
-8.239111692722621783e+00
-1.053829778429549435e+01
-1.098991733577568652e+01
-8.623520951272675816e+00
-6.580098628870290511e+00
-7.610374687433338892e+00
-9.529048519515487925e+00
-1.049579559578154786e+01
-8.808553694314090521e+00
-8.611613747693636967e+00
-1.094701211280261610e+01
-1.212962894894857513e+01
-1.072491960031649683e+01
-9.056825400366731671e+00
-1.081833254369032282e+01
-1.241163056539918408e+01
-1.101066605938550858e+01
-9.308215266622083206e+00
-8.523717121740549629e+00
-8.384581136237393650e+00
-7.560871875484834526e+00
-8.745924056580387074e+00
-9.210434592806267418e+00
-7.268562366076136705e+00
-8.136331124804833337e+00
-8.467525684765503158e+00
-8.047355190652554668e+00
-8.823587039833856949e+00
-9.307718504037167051e+00
-6.214336295608117844e+00
-5.288045928640305426e+00
-4.407063017536896332e+00
-2.594554604306036349e+00
-2.300865787070749846e+00
-2.325125361917702804e+00
-3.888451143904370522e+00
-5.067392079511697567e+00
-8.210145674825072959e+00
-9.466881275346748836e+00
-7.483652326744665295e+00
-5.232646947863570652e+00
-4.678141320344979981e+00
-5.689682230727920675e+00
-7.591412669886612896e+00
-1.055403361563049636e+01
-1.227513164135706525e+01
-1.174390583300108837e+01
-8.866207772568936107e+00
-6.357055395159848743e+00
-5.795825731691352622e+00
-6.763482024654433822e+00
-9.341034728589837854e+00
-1.108613430556279056e+01
-9.408978828584436016e+00
-7.136041144581510842e+00
-8.572714111150254723e+00
-1.144414069830773073e+01
-1.183750599369376744e+01
-1.093068730849891779e+01
-1.297601278397467617e+01
-1.274498241733610016e+01
-1.233681100024742783e+01
-1.346281718919811787e+01
-1.220084357914920226e+01
-1.147912996017302767e+01
-1.247836834595920585e+01
-1.213944303608653819e+01
-1.002422587770457874e+01
-8.170579430237664198e+00
-8.842354096614171155e+00
-9.786370946515576819e+00
-1.072958231735421109e+01
-1.133967768613658578e+01
-1.084110258322512443e+01
-1.030368514281282266e+01
-6.149736062270937609e+00
-8.510686982573761883e-01
1.960360858284583285e+00
3.697950807996577716e+00
4.073909365917510961e+00
2.572061169464306740e+00
2.500719111525810057e+00
1.251224256531167756e+00
-2.601366204268765192e-01
-2.734124233569490969e-01
-1.186147473365191107e+00
-1.089901380023612365e+00
9.603109947640909860e-01
9.178183981113665624e-01
-7.224047126016320819e-01
6.308751255448847850e-01
-6.507060221194355121e-01
-5.728522386046384085e-01
2.688782087316111458e+00
3.116187754778543262e+00
6.228267609301063601e-01
-3.487534736554462000e+00
-4.742360446406592267e+00
-5.483373468630499126e+00
-8.082724906904962481e+00
-9.232077860197975383e+00
-7.731769335118682029e+00
-5.405455374824941650e+00
-2.812166639413487879e+00
-3.523299618638037423e+00
-6.954642835541991808e+00
-8.381176041013658207e+00
-9.517332794996780976e+00
-1.023728242889273332e+01
-8.862125323042880254e+00
-7.691618451122736566e+00
-5.534039862153515621e+00
-6.955206508711347269e+00
-1.092496867538441307e+01
-1.208141767522921661e+01
-1.069706942610590517e+01
-8.089018168881684900e+00
-5.148295278689773546e+00
-5.154577489418024960e+00
-7.974407434748724377e+00
-9.584174647888850984e+00
-9.070259294484683821e+00
-7.647517229641356273e+00
-5.320134040234895778e+00
-3.450953069078640745e+00
-2.706785788068986953e+00
-2.091343854169883443e+00
-1.530281128253811351e+00
-7.495783488608851464e-01
-2.050778858407147076e-01
6.431789717786455807e-01
3.123453988599906417e+00
1.506527100230700356e+00
-4.575648739865170178e+00
-7.445495294528037711e+00
-7.151277918978687254e+00
-4.589677050676922221e+00
-1.054958323771793438e+00
1.140953325308589728e+00
-1.184510583329128952e+00
-1.398181694993380741e+00
2.054943331230097564e-02
-2.766854904040178642e+00
-4.740899437596945099e+00
-3.271975747855031535e+00
-2.151472948436055077e+00
7.411255840711246101e-01
3.995608988192919320e+00
3.639505771915024113e+00
1.476487264319261694e-01
-2.608654454795207300e+00
8.831798541785247370e-01
3.890656950975149186e+00
3.050831856515211715e+00
1.753259505121858908e+00
-1.268768942674599054e-01
-2.141823230741640938e+00
-4.004412217716899036e+00
-5.728559131711876695e+00
-5.061534306777591752e+00
-1.979365217222083029e+00
-3.774220071534126753e+00
-7.037693806132019780e+00
-8.069578018398415153e+00
-5.364757223653077389e+00
-1.534301349083146526e+00
4.769224367304681911e-01
1.986070329370456522e-01
-1.438936844830596140e-01
1.191040311697121767e+00
1.189030893102737352e+00
-1.968737846188878038e+00
3.053185315324415394e-01
5.462588034669738413e+00
6.235047697076363526e+00
4.459784445430818423e+00
1.832079856828285003e+00
1.682614419349948709e-01
-6.880356718018654227e-01
-2.178401020339630900e+00
-4.807136812019115801e+00
-5.892553023885722219e+00
-4.840849468832723268e+00
-2.225544697603330846e+00
1.008492202988284347e+00
3.652177747758574289e-01
-2.100119794463487288e+00
-4.086123851683798769e+00
-4.704636504541638509e+00
-6.087549626089317378e+00
-8.649475474859253055e+00
-9.524755697958203982e+00
-1.012303751380881600e+01
-9.567446768866515683e+00
-7.527466512158464518e+00
-6.865727948019137550e+00
-1.042295037253001588e+01
-1.130416792807955773e+01
-1.169062515541570235e+01
-1.194881319935977793e+01
-9.844756750969182235e+00
-8.451241997937183115e+00
-9.943949956714490668e+00
-9.827783404208361162e+00
-1.121531939166435521e+01
-1.193020539113613587e+01
-9.213297112686882784e+00
-7.449104114008292754e+00
-5.601535949313540819e+00
-2.822352597026511312e+00
-1.223844901770334115e+00
-6.624452571795739209e-01
-3.100808470368122127e-01
-2.065586078266758108e+00
-4.198633038980920773e+00
-3.253205342298394420e+00
7.143811724954427511e-01
3.419362093932332591e+00
4.471337674716958088e-01
4.083236371216013572e-01
6.023556191242297464e-01
-7.654957477990735892e-01
5.902000584209546874e-01
-9.404743504130301801e-01
-1.193619820529783659e+00
8.619772212609664308e-01
2.646908642750535612e-01
5.980093158646264673e-01
2.588347260370405412e+00
4.167112585606409070e+00
8.829875431727605140e-01
-1.423290559638067942e-01
6.039194810654011647e-01
-2.628797321618280947e+00
-4.935012225258735619e+00
-4.627137508402854316e+00
-3.901460598970360127e+00
-2.989003284692516971e+00
1.595680016510468424e-01
3.516934025006929865e+00
5.245390330735278717e+00
2.555753508082954539e+00
1.273773672139894675e+00
9.730383303530359962e-01
-3.614350960393889700e+00
-4.923164265572245846e+00
-1.589077635009374934e+00
1.420261921795635596e+00
1.618274335709000145e+00
8.129005220310161484e-01
-6.383450590484440745e-01
-2.808740677373003369e-01
3.119528747815001335e-01
1.361526808514319953e+00
3.000483730992197451e+00
2.188220201165961942e+00
2.252463675435822932e+00
1.022474462542640961e+00
2.107048950025726952e-01
-2.788596155809373034e-01
-3.958004444802799782e+00
-4.958386884382714577e+00
-4.818337139065154595e+00
-5.422088632822375409e+00
-1.416322086674014491e+00
1.846353516185600840e+00
3.833583813553176345e+00
6.511319896297951715e+00
6.517876662363604190e+00
3.242149120956931085e+00
2.957061777550560322e+00
2.068686155170775809e+00
-9.273951835729854487e-01
-1.659997029007527214e+00
-2.258712972238564376e+00
-3.344704454276951733e+00
-5.586799124878482736e+00
-7.220034115126489738e+00
-7.179863606443620760e+00
-5.141324985165186767e+00
-4.723919975539392802e+00
-6.988248613337808557e+00
-9.599100165333817714e+00
-9.944269017772368713e+00
-1.063359151794979240e+01
-1.144252104596416153e+01
-9.695817672936003717e+00
-7.615487071582499823e+00
-5.111965461877849393e+00
-4.878625651888942372e+00
-2.859098905997913054e+00
2.177399721518354703e+00
3.722468441298096842e+00
-2.400401958050417672e-01
-4.171686667677619198e+00
-3.017714755787413772e+00
-4.519896815804975987e-02
1.213500524179818907e+00
4.035504490011144973e+00
6.431845386030528466e+00
7.961592429555388151e+00
5.205902077018183860e+00
3.786971883521475846e+00
2.497326673609824077e+00
6.668379843903246007e-01
3.173469355436134620e+00
4.529858090977181284e+00
6.097543054683062458e+00
8.960155094218295702e+00
9.702460222067911033e+00
4.426732456153223971e+00
4.444466501271659098e+00
7.335430045561234458e+00
6.249742365964061186e+00
3.688788462343342012e+00
3.159126268013511041e+00
7.954258711866908804e+00
9.491715340135174372e+00
7.520873854822201388e+00
5.657220943109785516e+00
6.425413373955428220e+00
9.005059776873940436e+00
1.118951423305416348e+01
1.186948763151120545e+01
1.248322824307539314e+01
1.180041787712909418e+01
4.550715897892968265e+00
-2.359285499166172251e+00
-3.433737825140706690e+00
-1.320674459503162090e+00
6.899579027829292333e-01
8.116826595285191459e-01
2.446800232528826946e+00
2.742755965107493310e+00
1.250729411642772071e+00
2.063382146369098002e+00
1.571275619722030781e+00
1.696108198989365157e+00
2.431746155746326465e+00
1.702601093648154373e+00
8.940902789217600732e-01
2.471688302833876527e+00
6.676845529651528999e+00
4.076615663202457718e+00
-2.274837659866003392e+00
-1.551324645724477813e+00
2.433223845931964391e+00
3.506625184107853066e+00
7.893843813597562153e+00
1.192020288335205969e+01
1.283807579579196378e+01
1.219913724502554153e+01
1.047732663292555877e+01
9.927001237218286533e+00
1.038112333641271157e+01
9.949870793335851005e+00
9.929783139645822487e+00
9.364239316229403087e+00
6.519575970344281934e+00
3.591526418220051475e+00
6.114122980689974618e+00
7.100075266105974947e+00
3.987714781573169720e+00
3.925287033874561793e+00
4.084944284068558140e+00
3.360913271179584161e+00
3.088121272417375884e+00
3.811551102540426506e+00
6.013231800112111003e+00
7.319325370042822243e+00
6.144903985147195158e+00
4.980771482081661539e+00
5.185474623774137370e+00
4.857871305957049302e+00
5.500029503918022478e+00
6.445308090627444031e+00
5.435270355700434486e+00
5.185246252410987466e+00
6.742680916671230484e+00
8.603873224602724079e+00
1.039847037343874803e+01
9.306880133396854049e+00
5.610222754016215063e+00
2.756970764775176885e+00
6.111338903403585654e+00
9.875887274106812441e+00
9.375841713250254728e+00
8.211499604868032876e+00
6.758992448565298794e+00
5.077959018775512590e+00
6.663350590173121368e+00
9.130660660660415928e+00
8.356572215588217389e+00
7.343952873690310135e+00
7.940860499102101677e+00
8.655186275680430086e+00
7.159524448332425628e+00
3.471997773328635795e+00
2.060213520592555358e+00
4.277925049558050752e+00
3.280963773897473068e+00
3.455859628476941836e+00
7.159905584948894841e+00
5.538889196854171360e+00
4.233772921809406675e+00
7.959383521562251040e+00
1.057268446281583252e+01
1.178136706363556918e+01
1.175802229769165841e+01
1.077780947027091862e+01
8.607913809077507139e+00
7.830236657867235550e+00
1.083239209520710311e+01
1.373836884571665173e+01
1.401046013186932271e+01
1.341055679197401496e+01
1.224813081183290642e+01
1.224888550859881953e+01
1.272887681755055844e+01
1.075247402256614571e+01
1.194897448754592162e+01
1.390594119125968753e+01
1.271591341973837608e+01
1.237308905867664244e+01
1.360121928001857405e+01
1.244965076404395354e+01
9.749942134098260382e+00
5.489441221666235826e+00
1.316193888676947088e+00
1.500557586896453355e+00
5.570808281206768520e+00
8.723354575731649518e+00
1.144414244927193636e+01
9.565636869300764289e+00
6.866190824968128936e+00
6.522585800343789764e+00
1.339260105430721381e+00
-4.055995167283573899e+00
-4.059924881704680466e+00
-3.364109226859772761e+00
-2.947082544194207010e+00
-1.830156251734528228e+00
-1.338058623640741907e+00
-6.307386290682686081e-01
1.123034742202175140e+00
1.926025416508644117e+00
1.665519932356516186e+00
5.489065493247462513e-01
6.680606701199859332e-01
3.660613725833912646e+00
7.080082759581345364e+00
8.062374870075903033e+00
7.789718139000834540e+00
6.734532674721077861e+00
7.648258644329637868e+00
1.007127278166001361e+01
1.220751405791428290e+01
1.210264587588098628e+01
9.173937389283583599e+00
8.244259680779970623e+00
9.196072099638527675e+00
1.099175484661819446e+01
1.251118317087798459e+01
1.286416381483343407e+01
1.251480341196059420e+01
1.056107167959588722e+01
7.422387446803074162e+00
4.837868082239077161e+00
5.078735086412798694e+00
6.493067786892426696e+00
7.495195419931977021e+00
8.411187682576708013e+00
7.060285622044395915e+00
1.782192175916694321e+00
2.506916252433542547e-01
2.107385285076263770e+00
5.026481999574943238e+00
8.408191904451603804e+00
1.104588231057397429e+01
1.055986629217099448e+01
9.818396142084360179e+00
1.171332320599406174e+01
1.226807223110016487e+01
1.084253941834101376e+01
1.171958614377522601e+01
1.238143050692163527e+01
6.542489582343882226e+00
2.682882789207118091e+00
3.074934656969678493e+00
-1.336414197699055673e-01
-5.026637311805136621e-01
5.194974517390986701e-01
2.285595814583654573e+00
3.750788660762735649e+00
2.701355342963228878e+00
3.618001626867436649e+00
8.911614425057834410e+00
1.057217354127917197e+01
1.083070341759949606e+01
1.033873527947037729e+01
8.062971488756282668e+00
9.726206473938457719e+00
1.019172386942328679e+01
1.040214681568950184e+01
1.217374819189307722e+01
1.319268519199374445e+01
1.155928754549377757e+01
8.867078553552532938e+00
6.964726804123169579e+00
7.264431376943560004e+00
8.190385022168014117e+00
9.307052745978683816e+00
1.105123852924701566e+01
1.249543041142741018e+01
1.291725121187325875e+01
1.103589480191139849e+01
7.060212840531605138e+00
3.381396768505738670e+00
2.799691703897955186e+00
3.120214303368564757e+00
4.312698680071640034e+00
3.379235619371454558e+00
2.028157533800610146e+00
3.574108122597948523e+00
5.586658701973473917e+00
6.454406053768801499e+00
5.943739667396285675e+00
3.869858311226127334e+00
1.138195737360780946e+00
3.208921485142488983e+00
6.392760622182236396e+00
7.745513198856146531e+00
5.876842376817628555e+00
3.316121689747601131e+00
3.744730460096763913e+00
4.893039736694778874e+00
6.939266486923027166e+00
8.596212392172468242e+00
8.367618616614745264e+00
8.562945606803491927e+00
9.571826363933828574e+00
8.514956384709858384e+00
6.073365437026301272e+00
6.597747198073530939e+00
7.576901796385923760e+00
7.237008049140638555e+00
8.061053656755307273e+00
8.201523273802731495e+00
1.150334211319561817e+01
1.268360767591744498e+01
9.932770952380463925e+00
9.471339799306251805e+00
1.232684718704257065e+01
1.388675891059153322e+01
1.447598369916329730e+01
1.387887223440437978e+01
1.176415911216002996e+01
1.096861499937677209e+01
9.970189535743546827e+00
8.769471817652631174e+00
7.503981283871092423e+00
5.222344970789499996e+00
3.535371275387925394e+00
4.262983834803039329e+00
6.006111659920213341e+00
6.484068129240993628e+00
8.879969041350170400e+00
1.133554283646213534e+01
1.039557147987757446e+01
8.888452430733726928e+00
9.791799496950796211e+00
9.666594966971082670e+00
7.725484559584901767e+00
7.330332045800740381e+00
8.450544027053597418e+00
9.696305492729194953e+00
1.086196877251151172e+01
1.009320918200965345e+01
8.577860878157004265e+00
7.314104001900922469e+00
7.936716600954366818e+00
1.067799248781536292e+01
8.953952042014071466e+00
4.995598707941685923e+00
4.997099644372049454e+00
7.902439125350007920e+00
1.113265121385944134e+01
1.319223425361732183e+01
1.399245904176738975e+01
1.353293568657033852e+01
1.158842110120962765e+01
8.887468357937796881e+00
9.329941153747387972e+00
1.008045076403282003e+01
9.446095345525085563e+00
1.098920947735138931e+01
1.260836397190766611e+01
1.315325532491154270e+01
1.283183719178236082e+01
1.119975865873607113e+01
8.562406218171036087e+00
8.030208497691619485e+00
7.944396016296610519e+00
1.014612213571619570e+01
1.121829476258373326e+01
1.158701927969009304e+01
1.171142992299015795e+01
1.280652532492131712e+01
1.198057106466259114e+01
9.140648513975440537e+00
1.064695463323022473e+01
1.334463839473868596e+01
1.409393005012253219e+01
1.383600111148726342e+01
1.098536736596462582e+01
8.393754876554128330e+00
9.123443089628478830e+00
1.142612496873961803e+01
1.309744648638585396e+01
1.383109999830338133e+01
1.251508300644863958e+01
9.262996082502827022e+00
6.587524299831469143e+00
4.907303260637325693e+00
4.648140217657187101e+00
5.895125917851211206e+00
6.975048719573577749e+00
7.697774877428442686e+00
9.836085703715561124e+00
7.964116889158136203e+00
7.652590158604906101e+00
8.035948175077477273e+00
4.714652141107205985e+00
5.264406454310255334e+00
7.390864902350299026e+00
7.945703495419200735e+00
4.792649347690136175e+00
1.173185883432188437e+00
4.102261265608201590e+00
5.288108303242103680e+00
2.756435140036351150e+00
2.368767521334462778e+00
2.546640901006338886e+00
3.316112393469548003e+00
4.903016494012408799e+00
6.549162203523846593e+00
8.943479685012468039e+00
8.215205870931777454e+00
5.994938858694528250e+00
5.699504423556088106e+00
8.048833130217543541e+00
9.462016965667745083e+00
8.811743201512642898e+00
7.927118407617762763e+00
6.080068484028831044e+00
4.768920695217832240e+00
6.266444394778022620e+00
7.072974111794799512e+00
7.366400205795995859e+00
9.163958286875951487e+00
1.011698094514374979e+01
1.097479140859175217e+01
1.009222385667205835e+01
1.112699329806419435e+01
1.346072925095866246e+01
1.319732882280480268e+01
1.197899810830414324e+01
1.144064185667877176e+01
1.188483306633619740e+01
1.270229799528993730e+01
1.134602252404865474e+01
7.959190549983309104e+00
1.124575969005154263e+01
1.300050745814333730e+01
1.218826167898891732e+01
1.168139823557799417e+01
8.945644594862372401e+00
6.213047441966201845e+00
6.492433840180010129e+00
7.703422707317293394e+00
7.310559919884061841e+00
7.592582100049396487e+00
6.617964138441480237e+00
4.142489698952320332e+00
4.195817456956217661e+00
7.711598263914991591e+00
9.968482580258950065e+00
9.547268330114807355e+00
9.471649712715054292e+00
1.096670133770359001e+01
1.183015857751176014e+01
1.163814429296772879e+01
1.204940471009967595e+01
1.312197438111951264e+01
1.155510035852241302e+01
8.854153181149618135e+00
8.444355458389443569e+00
7.529523620268182782e+00
6.853112915256191151e+00
7.163382380256495985e+00
1.033444625871292466e+01
1.353907234142652172e+01
1.400897912558248670e+01
1.292522026930866552e+01
1.122452950206571920e+01
1.207826457944404730e+01
1.430629505253819822e+01
1.497308745633311311e+01
1.530704835068624803e+01
1.596895532354755609e+01
1.557673259994795423e+01
1.476476072567195175e+01
1.397543220581227352e+01
1.217101258867031355e+01
1.415589696530502906e+01
1.621369738034640662e+01
1.643812892002158677e+01
1.601806166254973718e+01
1.549328999601997303e+01
1.558160451619514220e+01
1.455698498940879837e+01
1.422757975320604018e+01
1.313336272481722311e+01
1.354508753088616579e+01
1.428193923858052727e+01
1.532965073151728141e+01
1.607229858428184954e+01
1.621910934294446704e+01
1.572509709737849981e+01
1.470010090267806646e+01
1.415030294367053720e+01
1.356817621535734730e+01
1.386280331549491329e+01
1.400349921251117991e+01
1.407143162484673837e+01
1.408346452285002393e+01
1.497999459756898943e+01
1.526532972200906890e+01
1.589401026602078204e+01
1.592460139848677514e+01
1.460714284601444568e+01
1.565868303490980118e+01
1.618985884834549083e+01
1.648717674712123937e+01
1.656655355828805298e+01
1.638231589929518250e+01
1.652631889178053015e+01
1.654406226418040760e+01
1.652691272941224554e+01
1.600307237525455761e+01
1.585459366184793417e+01
1.577007143354691898e+01
1.576239100375319246e+01
1.505319314974572187e+01
1.376590483773307483e+01
1.322471659378560993e+01
1.241556972158103456e+01
1.045230274843494733e+01
8.901790358102717349e+00
1.177657795069107038e+01
1.344511056800759796e+01
1.160596666407787758e+01
9.939278997742546196e+00
1.153448509831886959e+01
1.351452634373213080e+01
1.405003687823341707e+01
1.487317491485451093e+01
1.515542337194420597e+01
1.540759268738295695e+01
1.521671948256292772e+01
1.504263293456633654e+01
1.604931501254256787e+01
1.617097850643316903e+01
1.529541914266432734e+01
1.457299040897483344e+01
1.455884573481024269e+01
1.430080732441872371e+01
1.272670228994452835e+01
1.033107482541672795e+01
8.921903659760902272e+00
1.075485998381943098e+01
1.269507290592051518e+01
1.139979230018411194e+01
1.112686034625726883e+01
1.226807631267465482e+01
1.286695827541390535e+01
1.313895289451467718e+01
1.282880937115300135e+01
1.167841429269362230e+01
1.082994481584577606e+01
1.067001044568411139e+01
1.263898456042340435e+01
1.475074920594900618e+01
1.531139201669572714e+01
1.501017034753034984e+01
1.383504274345510510e+01
1.256998259855367195e+01
9.891161777588907356e+00
1.083917726058973230e+01
1.213666455644830400e+01
1.081805110177496587e+01
1.007742510486276011e+01
1.086145091565531295e+01
1.053243942823806734e+01
1.035226234251657651e+01
1.158968969317563413e+01
1.081265779118538894e+01
8.898052904948112740e+00
6.405613159514643939e+00
4.194673298535891881e+00
1.906943251907308623e+00
-2.057663043663030544e-01
6.290325444662278054e-01
3.020325128639779422e+00
5.629109307393547645e+00
9.232124237370159747e+00
1.180663641506015615e+01
1.024998999178691150e+01
7.479363039918597522e+00
7.353318449642867627e+00
5.745523489672660133e+00
7.436055180369830708e+00
8.501066476187165932e+00
7.539433916393458723e+00
8.980193441316078662e+00
1.063080197351564316e+01
1.389588505607360069e+01
1.554991480170900431e+01
1.603774854625807578e+01
1.620808097317692287e+01
1.529705288128693752e+01
1.378162397842739395e+01
1.471495721658998157e+01
1.479502450739546227e+01
1.372207830955724539e+01
1.375073190175986504e+01
1.443688060368835302e+01
1.465605254935152146e+01
1.463601135357442296e+01
1.389035295800145953e+01
1.221585565201270818e+01
1.167522330228265304e+01
1.158168758146465827e+01
1.222865530924056010e+01
1.315399679891427276e+01
1.303791166198879381e+01
1.353129140293675903e+01
1.410332358064985137e+01
1.432997482441768078e+01
1.408356501273928352e+01
1.359884973868768121e+01
1.263878065198148448e+01
1.140825920834713081e+01
1.033454013781948255e+01
1.301888763182781439e+01
1.497582597092101508e+01
1.325749762892193040e+01
1.018648193149483916e+01
1.069300681853604296e+01
1.030515883186889425e+01
8.873708034728428728e+00
9.679396546327147632e+00
8.839788859393301834e+00
8.390622106094374644e+00
1.017257347050490601e+01
1.105312487458412640e+01
1.031460490359912008e+01
1.004164912643286556e+01
1.140431301452790258e+01
1.315150748417276283e+01
1.347997644120462901e+01
1.341976350691392916e+01
1.398292198975033251e+01
1.506459794910862193e+01
1.373018203938060999e+01
1.144390183430890851e+01
1.239808553999663054e+01
1.367735221073771257e+01
1.317100854125392395e+01
1.104602515828744380e+01
1.059951176053327160e+01
1.261016379873089654e+01
1.415556300775936727e+01
1.438102742079796492e+01
1.434821784140194367e+01
1.428271683075363896e+01
1.286605066615885740e+01
1.137016508624294353e+01
1.084263609254139560e+01
9.320022383019429313e+00
1.002688245465374273e+01
1.082730102788434401e+01
9.538615288503578427e+00
1.063692759836840196e+01
9.813037465189426101e+00
8.630358603337185741e+00
6.470665775920301233e-01
6.470665775920301233e-01
6.470665775920301233e-01
6.470665775920301233e-01
6.470665775920301233e-01
6.470665775920301233e-01
6.470665775920301233e-01
6.470665775920301233e-01
6.470665775920301233e-01
6.470665775920301233e-01
1.175544400266427836e+01
1.347471162448523607e+01
1.447344971579786410e+01
1.388808643589860559e+01
1.177682644633666342e+01
1.073441488519969411e+01
1.275049872358910896e+01
1.441976321312668929e+01
1.294276689524282808e+01
1.127197817399415847e+01
1.165972547655734814e+01
1.255303412920707729e+01
1.369074102471861387e+01
1.471435486977644480e+01
1.545465745032697136e+01
1.491742789927860890e+01
1.461662889134355403e+01
1.493625706013688337e+01
1.464528234901798420e+01
1.424830385083135376e+01
1.302047292766155806e+01
1.210412918493376289e+01
1.196931844187176353e+01
1.117655452139718086e+01
1.179029955283473718e+01
1.305055858739955532e+01
1.346073004480020607e+01
1.233561927524387691e+01
1.058710074649515676e+01
1.120088707785416027e+01
1.400267632658327344e+01
1.516661204425351350e+01
1.526092733794144429e+01
1.448405678145483755e+01
1.279501986787376921e+01
1.298582978760971862e+01
1.368950204706592011e+01
1.420123796279302830e+01
1.414310069942782810e+01
1.461029979995766759e+01
1.514794562822863533e+01
1.577831730308505342e+01
1.625038230749529689e+01
1.624739830918049677e+01
1.575739000267883405e+01
1.499252174655694247e+01
1.403345191635775002e+01
1.374854540045604345e+01
1.333106681911390190e+01
1.307016616557251609e+01
1.268323331464995363e+01
1.137660015616903131e+01
1.056400708538711619e+01
9.506426538149218786e+00
1.053494353915422543e+01
1.068848268761394316e+01
1.041260285186880985e+01
1.309784080113135296e+01
1.447471042276248987e+01
1.474520687050211443e+01
1.406780872857317455e+01
1.295065756080678021e+01
1.202669038307128169e+01
1.112632214889192284e+01
1.134217034326495899e+01
1.314027400129076995e+01
1.425065024807372360e+01
1.337499412029791834e+01
1.130447898378610283e+01
1.049508898730240603e+01
1.338628864526436324e+01
1.457166229921729084e+01
1.356528698074789574e+01
1.426752653517825031e+01
1.476199206341641457e+01
1.371196989199113858e+01
1.404208141077142535e+01
1.408869020364656599e+01
1.464262990772527218e+01
1.501584320122846350e+01
1.409712069723466321e+01
1.336425987423640116e+01
1.344624512956262841e+01
1.287949134142310648e+01
1.258381730181583436e+01
1.336931598627403339e+01
1.469388580799687283e+01
1.531216510085887350e+01
1.430480967180215579e+01
1.217583826551988224e+01
1.178903665422444469e+01
1.070473373290390739e+01
9.127897782658818571e+00
8.308651997670812861e+00
9.224406025490431205e+00
1.051748784888414079e+01
9.876827342154774314e+00
8.994342545728578386e+00
1.092781699331366418e+01
1.250672850205974385e+01
1.238988364388028884e+01
1.220134798395516817e+01
1.042938122117691613e+01
9.454822384211515995e+00
9.779998629299075930e+00
9.546315180829530789e+00
1.017073645334050447e+01
1.123833783489996385e+01
1.058975322845848943e+01
1.019429164285319089e+01
1.200319640222861750e+01
1.225882312429734178e+01
1.187339458781625545e+01
1.241892168261165352e+01
1.264010529517431003e+01
1.259728500788189720e+01
1.113673814307003873e+01
1.183832932615347211e+01
1.254755750058683539e+01
1.169978347581646183e+01
1.235108905679943447e+01
1.285748101366662510e+01
1.326459263460509241e+01
1.309555475740894792e+01
1.129184417362104043e+01
1.176138015716258600e+01
1.187022524886925723e+01
1.064700921553392199e+01
9.243026253360651978e+00
9.535852615093006079e+00
1.083350163364599084e+01
1.096877695943030595e+01
1.167653465989992689e+01
1.129479832698378772e+01
1.122728706462164361e+01
1.195265345256462730e+01
1.251288207320933132e+01
1.183144888323002952e+01
1.051156153080805034e+01
1.072459745680285970e+01
1.034638609568360579e+01
9.588084937565989563e+00
1.042276356670756421e+01
9.954942259748898792e+00
8.505487375799884120e+00
7.257572806376210828e+00
8.494524149206956309e+00
1.003699624620506192e+01
9.767979933877878551e+00
1.007366572541254435e+01
9.825094871109223860e+00
1.015527496521443318e+01
1.125682843078275575e+01
1.125824796721320098e+01
1.101408047580368788e+01
1.226931127114498743e+01
1.270070289208619840e+01
1.254351695987579340e+01
1.172707252799328437e+01
1.068519975953003431e+01
1.180275025262710109e+01
1.263024987244747344e+01
1.198571688777002642e+01
1.126636364943467861e+01
1.148416652204894284e+01
1.260785946550411829e+01
1.272485260532394236e+01
1.172780460364088206e+01
1.115934275156109656e+01
1.183850754769870584e+01
1.252419989384129373e+01
1.288958841532291721e+01
1.330712723909501527e+01
1.369621423733228660e+01
1.426727124183091355e+01
1.407323690027395102e+01
1.420663225068685342e+01
1.442854795406262269e+01
1.348882085176389545e+01
1.248209332138764260e+01
1.136857444420737906e+01
9.014954118750953427e+00
7.729114764381117553e+00
6.831342867971868849e+00
7.303201731655646789e+00
8.437801885772485022e+00
8.805899664162485152e+00
8.720056205368470259e+00
8.020747759324155624e+00
1.114580567022621516e+01
6.470665775920301233e-01
6.470665775920301233e-01
6.470665775920301233e-01
6.470665775920292351e-01
6.470665775920292351e-01
