-1.184179636420172876e+01
-9.978533617944469469e+00
-9.119825670372168958e+00
-9.181095402292317686e+00
-1.060064723477440474e+01
-1.153424753876227982e+01
-1.278728890658399386e+01
-1.327345834832277660e+01
-1.209247755436196670e+01
-1.074009258908753495e+01
-1.004724540777929498e+01
-9.560950855011377314e+00
-1.039518647834572818e+01
-1.184664938586049665e+01
-1.072870664947945407e+01
-9.945168219970501156e+00
-1.273420393688001617e+01
-1.364156834451742739e+01
-1.183727758382066497e+01
-1.012327704363594627e+01
-1.089184704933437153e+01
-1.210496627116299706e+01
-9.434917037159740616e+00
-7.257195037102119883e+00
-6.542574483021573961e+00
-4.293113821499738414e+00
-4.563164464472035498e+00
-7.731923475941010260e+00
-1.052282280861820674e+01
-1.107178961520347649e+01
-1.130882590312363156e+01
-1.286455686984811209e+01
-1.416830889416742423e+01
-1.388066106783623432e+01
-1.288904245117891278e+01
-1.076952889494439880e+01
-1.127970832264312584e+01
-1.176599060522151952e+01
-1.087770674450358044e+01
-1.110327408193640153e+01
-9.205690326203013640e+00
-6.435093245540144835e+00
-7.312551575783891700e+00
-9.189279017264656346e+00
-8.270179726717440616e+00
-7.465811882982513303e+00
-7.474945888514983316e+00
-7.138787057439842876e+00
-7.271018270724121990e+00
-8.014436666610725624e+00
-7.321508172677041237e+00
-6.714647987848290533e+00
-7.055766246169155487e+00
-8.047872081223731655e+00
-7.291117584855056677e+00
-6.199605516907364944e+00
-8.951914833078243205e+00
-9.677703662634696613e+00
-6.937471301015084357e+00
-4.999085036478567723e+00
-5.696852324805497858e+00
-6.355518099893971318e+00
-7.726566236814487176e+00
-7.672734903925092276e+00
-3.001207818944526373e+00
-1.314678099521097432e-01
-2.501367389565327226e+00
-4.695555038137629644e+00
-6.250499758387027427e+00
-7.894676800523768634e+00
-7.143419500861067917e+00
-7.883372849833594209e+00
-9.728340705948248512e+00
-8.122065770145104224e+00
-6.731219406732014576e+00
-4.589126050090340136e+00
-2.276255218845494588e-01
-1.167869351525530952e+00
-3.914606385393876842e+00
-3.602496574730187806e+00
-4.484613767531514306e+00
-7.708336381782776137e+00
-6.956896965404811617e+00
-2.971877111153175210e+00
-3.297935839704997818e+00
-6.617400540616067417e+00
-8.135451160477632726e+00
-6.233660269012654354e+00
-2.167748099278099527e+00
-2.495719601357983652e+00
-6.803101142625875397e+00
-7.312803433042128987e+00
-4.979237734086129130e+00
-1.332939911345849993e+00
3.040704511195549298e+00
5.294037265443624740e+00
1.143674949348642667e+00
-3.474084362764564116e+00
-7.933513277446254897e+00
-1.173207247763559558e+01
-1.058227888035228226e+01
-9.161263653357254455e+00
-1.163281306641272650e+01
-1.263081745284004498e+01
-1.166504269500158131e+01
-1.078854997597632881e+01
-8.941625108720939963e+00
-7.462994698868818055e+00
-6.603527106093923571e+00
-5.252971834381003902e+00
-3.934683870372091441e+00
-4.752789268708233372e+00
-7.253522303957360862e+00
-9.409603993702397418e+00
-1.145114028840287013e+01
-1.246316068348656358e+01
-1.146176683260264895e+01
-9.790332717167272492e+00
-1.052430231621554668e+01
-8.854778100813385677e+00
-8.894628234564329716e+00
-1.110294940915295570e+01
-1.292564129696526720e+01
-1.374080812638795912e+01
-1.360220199603251601e+01
-1.234341486586198222e+01
-1.144941970686949162e+01
-1.183255461562135302e+01
-1.276194298683340733e+01
-1.105352046551618450e+01
-8.527215079849094437e+00
-1.112124683644492862e+01
-1.295245154493750661e+01
-1.220707823954589699e+01
-1.119990180530299284e+01
-1.232974424365741584e+01
-1.329165719415051505e+01
-1.376009836484704074e+01
-1.424674087719493443e+01
-1.219387111050072647e+01
-8.856657451820879601e+00
-9.634187744431677913e+00
-1.289969638622364201e+01
-1.361958537087956245e+01
-1.154955115684271938e+01
-8.737648484073147870e+00
-7.616878947827474988e+00
-8.582895008865042641e+00
-9.706337874610792227e+00
-1.079201191272346882e+01
-1.094614875773944007e+01
-1.118995711991161457e+01
-1.352853722910248635e+01
-1.450072924942313968e+01
-1.403822195600143274e+01
-1.313457097728263356e+01
-1.398257153213359949e+01
-1.451928650976282498e+01
-1.204023399876153277e+01
-7.330547079546299472e+00
-5.774663054935800233e+00
-8.187290507117214844e+00
-1.308385944381129029e+01
-1.334214304924161354e+01
-1.324729639618507093e+01
-1.279906539446525038e+01
-1.316977458325551886e+01
-1.246554161739469713e+01
-9.584133150682911051e+00
-8.987818116319424178e+00
-1.224456160475519262e+01
-1.556862543484089656e+01
-1.559900678138647834e+01
-1.519456596497213141e+01
-1.628434449458375255e+01
-1.740795905776642982e+01
-1.796599404495549734e+01
-1.726430910170579480e+01
-1.702859268925008962e+01
-1.693747555574391228e+01
-1.651682292658924922e+01
-1.699861601127577515e+01
-1.628468705239908587e+01
-1.493653776390348931e+01
-1.265008530028539546e+01
-1.013588211795651617e+01
-1.113072244294579782e+01
-1.343748435502180527e+01
-1.432072345877970676e+01
-1.246832541847564180e+01
-1.000268747116267853e+01
-8.416203333879014536e+00
-7.850059397821672391e+00
-1.064378241894606170e+01
-1.282458866344595450e+01
-1.316776832175795242e+01
-1.534140021640863338e+01
-1.596183880534055000e+01
-1.348302451576814498e+01
-1.397864326360522824e+01
-1.513384798366603867e+01
-1.674520502973328462e+01
-1.799373650042040751e+01
-1.757137082837149222e+01
-1.613126697654769970e+01
-1.274891073020242693e+01
-1.056027052850678061e+01
-1.164346434357270965e+01
-8.793787754008516089e+00
-9.796719363350709031e+00
-1.225712495748633302e+01
-1.059638352788639537e+01
-7.953219919985534681e+00
-8.099825843431144534e+00
-1.142651693240265232e+01
-1.276914642623699869e+01
-1.256387978802939109e+01
-1.279871043346255099e+01
-1.110906412959245060e+01
-1.103069852631065828e+01
-1.146815613846670523e+01
-8.939567756195989645e+00
-1.033795289335455792e+01
-1.331434469144453026e+01
-1.333637435452275355e+01
-1.217330495315367855e+01
-9.330140932210792215e+00
-7.983460874597865242e+00
-8.690421522619560690e+00
-1.069632748181452975e+01
-9.997570809452751561e+00
-8.726508204772175148e+00
-9.381128502706495453e+00
-7.885062215527897322e+00
-6.979987987053271503e+00
-5.754171553132657380e+00
-7.884686070320623408e+00
-1.192392653179904372e+01
-1.175365678665737512e+01
-1.135999704989936099e+01
-1.185384059549864055e+01
-9.528590641622894708e+00
-7.275357390664920487e+00
-8.078903983931615684e+00
-8.492179798362041510e+00
-8.899293766445060427e+00
-9.912436303594299503e+00
-1.216099796707852931e+01
-1.223749666293327110e+01
-9.456792950707953338e+00
-7.089047127436052698e+00
-4.022665559818861425e+00
-5.742356231661502886e-01
-9.173654395428045838e-01
-4.607096644112648853e+00
-8.960597396402848247e+00
-9.795572211980214661e+00
-8.150472170208304945e+00
-8.422735346873531981e+00
-9.662765241727347743e+00
-7.583878234967359688e+00
-4.548753083196078073e+00
-5.784003301164488242e+00
-9.882572319110641601e+00
-1.176924857084714482e+01
-1.040232641499271082e+01
-1.152287918383554022e+01
-1.364563403492523719e+01
-1.378315997635211332e+01
-1.489261573144509576e+01
-1.329275747801495910e+01
-1.226061901758006378e+01
-1.315468000553817340e+01
-9.851646121077248353e+00
-1.136238858058094614e+01
-1.138353876343465032e+01
-1.098848975336588829e+01
-1.395681951233054718e+01
-1.455777260436340015e+01
-1.440302024495741406e+01
-1.303992030377636269e+01
-9.573880752840777220e+00
-6.790397659874073177e+00
-7.083750586975627428e+00
-9.664982620527380774e+00
-1.170844251931097624e+01
-1.406059692676319095e+01
-1.598450581745551524e+01
-1.702063674936284698e+01
-1.521033964855285170e+01
-1.461271484273810906e+01
-1.549636674227389044e+01
-1.474072252612007716e+01
-1.386865987884547202e+01
-1.469083319941410615e+01
-1.498421163710807669e+01
-1.657116280779422723e+01
-1.753217336987200881e+01
-1.689752745644850762e+01
-1.640276031412450308e+01
-1.725267277524183385e+01
-1.830621998811239948e+01
-1.842719254080498814e+01
-1.717953564200416494e+01
-1.245936670531849799e+01
-6.124819695895295624e+00
-3.784897485056336830e+00
-6.126158055120956902e+00
-5.178584340728130009e+00
-4.404446970087368740e+00
-6.265314411709518083e+00
-5.720606347220788201e+00
-4.703079086703363387e+00
-4.171336533155299620e+00
-7.433457828490547037e+00
-8.745672720391908683e+00
-5.640814616563624817e+00
-1.331264868219431463e+00
-8.311244645003919018e-01
-4.303087521168429852e+00
-3.728685804907879930e+00
-4.856260939351784600e+00
-8.793619894164622863e+00
-7.991498208006941439e+00
-4.374899342785777634e+00
1.394317523482382581e+00
7.023189049080139412e+00
8.980932748526891274e+00
6.835190264919623893e+00
7.222221070686357436e+00
6.051378619710424012e+00
4.863945037995788034e+00
3.069970686385166125e+00
1.174959219371017882e+00
4.588333140447654834e+00
3.416830947826770437e+00
-1.472245145608607420e+00
5.805934458669543830e-01
5.318744464262801230e+00
5.709040010886478278e+00
6.493708632948398396e+00
1.095994300696844448e+01
1.262965798149727448e+01
9.424183826940907949e+00
-1.730025915814917825e+00
-8.106729278996816390e+00
-7.590538814523117850e+00
-5.207231681064986795e+00
-4.548430774329666804e+00
-5.235780079298205436e+00
-6.768543707948712296e+00
-6.077241660724764571e+00
-3.464348566615628844e+00
-2.463788516663300676e+00
-2.458817780933751251e+00
-4.366024091066988966e+00
-5.603822183003132729e+00
-5.851359160889925803e+00
-8.268026125171404672e+00
-7.437503978314134123e+00
-6.620682599827681258e+00
-5.478298781907025905e+00
-3.401036986243014759e+00
-4.416147811677601176e+00
-4.374080054526015893e+00
-5.839369441948572437e+00
-7.506510841361287767e+00
-2.784733273813562615e+00
7.158264470568380666e-01
-1.552348580637661124e+00
-1.199277691948158198e-01
-1.197522025030417270e+00
-3.020568298298198950e+00
-4.444705993000100719e+00
-1.215780753902638978e+01
-1.465245870975615716e+01
-1.420465539233019570e+01
-1.349505704561634190e+01
-1.418229826344465927e+01
-1.597917274103913243e+01
-1.679025385993728037e+01
-1.588937875502302255e+01
-1.477835822653942799e+01
-1.253530292707398175e+01
-6.618514144290170265e+00
-3.086765210106121593e+00
-3.761502081430359024e+00
-6.699053948851192430e+00
-6.897771834012194958e+00
-4.157700414549450052e+00
-1.227578869664649241e+00
-2.989175388283451529e+00
-6.299886555367646856e+00
-7.238119597287984597e+00
-8.331536115024624323e+00
-9.970336546991649840e+00
-1.197836488694460222e+01
-1.113449629820975595e+01
-9.742534651301770765e+00
-1.188216275384237974e+01
-1.280983052489549401e+01
-1.251699659358836492e+01
-1.409162879520927447e+01
-1.459522392617209618e+01
-1.279725242811641195e+01
-1.176774060938032029e+01
-1.046147540065918946e+01
-9.051730232386550057e+00
-8.482133789252758405e+00
-6.381665137098306850e+00
-5.642165225342160362e+00
-6.826671822194245287e+00
-6.674463524420709781e+00
-5.314992134014434377e+00
-3.598386269275986038e+00
-1.838389052614315844e+00
4.641392128890717284e-01
3.816501267475983283e+00
2.606915469549662578e+00
-3.340633144843801805e+00
-8.729729858971895240e+00
-8.582065476970964113e+00
-7.300860068657419433e+00
-8.406905092380897671e+00
-7.906908144729185572e+00
-8.819482496636279478e+00
-8.942751323510787387e+00
-7.218528629693622634e+00
-8.057973134548022998e+00
-9.117080207930145619e+00
-6.920752395219785136e+00
-3.280671408744154860e+00
-7.896033175428510020e+00
-1.272433686081803650e+01
-1.499980983988547223e+01
-1.671288078824802525e+01
-1.673590447194413855e+01
-1.527168376350059020e+01
-1.436045410433823299e+01
-1.462626453071445987e+01
-1.595434130573436526e+01
-1.619761470948495585e+01
-1.685789933105057870e+01
-1.665771231176769973e+01
-1.616910467084517933e+01
-1.626394631997995432e+01
-1.447848135906948386e+01
-1.161528557828921215e+01
-1.318806014634750845e+01
-1.308497818712057104e+01
-9.437153426048570992e+00
-7.244507239759938599e+00
-7.164798133433451177e+00
-9.929403871236239354e+00
-1.437206296541178041e+01
-1.571071414358774554e+01
-1.429852260000475717e+01
-1.423441199584799399e+01
-1.533522108627403036e+01
-1.443756287298215391e+01
-1.581328576262827390e+01
-1.493432494649605680e+01
-1.244533379837441522e+01
-1.314337498494768930e+01
-1.482614798528306821e+01
-1.500613181857230671e+01
-1.464993242788427885e+01
-1.558771047560478884e+01
-1.537455534366011456e+01
-1.242630118214048274e+01
-1.118364708247902506e+01
-1.356124090872567756e+01
-1.652113312840792858e+01
-1.590062771662938879e+01
-1.240404134733953256e+01
-1.016476131527113758e+01
-8.301865473335869439e+00
-5.795295665949822705e+00
-4.107257693941185117e+00
-5.513312608737757081e+00
-5.236251452715629640e+00
-7.462236531997334055e+00
-9.477601385169700521e+00
-8.974515108202126612e+00
-7.943992559170414580e+00
-5.648259512394139925e+00
-9.392541987443852491e+00
-1.180689071452549044e+01
-1.079841440821688003e+01
-9.123921941400668700e+00
-8.739020692731322981e+00
-1.170150677729353106e+01
-1.314755656134261841e+01
-1.276192526938117844e+01
-1.198552441352758535e+01
-1.034667270041837916e+01
-9.438758551461818413e+00
-1.108893466942518380e+01
-1.166429876461182680e+01
-1.075308428723829302e+01
-1.259580881225143578e+01
-1.185587757700488432e+01
-8.892888470766830977e+00
-8.235377595835535303e+00
-9.614159083736049993e+00
-8.042677493231000341e+00
-5.155328807756107246e+00
-5.793571853452162301e+00
-8.363047941391595685e+00
-1.142754229654267739e+01
-1.059725256713689312e+01
-8.181425141071761331e+00
-7.253795926500969493e+00
-7.370141597047116022e+00
-1.068676628949259744e+01
-1.257348434477402144e+01
-9.823661170527202557e+00
-8.957077493210881869e+00
-1.113882476284594247e+01
-1.074929751115451282e+01
-7.644633022356038587e+00
-9.718178287029271445e+00
-1.051697657703034317e+01
-7.638109638676493063e+00
-8.468052716032836713e+00
-8.465838520847242421e+00
-8.022627493711265600e+00
-9.232229832743989562e+00
-1.121016943624305284e+01
-1.104241237318928093e+01
-1.196486903220050202e+01
-1.375065708722400792e+01
-1.281878703003834552e+01
-1.190968621335957423e+01
-1.179086680468488701e+01
-1.257415770136258892e+01
-1.380266111339054902e+01
-1.293918456554579954e+01
-1.417056699254833418e+01
-1.543591810140970111e+01
-1.453319931079984251e+01
-1.244243688230892353e+01
-1.300358064678917103e+01
-1.461598339884252340e+01
-1.382513703560283957e+01
-1.058209711818452448e+01
-7.377079171602813012e+00
-8.316192460886846050e+00
-8.578818250364095732e+00
-6.784031599891520159e+00
-6.825343002016966309e+00
-5.918231674332401049e+00
-3.462667645915828096e+00
-5.227454609766533977e+00
-7.351665366005978086e+00
-7.975484207363809475e+00
-8.174263518520506366e+00
-6.474701151707170865e+00
-5.334394223120512812e+00
-5.899322438674493796e+00
-8.442041565522089286e+00
-7.885191017984110928e+00
-4.732067096698800768e+00
-8.141819762872678723e+00
-1.267836319119179933e+01
-1.433326057562847744e+01
-1.499264083106179690e+01
-1.413340441535191161e+01
-1.226326384818490567e+01
-1.160438234933026358e+01
-1.181453076056139473e+01
-1.101426800578695087e+01
-1.298174785569925405e+01
-1.519558861602947353e+01
-1.484758219001336066e+01
-1.473811836946437737e+01
-1.296445470779478271e+01
-1.143773021688878266e+01
-1.149116241469755728e+01
-1.046103383555844601e+01
-1.213784760190335632e+01
-1.340104373094128576e+01
-1.219820851029206032e+01
-1.385011866386279422e+01
-1.601145379408961844e+01
-1.707817628822850509e+01
-1.715546747102750658e+01
-1.694581288400774355e+01
-1.601930913261010403e+01
-1.596897111007938896e+01
-1.633041444117720786e+01
-1.588113177363618078e+01
-1.681615546055578392e+01
-1.665378624306942967e+01
-1.467102312668137110e+01
-1.339988598341842696e+01
-1.268018918137937057e+01
-1.162979039938821835e+01
-1.003105190006754555e+01
-9.461400234884870031e+00
-1.103012211295818545e+01
-1.285035564001702824e+01
-1.191314803720642956e+01
-1.189807233377313977e+01
-1.460267094386030173e+01
-1.551238020537184070e+01
-1.501030087748273623e+01
-1.551490229029026935e+01
-1.704575897508143711e+01
-1.717167561829129596e+01
-1.680990788498522903e+01
-1.632624973281390268e+01
-1.678238293250735680e+01
-1.719255093700000359e+01
-1.521158422380209885e+01
-1.431779788354939242e+01
-1.445635580001969878e+01
-1.580157135960801718e+01
-1.651759363496793753e+01
-1.682539303125115993e+01
-1.729477993922012757e+01
-1.720591723741306112e+01
-1.606024967210686327e+01
-1.559726806969097090e+01
-1.671002088929837370e+01
-1.657195817877176935e+01
-1.549449295112318303e+01
-1.496650087073326318e+01
-1.661953780302779293e+01
-1.688362412271322555e+01
-1.485250915366464497e+01
-1.377346840826913166e+01
-1.572455846190493922e+01
-1.719704272079546925e+01
-1.772820410459616625e+01
-1.744673565424486483e+01
-1.701098002375215046e+01
-1.710231152524119125e+01
-1.728741628879469516e+01
-1.715868011010228500e+01
-1.650535187239171364e+01
-1.550570160807420272e+01
-1.489052047277604807e+01
-1.575778552860384529e+01
-1.674481028338814070e+01
-1.643448911096226084e+01
-1.566251416685317999e+01
-1.473321771408314973e+01
-1.535138828051606730e+01
-1.687118458318943226e+01
-1.764781990039497117e+01
-1.746082400600710827e+01
-1.693410404262902347e+01
-1.690053842796037387e+01
-1.634915541302656194e+01
-1.517601872601261093e+01
-1.634359529392073185e+01
-1.623526024465239814e+01
-1.621972925440823232e+01
-1.669398044790442981e+01
-1.619685859907160363e+01
-1.400377504092785230e+01
-1.466425358873106788e+01
-1.630817779964629821e+01
-1.577674833562258172e+01
-1.445504695807602147e+01
-1.433784166747972755e+01
-1.521769835112318425e+01
-1.384737770083420294e+01
-1.209176874372661814e+01
-1.189565359350995699e+01
-1.161770167318991653e+01
-1.339685452418022216e+01
-1.568778483586333117e+01
-1.622602661020026105e+01
-1.563373378869402863e+01
-1.443562895706641136e+01
-1.282044754362587824e+01
-1.148743029877659261e+01
-1.371024032032362250e+01
-1.419235028732715342e+01
-1.188752707475486048e+01
-1.145551015505344949e+01
-1.212137112455368637e+01
-1.277758746213843821e+01
-1.325626693914724719e+01
-1.194999302435398292e+01
-1.161445462937826889e+01
-1.398227402587087731e+01
-1.521219735017119667e+01
-1.327262717913144563e+01
-1.337562611777795851e+01
-1.494206450237318151e+01
-1.480429789104276495e+01
-1.541020990836900850e+01
-1.671150760360773191e+01
-1.729917094029676505e+01
-1.711535423387098476e+01
-1.740775076955985412e+01
-1.745904051071514473e+01
-1.657771405867043413e+01
-1.509595987524891747e+01
-1.341471225941091561e+01
-1.341793145367606144e+01
-1.696327951092196784e+01
-1.717170527560184112e+01
-1.729933232790845921e+01
-1.647919002783365627e+01
-1.617031548814266628e+01
-1.686897831214289667e+01
-1.743172803858106334e+01
-1.766834277416994325e+01
-1.738607495812822634e+01
-1.676664158724265263e+01
-1.607169623400057645e+01
-1.201413691131648953e+01
-1.161224307309594828e+01
-1.445519498899668598e+01
-1.605501695644545990e+01
-1.598413686101734044e+01
-1.433443129521594805e+01
-1.364581136766769554e+01
-1.234534749384517838e+01
-1.235257879772117207e+01
-1.556698032594295178e+01
-1.695530902882949320e+01
-1.756774991959606425e+01
-1.743359756517417125e+01
-1.645164263975263808e+01
-1.445660219304175875e+01
-1.522924237210921916e+01
-1.635384914227283204e+01
-1.636690077010269206e+01
-1.474428547287135594e+01
-1.137343718169094764e+01
-6.070427362178247854e+00
-3.818022626377090223e+00
-6.714168247726820304e+00
-6.790118106732869308e+00
-4.168073643322154354e+00
-1.316996647175162183e+00
-4.520655973384291038e+00
-7.284897505538209472e+00
-9.181728636833312862e+00
-1.289148669578306539e+01
-1.397895241512489939e+01
-1.401487070175332228e+01
-1.257445235429741182e+01
-1.034278834344444320e+01
-9.264823969175258966e+00
-1.233742152486897048e+01
-1.576076364927419071e+01
-1.603832114855272195e+01
-1.550427067064824271e+01
-1.407490656865132195e+01
-1.026206029480200854e+01
-8.940544564203355193e+00
-8.238050876862789806e+00
-9.438528989428442983e+00
-1.294214390439509721e+01
-1.406411196035195843e+01
-1.233313155059646427e+01
-1.316892216409159566e+01
-1.486877801528663312e+01
-1.231463046939721195e+01
-8.904749555995447707e+00
-6.034547705636442494e+00
-5.537068444698388880e+00
-5.271274951612591408e+00
-3.712565701117252814e+00
-4.703471725222970967e+00
-6.188835908948076892e+00
-8.396776834180101901e+00
-9.880214404736868516e+00
-6.846756508323339041e+00
-3.525718127814557068e+00
-2.144197826872249912e+00
-3.558975208271143220e+00
-6.481785173058635330e+00
-7.278494161073491675e+00
-6.875888223955786138e+00
-4.872141135061050399e+00
-6.785361437707202903e+00
-1.100630076826571369e+01
-1.070626739992409782e+01
-1.057106628968740303e+01
-1.336456109050478425e+01
-1.464245871428120616e+01
-1.379083481452512672e+01
-1.362840646552077395e+01
-1.479568298001157700e+01
-1.372890497981977731e+01
-1.056150030672627160e+01
-1.034851692099632459e+01
-1.179270260666389447e+01
-1.304881143405510358e+01
-1.163960830938620816e+01
-8.624315921439960064e+00
-7.261024960973842646e+00
-8.291059788117340901e+00
-9.035672700984262562e+00
-6.706752353110257303e+00
-8.416514474763690856e+00
-1.126266508361890395e+01
-8.917402264380017485e+00
-8.051516492339631625e+00
-7.367416101888419000e+00
-4.717995649641417266e+00
-5.475481869134610768e+00
-9.396841480108696132e+00
-9.993714135186756664e+00
-7.546044815303532438e+00
-5.588565540591225123e+00
-4.906488312848512834e+00
-6.303000213346697578e+00
-1.099804382769871403e+01
-1.522214171800048454e+01
-1.569053457639895122e+01
-1.315125421006164252e+01
-8.525740187167222928e+00
-8.012892236075934704e+00
-1.041952701904954459e+01
-1.216434628629658121e+01
-1.138381691934344175e+01
-7.620531714498879339e+00
-3.719447864008730509e+00
-5.523250012312098889e+00
-7.729360594752549218e+00
-6.909620583670550431e+00
-6.551580606989567457e+00
-7.748531328891621328e+00
-8.623925910258742888e+00
-6.849066751660773278e+00
-8.485878727054496196e+00
-1.265793876349585112e+01
-1.489763603676880699e+01
-1.506104272388565768e+01
-1.455438051170157010e+01
-1.485963009277934077e+01
-1.559818261308314469e+01
-1.522477568734792719e+01
-1.355566716857470588e+01
-1.238562306293821180e+01
-1.161932982883168464e+01
-9.898758112388655661e+00
-9.284074854035491597e+00
-9.694394993662072579e+00
-7.530301694256687384e+00
-7.136660218941822009e+00
-8.715959105684170538e+00
-1.089273347180054685e+01
-1.324311153753036585e+01
-1.373465907292483301e+01
-1.117343291659869742e+01
-9.492310752698312371e+00
-7.335081981680655616e+00
-4.474791355316340535e+00
-3.189690639510588177e+00
-1.798051455967627277e+00
-4.443282652898268736e+00
-5.580482101090305846e+00
-2.977317114413300381e+00
-5.447402002950107125e+00
-7.688327113387631861e+00
-5.995531545972990983e+00
-6.988354563073599479e+00
-9.463950775082404121e+00
-7.909942695085401709e+00
-7.004065752346450680e+00
-8.996940884401070093e+00
-8.178863206745136338e+00
-4.913104838215136994e+00
-2.426611636248430237e+00
-4.903931805572466551e+00
-9.752361148707604954e+00
-1.028012320192860862e+01
-9.586155349124748426e+00
-1.250427026795675900e+01
-1.536972583757329147e+01
-1.587344214965878386e+01
-1.530710243214048383e+01
-1.430010932614259467e+01
-1.500961163600417869e+01
-1.452660369075440983e+01
-1.005593757705360147e+01
-4.742178797790040257e+00
-5.151852103728302268e+00
-5.559974231624358332e+00
-6.149490738781922872e+00
-8.590199725970515843e+00
-6.480317607545152292e+00
-4.828543307466055090e+00
-5.021800460065557914e+00
-4.675573522242329361e+00
-3.710994780498471091e+00
-3.418537200327691483e-01
-2.345397120147776349e+00
-7.224098949654750079e+00
-8.042462976594269009e+00
-6.359298565015745197e+00
-2.540382858226565954e+00
-4.690377871376442798e+00
-6.638932611018545593e+00
-3.673114033146993140e+00
-2.015728201164252997e+00
-3.396362472554057543e-01
8.881839052610084329e-01
2.350390446675434397e-01
-4.422946528839089453e+00
-8.056374366990619151e+00
-8.383111779082572212e+00
-9.089594394471896877e+00
-8.888557805243399557e+00
-5.559682899728018768e+00
-9.056762164396702230e-01
2.665983647931529088e+00
2.480386316676308489e+00
2.399903790638449053e-01
1.422171104681157372e+00
5.176468140176619492e+00
8.470040862186683839e+00
7.552141071999894706e+00
5.820485947779733493e+00
3.932532446133551574e+00
-1.218543871052713889e+00
-6.322256650160258395e+00
-6.372085799233738079e+00
-3.235599410977996637e+00
-4.724847852435456019e+00
-6.470123750817910135e+00
-5.573803102192252723e+00
-5.506156307849417786e+00
-5.061135440467463553e+00
-2.679053176840088923e+00
9.357264342836294491e-01
4.923117294563431834e+00
6.470136596770967863e+00
7.076464464532778109e+00
5.440243025255424136e+00
5.697640942383776164e+00
3.723928543174783279e+00
-1.902829403906502126e+00
-2.169131487890555654e+00
4.161076596129770211e-01
1.355752413657680400e+00
2.988591012752316090e+00
4.509090066620825787e+00
5.801231608660528671e+00
7.163338184170158662e+00
4.501372278415765926e+00
9.718029042735939482e-01
-2.142997853957890886e+00
-5.048710873983763392e+00
-4.250191909495725895e+00
-3.092445639343920138e+00
-4.841776279192005816e+00
-7.499297483780554607e+00
-5.252527870609990046e+00
-2.731974412278927122e+00
-2.587942570052533142e+00
-1.814234987877087368e+00
-2.443910063611591799e+00
-5.937000601480000306e+00
-5.577033254038478383e+00
1.558586222459722892e+00
7.339326430428964265e+00
3.735514774710400943e+00
1.771539475273604003e+00
5.674674057583496634e+00
8.437231265969996841e+00
7.265715161520465593e+00
6.225176466278672827e+00
7.318010365717204202e+00
4.525308100950947043e+00
1.641254632659899571e+00
-1.735950506083588030e+00
-5.751930575162008452e+00
-6.159867715517981956e+00
-5.912227156437181108e+00
-6.948983205736964486e+00
-4.488973965392625942e+00
-2.723689840822465680e+00
-1.671809141178490110e+00
1.135630743929891162e+00
6.378421397696341089e-01
9.497030100631197458e-01
5.073494071326608429e-02
-2.689540567680413830e+00
-8.122272772838223798e-01
-4.813445381286188818e-01
8.932598790634889152e-01
1.448350394861128487e+00
-3.826052331790670280e+00
-6.803162291775995740e+00
-3.850273010511059191e+00
-1.778628488964543175e+00
-2.513199492767312027e+00
-4.921947618794030532e+00
-7.622722211288722960e+00
-7.817444687780234602e+00
-5.060717278605878278e+00
-5.799651922224478007e-01
-3.224467243344931511e+00
-4.427488272504104039e+00
-4.021336348706992525e-01
2.534584801021831257e+00
3.722894023833887012e+00
5.421058806794588847e+00
8.838036797283642443e+00
9.239958513337166224e+00
6.627089507468813423e+00
7.275875523333583672e+00
8.382789811919890255e+00
5.859666098214457719e+00
5.244095608206233550e+00
7.238936291968844472e+00
6.757849686397737976e+00
6.871610869483906647e+00
7.667782898786335011e+00
2.921935320511744649e+00
-1.599288527852598341e+00
-2.511849960285064576e+00
-3.486486319145535973e+00
-2.867189230230837715e+00
-1.396929834962833628e+00
9.250121562911893802e-01
2.633954147807086699e+00
2.967953204692181934e+00
3.810197027524737934e-02
6.294986783317542134e-01
-1.018967144944511682e+00
8.535507584330473407e-02
5.287900048566457123e+00
5.408286751688518912e+00
3.500329859878086758e+00
-4.012312494835059140e-01
-4.846506544983437137e-01
2.048618163870000064e+00
6.479441714173577171e-01
1.074280009818579629e+00
1.422682629284615752e+00
1.843126102015861578e+00
-5.371640389852793129e-01
-3.345968069927975019e+00
2.596028967893396544e+00
8.995285500165897119e+00
9.813414791729362818e+00
7.363379051012311827e+00
7.309897283854341232e+00
6.983459463826646285e+00
3.670098409599168665e+00
3.377040697909058919e-01
3.634057629493780084e+00
6.304343480651904308e+00
2.577624484344610334e+00
-5.315795397990928928e-01
-2.693247691111267272e+00
-4.655281097237767618e+00
-5.764890079629528152e+00
-5.367992892117014136e+00
-2.429114890421252504e+00
-4.150961297689249818e+00
-4.039002241118025971e+00
1.408617533277582767e+00
2.325233658506163259e+00
3.655144050496897945e-01
1.109878438693197023e+00
3.330356443597316751e+00
3.356338340471108239e+00
1.941896545104133009e+00
3.195751212379794648e+00
7.234144795874571265e+00
5.503128837435790288e+00
3.555587047925557798e+00
3.189015380731924587e+00
4.486923900973581958e+00
5.082288095801779093e+00
5.103322446158597536e+00
9.230597115238300177e+00
1.324188313283481300e+01
1.301031006951300029e+01
1.104380141846201191e+01
7.929344963780502908e+00
4.204054379819726961e+00
2.245722299806742317e+00
3.958214492439386500e+00
6.139309015155000715e+00
5.393338948339328809e+00
7.275723742345534539e-01
-3.303215277262024685e+00
-4.329783562266289465e+00
-2.764885953280913800e+00
1.585505400749528837e+00
3.286873194777065077e+00
1.910244448404299966e+00
1.539333436281538070e+00
7.790435226474312636e-02
-1.608056191218610209e+00
-5.930387237294724168e-01
-1.108974334009191987e+00
-3.566241486395249183e+00
-6.088249319539907667e+00
-1.832446733028473496e+00
4.842161821791681753e+00
5.488465431407757222e+00
2.986724058106067670e+00
1.413046993921924122e+00
3.817379563619363037e+00
7.294785631840404072e+00
6.775087578912026842e+00
8.188035221343890058e+00
1.160728876743107385e+01
9.864931598044927696e+00
7.854669976357381067e+00
3.790862880775817345e+00
3.351713216086192215e+00
7.858319194572746191e+00
7.863432855785246645e+00
7.441825367319751194e+00
7.000505885188918143e+00
4.850813615531436973e+00
3.419017794877501348e+00
1.794852446995468087e+00
4.897816044561208171e-02
1.701437589972019382e-01
1.539098785715664608e+00
1.543065632411025456e+00
4.511343095248435131e-02
2.132898116343720396e+00
1.194337813255883063e+00
-4.591946337768161079e+00
-6.472834525960577956e+00
-1.994383591307915760e+00
4.629354228675970795e+00
5.157494405733824117e+00
3.711677080539566020e+00
1.644679905337171899e+00
9.050218429478551485e-01
-6.365660052083481624e-01
-2.742792539021831733e+00
-2.819644743541200871e+00
-4.263169171741212793e+00
-5.368187949247338331e-01
2.817505673743751604e+00
5.868387283661553600e-01
-3.900040344479459353e+00
-3.642495030164222047e+00
-3.421436687324231674e+00
-8.411903750291058302e+00
-1.101448453801374150e+01
-8.934916722239631071e+00
-7.343409329907012228e+00
-5.151234597258297576e+00
-4.289599883381523426e+00
-5.991985655687558143e+00
-6.995161261749037074e+00
-5.479542046922202481e+00
-5.325502836425016540e+00
-7.716456997704458587e+00
-8.685963927753967084e+00
-6.170591384219473063e+00
-7.116307046910655743e+00
-1.153964861738707270e+01
-1.036661292973999515e+01
-2.897521403677738139e+00
2.660023026606189056e+00
3.828029274861718179e+00
3.875231123157242497e+00
2.562346707910503341e+00
5.347761329874155534e-01
-1.348694446176764913e-02
-1.431263006225200307e+00
-3.632312973219319119e+00
-2.570834066133700802e+00
-6.833141685314891856e-02
1.791095387090466673e+00
5.437420895720022962e+00
5.108665779496949000e+00
2.030403467141795204e+00
1.918055967031646603e+00
6.632616392137765660e-01
2.595846871333234995e-01
4.981440429151153815e+00
7.592741405800468080e+00
7.550516486171666486e+00
5.682135443508925299e+00
1.907383531356038553e+00
-6.834259549968852987e-01
-1.631405992157820561e+00
1.288045755994200681e+00
9.601286802830988343e-01
-2.098781741681453372e+00
-2.726936126482802258e+00
6.302782662211603437e-01
2.305115874653001828e+00
-2.246642958176311211e+00
-6.241718665691377232e+00
-5.848474845007008760e+00
-2.076681880526737967e+00
-7.587972184729913083e-01
7.015511353455072818e-01
1.548970529563230558e+00
2.375184721816388844e+00
-5.738714491125726624e+00
-1.651677403793255650e+01
-1.841155195867144911e+01
-1.839661733697263202e+01
-1.848380623476172602e+01
-1.762505186614518848e+01
-1.765927047519016924e+01
-1.911862505514239174e+01
-1.906779565165740564e+01
-1.854185573322621039e+01
-1.669725381012656840e+01
-9.025622643382529731e+00
-3.834959190673562723e+00
-3.236354681679046497e+00
-4.072250407550770390e+00
-2.140790136961252532e+00
-1.008687870072939342e-02
4.403336124949586150e-01
2.330030416207304000e+00
-6.349483147336095756e-01
-5.557830700169176907e+00
-1.168091282681618104e+01
-1.294057748182651224e+01
-1.286377675232428075e+01
-1.404647898517610471e+01
-1.488379597667519150e+01
-1.525734360101176534e+01
-1.397993887216596143e+01
-1.324954825188504515e+01
-1.470641775023793230e+01
-1.349829435725292903e+01
-6.262677363645903661e+00
1.780583081599391271e+00
3.922094288445148624e+00
1.137165114811456323e+00
3.031013791864955120e+00
6.239265841506929533e+00
5.378675705337461643e+00
2.076509763970628253e+00
-2.368818456227461400e-01
1.723336425530423544e+00
3.219317173907672025e+00
6.187947204191871720e+00
6.682524490420789220e+00
3.657872268462566634e+00
5.855129703664938567e+00
5.144698544336888446e+00
5.092366964886585023e+00
7.898306172660543467e+00
7.049807803764279512e+00
7.266314145014748149e+00
1.026312681017650874e+01
1.154752053998160299e+01
1.206071758911550340e+01
1.081374903237260909e+01
1.082962016663533866e+01
1.294970788054418342e+01
1.397374392107326102e+01
1.367356143597828755e+01
1.019111361519970949e+01
7.235192018871956066e+00
8.215700339703250421e+00
8.289426750573435143e+00
7.536020116838679783e+00
6.393083627914275091e+00
2.629810574613152596e+00
5.047095855808381160e+00
4.397316451011987759e+00
1.862240052831385384e+00
1.587475378853851149e+00
-5.896195408960265283e-01
-7.478203639918042933e-01
2.407732305994816802e+00
7.251990484007432514e+00
1.009973765323521988e+01
1.046253568780890753e+01
8.123192586806576188e+00
8.518969969338508363e+00
8.053986091716909712e+00
5.217038712849622506e+00
3.979098122066271781e+00
2.637162962796915089e+00
4.454622229861409544e+00
7.799404328929045782e+00
6.488647954473487189e+00
5.867784628574274741e+00
7.628383546153887806e+00
5.594925556389982901e+00
3.530331617211588391e+00
7.824476355786016413e+00
1.013807622798582919e+01
8.147519257961935324e+00
6.932974165677179279e+00
4.417604677791440615e+00
1.529303903159303424e+00
4.479163172728323206e-01
-7.220566032122170963e-01
1.632916885297386322e-01
-1.825555272477276669e-01
-2.160028305698753481e+00
-1.379052861064420599e+00
-2.454105789704073282e-01
2.278328019447959374e+00
8.987671493719588511e+00
1.000540143308387364e+01
7.968611026917159279e+00
8.941585694510459703e+00
4.032714282383107474e+00
3.345438580688415264e+00
5.406419734287646328e+00
5.051663197923260462e+00
4.364906579491268701e+00
2.217827489764371940e+00
1.782922724555794813e+00
2.785657300870412190e+00
5.208315277945844812e+00
5.312964201920448382e+00
1.443682843256282711e+00
3.644765379255233473e+00
8.637802401756493609e+00
9.741869482603293662e+00
1.006926203265193109e+01
8.969814911733056562e+00
6.821478052227941014e+00
6.784362343168906406e+00
9.658141928665894937e+00
1.238435703407358268e+01
1.018240167896950332e+01
9.946756512094477642e+00
1.026833285598084089e+01
7.766852282989029632e+00
6.185065330064781541e+00
4.216100000394443548e+00
2.035237951406118739e+00
5.998128257435990651e-01
-1.149463189528032725e+00
-1.975374313973171425e+00
1.799295239240528976e-01
6.363920745679489954e+00
8.941476348852109624e+00
8.590742101296253708e+00
1.057012355724848440e+01
1.123110385087383456e+01
9.889284277814629931e+00
8.033030550745143827e+00
5.787274940095332276e+00
6.435748174636580998e+00
6.031295329750028245e+00
5.232073126511734174e+00
1.043754797157676251e+01
1.417369117891292873e+01
1.573927370841085960e+01
1.609599626498735248e+01
1.636753478523529282e+01
1.777398469715921436e+01
1.943386632988453755e+01
1.900086082436049395e+01
1.739952835171954248e+01
1.911282612563452687e+01
1.840455038983612113e+01
1.489986772297323903e+01
1.302488152093144080e+01
1.085847777759836319e+01
1.125634410241389638e+01
1.289292025258087904e+01
1.232974011495527478e+01
1.045633807697549855e+01
8.436973197904798383e+00
1.134836331925295205e+01
1.635474576564556770e+01
1.564288923887645311e+01
1.165684034638868383e+01
7.923689613356645900e+00
4.852124933558778608e+00
6.057861797269533000e+00
6.842553752800474953e+00
5.131980403888513287e+00
6.295519392829868721e+00
1.025739909077786649e+01
9.903493849452624787e+00
6.805676790848647073e+00
4.771622978914821900e+00
4.664534420859163255e+00
4.105456459048077100e+00
2.468688787588109723e-01
4.164709881783444700e+00
9.160819178460100076e+00
6.519370679301011329e+00
3.235926481743568228e+00
3.714629885286741651e+00
5.782412924592428283e+00
9.151377456465185745e+00
9.797906407583552024e+00
7.649061141748896731e+00
9.131218628541743598e+00
9.950490445152750496e+00
7.056445418876671205e+00
7.673973987607084268e+00
1.065636906285218188e+01
1.477073053108973077e+01
1.419205562695699108e+01
9.668146527102701171e+00
5.534093061466442975e+00
2.311245474876225003e+00
2.531262394059601739e+00
4.684019845899094925e+00
4.126912765105865688e+00
3.268356936668744606e+00
5.388916789923902328e+00
4.693913307375811250e+00
3.015008629758312519e+00
5.248582626220356318e+00
3.731725857034794647e+00
4.599537030725519671e+00
5.986597396652679315e+00
7.429570820215981364e+00
9.331935180683856856e+00
8.249011122597664780e+00
7.684478972718245871e+00
7.466254233214442593e+00
6.899454750993064600e+00
5.763236401889132665e+00
6.115212095552166716e+00
8.021506438416624363e+00
8.178843250603494042e+00
4.368076056087934589e+00
5.678852778512987420e+00
5.997048704001601394e+00
1.465427850202343674e+00
3.778137414795906257e-01
7.750433838008555787e-01
5.397410449290585888e+00
8.169402777085375433e+00
7.703224899402341563e+00
9.037575336167721574e+00
7.470382505950811769e+00
5.864448874031219283e+00
7.427420601524771904e+00
7.207376873490277447e+00
3.510498474450514550e+00
2.647517974438541977e+00
5.380387646870348206e+00
1.179804342894549585e+01
1.566139272499037460e+01
1.358110783714958814e+01
1.182891172086399578e+01
1.317163055233102753e+01
1.352226487644859887e+01
1.358345135345384946e+01
1.339409576512248989e+01
1.161953438183478404e+01
9.785828642595108207e+00
8.290440730143524561e+00
1.088520172078459858e+01
1.298726266621716263e+01
1.186580771470289797e+01
8.484290803329939124e+00
7.321279052077947824e+00
1.256043916342212441e+01
1.074481150443642719e+01
8.915876044802233835e+00
1.190499275475454155e+01
1.159843889483830992e+01
1.245192447452781614e+01
1.443887395838200938e+01
1.664368095037832518e+01
1.553993667535462642e+01
1.264121958445862859e+01
1.446464468293510386e+01
1.608546418906805187e+01
1.632516834481602785e+01
1.765893191037879717e+01
1.531603516992465863e+01
1.509988654968878841e+01
1.793796768595549906e+01
1.542737596859793570e+01
1.229892787361013262e+01
1.312140446818724548e+01
1.321430663507942072e+01
1.325974417427381091e+01
1.688923821816097259e+01
2.039911050541510562e+01
2.010586190987316613e+01
2.019660245124176967e+01
2.051040443551724834e+01
1.935814351125919686e+01
2.026186003662983737e+01
2.082246143334193533e+01
2.011433931708959477e+01
1.985822213569117167e+01
1.974563441797864272e+01
1.920692382456716629e+01
1.757645470482141903e+01
1.741331641124049412e+01
1.832388578632760456e+01
1.769736930855863122e+01
1.574918449093615713e+01
1.574374316604147772e+01
1.609327030956033511e+01
1.647781598651135582e+01
1.705232865961485089e+01
1.484530287097440571e+01
1.489230932122297268e+01
1.410715392235979060e+01
1.404793549081418469e+01
1.586748067884458457e+01
1.335825303614167403e+01
1.213481550007561971e+01
1.166908790957887554e+01
1.085595653711647657e+01
1.293300873210634272e+01
1.590008002624890082e+01
1.786471844987495672e+01
1.682177827938407688e+01
1.368935355728162762e+01
1.275928739557302904e+01
1.561414994571231318e+01
1.708653545500454030e+01
1.715575637105142803e+01
1.827790611297453793e+01
1.868284348583414456e+01
1.750340245399902273e+01
1.749495483906410698e+01
1.924620254222132587e+01
1.999001660229933464e+01
1.973018755691572679e+01
1.854314351795853355e+01
1.594816327426432423e+01
1.429265852264786574e+01
1.459622478072327567e+01
1.579911738306938673e+01
1.704746720238830093e+01
1.476061351244726083e+01
1.333043521105140528e+01
1.256243797891014680e+01
1.432603534140213419e+01
1.704868739018418111e+01
1.591250707857425439e+01
1.265189182820826375e+01
1.131659690075730218e+01
1.221835235562243760e+01
1.275061893097180743e+01
1.146609513524950863e+01
1.262436195146163342e+01
1.603787660058987186e+01
1.715675670225371974e+01
1.551172826582737407e+01
1.453506868203614566e+01
1.491466607032826097e+01
1.430840275070656631e+01
1.473346659850639817e+01
1.461044264557453509e+01
1.433138312696783423e+01
1.554637123193806048e+01
1.684598202941384315e+01
1.784476888690617713e+01
1.733982791984255201e+01
1.749289855692570939e+01
1.850002227054326909e+01
1.919857514247360797e+01
1.961275384724970294e+01
1.949631786764496511e+01
1.977798156020552156e+01
1.964527900593958876e+01
1.964773509555317688e+01
2.039907666125972696e+01
2.077917883249890707e+01
2.070270514531162220e+01
2.012692307799863656e+01
2.049366870135655105e+01
2.071772358492463084e+01
1.737798653371798352e+01
1.537829514919708629e+01
1.569204619891870678e+01
1.436404018779696479e+01
1.483440673174850488e+01
1.493065942131832635e+01
1.376025270459765082e+01
1.268768473584772494e+01
1.204061303892535051e+01
1.391302416035230927e+01
1.847902543009361409e+01
2.051218448822878315e+01
2.092743287497095750e+01
2.077410147164947318e+01
1.999534834176890996e+01
2.042744651042963255e+01
2.092707626752392258e+01
2.068616249755739744e+01
2.026325554770014747e+01
2.009988803618211151e+01
1.871316568170310290e+01
1.594230095605957764e+01
1.436846857449077675e+01
1.518695811711151578e+01
1.714995839488341289e+01
1.732824633540889536e+01
1.650601943041879949e+01
1.611120326399629121e+01
1.661383180598665277e+01
1.865307772796676389e+01
1.968472468980352730e+01
1.973398684786902635e+01
1.953155874604800246e+01
1.905380416249063913e+01
1.878525555884418097e+01
2.002683154589847803e+01
2.066319280191962804e+01
2.025297462841767526e+01
1.962432553506216593e+01
2.042025502551753391e+01
2.085019223174312941e+01
2.094496217180975606e+01
2.068749968308042497e+01
2.040327178874781566e+01
2.035798611109909118e+01
2.079519588904672034e+01
2.103544387144813044e+01
2.109578664914727142e+01
2.106152701246937298e+01
2.124327393877332426e+01
2.117372899216942628e+01
2.106432587295081760e+01
2.043284947807891783e+01
2.059619269391050267e+01
2.076470448830330184e+01
2.054619627684945371e+01
2.066592382044428433e+01
2.066825556125968077e+01
2.075207784443769654e+01
2.051359049126068967e+01
2.033615311297496930e+01
1.913128898332050554e+01
1.822449008527613756e+01
1.669652492921297693e+01
1.496457244460883373e+01
1.602491041743824240e+01
1.616390935453520683e+01
1.731375150518361750e+01
1.853264631304457311e+01
1.981521654850981307e+01
2.084664298179147224e+01
2.075877465660069632e+01
2.064600116576707123e+01
2.091784660300112009e+01
2.087942923623554492e+01
2.105326270447006110e+01
2.113487464707132091e+01
2.094841666623267074e+01
2.107752954196410045e+01
2.050344998755744186e+01
1.932352066420681780e+01
1.874239771761385498e+01
1.727165540858105430e+01
1.674251099102811580e+01
1.650329235599777533e+01
1.682403954139503810e+01
1.719603066073799624e+01
1.545117828684150396e+01
1.550827762805690391e+01
1.787032057360708492e+01
1.869763941929413420e+01
1.930215782384081891e+01
1.997304368771598959e+01
1.896918408838356029e+01
1.883697225646453788e+01
1.897248428552128274e+01
1.770008137143954841e+01
1.706279832021470000e+01
1.610036263407983625e+01
1.549286161831005337e+01
1.561156544361594456e+01
1.554516939367630712e+01
1.500001521945029914e+01
1.417087937304665068e+01
1.312127266572367468e+01
1.579448596270894711e+01
1.881825584455991063e+01
1.996888440321254876e+01
2.051395874912853401e+01
2.047718209190698602e+01
1.999664070873523514e+01
2.028032278797399712e+01
2.043678145483954367e+01
2.080475544073343031e+01
2.074181911452902582e+01
2.014209662563271053e+01
1.873043068095687147e+01
1.902564661148661429e+01
2.029763047897283812e+01
2.029715567284690181e+01
1.838846939067736841e+01
1.525263195780123304e+01
1.343966379754317764e+01
1.356543013658230024e+01
1.423761829082366326e+01
1.535036285500884112e+01
1.612374803532394196e+01
1.576776817839219191e+01
1.476984079299729657e+01
1.385009185005666410e+01
1.479681961809150970e+01
1.622574759294804991e+01
1.686738031899293233e+01
1.640296821346704093e+01
1.669181071498020330e+01
1.599913738528498008e+01
1.678595211070688009e+01
1.911798428380819104e+01
1.838403640326967547e+01
1.559900774933339385e+01
1.628592477036336916e+01
1.793156677276662947e+01
1.902436856113794761e+01
2.009706291154899560e+01
2.102626723222173766e+01
2.065742213313781050e+01
1.818343374829967374e+01
1.942916093800559807e+01
1.968018490117943387e+01
1.910847084098986315e+01
1.985334715526592220e+01
2.034510811902383409e+01
2.009083335645568980e+01
1.816693831286145766e+01
1.679537438497667878e+01
1.494579296337474617e+01
1.664092492931220235e+01
1.869622958159837722e+01
1.760726235321329725e+01
1.870924272817206102e+01
2.014759337597887878e+01
2.050767014686935852e+01
2.086949412180839758e+01
2.042392944482720551e+01
2.045626969158181652e+01
2.023342393369204828e+01
1.866671966943687622e+01
1.758033606324505271e+01
1.879565923120274817e+01
1.956826827665631896e+01
1.845257112370023833e+01
1.577213958037975416e+01
1.512233365843499122e+01
1.559332969029773075e+01
1.618195888548894601e+01
1.738997964461420409e+01
1.836997722766044205e+01
1.870883825449941540e+01
1.758735225125692381e+01
1.657853303735782902e+01
1.707577516873558210e+01
1.718977623796441634e+01
1.813434941407776435e+01
1.825130196435860341e+01
1.758601064985101203e+01
1.824766986636382882e+01
1.826814936284008795e+01
1.804926554161957597e+01
1.698106423503487861e+01
1.509396082546338569e+01
1.457209609107050063e+01
1.474839995497320189e+01
1.639656680684746348e+01
1.617609358868714509e+01
1.611012639636518173e+01
1.752879946719390958e+01
1.784907616970623323e+01
1.682149104114035154e+01
1.818190450341693420e+01
1.957395790854167572e+01
1.984325975020119870e+01
1.894931898848360063e+01
1.908114607461879686e+01
2.038737376664135681e+01
2.043461423606816751e+01
1.996147455165996831e+01
1.888719268902114834e+01
1.755435596438544010e+01
1.649060745977977049e+01
1.587978152688978817e+01
1.433116601098940279e+01
1.122969882771942629e+01
1.085553656470885109e+01
1.012821250154841124e+01
9.982983692803104603e+00
1.286957708209992468e+01
1.539137605904726769e+01
1.184419559452723547e+01
1.158265608389427292e+01
1.727811757347091870e+01
1.804559459439338198e+01
1.476629828762134800e+01
1.251152935411771061e+01
1.683487239412326275e+01
1.872878708141799109e+01
1.744168712328894344e+01
1.643048847389551881e+01
1.747393760970586740e+01
1.678414448632343436e+01
1.449791873869955694e+01
1.765275302312156214e+01
1.965880454382043041e+01
1.971068084754322669e+01
1.917256521807266267e+01
1.846368174121488792e+01
1.872664860488847083e+01
1.946572038152930872e+01
1.966150859087492009e+01
1.908986922873825520e+01
1.785603199581033707e+01
1.817387254131551089e+01
1.883052024939069469e+01
1.945459822776465586e+01
1.943837191693153699e+01
1.867169876727199451e+01
1.847307398880231588e+01
1.900053922499308712e+01
1.851010262330850153e+01
1.943152810314713719e+01
2.021418174581359750e+01
1.907945031793416746e+01
1.676390427276129458e+01
1.503025190573101000e+01
1.457042213915526219e+01
1.534707836443288009e+01
1.727184525986382013e+01
1.845028589848376299e+01
1.842824926986302714e+01
1.691135291952759445e+01
1.636220785002105060e+01
1.815011790402338931e+01
2.012926123612094642e+01
2.002035876430351635e+01
1.889038045104820185e+01
1.941933801600120546e+01
1.961389946917471150e+01
1.840125378847558224e+01
1.840599678409878237e+01
1.916043534555448602e+01
1.805715687145302795e+01
1.385127412071138764e+01
9.712790510409314848e+00
7.709394337085247351e+00
6.649810880120528012e+00
7.094370954426517883e+00
1.074545679895690853e+01
1.037159946699240010e+01
1.041240646264028058e+01
1.029531092468749875e+01
9.955679204473211641e+00
1.545947020570399566e+01
1.747812166344187901e+01
1.834345908758873378e+01
1.821416022552357106e+01
1.748907040746994568e+01
1.826382842859252165e+01
1.768108456881440560e+01
1.562582659924485462e+01
1.643023236172889767e+01
1.813305494508130522e+01
1.881824991538994141e+01
1.908471937342222446e+01
1.870287721812675485e+01
1.905464503807814935e+01
1.971067054216561942e+01
1.988891747013127898e+01
1.892044294136612592e+01
1.758070116366499391e+01
1.872751822956506729e+01
1.920871762483172418e+01
1.581951165886487054e+01
1.321753487217635659e+01
1.295228366039271428e+01
1.082202499236872129e+01
1.144017592691511176e+01
1.227978064830241678e+01
1.267512560341734940e+01
1.400947768781561820e+01
1.387676106508049045e+01
1.290136268903336436e+01
1.073616749899609957e+01
1.023212365949546410e+01
1.255498938680011811e+01
1.218863515900466510e+01
9.402195745924339931e+00
1.033541171383217971e+01
1.086341058835029827e+01
9.748715537278609844e+00
8.691605043803008357e+00
9.713701495226017002e+00
1.400631437111338684e+01
1.594234254634799619e+01
1.714012428731446747e+01
1.577255787839442114e+01
1.224952832294336424e+01
1.086742604980598337e+01
1.195495715350287291e+01
1.339051882065281340e+01
1.529413853825638370e+01
1.665206678853866507e+01
1.513077212841273678e+01
1.426486270302457626e+01
1.377324751978175676e+01
1.290619132774948241e+01
1.408858309426654287e+01
1.326153644034064882e+01
1.068079658448032632e+01
9.814847037395447060e+00
1.018605440896209835e+01
1.024536802853073958e+01
1.151499660504938483e+01
1.319461284300510151e+01
1.366998183419456403e+01
1.412770250502545366e+01
1.299565066702574967e+01
1.063239003196943422e+01
1.123688096140099013e+01
1.276604639791301743e+01
1.252663416461989065e+01
1.119631926544728451e+01
9.998922118834029149e+00
8.965617569662249764e+00
8.522955311737296924e+00
6.635270055471745643e+00
9.060483142745468399e+00
1.082829807305455638e+01
9.779582751510613292e+00
9.858305773481331968e+00
8.585370951000822259e+00
8.159961648368193821e+00
1.131820382915426393e+01
1.354092610743898994e+01
1.441365010832500282e+01
1.488822089944124727e+01
8.252643649310549279e+00
