-3.693253210761830108e+00
-6.548609650454907616e+00
-8.718787776276128554e+00
-9.934956365023388969e+00
-9.295743353943318965e+00
-8.412012207286664989e+00
-8.344766496927409349e+00
-8.567096008397902196e+00
-7.633497368290015572e+00
-5.674317008095246528e+00
-6.181012042708682763e+00
-7.745711927068890112e+00
-7.490445102569192493e+00
-7.021092210681745271e+00
-7.171468265327713532e+00
-6.577816005139459854e+00
-5.855533869310105111e+00
-5.442093025310988708e+00
-5.314255680771797330e+00
-6.215432945493465589e+00
-5.527761790732300007e+00
-3.370100694896354998e+00
-4.313422750304845898e+00
-5.669441125230816780e+00
-5.785895194212420378e+00
-6.894788402175155539e+00
-6.892735595377589064e+00
-4.992085121648091040e+00
-5.110793012267487612e+00
-6.264428334616657601e+00
-7.242751306141895107e+00
-7.048361793312438728e+00
-6.470069963137357050e+00
-5.705158269573376906e+00
-4.659406458007018692e+00
-3.404206983871074677e+00
-2.450818001195424145e+00
-4.787044045809018655e+00
6.470665775920301233e-01
6.470665775920301233e-01
6.470665775920301233e-01
6.470665775920301233e-01
6.470665775920301233e-01
6.470665775920301233e-01
6.470665775920301233e-01
6.470665775920301233e-01
6.470665775920301233e-01
6.470665775920301233e-01
6.470665775920301233e-01
6.470665775920301233e-01
6.470665775920301233e-01
6.470665775920301233e-01
6.470665775920301233e-01
6.470665775920301233e-01
6.470665775920301233e-01
6.470665775920301233e-01
6.470665775920301233e-01
6.470665775920301233e-01
6.470665775920301233e-01
6.470665775920292351e-01
6.470665775920292351e-01
6.470665775920302343e-01
6.470665775920301233e-01
6.470665775920301233e-01
6.470665775920301233e-01
6.470665775920301233e-01
6.470665775920301233e-01
6.470665775920301233e-01
-6.795140771647208311e+00
-7.766998059810901189e+00
-7.900914865643933638e+00
-6.861002285530477529e+00
-6.119659283566626584e+00
-6.378937302103517837e+00
-7.527987667431743191e+00
-9.143196491003996229e+00
-1.017617304211006335e+01
-9.554172331052559031e+00
-7.825714253842734003e+00
-6.973567648738653091e+00
-6.437584478136536781e+00
-5.723729993409482297e+00
-4.997177416460577781e+00
-4.017128862983114779e+00
-3.067155230662999443e+00
-2.167865610037626123e+00
-2.163756396309358898e+00
-3.332174790835410683e+00
-4.887832973895331001e+00
-4.677274064762642958e+00
-2.186598349155524978e+00
-1.003563139587793973e+00
-2.280021303333767513e+00
-4.316915551168955645e+00
-4.286217883529890749e+00
-5.320414677964465433e+00
-6.459494665892764331e+00
-6.222294157408435389e+00
-6.444608910405105640e+00
-6.070496652002725035e+00
-5.109911967005881017e+00
-4.227864431587516236e+00
-4.195016937757841013e+00
-6.470286557392578075e+00
-8.043865370417968563e+00
-8.328102725964910746e+00
-8.801248677889532246e+00
-8.889092185604932084e+00
-8.140764073167101600e+00
-7.256129953909359109e+00
-6.130531010983682805e+00
-4.570933937421814086e+00
-4.748316175737608447e+00
-5.574733270639489646e+00
-6.598222497833720723e+00
-6.661400756827515757e+00
-6.199778574819712951e+00
-6.601856467157231734e+00
6.470665775920301233e-01
6.470665775920301233e-01
6.470665775920301233e-01
6.470665775920292351e-01
6.470665775920292351e-01
6.470665775920302343e-01
-5.692640592475770589e+00
-5.517171158337313308e+00
-6.677207683290537155e+00
-8.124096875204642743e+00
-9.081517247424450545e+00
-9.266350374851958449e+00
-9.287760819091831266e+00
-9.114631251551530866e+00
-7.789590854428988465e+00
-6.623631250053248820e+00
-7.149361472555299635e+00
-7.600194587367465004e+00
-7.743823271565276833e+00
-8.269578681070751003e+00
-7.696898877309320319e+00
-6.522021370328780598e+00
-5.119391350754437298e+00
-3.223092567813624409e+00
-2.247363240808895046e+00
-2.494172118686487583e+00
-4.558398346893339337e+00
-7.506597313363412738e+00
-9.330262175337232122e+00
-9.557148905997237875e+00
-1.025711791041477561e+01
-9.681916499821641153e+00
-8.433282539125261934e+00
-8.754992177944574294e+00
-7.886281234440719601e+00
-6.156601232740061214e+00
-5.387273007898820687e+00
-5.343017426704997241e+00
-6.226847114452892740e+00
-6.641607257747085491e+00
-5.379259861710901980e+00
-4.347801184401785868e+00
-3.125910578868440926e+00
-1.046675684905050252e+00
-2.552168159034187145e-01
-1.053058800771388137e+00
-2.407279974920126353e+00
-4.009041902341713204e+00
-5.655412417979702511e+00
-6.976783444853023042e+00
-8.456369425799286077e+00
-8.947517698636509920e+00
-8.194922899212565781e+00
-7.489153391608237342e+00
-6.581391390473636527e+00
-5.334160694697361649e+00
-5.836688113962090085e+00
-6.341407833988963461e+00
-5.173406906557813656e+00
-3.555563663007137443e+00
-2.011554034071481478e+00
-1.538236154517180987e+00
-2.324791838432731073e+00
-3.457311599773391642e+00
-5.422100461489633538e+00
-6.785223129328672442e+00
-5.793567342753243032e+00
-4.685019113353227738e+00
-5.761808226882428663e+00
-6.554976763689568386e+00
-5.911659241970762757e+00
-6.162965452327174631e+00
-5.672848726643468176e+00
-3.238058717547639187e+00
-2.243946481080111521e+00
-2.546436439293784826e+00
-3.320529790675259996e+00
-4.213427756179216388e+00
-5.012553160790533369e+00
-4.137974706488924959e+00
-3.701782667909389257e+00
-2.639488720620136064e+00
6.114107550104227323e-02
-2.225606186102826456e+00
-6.070831341165289885e+00
-5.955528692712076300e+00
-5.949859297020908322e+00
-4.863753630209189716e+00
-3.221431924375826927e+00
-4.491416171800535651e+00
-6.652037398277064639e+00
-6.503646922507534178e+00
-5.411451885307331011e+00
-5.587929810152969523e+00
-4.844314809974578750e+00
-3.833226211266167027e+00
-4.713889579470043500e+00
-5.811950460192694123e+00
-5.930564600758121863e+00
-5.500896204248521215e+00
-5.353504853870477476e+00
-3.614373286890284920e+00
-4.082322090679460835e+00
-6.146738303604734277e+00
-8.259744538118699353e+00
-7.226798922987086371e+00
-3.656099360732471215e+00
-2.608966343314570668e+00
-8.176393582090891732e-01
2.541688139466534491e+00
5.454201491848016836e+00
4.991328718364368200e+00
4.039880554020644610e+00
3.752191530674743980e+00
2.557026921208908732e+00
4.186987704729757676e-01
-2.784974174520029599e+00
-5.047819888654665910e+00
-6.743669692702166429e+00
-7.789979448952044194e+00
-7.780103874870303748e+00
-8.308870897938676947e+00
-9.687956896095840875e+00
-9.140459926702261484e+00
-8.042383787949333396e+00
-7.987511982317245796e+00
-7.310874914729807550e+00
-7.554469357452767042e+00
-7.827325235682355498e+00
-6.477793651984921297e+00
-5.768336870697483576e+00
-5.412933857489311329e+00
-4.500861723749579824e+00
-6.929603989198958480e+00
-9.658979147660158304e+00
-8.753195515900342727e+00
-4.264351305303351047e+00
-7.727805934726361681e-01
7.081448888466514990e-01
-3.499662932016459060e-01
-1.839729580238200546e+00
-1.733038134149117671e+00
-1.014477681120087738e+00
-2.824626906351213607e-01
1.224768806101192542e+00
1.652616049167956236e+00
-6.695153341087007881e-01
-2.328236024134037851e+00
-3.945290799135859228e+00
-6.537954460163758696e+00
-7.959934520274230429e+00
-8.056975839090920744e+00
-7.357755866594189342e+00
-6.845796606915471649e+00
-6.337807605999171479e+00
-5.458868164301817316e+00
-6.917807859900949374e+00
-7.701719579915281777e+00
-6.350342565530303851e+00
-5.426037378171627346e+00
-6.220518819845869629e+00
-8.379502437277887239e+00
-8.650563971914380090e+00
-7.101360971502478137e+00
-8.045467061531136110e+00
-8.907922726472802921e+00
-8.867530759550314556e+00
-8.405733149096874968e+00
-5.455475713825798323e+00
-3.496427748689150405e+00
-2.976348693317758975e+00
-1.218019759304713068e+00
-1.990006514336523091e+00
-2.119253978196613097e+00
-7.514364079608540914e-01
-1.758548925773146809e+00
-4.551254021780412273e+00
-7.820942540887258154e+00
-1.045179510862492656e+01
-1.097114906725840378e+01
-1.043793914035239290e+01
-9.630604933613151175e+00
-8.323369188397375495e+00
-8.491538208972828627e+00
-8.963449298850694191e+00
-8.054180219933920526e+00
-4.877044624744029555e+00
-9.893398377783385600e-01
3.278384539397340841e-02
3.912705774587509899e-01
-1.073168109384991853e+00
-3.003205700219431229e+00
-4.935357075061755694e+00
-5.758026782411138633e+00
-4.062532158202222909e+00
-2.717723233498588353e+00
-4.485590839157827858e+00
-5.612009051631801526e+00
-6.363713572362096116e+00
-6.100872740440851594e+00
-4.416973476486941053e+00
-5.856170179664122344e+00
-6.476587990040520992e+00
-4.419462554424964829e+00
-1.805599802715381896e+00
-1.094386994443138361e+00
-3.482321065733019694e+00
-5.054612884985941967e+00
-6.210187707390761425e+00
-7.608664682769780363e+00
-8.531434178261253720e+00
-8.890659658787388508e+00
-7.610390993660436365e+00
-7.174210686545606563e+00
-7.381444291113781198e+00
-6.568136053935432095e+00
-6.859563166424453406e+00
-7.383567509266864448e+00
-6.280383115917177683e+00
-4.693924009428761757e+00
-2.877521583971365260e+00
-1.181172139878131855e+00
-3.073075146031121196e+00
-5.201734806355088558e+00
-5.394764548879254384e+00
-5.241186970317561311e+00
-4.248961728717927322e+00
-2.552041040694927876e+00
-1.357667623027452919e+00
-2.572512383752911358e+00
-2.454847113500124411e+00
-1.171210484272244390e+00
-3.212501963931499449e-01
1.639826330687263356e+00
2.553816802437026023e+00
1.153948279758910456e+00
-4.740128550323477463e-01
-1.980692742747815593e+00
-4.055577613928286418e+00
-5.714686796895787069e+00
-5.799345403636396057e+00
-5.583461345799812570e+00
-6.836322138409766325e+00
-7.751245204788754783e+00
-6.344183697447417281e+00
-3.571400666911295207e+00
-4.960707094214986235e+00
-6.805893058922197980e+00
-5.885723882491402215e+00
-4.847176606092356010e+00
-6.289670034580319147e+00
-6.200967874113771039e+00
-6.301543858001011245e+00
-6.190858369875225087e+00
-4.548341043374020565e+00
-3.061074157187693157e+00
-2.264010043076226442e+00
-1.951219785646359339e+00
-3.719037218282627677e+00
-6.797470908975986603e+00
-6.768372210081618157e+00
-3.409053246865836329e+00
-3.958509535343097241e+00
-5.156676591497771689e+00
-4.061946042396602508e+00
-4.328468856875617554e+00
-5.264307837298257908e+00
-4.639238736186362289e+00
-3.060834435009579302e+00
-4.167720502484169032e+00
-4.948837920971687510e+00
-4.602802708504358797e+00
-5.865692653661735534e+00
-7.871419134829618969e+00
-8.953295585929048173e+00
-8.438778437234763175e+00
-7.647288671630268375e+00
-7.203157172357752991e+00
-7.363091238383556281e+00
-6.670927803303343673e+00
-5.022673134847199350e+00
-4.437553546633607127e+00
-4.614733635311146109e+00
-3.516449522227449442e+00
-2.061701595181392843e+00
-1.958149113398021113e+00
-4.100101421315911487e+00
-5.873134068872729152e+00
-6.892807423056940053e+00
-6.019688553424768607e+00
-4.104623307946502209e+00
-4.594011874618877833e+00
-4.295331614259216835e+00
-2.734409830845243139e+00
-1.985434100793859180e+00
-9.749521228209367951e-01
-3.677103298398245901e+00
-4.516406689081580161e+00
-4.974780096808140151e+00
-5.825007067274245998e+00
-5.893005814467977110e+00
-5.001726594295569761e+00
-3.635604458121092897e+00
-5.543184255032622687e+00
-7.227572719339931062e+00
-8.348956009884275886e+00
-9.190610491135588589e+00
-8.718360417810568919e+00
-7.435575642052363321e+00
-7.380998298907577748e+00
-8.251173508598590445e+00
-7.589887988279120812e+00
-5.161361609407556728e+00
-3.550274316936801178e+00
-3.085794422856606545e+00
-3.900363953931917482e+00
-5.586642903646595215e+00
-5.307081696467530918e+00
-4.283544128191396183e+00
-4.781174355573654999e+00
-4.505877928534683718e+00
-5.575495618314199042e+00
-8.140334426002590718e+00
-9.269327684630027875e+00
-8.453961402484733156e+00
-7.622818686820314937e+00
-7.629766636294989191e+00
-5.676979740815061959e+00
-2.050647023150903969e+00
-2.018863768324624441e+00
-2.169471295442881420e+00
-6.684456301227552633e-01
1.395851449081645379e+00
-1.727019088281228354e-01
-3.857795769364644745e+00
-6.488399462059707190e+00
-7.957966700175770569e+00
-8.753080138606131655e+00
-1.022296402017945560e+01
-1.029989611590875320e+01
-1.010592824402675838e+01
-9.497931966302861184e+00
-7.868720920322862966e+00
-7.006193098426207300e+00
-7.579164006042655721e+00
-9.096842145219056874e+00
-1.047813090952358195e+01
-1.041726066713182597e+01
-8.826010441986257504e+00
-7.989602239668913697e+00
-8.057650335257484642e+00
-8.312173831324029649e+00
-8.009312773848906275e+00
-6.651669240698599772e+00
-6.274278065091973389e+00
-7.494851382681045671e+00
-8.556775045749049013e+00
-9.590808801050654253e+00
-1.017460611543384452e+01
-1.029773941862003106e+01
-1.006878985854380559e+01
-1.036755795845860106e+01
-1.039955013691170471e+01
-8.658600449082086925e+00
-7.118175600992934449e+00
-5.769863318938297070e+00
-3.669484778958475246e+00
-1.282334251490249599e+00
-1.907637217870456370e+00
-2.824026055126643175e+00
-1.861303129173660365e+00
-2.190446037839866911e+00
-2.549106264960666390e+00
-1.812074542826595192e+00
-6.343437792609035730e-01
-1.019823209035924105e-01
-1.360529220334867784e+00
-2.148161968383017317e+00
-2.430881983738651275e+00
-2.633857296434388484e+00
-3.911028564343567715e-01
1.825793586201879537e-01
-3.109005691031053731e-01
1.324840752474436556e+00
1.234056190733846092e+00
-5.458880149299204509e-01
-2.211728220491416153e+00
-4.082945654884752251e+00
-5.733352742564633786e+00
-5.145523984321443756e+00
-5.124632490327159395e+00
-6.125036084276134218e+00
-7.875454503577494769e+00
-8.889700296515179900e+00
-9.181033663890639573e+00
-9.094984540356167102e+00
-8.856754442791270776e+00
-8.901774517453420188e+00
-9.333985790456900133e+00
-1.032415558082810314e+01
-1.094969601812491966e+01
-1.089163287441686556e+01
-1.049935228337315607e+01
-9.321775857463824977e+00
-7.085848688818034979e+00
-5.971310900549188005e+00
-6.135320595860233261e+00
-6.938204215408970477e+00
-6.864573596202188988e+00
-4.954033951275381042e+00
-2.594699460452564388e+00
-4.407770813676147315e-01
8.534652367744219870e-01
2.101603521586698220e-01
-2.530476523205438699e+00
-4.384314792916790715e+00
-4.636039806311979206e+00
-3.878996108417382960e+00
-2.061115107885918007e+00
-1.001269378144774347e+00
-1.546086379690310597e+00
-2.537506623513068771e+00
-3.140985117572221874e+00
-3.977681261916326871e+00
-5.683664216235565725e+00
-6.254176271286112865e+00
-6.523575172635175612e+00
-6.540347890124492025e+00
-5.067930539425497649e+00
-5.292169419173282208e+00
-5.689506473040862211e+00
-3.817721677469992247e+00
-1.614076939191245952e+00
-9.481254152383437883e-02
-7.616093941342694240e-01
-2.962402189808596820e+00
-5.424728737318922356e+00
-5.515508436945434134e+00
-4.755744249437919180e+00
-5.692676131863407818e+00
-7.210377908110667811e+00
-8.808982292797560731e+00
-9.741342565207078863e+00
-8.911500869890105037e+00
-6.841726645267086404e+00
-6.171400691045797693e+00
-5.088832394968755501e+00
-4.585974077726081788e+00
-5.425847556482041867e+00
-5.467964470908070140e+00
-6.848417138558416717e+00
-8.036928414384950869e+00
-8.016046163868484342e+00
-7.801662096212107933e+00
-6.468735222746385460e+00
-5.327467638313559739e+00
-6.318860145622896773e+00
-6.930887423655329727e+00
-5.829566757662941967e+00
-6.236045179750598244e+00
-6.717842207111388575e+00
-6.799249625741360603e+00
-5.832284735948004339e+00
-2.763995360605615570e+00
-1.263020139435413913e+00
-2.547742420880846570e+00
-4.517981538705318378e+00
-5.958930897740518873e+00
-8.135357399640152920e+00
-9.337056503834773480e+00
-9.781130897771996402e+00
-9.445711779365769445e+00
-8.889463778569403729e+00
-7.993273550800802596e+00
-7.929835683474828478e+00
-8.715464057639700002e+00
-8.614890395188728789e+00
-7.858295705054369584e+00
-7.306429105904276078e+00
-8.313963271945761235e+00
-9.559342599964411491e+00
-1.058140434915111783e+01
-1.026130635918362088e+01
-8.780232711380177690e+00
-8.391199102272492993e+00
-8.341778801767132379e+00
-7.273929792558031515e+00
-6.698024068678607890e+00
-5.547479879159351590e+00
-3.318277418767388021e+00
-3.854443272151856004e+00
-3.431254838046095657e+00
-3.192839740288217598e+00
-3.580999535191344840e+00
-2.267615518434165978e+00
-2.804359923165840485e+00
-5.858056560976725891e+00
-6.977386944617226305e+00
-7.025068525775935768e+00
-7.513254954531073615e+00
-8.663841549564441635e+00
-9.501213807514693244e+00
-8.837996152362052271e+00
-8.564680838389694628e+00
-9.322736830140589959e+00
-9.508659090522696644e+00
-9.966450261408578370e+00
-1.050302457722114013e+01
-1.063893116223609780e+01
-1.048731724363740270e+01
-1.089307752332894985e+01
-1.089074323671530031e+01
-1.065840202345652443e+01
-1.008197485689216677e+01
-9.975371220553364893e+00
-1.002636587001399704e+01
-1.009315006221163102e+01
-1.031474905586364699e+01
-1.041646170296483298e+01
-9.405300520837549527e+00
-8.363925881354543179e+00
-8.431251901441511265e+00
-8.200827320730642356e+00
-8.957813430015731271e+00
-1.012916233133778299e+01
-1.056085953006509826e+01
-1.091441489296654055e+01
-1.102313942695721138e+01
-1.054907527381872434e+01
-1.011748140800730056e+01
-9.439929275883583770e+00
-8.858183856283911695e+00
-9.525061388453845979e+00
-1.000576851709418769e+01
-9.936538034261666041e+00
-1.039055732089030926e+01
-1.091117888571715078e+01
-1.098325888968625108e+01
-1.083941512224844317e+01
-1.046828375083826934e+01
-1.029920034140867635e+01
-9.962842028767852298e+00
-9.311006873541492368e+00
-8.870629977742218841e+00
-8.336363199815334468e+00
-8.186873318317514858e+00
-8.836013672858912926e+00
-9.580614018110638952e+00
-9.570075417290896169e+00
-9.750541368425620803e+00
-1.079433283645435360e+01
-1.091991522552385696e+01
-1.067434683643602789e+01
-1.068380163296619578e+01
-1.035826028259960729e+01
-1.047371862382369301e+01
-9.098239135091715113e+00
-7.251277941732502619e+00
-5.043889544527579538e+00
-3.118286792788754536e+00
-2.882719610178701597e+00
-3.430653680035291586e+00
-4.041911315680003725e+00
-3.670336456199664088e+00
-2.135621772493895509e+00
-2.302527038242372370e+00
-5.211196777354291321e+00
-7.740077038901902462e+00
-8.413223321214243100e+00
-7.827482999235369832e+00
-7.730375888003637286e+00
-8.561612880753813215e+00
-9.528906859519722161e+00
-9.190989947517326897e+00
-8.515978121999118855e+00
-9.080881620256477049e+00
-8.828043587485170818e+00
-8.107412823962034665e+00
-8.426274722167883979e+00
-8.901727762582780201e+00
-8.958107841786713266e+00
-7.878156338047790364e+00
-6.854871000540403436e+00
-5.976688556508891637e+00
-4.454945894471805445e+00
-6.555022041979951197e+00
-1.080265132366123382e+01
-1.115632076565778341e+01
-1.115515098526431181e+01
-1.114107092867302207e+01
-1.109100856877257257e+01
-1.095646357113201219e+01
-1.066765141911437098e+01
-1.053187920108141107e+01
-9.847983380388315666e+00
-9.576514240688402069e+00
-9.434635594696388239e+00
-8.285833815995928830e+00
-8.104049897784419088e+00
-9.665796575186140771e+00
-1.046405888285565489e+01
-1.036688899423446308e+01
-1.011865020349167033e+01
-1.008721018223431365e+01
-1.023073419186944655e+01
-1.043334248724976909e+01
-9.596522806047705245e+00
-7.310670694637462219e+00
-5.013177717706764902e+00
-4.884407669323782564e+00
-6.427712669220568387e+00
-6.997748740090393049e+00
-6.048754242177381002e+00
-4.938552328222889365e+00
-3.666880206589352209e+00
-4.141077890941211592e+00
-5.756832847034819345e+00
-6.802859632466439876e+00
-7.815147075142535371e+00
-8.883220042691961638e+00
-9.773838529084178717e+00
-1.036219362734641791e+01
-1.045982286624854574e+01
-1.054672302340355294e+01
-1.097774698075448896e+01
-1.114508341633472277e+01
-1.088781560029566009e+01
-1.087262283491121195e+01
-1.100301289880991007e+01
-1.053389525508616309e+01
-9.162132423528229097e+00
-7.628156248966434738e+00
-6.457069709930671308e+00
-6.213653174880354513e+00
-6.498348481646553765e+00
-7.631007610207331204e+00
-7.454696062782242727e+00
-8.350750586215989202e+00
-9.294343896761349200e+00
-8.839033772170589387e+00
-7.119268668571778313e+00
-5.353608338440874803e+00
-4.146851940102108003e+00
-4.548532909560647042e+00
-5.794988517222294355e+00
-6.546354023617873885e+00
-6.935660958364650241e+00
-7.569781923256509337e+00
-8.365494684689501526e+00
-8.204509363640330122e+00
-8.314895083096217832e+00
-9.287284296594812361e+00
-9.151918539141979281e+00
-9.482680437761359826e+00
-1.008799674122927215e+01
-9.711613511118375897e+00
-8.878704697824975511e+00
-7.759757911092100890e+00
-8.059612790399853566e+00
-9.188029969030919730e+00
-8.269997533987535121e+00
-5.943533082307861370e+00
-4.086975967099655271e+00
-4.768024342328113008e+00
-4.898576055167392695e+00
-4.825852665363952632e+00
-6.846157687100044242e+00
-8.685875164943873017e+00
-8.244700936120377577e+00
-6.892042456767630831e+00
-6.547393793375704263e+00
-7.393851593901162644e+00
-8.454885839306296447e+00
-7.672846032277582218e+00
-7.858993747299242827e+00
-8.318169381969136467e+00
-7.590241512710790062e+00
-6.259488939798426799e+00
-5.815045066437972920e+00
-6.736843568492209222e+00
-5.736633721856438939e+00
-3.877614664158487212e+00
-3.574535437934202697e+00
-2.622951736120349153e+00
-2.947148827074559385e+00
-4.717312343102791239e+00
-5.896948174935338294e+00
-7.078888612396501578e+00
-8.541225692317322427e+00
-9.611833629745836660e+00
-9.853349347591716878e+00
-8.626395728677580976e+00
-8.374383355016782104e+00
-8.631347072686375910e+00
-7.045146356334449855e+00
-6.829289099002733288e+00
6.470665775920301233e-01
6.470665775920301233e-01
6.470665775920301233e-01
6.470665775920301233e-01
6.470665775920301233e-01
6.470665775920301233e-01
6.470665775920301233e-01
6.470665775920301233e-01
6.470665775920301233e-01
6.470665775920301233e-01
-7.796502225078298487e+00
-8.070654832465079309e+00
-7.345589092277792886e+00
-6.231212159938416484e+00
-5.445639468107621894e+00
-5.185901412978445535e+00
-6.170681532391421698e+00
-8.312481953530234335e+00
-9.651602052859418635e+00
-1.016230285925224841e+01
-9.970341062657020359e+00
-9.517509417031227770e+00
-9.380529582121715393e+00
-7.993648748335141718e+00
-6.227411517274075159e+00
-5.874471848849538880e+00
-6.511660182540789599e+00
-6.325972699946495581e+00
-5.885114359096521142e+00
-6.484811434787655315e+00
-7.556866265164285501e+00
-9.600466913528842738e+00
-1.032065980441684694e+01
-8.204572696352181893e+00
-6.956382153190158846e+00
-8.716777041969422157e+00
-9.925340489287174606e+00
-9.098923213347699601e+00
-7.941079630295893033e+00
-8.448505692786138610e+00
-9.255896108304147774e+00
-9.472017371489458881e+00
-8.731464299576460419e+00
-7.595937309699354323e+00
-6.459351736715952974e+00
-6.194543137625103668e+00
-6.656341004787396542e+00
-7.029799812339142306e+00
-8.138483156343546909e+00
-9.548170677143493990e+00
-1.004043161568955078e+01
-9.440999347713688650e+00
-8.900963818301287134e+00
-8.312578476591530929e+00
-8.436478581455103765e+00
-9.977895444900589439e+00
-9.695130475713387597e+00
-8.915834655109787121e+00
-7.934210598727362118e+00
-5.628105546322069941e+00
-2.289355939310012911e+00
6.710157045202973514e-01
1.332699126368032339e+00
5.951434467016432084e-01
-1.003081194184100911e+00
-1.988615882585341055e+00
-2.296944020041370660e+00
-3.993485190003701391e+00
-2.650769268221552455e+00
-9.803841744514654732e-02
-6.379187300573154751e-01
-9.731392623897280325e-01
-4.096507895646419151e+00
-7.442701369483835983e+00
-9.008650738665130220e+00
-8.781972297450126419e+00
-7.432297445531335534e+00
-5.702504169935013856e+00
-5.146597568265569578e+00
-5.813082122176582267e+00
-5.044415770119988096e+00
-4.797290107178320717e+00
-6.071451825595715945e+00
-5.700945468241221725e+00
-3.977874261201729489e+00
-3.204284743890301712e+00
-2.731705286725430337e+00
-3.435230726826011827e-01
-7.097805546693293222e-01
-4.765774453685910572e+00
-5.038820459735294577e+00
-4.486662305104162307e+00
-3.613175188418816131e+00
-1.751577498011926526e+00
-2.114341222508298479e+00
-2.693828880344757426e+00
-3.896086895490828983e+00
-4.842779427248124158e+00
-6.023966546562038893e+00
-7.035125369370336834e+00
-5.729250464614460192e+00
-4.640609282023611115e+00
-3.048928154479092267e+00
-2.215492292335120794e+00
-2.841152846249543451e+00
-2.322604050061728653e+00
-6.841356175647914650e-01
2.998889860403674001e-01
-7.664847381250130542e-01
-1.388661691477362403e+00
-6.972535950826810325e-01
1.297747466471703970e-01
1.078370531174888125e+00
-3.250099695772360464e-01
-2.171310435286736062e+00
-4.676853769360496571e+00
-5.767095240637972964e+00
-4.735334081473626000e+00
-4.940739420264428361e+00
-4.798938218486574314e+00
-1.900388534692040388e+00
-7.689751685928878366e-01
-1.236393686682839554e+00
-2.043779555990398844e+00
-4.033852478297106359e+00
-3.959320015439095286e+00
1.694431156471778721e-01
3.161117597457817840e+00
3.480829064595254430e+00
1.629300965213152930e+00
-2.596323540879940772e+00
-5.340420328859236676e+00
-7.103072444590386780e+00
-7.306987610891685136e+00
-6.123123084179545650e+00
-5.643790107552001167e+00
-5.491669249051813750e+00
-4.350303531683715086e+00
-2.980367827796066571e+00
-3.052979172435036581e+00
-5.243184106277356982e+00
-7.613758113511017278e+00
-9.764788757728348756e+00
-9.981164321377354653e+00
-1.017927265656224556e+01
-1.090177732143340350e+01
-1.065668999971351738e+01
-1.009653583094356932e+01
-9.234738148207959796e+00
-8.234965912823216883e+00
-7.469122549891110019e+00
-6.207916987239403106e+00
-5.672100593243054156e+00
-7.699209763933712480e+00
-7.803579852473587763e+00
-5.389449962323437759e+00
-3.205458628925038855e+00
-2.775242161782564665e+00
-3.223835630250385886e+00
-3.909669446909771473e+00
-4.557730594265567703e+00
-5.682612662619019872e+00
-6.787632496388565251e+00
-6.050194369604157352e+00
-4.753196193664431135e+00
-5.180387596905617897e+00
-4.279385067078489868e+00
-1.737103776810351885e+00
-3.666775835261875116e-01
-1.098724697323233190e+00
-3.559302461918153693e+00
-4.343922886290337182e+00
-3.200365332612714830e+00
-3.744000208225050752e+00
-5.918693220742545336e+00
-6.715119762250220781e+00
-7.169128084836715153e+00
-8.498518387453577461e+00
-9.119399041634075331e+00
-9.215218612587241509e+00
-9.542208014672185712e+00
-9.594090227541274274e+00
-1.038107849149352724e+01
-1.115079525805616889e+01
-1.128416920706889215e+01
-1.136769567462054020e+01
-1.076149975921170210e+01
-9.589819441061603555e+00
-8.152944951810495056e+00
-7.108080423617831656e+00
-6.284422719483050201e+00
-3.862120159576258871e+00
-1.688319113305908559e+00
-2.429960621981139379e+00
-4.096315489666833898e+00
-3.984496039840800030e+00
-2.725728885194593332e+00
-3.892137968418127869e+00
-3.613052607397376548e+00
-2.015792717119472943e+00
-2.854161283845547459e+00
-3.455073265205003352e+00
-3.062866545246598182e+00
-2.077428456623156006e+00
-4.672301704793410670e-01
3.969435354895747836e-01
-1.266573760347476707e+00
-2.203384330172211136e+00
-3.805814769324486591e+00
-5.235946147310479581e+00
-5.052408311790475892e+00
-4.535876378919498464e+00
-1.955865943831342824e+00
5.124158499944921896e-01
1.649718584814673816e+00
2.678495227368576259e+00
1.127351698860401763e+00
-6.430379811622073394e-01
-3.097285013020704136e-01
-6.038339358515630861e-01
-1.765430008595995526e+00
-1.633875402378270225e+00
-1.188198345720746563e+00
-1.202219377821525770e+00
8.044234886060940282e-01
1.387989602068672390e+00
-7.731190694930092366e-01
-4.045441544047491789e+00
-6.504942483019444666e+00
-6.939204641151453856e+00
-5.525557114835168981e+00
-3.982882733508570361e+00
-2.128149072983808399e+00
1.392648023022665937e-01
1.932570775581231137e+00
4.065323919445448908e+00
5.745472897599736228e+00
5.174965615114265560e+00
4.397534029363140640e+00
2.282251493992932367e+00
-3.936995088866648840e-01
-1.202929606426334397e+00
-1.627599997374922447e+00
-2.276444259574832429e+00
-3.600273073066339258e+00
-5.624772143147743542e+00
-7.100754555876866547e+00
-8.548126705723126051e+00
-8.583886642647758691e+00
-7.943935930753163177e+00
-7.284035865777926944e+00
-6.519288862181086941e+00
-5.680941819061422926e+00
-4.661993931229283739e+00
-3.624932982564720962e+00
-2.248145884193240907e+00
-2.947365187658410046e-01
1.967566982312294543e+00
2.184287200675918861e+00
2.233894709235943132e+00
3.849297729806891333e+00
2.680196425795059234e+00
-1.046511010938105279e+00
-1.850570305239464641e+00
-2.531419855254942064e+00
-4.113818503244289992e+00
-2.522407896847772335e+00
-1.264093783329757414e+00
-1.747898156577248230e+00
-1.926727509347411438e+00
-3.267672015912693517e+00
-4.629545002545492061e+00
-3.821240519170522099e+00
-2.163469608502694985e+00
9.154072947549424244e-01
3.561560221215810174e+00
3.647229794248602719e+00
2.001353539638788703e+00
5.576064116881049859e-01
-9.844697603328781410e-01
-3.524996764790054193e+00
-5.447058494844359444e+00
-6.179232474107669404e+00
-6.104285433885783263e+00
-6.040097277320762181e+00
-7.838620620810048401e+00
-9.234044370394203227e+00
-9.439220591604772892e+00
-9.748417970969050828e+00
-9.619597936998230736e+00
-8.128097474828008373e+00
-6.465001289267936713e+00
-6.994817289576481301e+00
-5.408903905856910832e+00
-1.160379598858894301e+00
1.964787736521072858e+00
3.616571262998058423e+00
2.737540852999354790e+00
1.034084084326013731e+00
9.916135796471110542e-01
2.095438284670920304e+00
4.875149820660484856e+00
6.638460099365477873e+00
5.537495582403216154e+00
9.882017485326606288e-01
-2.933102020536451082e+00
-2.882165119833073330e+00
-2.285618880738088166e+00
-1.735990063527755201e+00
-1.362490997810063220e+00
-1.804741757659626300e+00
-2.926501999885847471e+00
-4.311718150377250147e+00
-6.222748231529310559e+00
-8.438992832240074904e+00
-9.563380774732692657e+00
-9.862777661681603192e+00
-8.977221779236863597e+00
-8.113330395813919793e+00
-8.106764542565001008e+00
-8.119077164737456442e+00
-7.225407038540649474e+00
-5.507917795516489079e+00
-3.896568316913483265e+00
-2.515318752125229373e+00
-9.224816525837443715e-01
6.614542914806458285e-01
1.825510160013350314e+00
8.189223793789488504e-01
-1.361734785929736624e+00
-1.862190295554454256e+00
2.552185880335244850e-01
1.992756049868503521e+00
-1.130250537631834057e-01
-1.868970130844785915e+00
-1.614457278712080113e+00
5.427388854463188750e-01
3.233206021509349881e+00
3.055839363134034148e+00
1.497666120138345436e+00
-1.152462022458003110e+00
-2.573864593390219113e+00
-1.800059516765855294e+00
-1.588811878129246513e-01
1.861620928554215126e+00
3.898575589085096382e+00
5.366895218712571136e+00
5.702456382201961382e+00
4.635864661733533509e+00
3.728727189593562752e+00
4.652158183601421193e+00
6.281616569496021540e+00
6.057206134384975016e+00
4.392334234848566332e+00
3.140754583332239669e+00
3.924156845395905258e+00
3.396503660716766237e+00
3.068157195418401262e+00
7.060271504735897707e+00
9.200950521094339862e+00
9.375751170193595385e+00
8.566224433146697237e+00
7.309352546845746090e+00
8.498405123909295256e+00
9.357840862264049875e+00
6.702403448601702785e+00
3.556243978478674794e+00
2.453669658379077134e+00
2.270540252740563592e+00
2.695140497287136228e+00
3.499824570604322282e+00
6.679500440842566222e-01
-3.074441411404737590e+00
-4.089244377874114100e+00
-4.716250439199588307e+00
-4.166179191279980820e+00
-1.906374064503021604e+00
1.515778579580489283e-01
-2.057131941416650567e-01
-4.522248680221607198e-01
3.319978232352390202e-01
1.606962813167611470e+00
3.679527891192966305e+00
6.062674606855469328e+00
6.587204957394918736e+00
4.653919427163666356e+00
1.963656080219507327e+00
2.643805913224546167e-01
-8.554291439286183518e-01
1.588159034647182999e+00
5.432476029040119059e+00
6.187777599771401071e+00
4.680315755398090083e+00
3.981750720525977449e+00
4.947142349045031473e+00
6.362274340958259167e+00
6.623892905994156699e+00
5.761358830573230172e+00
5.218567544157630245e+00
5.830625120310760856e+00
7.178290185842643112e+00
9.028339665919180135e+00
9.894518005655902115e+00
8.220924355626276991e+00
6.104323866802395138e+00
4.567152783932549198e+00
5.392655133663589062e+00
6.727301885586876473e+00
6.107744859375678459e+00
5.439681081504344817e+00
5.643785201855368250e+00
5.642941637610559447e+00
4.522243770254130268e+00
2.908082637831981287e+00
2.318513512278264521e+00
2.390568036226574655e+00
2.734875210536289014e+00
3.665230647496138250e+00
4.502749345482996546e+00
5.345424633850232254e+00
6.427427441904199235e+00
7.332082225971602085e+00
6.104627719774677885e+00
2.838844420185735906e+00
1.680010600767578577e+00
4.591754771467700280e+00
7.706534170502345127e+00
7.478872093929337161e+00
5.439358792565986533e+00
4.000887690163809296e+00
1.046207269285757802e+00
4.393828212555804524e-02
-8.687537953964350468e-01
-3.574520081951606532e+00
-2.671428096753202031e+00
-1.664683427447977371e+00
-1.824628248074782189e+00
-1.064886092067023338e+00
-5.963469805304963955e-01
-1.446935101169746885e+00
1.624939429480795061e+00
4.155763809043287793e+00
4.129549247983047344e+00
5.548691043858669403e+00
7.813408119163257837e+00
8.584710527026876647e+00
7.169777614798215737e+00
4.017176306964169719e+00
3.292476758314952345e+00
4.581260968271580580e+00
5.928184478401356650e+00
7.957309486198052007e+00
8.861826021907024398e+00
9.017883456355280103e+00
1.012232236346491376e+01
9.562283500349742837e+00
7.856534420846006839e+00
9.557842586878628310e+00
1.053303048948305154e+01
1.033967853258307912e+01
8.430428952046415958e+00
5.613895605111092202e+00
5.787173612453417881e+00
4.151415727495855634e+00
4.192814596557110640e+00
7.410497288514896752e+00
9.724961127570530550e+00
1.030700076425961775e+01
1.082246826347789082e+01
1.008756886085264881e+01
1.024207129283226436e+01
1.014276073837173975e+01
9.074173798409432834e+00
7.842034908875033850e+00
6.258531171157020623e+00
4.911950609604566864e+00
4.190357662225926205e+00
4.800298717442047725e+00
6.756284283444696115e+00
7.581653917297010103e+00
7.122396340227750144e+00
6.409769097035391994e+00
4.912248730152123599e+00
3.771423058041411647e+00
2.270967166344692867e+00
8.880309951901483867e-01
-1.759097410806911566e-01
-1.571854259346675997e+00
-1.328059457490373907e+00
3.352193231428093889e-01
2.921790276266000408e+00
5.725452669731428301e+00
6.655330302181590163e+00
7.370290212588648693e+00
9.013290958439041489e+00
9.274900359045130216e+00
8.926255844541547191e+00
8.088496616283176621e+00
5.541713328762510216e+00
3.011491405440240410e+00
2.940893766854246305e+00
3.253814563870777388e+00
3.403551561194853914e+00
3.500728944541779519e+00
2.627608513417881930e+00
3.805774797504182239e-01
-1.101225393275243380e+00
-1.025726633180089165e+00
-2.132870342756338022e+00
-4.546152460057455436e+00
-5.793175633241433253e+00
-4.161650425342862114e+00
-2.303959256713349113e+00
-1.778297527333072114e+00
-1.223802355251869312e+00
-1.380851971327191396e+00
-9.227596149966308392e-01
1.602367001562538196e+00
3.531244346137913048e+00
3.029803262713333112e+00
9.303986732810496374e-01
-1.015863570864888876e+00
-2.818439824880035971e+00
-1.906685679936118927e+00
-2.722683414688113479e-01
-1.046678301765627150e+00
-1.771185026660643036e+00
-1.835885506372045173e+00
-2.861925719930381806e+00
-2.010430666993602067e+00
1.544644419174420635e+00
2.857544441090164256e+00
1.288694074236697018e+00
1.788464578724968668e+00
3.711658459642632746e+00
4.894525215015475439e+00
6.208665885148669794e+00
7.615669589732851463e+00
7.897992694193104235e+00
7.405611232900765728e+00
6.195737015480487386e+00
3.328568859534659197e+00
7.936880082509711887e-01
1.488273275563217202e-01
1.527284772261894075e+00
2.300710937680686907e+00
2.687770057461784212e+00
4.338021049654462225e+00
4.878282220452345719e+00
3.962600732763999822e+00
3.290845962039886441e+00
2.910106560552624178e+00
1.211846145697115684e+00
-8.530052912738235182e-01
-1.708062965182159498e+00
-2.462655362051016983e+00
-5.879485358905557346e-01
2.101858892650822597e+00
2.951974357663821547e+00
3.567977850556538488e+00
6.274728147136421796e+00
8.543568288509817421e+00
8.406710725926547667e+00
7.832612003283228042e+00
7.075457448416698547e+00
5.968434899446370068e+00
6.106052159021619907e+00
5.395713348293737610e+00
4.783763513462046646e+00
5.378693224943130957e+00
6.472219490947871634e+00
6.192960982475611331e+00
5.133180949170981222e+00
3.836671698520836227e+00
1.288483905786168116e+00
-4.290592913403041414e-02
1.789764303789362354e-01
3.130911602994013165e+00
3.726414897237105173e+00
1.834374037180129369e+00
8.560601143947534908e-01
1.214146210442858642e+00
1.719323969010556619e+00
1.912741917373186107e+00
3.272122952573496946e+00
5.302176882203316843e+00
6.939339570096710652e+00
6.993516173631646460e+00
6.271188584374176145e+00
5.971555308621915970e+00
5.370451709854073385e+00
4.210213191395803634e+00
2.812707531448906284e+00
2.275099031098026803e+00
3.812382038376062265e+00
2.353953835600823385e+00
-6.756301391883406948e-01
-1.245833505262695207e+00
-1.441649684814764409e+00
7.669720144253278082e-01
1.758530303845500908e+00
1.211911279607081227e+00
2.350592134240472586e-01
-1.786356508468973925e-01
1.323144251656094506e+00
3.655311012086616351e+00
5.653210722904135288e+00
6.746026841746211922e+00
6.183847649128844992e+00
4.783773394616363639e+00
5.282977056847425246e+00
5.893463299731728000e+00
6.228898592185717398e+00
4.632456544967177514e+00
1.944636942016352066e+00
6.898310295312948259e-01
8.942817320977272666e-02
6.005055846516028639e-01
2.139124712748706969e+00
2.292478350189928626e+00
2.653673835718433072e+00
2.957527178456914818e+00
3.588251906630091970e+00
3.976436136741385408e+00
4.897093302825787475e+00
7.093038218336796596e+00
6.536097697980269849e+00
5.003430735745626023e+00
3.293937130355061971e+00
2.376063939680703729e+00
2.819574216435660308e+00
4.529145909206256704e+00
6.218441184265761201e+00
6.560464298513799086e+00
5.106875718451210133e+00
2.505116329375977724e+00
2.288560174510848810e+00
3.101555639807636933e+00
2.235897190581175309e+00
1.353998061036483458e+00
1.820646175506274833e+00
4.487438540181466706e+00
7.210184969951141554e+00
7.294510151336053738e+00
6.976104271693986725e+00
8.028230371664305309e+00
7.576039250460859797e+00
6.064239601860821338e+00
7.102223349283266707e+00
7.976052983680252062e+00
8.673530676175394305e+00
9.486055229184840343e+00
1.077262366999783083e+01
1.194610435932607828e+01
1.251507028748716799e+01
1.260853098214588819e+01
1.275733752815679267e+01
1.301797185944433899e+01
1.319090040758722715e+01
1.316322465889189708e+01
1.268302740297765041e+01
1.176050489286772205e+01
1.065998327004884949e+01
9.819060630499240716e+00
8.246789022805726788e+00
6.397764703400032893e+00
4.946592218037420885e+00
3.440293552450835790e+00
4.479519140785735765e+00
7.198335202711755976e+00
9.615981984074037925e+00
1.176233126419301200e+01
1.290050604189245753e+01
1.260556030750594658e+01
1.195129774608321327e+01
1.169479815547981971e+01
1.160142587194470032e+01
1.048391794821618639e+01
8.528948865223153319e+00
9.726260033626742185e+00
1.236580116310823385e+01
1.297317106433361822e+01
1.252603330133022475e+01
1.213278408870499092e+01
1.257667066175106640e+01
1.224350081557059156e+01
1.121302757997839628e+01
1.129861954732229812e+01
1.127113898242359369e+01
1.108587749651134402e+01
1.128144935856800757e+01
1.108711819065800874e+01
1.049590249444181289e+01
1.102371212027469127e+01
1.125356906018712166e+01
1.152905995814936269e+01
1.220706836796411565e+01
1.306485140301001024e+01
1.326224999206241328e+01
1.324482357433014101e+01
1.321370131223726752e+01
1.325697399771186014e+01
1.312322604884064425e+01
1.303422964742507340e+01
1.280955442103523723e+01
1.246531821291238629e+01
1.190851704807802669e+01
1.167008575234592271e+01
1.120500774564723301e+01
1.097124957633851672e+01
1.160590792843629515e+01
1.255764637293615493e+01
1.260618449738108282e+01
1.195527304573299254e+01
1.072965924502696922e+01
8.955378864020582697e+00
7.909065521860446424e+00
8.454974030761533754e+00
8.961159703223859907e+00
9.443123989331310142e+00
1.139354346702359599e+01
1.245016518589936538e+01
1.243542719177478162e+01
1.258733374961497375e+01
1.293288456263871389e+01
1.266900807575910726e+01
1.272987443480675296e+01
1.263423330564945424e+01
1.201745992742378988e+01
1.209822476212351283e+01
1.301327828652852681e+01
1.309507378536447320e+01
1.257109769652876707e+01
1.270185198222513279e+01
1.297675399824950659e+01
1.292653220745452991e+01
1.264397966199452306e+01
1.182262653485644854e+01
1.090047243419822287e+01
1.057365060047812300e+01
1.063057939866813228e+01
1.011703029949170052e+01
9.986999335266114386e+00
1.011533428370997179e+01
1.130928262444897214e+01
1.065260034303824277e+01
1.128069360617443273e+01
1.216503109010930750e+01
1.225100070632899474e+01
1.214577407701997558e+01
1.116485453075893197e+01
9.275007865099674120e+00
9.063558371826847093e+00
1.053461560514100803e+01
1.186772260839956061e+01
1.228081610865980622e+01
1.155369187335305092e+01
1.046446710087825771e+01
9.769877364964537847e+00
9.994978156139254111e+00
1.077809433945397899e+01
1.118556032921531340e+01
1.129606550384460739e+01
1.158711050503094597e+01
1.184681587124956437e+01
1.080151368705630333e+01
8.929739333290573455e+00
7.402291905213933099e+00
7.287892196172352399e+00
8.772026747492697396e+00
1.179564150845973636e+01
1.259371502507957707e+01
1.250413012557962311e+01
1.243040623677767975e+01
1.228961023802872532e+01
1.256131658956283026e+01
1.265022223794822231e+01
1.282720060184913358e+01
1.284395876678557080e+01
1.268083036673030328e+01
1.294309385235274412e+01
1.318281103625351136e+01
1.275170026594690320e+01
1.271076717717111926e+01
1.269095999160015609e+01
1.233703426738764719e+01
1.140618991318071629e+01
1.038925439762064684e+01
1.055402180019537006e+01
1.009006401832761668e+01
1.058273521734720291e+01
1.159787190588472683e+01
1.141676757839094947e+01
1.043601713297218403e+01
1.014694369473213875e+01
1.072155462511324586e+01
1.119759913015132824e+01
1.195225311728939488e+01
1.250948343120239947e+01
1.221468585609222579e+01
1.129575387167222189e+01
1.054492339173275539e+01
1.097647264264366385e+01
1.095896566818440121e+01
1.083347553771798921e+01
1.156552045181200583e+01
1.173498102968286538e+01
1.080067865366386215e+01
9.471801982443096790e+00
9.282227821394332778e+00
1.133359635352825734e+01
1.233957769921906156e+01
1.201236491905034320e+01
1.156759784113157430e+01
1.142894986890232545e+01
1.075972721022155199e+01
1.177367009823009170e+01
1.297344204879730611e+01
1.284053490048057888e+01
1.198072394312279521e+01
1.117186495992508455e+01
1.065908734338808195e+01
1.038450170766309633e+01
1.098183663164304846e+01
1.071057335080558914e+01
9.751568969806683640e+00
1.106485808059907505e+01
1.124783164906626531e+01
1.155983647542415405e+01
1.181828373238034047e+01
1.200480498192152545e+01
1.252967372140144775e+01
1.235131505116907569e+01
1.212745204673670329e+01
1.146045460416613082e+01
1.020870024536582754e+01
1.045817968519864216e+01
1.017452982741880696e+01
1.021733975175765785e+01
1.088673594540003187e+01
1.194557411011951942e+01
1.226604014792410524e+01
1.244021894769922199e+01
1.242689885645266479e+01
1.296646631080114531e+01
1.304654480947402462e+01
1.232778038656419639e+01
1.143393682923330346e+01
9.662117749967519487e+00
9.269897557393669274e+00
9.222518788484729058e+00
7.522633880041498244e+00
7.749247011575326916e+00
9.921219838540013214e+00
1.146702609116249327e+01
1.093930274436038452e+01
1.081292873070326266e+01
1.083882394185828346e+01
1.023096331292917327e+01
1.126209063584309611e+01
1.188427335313694577e+01
1.164560381732145444e+01
1.145588871246246754e+01
1.143146521852190567e+01
1.182162082300997419e+01
1.236286127001793211e+01
1.281520023886126936e+01
1.323448035354465979e+01
1.306396098533015326e+01
1.280763853196954827e+01
1.298810474710525753e+01
1.260797042921937638e+01
1.195732398492488713e+01
1.114161376680872806e+01
1.046305580220482589e+01
9.793762881474602722e+00
8.901710608397396030e+00
7.828464832375254367e+00
7.613031925285199009e+00
8.913707121729499860e+00
9.889892014562974509e+00
1.021208174566895721e+01
1.081314990761515737e+01
1.154213947025761300e+01
1.229864151279979900e+01
1.274419800972064998e+01
1.302761435945985014e+01
1.278886409859847006e+01
1.204193602496545346e+01
1.247877126090889632e+01
1.321938096510336358e+01
1.314510328201402167e+01
1.303918225404519227e+01
1.207189530063389249e+01
1.192215364791164589e+01
1.235071176486069078e+01
1.236039960372867164e+01
1.218870423616485787e+01
1.193826471937543943e+01
1.175972144729389335e+01
6.470665775920301233e-01
6.470665775920301233e-01
6.470665775920301233e-01
6.470665775920301233e-01
6.470665775920301233e-01
6.470665775920301233e-01
6.470665775920301233e-01
6.470665775920301233e-01
6.470665775920301233e-01
6.470665775920301233e-01
1.123982699461082468e+01
1.018037681420033991e+01
9.000551743290117201e+00
9.940723720808746222e+00
1.108899310843985830e+01
1.087112235534686633e+01
1.150706568801186158e+01
1.118732706478501271e+01
1.118021358129602305e+01
1.180450608734097884e+01
1.170935684788996234e+01
1.129198596158199486e+01
1.004960097904762328e+01
8.679766494684818312e+00
8.427586951468050813e+00
8.860397372083864909e+00
8.657224783261634471e+00
9.542887307455403700e+00
1.050380610223677458e+01
1.057455969536293239e+01
1.210546326993289057e+01
1.201084533556910827e+01
1.165456544478554157e+01
1.171334771335097358e+01
1.066346322981076966e+01
1.099139652455724558e+01
1.151416885968505177e+01
1.017686250368063128e+01
9.109895719255723279e+00
8.463622461769171323e+00
6.470665775920301233e-01
6.470665775920301233e-01
6.470665775920301233e-01
6.470665775920292351e-01
6.470665775920292351e-01
6.470665775920301233e-01
6.470665775920301233e-01
6.470665775920301233e-01
6.470665775920301233e-01
6.470665775920301233e-01
8.755616834101262569e+00
1.012966127850506481e+01
1.119563395025250685e+01
1.152444718365872056e+01
1.107600817683940519e+01
9.966430726893980463e+00
9.000586573266199153e+00
7.911544193467494601e+00
5.287417788615518255e+00
3.412185747265416236e+00
4.025899793356898293e+00
4.832896610481887123e+00
5.726102599531834869e+00
5.858185871994889382e+00
6.310216080396343408e+00
8.172023836212151338e+00
9.702784421411434934e+00
9.947287899549245083e+00
1.035893667729151701e+01
1.134960507535559060e+01
1.131183961779272629e+01
1.002963186114383021e+01
8.091146527395455479e+00
8.012581231397495785e+00
6.254501773990631008e+00
4.338344560608575762e+00
4.517464994490284269e+00
5.772885648456620444e+00
7.430361503861648842e+00
8.378055953844929959e+00
8.395436568411627221e+00
7.286296955052173452e+00
5.076557535249514252e+00
4.119961745865588831e+00
3.803506304519629566e+00
3.513622080329504627e+00
5.822427068785433590e+00
7.753860446528224593e+00
7.279776960333290248e+00
7.204410444226245325e+00
9.745536813584932290e+00
1.027826636333584531e+01
9.448968679060303799e+00
1.054060470472781574e+01
1.217439868545647208e+01
1.222597229776888028e+01
1.113034570644498622e+01
1.016956670391173567e+01
1.089597700374175382e+01
1.082414872487360924e+01
6.470665775920301233e-01
6.470665775920301233e-01
6.470665775920301233e-01
6.470665775920292351e-01
6.470665775920292351e-01
6.470665775920301233e-01
6.470665775920301233e-01
6.470665775920301233e-01
6.470665775920301233e-01
6.470665775920301233e-01
9.542360825468618302e+00
6.739078773083592822e+00
5.206584110113290365e+00
6.657686483546656042e+00
6.469226405406068636e+00
3.057213040503991230e+00
1.567591018013303028e+00
1.877710358624503639e+00
2.570457680240290976e+00
4.444872367367497468e+00
5.692210273967249101e+00
6.472556933461480533e+00
8.002789974468766943e+00
9.735859918347371078e+00
1.100340701863693482e+01
1.128751422085999856e+01
1.099694804839349338e+01
1.102447656702861245e+01
1.101918593437275895e+01
1.014388227345444093e+01
9.079360870072354928e+00
7.326167265781628579e+00
5.641266760232282351e+00
5.120570160722102138e+00
3.001718087322762241e+00
1.643017499186128161e+00
2.472279454683091515e+00
1.614880477332089503e+00
8.919855966842890060e-01
2.287597103915814944e+00
2.297302772964220807e+00
2.724079301244392681e+00
5.547877438181860299e+00
8.133749330404056010e+00
8.482266351003067584e+00
6.711849124291117796e+00
6.568633761660843895e+00
6.438254645141570087e+00
5.247707009702342162e+00
6.309977580773444394e+00
8.247484704518893039e+00
8.326867308249264354e+00
6.414452610054517834e+00
6.319112347160473320e+00
9.631253253255216862e+00
1.098227705113555963e+01
1.053766582642558802e+01
1.091122399886770467e+01
1.167184763687591698e+01
1.151472767886205872e+01
1.055571040018702078e+01
8.130445897189908067e+00
6.009508575114622886e+00
5.955484329373222252e+00
6.558631216330768510e+00
7.573045612014545291e+00
7.936923531088421413e+00
6.630903151797562955e+00
7.537041201445437544e+00
8.549943946174208165e+00
8.032393257599519387e+00
7.204943063050082586e+00
7.969526323251203692e+00
9.521824805545465509e+00
9.507033812716061405e+00
9.176614895157571894e+00
7.977713850267743823e+00
7.148034236491908722e+00
7.899695796494676792e+00
8.394020295876686077e+00
7.862387318478716303e+00
6.935527173586285343e+00
8.067637104689397987e+00
8.200718723447455005e+00
7.546998520224720508e+00
8.849118573922485353e+00
9.299992304574169921e+00
9.783126078930397540e+00
9.798465627374609355e+00
8.621884046813114821e+00
7.141966948368933643e+00
4.904836983256333660e+00
3.852533113042305946e+00
4.533648429967200855e+00
5.491983786637851139e+00
6.646744208269319998e+00
7.683023654509322675e+00
7.514611538532052215e+00
8.275449763679691983e+00
8.864490550294256366e+00
8.451702485074015669e+00
8.412435289836549757e+00
8.725829645212511920e+00
7.022687335149218946e+00
5.334120917644198379e+00
5.204914322268504812e+00
4.684364526323044231e+00
3.442841828750156985e+00
2.758217356439194745e+00
3.302905708367952275e+00
4.783769291495812759e+00
7.156670532221133918e+00
8.913556662586016088e+00
9.458228442582260698e+00
8.717185204442913005e+00
7.611030619503368122e+00
6.779312610815818374e+00
6.069244196335188413e+00
5.637096815273166861e+00
5.078590677942672826e+00
5.759428118590027346e+00
7.088209042756831835e+00
7.630564259773646718e+00
7.913676925724368871e+00
5.798641415569083968e+00
