-1.288447267305620336e+01
-1.220287189133212813e+01
-1.109213021916228392e+01
-1.073707525413856523e+01
-1.134381310225253081e+01
-1.213103428027526753e+01
-1.249443157421413275e+01
-1.265448785998287917e+01
-1.309648113600935204e+01
-1.317018711629204297e+01
-1.314226903093901022e+01
-1.273783528771217632e+01
-1.204905650677480011e+01
-1.150696449879360905e+01
-1.076579955372180919e+01
-1.019598069342256075e+01
-9.665360678650200654e+00
-1.005712182792342624e+01
-1.096190513738149086e+01
-1.116271384241349374e+01
-1.096288199423716669e+01
-1.013350989885442566e+01
-9.860064277178889114e+00
-1.044021389054616655e+01
-1.019750360429862290e+01
-9.502891567224770242e+00
-1.072829489105269118e+01
-1.188734749109624289e+01
-1.216669027753641963e+01
-1.161670337391218055e+01
-1.140167032828463611e+01
-1.109457399317697046e+01
-9.861344751685615861e+00
-9.141464263412316882e+00
-8.862166451925487465e+00
-9.166625275084756552e+00
-9.367746535319950496e+00
-9.241317805449719813e+00
-8.578605546643766289e+00
-8.798157976374751499e+00
-9.873352686898137165e+00
-1.062174834772910437e+01
-1.081239175629756666e+01
-1.037261113948097879e+01
-9.632154440245360050e+00
-8.612814917100097389e+00
-7.340449471546648397e+00
-6.885293218722056352e+00
-7.464470036872414838e+00
-7.520852368471257599e+00
-7.789696909090370269e+00
-8.767006849534332957e+00
-9.616044938995472080e+00
-1.054017170271744419e+01
-1.166144334953690986e+01
-1.208849237557328671e+01
-1.151458313042130222e+01
-1.116231405090447382e+01
-1.086171058306585557e+01
-9.946811303849051100e+00
-8.268053542206288853e+00
-7.850442761375041378e+00
-8.947249838800493293e+00
-9.356402128629342840e+00
-8.507222745765288252e+00
-7.439504784158687656e+00
-6.795356082205734616e+00
-6.202307475748791710e+00
-6.300416946563267118e+00
-6.937854742265817443e+00
-6.867907225517790870e+00
-6.543599004545335163e+00
-7.378308808152975296e+00
-8.788494483267085045e+00
-9.373355009698029150e+00
-7.848980720556825830e+00
-4.711742070488269540e+00
-3.559896043776397789e+00
-4.537573349762824115e+00
-5.634236451579149652e+00
-6.278951403275098819e+00
-6.926011628019996813e+00
-8.363513622741557185e+00
-9.755003082995855834e+00
-1.010027579075569015e+01
-9.615040748192365427e+00
-9.649996927318523987e+00
-1.028399936596698616e+01
-1.025332476723834141e+01
-9.776431875415168449e+00
-7.504635173054627906e+00
-5.430598132907983988e+00
-5.165695884407710103e+00
-4.947908973202918226e+00
-4.716662906007644374e+00
-4.288949043755104107e+00
-3.572126075554278746e+00
-2.420399471614961051e+00
-2.650143691457802930e+00
-3.769809509689080684e+00
-5.749950396711766665e+00
-7.383542278798072900e+00
-6.624629298434421720e+00
-5.781658910511461080e+00
-6.172465484814179781e+00
-7.275132530297638844e+00
-7.380866178688545887e+00
-7.232219231856652719e+00
-8.268986378892913436e+00
-9.721888474582058848e+00
-1.132735990408765936e+01
-1.267848814240474375e+01
-1.277451806747285090e+01
-1.128495352085875147e+01
-1.037485466547503243e+01
-1.044550118840137465e+01
-1.069838694797416245e+01
-1.128492731036453200e+01
-1.224437390296804296e+01
-1.262130101029455531e+01
-1.171863965210070191e+01
-1.042719001140535617e+01
-9.576732291037460598e+00
-9.848839432596387056e+00
-1.078864625262353094e+01
-1.103066685399612190e+01
-1.152527626546235240e+01
-1.211687162638246740e+01
-1.291083025463613332e+01
-1.403875364965240635e+01
-1.476872521785178272e+01
-1.503396597487976472e+01
-1.483765152719351477e+01
-1.416522244953334031e+01
-1.243313283206478204e+01
-1.054601614831745415e+01
-1.023622620397570593e+01
-9.889825872524307115e+00
-1.058422865391178469e+01
-1.159804786153344658e+01
-1.089419389425366269e+01
-8.287793301475947061e+00
-5.980531752913733179e+00
-5.900812295917737593e+00
-6.507546722388403815e+00
-6.835544633808231296e+00
-8.175161522308657780e+00
-8.994586389063396581e+00
-1.046377536180963297e+01
-1.074183739388382541e+01
-9.415012301631952241e+00
-1.071193289811100691e+01
-9.610593730527620338e+00
-7.356423136397669538e+00
-6.759474016285587972e+00
-5.788714003301088873e+00
-5.672316906534688563e+00
-7.256657281730259257e+00
-8.262018379343992081e+00
-9.702778371963004744e+00
-1.121031927508555803e+01
-1.108155499752719031e+01
-1.082630967500143448e+01
-1.020300521266181981e+01
-9.607416319766983293e+00
-8.845705676560585928e+00
-8.303407323489119918e+00
-8.429098771045525851e+00
-9.190027324664951536e+00
-1.018055944365148591e+01
-1.106996572463616602e+01
-1.233461094682235704e+01
-1.289872129489115515e+01
-1.262998368218356227e+01
-1.204849281554018603e+01
-1.204054734968922880e+01
-1.240410670395726989e+01
-1.175405409615266095e+01
-9.262141379676059216e+00
-6.795504182990796949e+00
-6.768130650369083234e+00
-7.662509384191547923e+00
-8.142752440038314887e+00
-8.309138425941215544e+00
-8.440461860091238222e+00
-7.462864269359576141e+00
-6.605704180611897236e+00
-6.241757655773690239e+00
-6.007647905673850097e+00
-7.251837675431133334e+00
-9.740808577518203393e+00
-1.173751375289194776e+01
-1.239694295888431519e+01
-1.053797545413163661e+01
-7.392858193598019767e+00
-5.994272976932016661e+00
-4.824136203893345076e+00
-3.029042459968402490e+00
-2.626731573973816403e+00
-2.714124190318665697e+00
-1.182279290017085316e+00
-2.592533540500397748e+00
-5.262036506703057448e+00
-5.512979609298719552e+00
-6.110354362905629166e+00
-5.831433203559012846e+00
-4.904378082979346409e+00
-6.673171629491712054e+00
-8.902612820631366830e+00
-9.756845211982144050e+00
-1.027011353105065972e+01
-9.598447396304541357e+00
-7.367533217918838417e+00
-6.724441948007112480e+00
-7.204341348339436735e+00
-7.693488273325400861e+00
-6.315958562197299564e+00
-5.072611035900433940e+00
-3.822675021506593218e+00
-2.857801199627811428e+00
-3.485521570687534876e+00
-2.679416441003853677e+00
-5.253377037271984573e-01
-1.232834428756528905e-03
-1.101464024716259260e+00
-1.359217946691569701e+00
-1.718176021058389624e+00
-3.842896110240481722e+00
-7.834868598605011947e+00
-1.000440187293013494e+01
-9.809979593776786189e+00
-9.698562930246081848e+00
-9.746913132847582872e+00
-9.486930619498954442e+00
-8.036761259074671315e+00
-6.385938438688578245e+00
-4.636788164008536661e+00
-3.824498816216224562e+00
-5.637647766062722887e+00
-5.767159156613789861e+00
-5.555101314598661411e+00
-5.056657969509539718e+00
-2.582510694677003116e+00
-1.834992128593493366e+00
-5.413991940524236490e+00
-8.823999553632672743e+00
-1.061942219749700556e+01
-1.016994944361386821e+01
-8.421778623064190228e+00
-6.653814929672398293e+00
-6.077934710309736310e+00
-7.712198711190844769e+00
-8.685954593880937935e+00
-7.868977325802392286e+00
-5.447068957650372134e+00
-2.560451089584822704e+00
-1.706517114228750742e+00
-3.848217602522248093e+00
-7.308677999431330008e+00
-7.736082755198196992e+00
-5.517723269818830545e+00
-3.592582448180158483e+00
-7.193288405834281640e-01
-5.784183997097457341e-01
-3.641472988816500056e+00
-4.931552816624449775e+00
-6.430431051357836658e+00
-8.780988396580466926e+00
-1.067256145014044044e+01
-1.080720328273512187e+01
-1.067802276198480982e+01
-1.191908760098674236e+01
-1.268550846396699150e+01
-1.188614139086409693e+01
-1.056519075570672328e+01
-7.805887974445830046e+00
-5.775031905137969268e+00
-7.377574129351648580e+00
-1.030819856593795869e+01
-1.106330712438598596e+01
-1.077734668071727420e+01
-1.065423468324047462e+01
-8.280279306343153678e+00
-5.624423228558396382e+00
-5.922317362310168143e+00
-6.425624755387491227e+00
-6.407133347722797190e+00
-6.270177363227825040e+00
-6.722222923848190312e+00
-6.805005905333495697e+00
-4.602935440250019106e+00
-2.544863704379154434e+00
-1.706988010377196385e+00
-3.935521082059023179e+00
-6.406066343346755509e+00
-7.393321332360593523e+00
-8.923682357046695657e+00
-1.005780022755235414e+01
-1.039509526137212170e+01
-1.137421030482839335e+01
-1.172933631679454969e+01
-1.127494529312745719e+01
-1.074835628532328613e+01
-9.839126104636646275e+00
-8.013275437290147352e+00
-4.802970793751818235e+00
-4.110538083308740376e+00
-6.083177039070602810e+00
-6.457162530976490622e+00
-5.943936300350167734e+00
-7.050785606088502355e+00
-6.303912264181135150e+00
-1.261912274432265058e+00
-3.057531328653361413e+00
-8.043849380931840543e+00
-8.850881609458893351e+00
-8.273563933294452610e+00
-9.259089453888094567e+00
-1.093937847669956120e+01
-1.236895999685048331e+01
-1.319860817078163429e+01
-1.286941757593472069e+01
-1.181675528174989864e+01
-1.066070990616300485e+01
-1.071675196056650847e+01
-9.369263446305337695e+00
-7.791580412871421224e+00
-8.587518870290908879e+00
-8.909979681326277046e+00
-8.206060135962930602e+00
-8.358306895379206125e+00
-9.697968199165378778e+00
-1.177928264074365394e+01
-1.269083367946283580e+01
-1.240345732946734536e+01
-1.072248324632634997e+01
-1.005221329641614680e+01
-9.998086615520472620e+00
-9.241181700615419103e+00
-1.079160035108628968e+01
-1.116077551895440401e+01
-1.046596135010043405e+01
-9.656162487901571723e+00
-8.297896616876203169e+00
-8.668392648977624404e+00
-9.881485441156113936e+00
-1.012326116827826361e+01
-1.032696265950704451e+01
-1.206443750442804763e+01
-1.314079069337147665e+01
-1.131592957750382133e+01
-7.419305542615955318e+00
-5.570318920812908026e+00
-5.939163975464439638e+00
-4.613701709557163078e+00
-4.275144176748554514e+00
-6.789602955871090195e+00
-6.276490984254366801e+00
-4.057092719011918369e+00
-2.710836110838615198e+00
-3.817441065909032538e+00
-5.651916432286118841e+00
-4.734063245599400283e+00
-3.110012943664474339e+00
-2.546262136060229775e+00
-5.643119785493795781e+00
-8.147938369415452797e+00
-8.396886761467623472e+00
-8.475701627289025097e+00
-7.526974712762011244e+00
-9.493166805709877920e+00
-1.034178306726873053e+01
-8.915979888857114233e+00
-7.572078337861907649e+00
-6.722269616451566954e+00
-7.033664910859761754e+00
-7.160741641583702410e+00
-3.882093721576831857e+00
-1.001964735099577231e-01
-3.343722911572317158e-01
6.765285726538422528e-01
3.051967008653808655e+00
2.280982079097249038e+00
-2.401064995680978198e-01
-2.880946621365954030e+00
-5.046967802835821360e+00
-8.103448873831331056e+00
-9.888643566460913803e+00
-9.900732283699158032e+00
-9.428200718927277180e+00
-8.336860360162637207e+00
-5.368362270086508126e+00
-3.658617154494133938e+00
-6.811565714096613711e+00
-1.005900064493381940e+01
-1.073806582955701394e+01
-1.045008840189596988e+01
-1.075361992812633538e+01
-1.170314377456904609e+01
-1.217320801456184576e+01
-1.102101834752923004e+01
-9.353707143173137339e+00
-7.479941694228759097e+00
-9.077906355902770841e+00
-1.151595151829977226e+01
-1.221624736618299245e+01
-1.320096838328903566e+01
-1.398521918764265770e+01
-1.369782414279386096e+01
-1.251546975576161103e+01
-1.240373547663206999e+01
-1.255922307313730713e+01
-1.274345468626895439e+01
-1.291400995186101319e+01
-1.301338892751439502e+01
-1.198782467103338334e+01
-1.187963251868809600e+01
-1.123742600255569890e+01
-1.055290099960773631e+01
-1.051484008222603705e+01
-1.076177581496930102e+01
-1.162087439941205780e+01
-1.212924288997495204e+01
-1.293703986944991158e+01
-1.333660938919993022e+01
-1.366985131902416484e+01
-1.370874372420473186e+01
-1.281393050037637416e+01
-1.282753890411514242e+01
-1.315823525153921558e+01
-1.229865730971955173e+01
-1.145336806850961331e+01
-1.088910269645556816e+01
-9.386196025989887559e+00
-9.065965005881595928e+00
-7.883616259767276979e+00
-7.238770351482375354e+00
-7.795916768539975727e+00
-5.938052820888100491e+00
-4.489361157178218598e+00
-5.566066954451801330e+00
-6.606411025006059923e+00
-5.115884427382101585e+00
-6.692879392351066770e+00
-9.944151422165239396e+00
-1.144988506859494670e+01
-1.288242116008964011e+01
-1.374564121027730046e+01
-1.409538711927353738e+01
-1.360919726815643571e+01
-1.286652077833221774e+01
-1.208345982484797076e+01
-1.236321104119842218e+01
-1.266155092666270754e+01
-1.223508363904647211e+01
-1.226317175152717631e+01
-1.134447230576976473e+01
-8.384767147904117479e+00
-6.229679745505275257e+00
-7.328447842560930958e+00
-8.117143728283920723e+00
-7.881454509304364642e+00
-7.858071006796952140e+00
-7.972614834140776097e+00
-6.887360610513512782e+00
-4.698975318861216444e+00
-4.105949014324117741e+00
-5.368858469027433244e+00
-6.240486558934308370e+00
-5.006239189594791306e+00
-2.672152549450704129e+00
-7.138930551768171151e-01
9.748306944741722546e-01
-1.104127326348250726e+00
-6.259925278473743582e+00
-8.927871450053944002e+00
-9.435095532089706083e+00
-9.792327132361641873e+00
-1.112801502952910049e+01
-1.148580104104046740e+01
-1.210148794984790932e+01
-1.277002258667748258e+01
-1.231318592791351385e+01
-1.137531528241261647e+01
-1.112875178697023237e+01
-1.097148259410463389e+01
-1.142583017188657202e+01
-1.203610510035461267e+01
-1.150548603411314907e+01
-1.070377638239424911e+01
-9.495086592662202563e+00
-8.042096216649303742e+00
-6.867216938735225540e+00
-7.521827927248918577e+00
-8.840350502092853446e+00
-7.558366849997650405e+00
-7.215738236318546051e+00
-6.853747792758742463e+00
-5.174097248362471646e+00
-5.035603859634449897e+00
-4.641731128781091620e+00
-4.550258255802123841e+00
-5.480066071664459137e+00
-5.571700919953803677e+00
-4.844607898644551547e+00
-4.810953533013496042e+00
-4.797855672838523766e+00
-5.398931030639910311e+00
-6.903634180822156630e+00
-9.136854235235334798e+00
-1.036149436506900479e+01
-9.643708167911814400e+00
-9.272277824127026946e+00
-9.061962031960002051e+00
-9.160568899339283533e+00
-9.919619389196119741e+00
-9.326391482395962385e+00
-8.889207702892724328e+00
-8.642745207049825851e+00
-7.462527779807928141e+00
-8.134071591205650265e+00
-8.869353931682029568e+00
-8.911370322201458194e+00
-9.395955765489700795e+00
-1.004474630778908129e+01
-1.068121064411140075e+01
-1.026980681770005788e+01
-8.265068680349127561e+00
-7.382604322910170325e+00
-6.975900759124724182e+00
-6.819466829352805348e+00
-6.971558148720913728e+00
-5.778894595495971842e+00
-4.474226040956518879e+00
-4.983789939678065828e+00
-7.258364253311778036e+00
-8.199109730969356136e+00
-8.528767031325353187e+00
-9.781513188056997876e+00
-1.072479577231225001e+01
-1.018431571257723611e+01
-9.066537771678797597e+00
-7.773462157888267221e+00
-6.673679709708987495e+00
-7.266966007919656967e+00
-8.517288873610846522e+00
-8.536048908692292159e+00
-7.307115361811053589e+00
-5.172222491420898294e+00
-3.385896324795808709e+00
-3.836180175550619964e+00
-3.181847446774316523e+00
-9.161251479089820293e-01
-1.543991173626744873e+00
-2.455141090797927639e+00
-3.291097457982308683e+00
-5.740643474756825348e+00
-7.259174211061007576e+00
-6.264897675349378581e+00
-5.343049495643901636e+00
-6.557738773911926167e+00
-6.801773930468770324e+00
-4.840905627843674175e+00
-4.353480493488054215e+00
-6.068903399314374170e+00
-8.174191109386542919e+00
-8.594537250093639003e+00
-8.871407395422417963e+00
-9.004855422933983888e+00
-8.062869323202965788e+00
-6.959456790059206810e+00
-8.212997839758294560e+00
-1.026901137561061894e+01
-1.068185373497711765e+01
-1.070302787652411247e+01
-9.534042823744202977e+00
-8.060946614306200075e+00
-7.180997356950260091e+00
-6.174348709922626632e+00
-6.086155311810775181e+00
-6.900108412635755251e+00
-8.390019839049937644e+00
-8.664235270055227645e+00
-7.752758245383527758e+00
-8.390503318325562176e+00
-9.536722717669421812e+00
-9.207001152795063703e+00
-7.381228368709907173e+00
-5.706162052727122180e+00
-5.146873459468838341e+00
-4.978283997404227001e+00
-3.645234171950230806e+00
-2.482739321235216678e+00
-3.802299792730243766e+00
-6.566733871310360016e+00
-8.638898060721809102e+00
-1.041915950320794693e+01
-1.166695663379214842e+01
-1.151788991143966712e+01
-1.109897821198776846e+01
-1.152766129831322495e+01
-1.196452314680778350e+01
-1.238874932200637602e+01
-1.195574758022536876e+01
-1.094543732709924377e+01
-1.034850560186806945e+01
-1.024549483410438988e+01
-9.942936163099453495e+00
-8.736046412836818931e+00
-7.286832337373348345e+00
-6.295951854161720540e+00
-5.673255789297535934e+00
-5.374736547225654526e+00
-6.281171673395445687e+00
-7.681419469162648284e+00
-7.749255892479467001e+00
-6.730876371832690275e+00
-5.761118967665363577e+00
-5.528104854029090909e+00
-7.502918039684588258e+00
-1.077990972459323515e+01
-1.173532359871866504e+01
-1.149610839607769819e+01
-1.088054436949427206e+01
-7.456995383043770076e+00
-3.896633905549295562e+00
-4.185435363125800556e+00
-5.125988827733620745e+00
-5.654810830322405835e+00
-6.012203214469112211e+00
-7.083297285475398830e+00
-6.777750306492642984e+00
-6.693223623687579504e+00
-7.947146505008364947e+00
-8.738803194394257901e+00
-1.018261013497243717e+01
-1.163841359783543972e+01
-1.147321289664925992e+01
-1.089308202855438878e+01
-1.050284803123357946e+01
-1.089337535755700337e+01
-1.172129021408826866e+01
-1.229036552765166768e+01
-1.159485599278792911e+01
-8.488237768591799792e+00
-6.689923859397406858e+00
-6.345557853367419732e+00
-4.762651284971421539e+00
-6.379886364735987136e+00
-6.640449124758582400e+00
-5.724522199285973834e+00
-6.431457860884948197e+00
-7.049511539200955745e+00
-6.946090102633869279e+00
-6.530562630147056957e+00
-8.699989772179174352e+00
-1.044220794020675136e+01
-1.064701701770160902e+01
-1.115001590260287223e+01
-1.047449654769423510e+01
-9.378241915911383231e+00
-9.276564557370901909e+00
-9.208821418646165213e+00
-1.044243556527895223e+01
-1.193645394602249254e+01
-1.291906126058753124e+01
-1.346057624372937944e+01
-1.378860079644023529e+01
-1.346106416182642818e+01
-1.300787768229007035e+01
-1.230922568391613581e+01
-1.310026988956757599e+01
-1.368611097183751113e+01
-1.357769132745099228e+01
-1.130242629717771763e+01
-8.892022704441677305e+00
-8.345998505012991231e+00
-7.668779789294842608e+00
-8.567344276779637724e+00
-1.012617662697892662e+01
-1.070070029881308393e+01
-1.004833890311367206e+01
-8.738464050891439072e+00
-9.529715855494110599e+00
-1.197244076622796705e+01
-1.284588923240236369e+01
-1.218758977280233502e+01
-1.153886472808004449e+01
-1.142880058712859714e+01
-1.112450224733551352e+01
-1.080329517319030685e+01
-1.033082438872661690e+01
-1.123383060016510804e+01
-1.254712067311784729e+01
-1.321691638412704428e+01
-1.357327833263074446e+01
-1.338489942908032049e+01
-1.252968637392466711e+01
-1.107145002380755905e+01
-9.862832068974197952e+00
-8.795037755633705601e+00
-8.509121984359140356e+00
-9.310171268095833952e+00
-1.020740285436489536e+01
-1.088751458889168333e+01
-1.100925205851847721e+01
-1.060698309806054951e+01
-8.959978041679072192e+00
-5.714376315640342874e+00
-4.662218792095920605e+00
-5.764532676174725978e+00
-6.189481269348716452e+00
-5.661832161087488657e+00
-5.602891981689954726e+00
-5.554458811615369918e+00
-5.838014521068036977e+00
-6.664513370040566542e+00
-7.461766483118964288e+00
-8.976071363287710270e+00
-1.015994219366329965e+01
-1.084967328988881796e+01
-1.146280563008305542e+01
-1.118969534754535111e+01
-1.128021876886694130e+01
-1.189135259114746823e+01
-1.234406333228419861e+01
-1.258733013894505426e+01
-1.341814968634551519e+01
-1.400327330866725539e+01
-1.389021518983872561e+01
-1.297419426066443471e+01
-1.184648661186852792e+01
-1.039385221717668273e+01
-1.121425237254303653e+01
-1.288928050693760774e+01
-1.271075923388631956e+01
-1.003952746730688084e+01
-9.169645330061250377e+00
-1.001841208529143934e+01
-1.124999107226192940e+01
-1.236446470044870161e+01
-1.320407226480164198e+01
-1.300353102299743213e+01
-1.320352127458832214e+01
-1.313952749880130533e+01
-1.326346859070879525e+01
-1.244409539809860910e+01
-1.083868872114490856e+01
-1.173176294950281040e+01
-1.229923473624216435e+01
-1.268437202447480949e+01
-1.217632090738104189e+01
-1.082555759946002460e+01
-1.145651366106669400e+01
-1.213575375854907001e+01
-1.329558752564349611e+01
-1.387430847070780260e+01
-1.338488095898177299e+01
-1.244407001843316074e+01
-1.193259272347429345e+01
-1.096033117053049644e+01
-1.167278125556440038e+01
-1.264266377703019195e+01
-1.290592414159325152e+01
-1.277645585530267702e+01
-1.273992500234131953e+01
-1.379513339387700555e+01
-1.408029058420301460e+01
-1.385081116318498218e+01
-1.428170487474454653e+01
-1.415410277219616653e+01
-1.355250008835742292e+01
-1.238303324371308101e+01
-1.284198026454704156e+01
-1.345588954232078294e+01
-1.395121637560899686e+01
-1.393579297334056832e+01
-1.427107898471104974e+01
-1.389667307142001995e+01
-1.411283829318336025e+01
-1.434211656285729397e+01
-1.442000395688370773e+01
-1.432168780346136394e+01
-1.434533676125915314e+01
6.470665775920301233e-01
6.470665775920301233e-01
6.470665775920301233e-01
6.470665775920301233e-01
6.470665775920301233e-01
6.470665775920301233e-01
6.470665775920301233e-01
6.470665775920301233e-01
6.470665775920301233e-01
6.470665775920301233e-01
-1.437647772522078427e+01
-1.411890602089818181e+01
-1.347029583857618285e+01
-1.226008767090642770e+01
-1.197892390660147299e+01
-1.086233643692014716e+01
-1.014770150651219005e+01
-9.735052338989843790e+00
-8.407253421643337887e+00
-7.661985530742933648e+00
-7.099757963470773703e+00
-7.111679111703801404e+00
-7.946919097172547630e+00
-7.757200031790159933e+00
-8.360096975820324516e+00
-9.792249437649546806e+00
-1.178580224813916644e+01
-1.318768068016204609e+01
-1.382414269248469729e+01
-1.397329354453465022e+01
-1.380071239956745188e+01
-1.334626530140559275e+01
-1.197365582807351991e+01
-1.050393714318207294e+01
-9.557732762541499838e+00
-8.359463787600837748e+00
-7.387583519988218050e+00
-7.833456188131146192e+00
-8.308711528108064570e+00
-9.456646722963833795e+00
-1.200966655350016410e+01
-1.286575346233988704e+01
-1.160667533953453479e+01
-1.028575797166477734e+01
-1.148674462651740491e+01
-1.260267264961966660e+01
-1.203753441092940157e+01
-1.110592299321378107e+01
-1.170102993313492057e+01
-1.218706015106885587e+01
-1.093671447057412038e+01
-9.924757092865847952e+00
-9.492807359131319345e+00
-8.858543610286321979e+00
-7.036295651072603796e+00
-4.632335091836357499e+00
-5.161133784370982802e+00
-4.772882972930530876e+00
-4.013737997256698442e+00
-5.003768567257221633e+00
6.470665775920301233e-01
6.470665775920301233e-01
6.470665775920301233e-01
6.470665775920301233e-01
6.470665775920301233e-01
6.470665775920301233e-01
6.470665775920301233e-01
6.470665775920301233e-01
6.470665775920301233e-01
6.470665775920301233e-01
-4.731397553058021010e+00
-3.149960587601693618e+00
-3.094926358693314228e+00
-4.203168146752596535e+00
-4.683754308529423760e+00
-5.164592179610046685e+00
-6.544002102873041515e+00
-7.758155616772405061e+00
-7.232492703687133151e+00
-6.051073874742754377e+00
-6.085798682510539237e+00
-6.656380965770877900e+00
-6.642189310703552785e+00
-6.711772550957221917e+00
-5.768988301225723703e+00
-3.797861913431799685e+00
-2.302790648067402746e+00
-3.093773378217427705e+00
-3.360313711866147024e+00
-1.891093030822005971e+00
6.470665775920301233e-01
6.470665775920301233e-01
6.470665775920301233e-01
6.470665775920301233e-01
6.470665775920301233e-01
6.470665775920301233e-01
6.470665775920301233e-01
6.470665775920301233e-01
6.470665775920301233e-01
6.470665775920301233e-01
-8.015099350348759977e-01
-1.800839262478667990e+00
-4.213285477346611962e+00
-2.800366710962479466e+00
1.325690067111993553e+00
3.288160688739098170e+00
2.532597013787439177e+00
9.837423053291032282e-01
-1.073595396568369997e+00
-2.940125661184997963e+00
6.470665775920301233e-01
6.470665775920301233e-01
6.470665775920301233e-01
6.470665775920301233e-01
6.470665775920301233e-01
6.470665775920301233e-01
6.470665775920301233e-01
6.470665775920301233e-01
6.470665775920301233e-01
6.470665775920301233e-01
-4.060904634944324521e+00
-4.710893289363259129e+00
-5.758157331491879916e+00
-8.112299830874956541e+00
-9.618774900626087643e+00
-1.079332131951692197e+01
-1.243715680072831375e+01
-1.275000527505478409e+01
-1.202832352585955178e+01
-1.133098702645052391e+01
-8.550259099509213812e+00
-6.577813946120010691e+00
-7.767251691796508872e+00
-7.813559893400241485e+00
-7.389821433646972970e+00
-6.942624719493341701e+00
-6.883482054064752553e+00
-5.708526753768497386e+00
-4.668600647154993233e+00
-5.246607923309189125e+00
-5.561089580920523190e+00
-3.292259632776915801e+00
-7.222872436540416219e-01
2.749289293570226778e-01
-2.548082657886177493e+00
-5.200806346035167671e+00
-3.893779242709978661e+00
-1.993238947860811017e+00
-3.174440712708443968e+00
-4.233918623151549099e+00
-3.243739225636828039e+00
-2.065221143997694853e+00
-1.041874035173094848e+00
-9.986560847177377021e-01
-1.459769487449853687e+00
-2.404594805495791299e+00
-4.213722219960319038e+00
-6.710349598183349862e+00
-8.709656724714212928e+00
-9.017296912145161158e+00
-9.691094221321664648e+00
-1.107916757453732970e+01
-1.072294486637576405e+01
-9.312018454870473860e+00
-9.814215925483189551e+00
-8.916503763661703275e+00
-7.292089295625882706e+00
-7.002728638635407066e+00
-8.488180311987743920e+00
-1.090827868210154783e+01
-1.161267703243288807e+01
-1.160015512878244692e+01
-9.580883453730452359e+00
-6.599270127750486381e+00
-6.462519311268772881e+00
-6.741708626126719395e+00
-5.526051406723810011e+00
-5.239418839702582709e+00
-4.956822299491970618e+00
-4.773463308666411997e+00
-5.654266097147166548e+00
-5.411404525562216072e+00
-4.761615110505945658e+00
-6.706129155660268459e+00
-6.254392284119702161e+00
-3.029385701868884340e+00
-2.686891996911020541e+00
-3.368794254746264372e+00
-4.206775792086876464e+00
-5.395934443863522390e+00
-5.468157540670710581e+00
-4.099665170007789960e+00
-2.252282803136902434e+00
-2.229393610664632597e+00
-1.561738488172632389e+00
1.999949790304954567e-01
2.274205901001823182e+00
2.098877213073585324e+00
-1.126866589620813208e+00
-3.259069147739143801e+00
-1.909240119854098694e+00
5.002213579895654627e-01
2.465928299796783740e+00
3.223869097329951305e+00
1.573861544054722117e+00
-1.133765383224896173e+00
-2.981058983134611928e+00
-3.958054674229678049e+00
-3.839345494918333657e+00
-3.527705495967429883e+00
-3.750903944725353600e+00
-3.904463390893923247e+00
-3.019430336926336000e+00
-9.563937197740087770e-01
-1.433586524749632662e+00
-3.540230550623496342e+00
-5.449039973839149731e+00
-7.564701242828422600e+00
-7.156371834529841713e+00
-5.656052747866041841e+00
-4.551417753832108559e+00
-3.531987066339516090e+00
-5.411934281001935076e+00
-7.846026601018899704e+00
-7.229127305337381237e+00
-7.250577729999418075e+00
-8.953145389418907030e+00
-7.318202772782776755e+00
-4.607573745759931505e+00
-3.659180663639511888e+00
-3.089225199008167166e+00
-2.294477702343015402e+00
-9.158459763746740201e-01
-2.359146188260000665e-01
-8.416658594789719339e-02
-1.411756743260989211e+00
-1.622095507023356920e+00
1.045860240130016550e+00
-7.485820477804587814e-01
-4.316231169607571694e+00
-4.506908080320647159e+00
-3.682525489949215025e+00
-1.238190882350643340e+00
7.413876145703177656e-01
-2.342701155829002291e-01
-6.635324603477377181e-01
2.809668561049953328e-01
-1.686765648637448489e+00
-4.527140554277873541e+00
-5.393250119063235815e+00
-6.019664183943024049e+00
-5.686400487855382657e+00
-4.251779202237002231e+00
-3.223894632504985314e+00
-4.205303943271105460e+00
-5.776732248191415842e+00
-6.074305571458434194e+00
-4.041001275471248100e+00
1.205293893798050076e-01
3.259440818126667083e-01
-1.426420168217345852e+00
-3.628333371012268493e+00
-5.556617569151053537e+00
-3.992231335920299884e+00
-2.179284671410561369e+00
-4.548529348925940852e+00
-5.590040256706657829e+00
-5.988108255797540913e+00
-7.549233227885697950e+00
-7.571140530432702853e+00
-7.695023294714537165e+00
-8.701696525307182739e+00
-7.922836430776883709e+00
-5.997443443481501824e+00
-4.073826788849354230e+00
-2.231157098515880843e+00
-2.642124202890160589e+00
-4.958635540076248738e+00
-6.561887099159890546e+00
-5.711200307002233245e+00
-3.900720289483706971e+00
-1.145935498748215764e+00
1.657920088436003692e+00
1.267639512469408869e+00
1.759468496527003545e-01
1.337187273021356315e+00
2.967279115738223449e+00
4.335498950455980882e+00
6.581623922238637014e+00
5.337969492511463798e+00
3.763001730263479394e-01
-2.254504693645357438e+00
-1.772898696789962703e+00
-3.331148556106930059e+00
-6.920099204982606445e+00
-8.905140813600572969e+00
-8.760135077155792871e+00
-7.493020741551092101e+00
-6.087759154975662668e+00
-5.039571787989435947e+00
-3.051319841518052023e+00
-5.499610711452496137e-01
1.322806447420541653e+00
2.934399631915804552e+00
2.862439197420941994e+00
-5.767733728807700189e-01
-2.767379147463736810e+00
-2.704455810783883418e+00
-1.944159019228229424e+00
-1.381008766836051116e+00
-1.107624489783138655e+00
-1.204506358063778926e+00
-1.097359118143678564e-01
2.057274306025552946e+00
2.283283244058806005e+00
-6.746360527254861850e-02
-3.376716517707859300e+00
-6.214413605768207560e+00
-8.032211492502925765e+00
-5.829831822849018685e+00
1.839638611234726273e-01
3.211462850520123258e+00
3.752597418687797948e+00
3.269087486477836979e+00
1.877081718824379131e+00
1.864750982097127308e+00
2.614247047300042759e+00
3.672464260926598278e+00
5.168017664092968921e+00
5.306099186136706614e+00
3.374030438905057050e+00
2.184849134691804196e+00
2.083565347233002907e+00
1.839895056905322734e+00
2.749755905117879373e-01
-2.061606701373898787e+00
-4.254295951587732105e+00
-5.737950977786059781e+00
-5.596253157202522033e+00
-4.425445623362318948e+00
-1.835811153728483580e+00
1.155422496761774331e+00
1.668633602904814328e+00
1.635769368521495348e+00
1.508819130109644080e+00
-5.039282144841461530e-01
-2.819719499874524971e+00
-2.766312050982413062e+00
1.282511700893058215e+00
4.177700219358789546e+00
3.268207416664935749e+00
3.284680696936907451e-01
-2.554841825122116550e+00
-2.599433621519945170e+00
-3.688196423304053173e-01
1.766019397986867245e+00
2.028991270092530996e+00
2.478161602038707834e+00
4.899762064762966496e+00
5.809613661914020177e+00
5.009701197542596240e+00
2.835031130589943160e+00
1.937184688965269963e+00
6.189461650616164157e+00
7.762532892409933716e+00
5.921568417547555363e+00
4.467238007398941058e+00
9.019309274854907521e-01
4.706145988918712386e-01
4.313023841699643590e+00
7.359827545259986614e+00
8.009666677229146714e+00
4.801224476812884667e+00
8.987650374496891637e-01
-6.975286826719020450e-01
-1.254453111964204171e+00
-1.113456803892327596e+00
5.337177607797305434e-01
3.669774940748532721e+00
4.760013828101648414e+00
3.682744485254458411e+00
2.646258552581080892e+00
9.831069228917868053e-01
-1.355031244495968457e+00
-2.998530216255610448e+00
-3.676630239018055413e+00
-3.936626903420811452e+00
-4.338864025203585051e+00
-5.683298589371471365e+00
-5.648156749520095055e+00
-2.589017344696532330e+00
-1.203348692640026973e+00
-1.972067524583854370e+00
-2.244363577888471850e-01
1.697254226315090930e+00
2.772384150655265778e+00
2.278601271118534388e+00
2.732038280703251054e+00
5.606122638648950662e+00
6.528232167816386600e+00
6.593312502662947772e+00
7.083590127640603917e+00
6.821445747824209427e+00
4.862032257813244662e+00
3.125051872106515916e+00
2.056636543334822598e+00
5.762608889548819224e-01
2.689758888673040804e+00
6.848223965223012577e+00
7.451274274544417153e+00
4.007862380379551226e+00
7.493828057741818149e-01
-2.868683880986040990e-01
-7.731442290590597732e-01
-3.943904570583694369e+00
-5.417055698892316862e+00
-3.318890284780627642e+00
-1.779983045064069014e+00
-3.339453755932109136e-01
4.976501550278120134e-01
-4.693986814844851030e-01
-1.291980453917057625e+00
-4.679568408294613735e-01
1.106963161572717680e-01
-5.568779261486526133e-01
-1.314963007478382906e+00
-2.254902964592215842e+00
-2.559090108034890232e+00
-3.046029904663962729e+00
-2.518605313763318421e+00
-1.229914762570204767e-01
2.986116882304630238e+00
5.278159975196653697e+00
6.146162634805153679e+00
6.426425105522493020e+00
6.676908333120793237e+00
6.484140170006992498e+00
3.898406558613793038e+00
1.531983207247586520e+00
5.369176960029402590e-01
-8.067619252571978095e-01
-2.064368192702847438e+00
-1.567724563839840712e+00
1.739160880755389604e-01
6.435699002350593334e-01
4.699719054997298501e-02
3.168254125546086652e-01
-6.320691584521493933e-01
-2.131291583788608612e+00
-1.331946220594675712e+00
1.932329440582795987e+00
5.520328394220812562e+00
7.049296932780747760e+00
6.468258494933295744e+00
7.598712613295211860e+00
8.906942401514134744e+00
7.137655740419324601e+00
3.552237958053852562e+00
1.645577687830980018e+00
2.632576349608622746e+00
4.030971350266871589e+00
6.298809633324698787e+00
9.357265645184781988e+00
9.622217380707327905e+00
1.027545405746808171e+01
1.027760020025548648e+01
7.863681014258930624e+00
5.247168764647399009e+00
3.001195690739775657e+00
2.841641370077655715e+00
3.683226157681182666e+00
4.209769898668935362e+00
5.678848877007409257e+00
7.880347265244211918e+00
9.724189683627312064e+00
9.551437757209571444e+00
7.890697268995993774e+00
5.666690917608322664e+00
2.496608139019345529e+00
1.244754965030014260e+00
1.890459017308681045e+00
1.990906186809956679e+00
8.253362063383050395e-02
-3.895952552162479154e+00
-7.302823062564523404e+00
-8.394878858765531859e+00
-7.607031500735489615e+00
-5.339508333411001395e+00
-2.433594311387420994e+00
-8.169861521632466594e-01
-2.219612376426633560e+00
-6.329380352894322215e+00
-8.370479584245867244e+00
-6.880669908182608374e+00
-5.061003783824292057e+00
-2.821844168477025239e+00
3.072093621727670087e-01
-6.551549256415596378e-01
-3.099397736870506126e+00
-2.290873600827903367e+00
6.470665775920301233e-01
6.470665775920301233e-01
6.470665775920301233e-01
6.470665775920301233e-01
6.470665775920301233e-01
6.470665775920301233e-01
6.470665775920301233e-01
6.470665775920301233e-01
6.470665775920301233e-01
6.470665775920301233e-01
-4.525784795365832003e-01
5.092680861828693395e-01
2.192771368328091164e+00
3.756065440697036628e+00
4.197707401453139475e+00
6.258100731019207608e+00
8.726788497757675955e+00
8.387324850490164962e+00
8.081718723632388190e+00
8.240219225934025005e+00
8.773364908091744852e+00
8.785035275010136147e+00
7.066715366346834948e+00
7.063692710921789519e+00
6.867092677386513522e+00
5.007509655457969444e+00
3.316229995691064136e+00
1.375530640266068083e+00
9.846591490998461704e-02
4.727243760556587016e-01
1.412956053279627255e+00
3.181351558221884979e+00
4.296824305135440447e+00
4.455471749729033704e+00
5.827905492277676736e+00
7.455467401563095287e+00
6.848868363565510542e+00
3.776484004228172431e+00
4.971375119587449487e-01
6.489143958463686190e-02
5.023853856845215127e-01
4.638204574274297221e-01
1.022407875294989221e+00
3.114890584808805762e+00
5.516164912548899402e+00
5.948311534888738983e+00
5.665755350466829654e+00
6.506261448498328548e+00
7.393210321256939999e+00
7.443002099590478871e+00
8.335495872980958509e+00
1.017958084111013584e+01
1.083613699095148775e+01
1.152758141284238924e+01
1.280105557082552359e+01
1.257917186230328177e+01
1.122380091358248499e+01
1.095688653552187120e+01
1.221515116745765361e+01
1.189861190355420462e+01
1.120664402689584271e+01
1.074668167875849001e+01
9.486335058034493173e+00
7.933556680867217992e+00
7.197776590672224195e+00
7.354465356912006868e+00
7.243336295655637080e+00
6.353935686032404107e+00
5.098235372137901678e+00
3.031551120889821149e+00
4.097189930847672912e+00
5.179533777400037842e+00
5.195786899637298006e+00
5.267501272178138016e+00
3.751107454049001699e+00
4.954006234598477221e+00
7.046029795120044348e+00
8.562386437157897490e+00
9.744889584081487754e+00
9.032725688166882705e+00
8.288019424884181419e+00
7.397929581138288135e+00
6.556017754004314746e+00
7.532079726011773779e+00
9.345294221083477737e+00
1.051357373643646476e+01
1.110244302615136114e+01
1.114814696957395057e+01
1.180113175127616643e+01
1.252718632176786961e+01
1.169630228005877370e+01
9.300860093746319279e+00
8.896073306210736220e+00
1.042894033300900958e+01
1.155957271754816595e+01
1.107039012790947297e+01
9.334646277622470123e+00
8.494542474520240916e+00
7.434608233158578550e+00
6.222409314481808451e+00
6.699190386579090273e+00
7.961071647899850667e+00
9.695675582502831347e+00
1.169392661085292495e+01
1.309267654543973869e+01
1.340382666313970184e+01
1.305164124841729922e+01
1.175325340310887334e+01
1.026984761987641193e+01
9.886716910341151632e+00
9.072554436874888495e+00
7.430348527279162063e+00
7.894667778845507300e+00
9.088476046912612460e+00
8.257786682805244638e+00
8.187763088374195419e+00
1.083260324840923694e+01
1.262951116949104424e+01
1.322113811701883179e+01
1.242540087968225748e+01
1.031809828499627635e+01
9.663994313419108195e+00
1.101825103905020775e+01
1.271489636383220834e+01
1.289257429741617500e+01
1.279385636121708636e+01
1.207267216559322520e+01
1.091655075840284717e+01
9.392273287314250041e+00
8.959903091484546778e+00
1.010843548520041146e+01
1.012241736710717888e+01
9.165639439248826292e+00
8.494243619154387304e+00
9.198175922410678496e+00
1.182541424332331204e+01
1.388202155564526485e+01
1.377038171305482983e+01
1.362019372404830087e+01
1.332881137630915269e+01
1.230706833892526753e+01
1.151039928412387603e+01
1.146106753709569226e+01
1.129958582032681136e+01
1.004245898955177729e+01
9.731230869046875398e+00
1.122033359015063603e+01
1.294652892794511168e+01
1.442112756063919399e+01
1.501143055211735344e+01
1.508207413501739325e+01
1.518207609653068069e+01
1.442373135199945899e+01
1.277390122512918147e+01
1.188109870463541995e+01
1.260469321400159082e+01
1.249750803710471025e+01
1.200696891195912919e+01
1.182363176415098316e+01
1.098741350307696152e+01
1.134076826088735501e+01
1.218680000935114016e+01
1.322925310585196179e+01
1.338599144506320648e+01
1.262211811300234743e+01
1.301591007648433340e+01
1.322959469283791556e+01
1.344392481548820406e+01
1.296607078426383985e+01
1.200129958993023926e+01
1.230898016917850946e+01
1.297340610771688851e+01
1.201835340383992268e+01
1.079349428352613849e+01
9.301323001855015704e+00
7.836929111138120518e+00
8.466011128316806023e+00
8.263731006786471767e+00
8.080824613835375203e+00
7.758333520053255050e+00
6.873219570552895341e+00
6.681478168167048537e+00
5.885446220706582743e+00
5.842470016591094328e+00
8.835625554148494487e+00
1.024228655035441271e+01
1.064877718858360645e+01
1.210996435063992216e+01
1.281322273560474123e+01
1.170575083340802003e+01
1.103680061772091747e+01
1.014284668403661627e+01
9.831131374026472969e+00
1.048682706278417243e+01
1.130277304740826239e+01
1.195017007892744942e+01
1.274682541031751803e+01
1.416211600346684918e+01
1.468659541156733539e+01
1.378300443719685475e+01
1.222154318925695904e+01
9.889226108543587301e+00
7.838019477341512165e+00
8.213663109907658466e+00
8.719384008609901926e+00
6.736785709808678746e+00
3.895012316891668824e+00
2.762027749015535161e+00
3.954766630205035050e+00
7.501538889346959671e+00
1.082792798970488768e+01
1.345336464839667556e+01
1.463606545226116928e+01
1.438752116153778005e+01
1.351268523988246351e+01
1.385220340150960361e+01
1.387922006489283966e+01
1.247074921924021140e+01
1.069778622191067718e+01
1.164396391732379676e+01
1.220205037082925514e+01
1.130538271353500868e+01
1.181939433225141656e+01
1.247008120198922398e+01
1.397724805850924490e+01
1.354315695317430013e+01
1.287949703634629905e+01
1.413332061558850583e+01
1.441428886718057001e+01
1.373175780307637339e+01
1.353950286492025690e+01
1.301075665424912664e+01
1.355089943987374035e+01
1.455211855559612566e+01
1.468143918731875708e+01
1.327518994181719059e+01
1.140830622505664671e+01
1.037796145316377228e+01
9.570679219464009790e+00
1.189328019858980667e+01
1.493597064334648472e+01
1.553980290757295357e+01
1.516657240197885947e+01
1.440159518359060442e+01
1.380892004859069822e+01
1.275593781882884592e+01
1.351172898559103608e+01
1.418386236440537651e+01
1.362146174803305776e+01
1.412288587506612458e+01
1.504879961767236374e+01
1.507090799484829446e+01
1.553163929090913875e+01
1.513917781687081465e+01
1.465845220847104535e+01
1.452920502027074967e+01
1.464710503564883304e+01
1.472641266122301218e+01
1.534562863311177772e+01
1.546500859570170228e+01
1.544377638515912210e+01
1.542402052367244814e+01
1.507731045520615432e+01
1.391420796599742538e+01
1.224713729641987037e+01
1.232097253602050024e+01
1.218598243496054323e+01
1.233145704813924759e+01
1.218575970238874895e+01
1.322744010401254755e+01
1.506570556423508656e+01
1.520961187149708849e+01
1.493981563212184760e+01
1.431686604796876416e+01
1.360870329785917754e+01
1.330671164631653447e+01
1.363956813858175643e+01
1.381468613960181635e+01
1.441653321801820198e+01
1.509287704156218979e+01
1.504801028762880932e+01
1.448119483793050755e+01
1.391912727222150714e+01
1.386915111894298214e+01
1.474587549144500009e+01
1.535487713453365188e+01
1.541345170295411293e+01
1.519900621271827390e+01
1.453861081600056160e+01
1.448030209417101055e+01
1.530710139951180970e+01
1.508852001270502718e+01
1.456195458638391571e+01
1.462348855166992401e+01
1.444961363077725558e+01
1.322721456241086813e+01
1.258926894281161601e+01
1.307678195048409897e+01
1.387430310786034404e+01
1.366400729451931007e+01
1.169056912103751067e+01
9.412456188653925082e+00
9.254601168006614031e+00
1.071696182984338463e+01
1.253995469702502952e+01
1.228916007057714133e+01
1.204644758702012375e+01
1.185562848985743223e+01
1.060082188130738778e+01
1.040107691465860107e+01
1.031929260377279256e+01
1.080312109995825409e+01
1.140185822068504962e+01
1.205121634808810072e+01
1.273111289638506527e+01
1.101736982470158388e+01
9.103180109704267053e+00
7.991824356565156329e+00
6.424805278907455452e+00
6.759884391934494197e+00
1.093650064959090429e+01
1.299222989694650998e+01
1.285056827781589739e+01
1.289498633950916684e+01
1.135980414852316223e+01
8.584434295824047823e+00
9.238100590061716133e+00
9.945876450209135911e+00
9.607812438025137070e+00
9.510281164383282970e+00
1.049419442430525429e+01
1.072928061399002608e+01
1.031919556209425259e+01
1.134346844904900742e+01
1.227850177575523105e+01
1.091108213218573297e+01
9.771334009183588520e+00
1.132672713293671585e+01
1.099987287698099614e+01
1.019646062990036306e+01
1.272872123740251027e+01
1.366873484510517756e+01
1.307158754453826077e+01
1.335202154887178416e+01
1.333025149691874489e+01
1.394277396670401714e+01
1.464422684690366694e+01
1.450783900225928313e+01
1.503470720745557188e+01
1.506179339386924276e+01
1.464875629349988451e+01
1.435273086367520712e+01
1.374098949306980977e+01
1.345415719208064154e+01
1.454012640425522740e+01
1.500561534260105212e+01
1.472007453387318954e+01
1.484798984918786502e+01
1.506112413355285362e+01
1.510781754334571581e+01
1.504676207025055668e+01
1.441804463763610222e+01
1.314050720635840896e+01
1.221340598980085268e+01
1.161346065598933741e+01
1.097917832901532087e+01
1.061125785277094913e+01
1.124674068963541274e+01
1.091263878693838052e+01
1.103941052754886165e+01
1.235071001107741573e+01
1.346446700115027539e+01
1.416627717664862551e+01
1.478524530958954308e+01
1.541042087608284028e+01
1.564316333069209897e+01
1.554170008441764850e+01
1.503238970408385278e+01
1.423235043402738498e+01
1.413054123408297436e+01
1.351845952010054752e+01
1.245217653353457088e+01
1.133405866768443992e+01
8.397755432623371874e+00
6.396434169808304482e+00
5.783451087818913372e+00
4.643991651694488354e+00
4.302263075144630911e+00
2.733138260516202678e+00
4.425158139285362502e+00
9.058213663559454787e+00
1.163298424371496687e+01
1.339820151973743201e+01
1.432105284951837376e+01
1.452031718609426214e+01
1.348791353143905702e+01
1.152843294024450138e+01
9.918370021613116094e+00
8.261792732159397801e+00
9.686204339231245797e+00
1.224108260358111089e+01
1.375381205760357339e+01
1.438388902419066362e+01
1.453987082443571310e+01
1.408809458588984143e+01
1.429348927649556877e+01
1.528809478930982202e+01
1.548933926675439388e+01
1.501275421728987780e+01
1.478387893001077558e+01
1.438050182801219457e+01
1.355111398110767951e+01
1.358130100688198283e+01
1.363753856862679470e+01
1.373703358057907487e+01
1.354785778275845409e+01
1.380867908664316168e+01
1.430578191740580785e+01
1.393351831290674170e+01
1.439975121164057192e+01
1.497088615668724110e+01
1.450482534740387841e+01
1.365773235051100798e+01
1.269045980461396006e+01
1.134493913966902845e+01
1.132025619660945637e+01
1.124476936248060710e+01
1.163508621185174796e+01
1.215486869435786765e+01
1.196644415815647555e+01
1.218827474540656475e+01
1.387712190866405670e+01
1.394761306391144373e+01
1.280846376786688445e+01
1.202210591161661313e+01
1.161250836479462301e+01
1.168946142690124823e+01
1.334175787953081560e+01
1.414611536146278326e+01
1.370056805145173584e+01
1.296985769047597792e+01
1.214355712819878441e+01
1.114943127335820527e+01
1.155409334757041329e+01
1.212190381721472399e+01
9.796116968450547802e+00
7.304021918452664686e+00
6.413444191695873542e+00
5.517534190155214624e+00
8.152124331007401636e+00
1.225326995085377035e+01
1.370777976521114816e+01
1.422615583579037413e+01
1.479892643836637234e+01
1.526122586351385202e+01
1.519223399199949398e+01
1.530293297022369892e+01
1.513015786051394507e+01
1.541036147853874816e+01
1.565146178168433622e+01
1.542311424453395752e+01
1.389392413710648633e+01
1.346666449263007337e+01
1.471232772901813313e+01
1.465718508402104270e+01
1.335350414455559509e+01
1.339052255862166518e+01
1.407083358519206406e+01
1.440454167312200617e+01
1.483654581590812604e+01
1.525779618685572991e+01
1.448289460469665357e+01
1.232499503276070207e+01
1.192191795433158674e+01
1.255866871113216909e+01
1.340899176078369237e+01
1.363545574141406291e+01
1.320136022328348879e+01
1.305708818449945419e+01
1.310272470562817482e+01
1.265342238196232572e+01
1.146732064386453054e+01
1.123431277694443153e+01
1.170682267476542471e+01
1.227100527552331322e+01
1.287976210415460443e+01
1.301834839137120881e+01
1.202614272736117407e+01
9.727012819052838211e+00
9.582071460095558990e+00
1.080579917148880931e+01
1.185021854433912658e+01
1.219690654113563788e+01
1.315767755573298281e+01
1.399234845973677821e+01
1.314108336083790540e+01
1.305687327551014931e+01
1.375294125403748069e+01
1.255143508562692212e+01
1.090429722135085200e+01
1.195538479746511307e+01
1.296810266238521869e+01
1.239543425006822908e+01
1.143485535386160912e+01
1.040960260015856953e+01
1.007674089704970832e+01
1.044220082142985895e+01
1.135650996567902915e+01
1.247201686532268461e+01
1.199071022157379751e+01
6.470665775920301233e-01
6.470665775920301233e-01
6.470665775920301233e-01
6.470665775920301233e-01
6.470665775920301233e-01
6.470665775920301233e-01
6.470665775920301233e-01
6.470665775920301233e-01
6.470665775920301233e-01
6.470665775920301233e-01
1.075182988968958675e+01
1.165308333810648378e+01
1.282587722946280984e+01
1.310438480509832182e+01
1.271893239199617831e+01
1.171116351784170995e+01
1.104360234808675578e+01
1.161603618487712630e+01
1.282193824078646571e+01
1.218070844855993506e+01
6.470665775920301233e-01
6.470665775920301233e-01
6.470665775920301233e-01
6.470665775920292351e-01
6.470665775920292351e-01
6.470665775920301233e-01
6.470665775920301233e-01
6.470665775920301233e-01
6.470665775920301233e-01
6.470665775920301233e-01
1.106376466840412220e+01
1.166776724712059909e+01
1.212998282836957387e+01
1.188090061867372071e+01
1.232915030188320848e+01
1.352946717478709893e+01
1.425949226410338078e+01
1.422001592940168102e+01
1.406524335973108286e+01
1.321157906075983313e+01
1.201671221333064743e+01
1.128032472307983447e+01
1.030063312279137477e+01
8.820459575457741508e+00
7.598465791714247075e+00
6.667623489505625223e+00
6.436239844574451752e+00
6.105722644376986530e+00
7.404389859330257728e+00
9.151892958290519076e+00
9.492422650151848273e+00
1.091673505380719966e+01
1.211351348978977782e+01
1.169417993250719867e+01
1.072379527126576981e+01
1.067365090512583414e+01
1.109350581773533584e+01
1.231358654012574050e+01
1.335633275564824451e+01
1.344283601427662411e+01
1.287643045707270595e+01
1.208063857318011536e+01
1.258632926511595151e+01
1.337571584963221660e+01
1.302356248156262453e+01
1.209709529318721088e+01
1.106944795517441804e+01
1.027637343990864771e+01
8.690547602295055185e+00
8.908001906000203363e+00
1.079962295327201893e+01
1.108665758254912070e+01
1.155064907601293456e+01
1.237205250418353408e+01
1.193550106289079515e+01
1.134539073308885726e+01
1.154356042311423991e+01
1.085188862691716416e+01
8.928848759712970207e+00
8.386112951994888931e+00
9.338626317223992501e+00
1.090250771625707138e+01
1.228344018497127976e+01
1.280965666333129782e+01
1.243632539066386222e+01
1.105031762618640556e+01
9.535609711877457428e+00
9.210008709747830480e+00
9.215221335742311837e+00
9.463268154242770791e+00
1.014433891969417800e+01
1.043262251456856227e+01
1.094840220771182082e+01
1.159576830887770527e+01
1.095192172047697277e+01
9.362830484066043013e+00
8.693430542063008915e+00
8.448648388513889884e+00
7.818080059525698289e+00
8.437258096525487971e+00
1.016802906958968045e+01
1.169528084458506179e+01
1.238926347835025865e+01
1.242340246683661853e+01
1.231901713301640378e+01
1.126026830811301060e+01
9.631721943863839286e+00
9.542337716384912127e+00
9.873959941982471733e+00
9.582059704675101486e+00
1.036961145912553839e+01
1.100624089057004440e+01
1.025750788196012842e+01
8.851250338172670595e+00
8.780774512641752239e+00
8.671709411226981246e+00
8.541919744578082785e+00
8.994564485099120432e+00
8.095554786355044996e+00
7.794837541065889219e+00
8.542976934443435866e+00
1.027625756307330285e+01
1.181411501465917979e+01
1.195266779890304143e+01
1.150619832815787902e+01
1.064238107236718101e+01
1.060050112667782507e+01
1.033763469723007766e+01
9.171756320306842625e+00
9.228092828105458167e+00
9.576861299621006296e+00
1.031070450865336774e+01
1.035238662501800455e+01
1.019282376450582639e+01
1.076436702071899987e+01
1.091209456357817942e+01
1.006151473947556418e+01
7.784335691544701952e+00
5.959746643510313469e+00
8.444671905140571866e+00
6.470665775920301233e-01
6.470665775920301233e-01
6.470665775920301233e-01
6.470665775920292351e-01
6.470665775920292351e-01
