-7.767810824306384809e+00
-1.025732700988129409e+01
-1.019193579765137692e+01
-9.643180409816954679e+00
-9.679638534536195493e+00
-9.811627635273501014e+00
-9.334941534536342900e+00
-8.644556688481143780e+00
-7.094152310747111834e+00
-5.725180979403260650e+00
-4.114589016626259976e+00
-3.467719539016333119e+00
-5.237409543696299963e+00
-4.917711850112934435e+00
-4.379980094260783829e+00
-4.214651790360369077e+00
-2.922586830372120748e+00
-3.601065836370043627e+00
-7.106064663505772039e+00
-7.938383978517437711e+00
-6.606564881228821129e+00
-6.772571804823877883e+00
-8.184381559409121820e+00
-8.277819854053367621e+00
-7.043681473963014916e+00
-8.094876968419367103e+00
-9.340654616594349591e+00
-9.384191010249768539e+00
-8.784838932130117684e+00
-8.117247289219973183e+00
-7.241383223362626076e+00
-5.747694233196090963e+00
-5.847977715458436698e+00
-6.000389030917993693e+00
-5.797344622694620142e+00
-7.260731067738865896e+00
-8.320653620456592847e+00
-7.882786443036383872e+00
-6.839035438743667150e+00
-5.768230886101915367e+00
-4.694692004867940582e+00
-4.029414421105652622e+00
-4.234094799745278692e+00
-4.843323147139193097e+00
-5.982399620817497876e+00
-7.087243974150138293e+00
-5.958390226821570046e+00
-4.510863466808226363e+00
-4.746645184555193353e+00
-4.771821333319195446e+00
-5.664716870428261331e+00
-6.657546024115986505e+00
-7.141329954913743450e+00
-6.575222855701957414e+00
-5.756203020646401214e+00
-6.439305790773985905e+00
-7.754599673909565283e+00
-8.106228481748741999e+00
-7.883954861359824484e+00
-7.544742530724810159e+00
-7.161011352361685844e+00
-5.816427514583904390e+00
-4.225324989236546536e+00
-3.500499227776170841e+00
-4.790345850401313221e+00
-7.548318219075052404e+00
-8.271187908516099085e+00
-7.520999728550030738e+00
-6.004526400904784289e+00
-5.118246815599499122e+00
-5.538687053582189712e+00
-5.856846601170727418e+00
-5.109939021967682571e+00
-5.742685838587308744e+00
-6.717009803083791475e+00
-5.298308486452952160e+00
-3.662676389154388978e+00
6.470665775920301233e-01
-4.437492377984021630e+00
-5.716399745638724106e+00
-6.923855297108096885e+00
-7.317076053214965015e+00
-8.015721430090392730e+00
-7.462343218130186528e+00
-6.782601338584277606e+00
-8.131962076919979410e+00
-8.853217881784685162e+00
-7.790390641818645712e+00
-5.689923014943300217e+00
-4.237981854173881402e+00
-3.106343793386765917e+00
-1.636155758302155094e+00
-1.711484413203957278e+00
-2.005697470965015938e+00
-2.659745482752171597e+00
-4.211320365700327528e+00
-3.933992200609718548e+00
-3.658503768397763700e+00
-4.844950150822356250e+00
-6.412462656620743218e+00
-8.040169060013697688e+00
-8.718055863362488722e+00
-7.820775604939110615e+00
-6.605362803143754569e+00
-5.890517554348043916e+00
-6.673517760558173251e+00
-6.635687282642438234e+00
-5.863717313786440677e+00
-6.740477315603630615e+00
-7.652635466711217305e+00
-7.519389350715441012e+00
-7.296802466995116809e+00
-6.929219993063653327e+00
-5.744696317831627042e+00
-3.937407702262534670e+00
-3.478626607633304335e+00
-4.052625983522374575e+00
-4.474016252542757144e+00
6.470665775920301233e-01
6.470665775920301233e-01
6.470665775920301233e-01
6.470665775920292351e-01
6.470665775920292351e-01
6.470665775920302343e-01
-3.728587042542154784e+00
-4.172144708473419783e+00
-5.088940233952710557e+00
-4.329127729467918684e+00
-3.734392975100482737e+00
-5.897117821308166086e+00
-7.640668309405305614e+00
-7.835064759363046250e+00
-6.913692081725898220e+00
-5.177848480644180462e+00
-2.838050783672083188e+00
-2.375879408185189945e+00
-2.724788624896239408e+00
-2.858232141865791665e+00
-3.202878306162284083e+00
-3.591507618026439808e+00
-3.057845498957828756e+00
-1.611181063586449858e+00
-4.414539543928012399e+00
-6.831090997119629193e+00
6.470665775920301233e-01
6.470665775920301233e-01
6.470665775920301233e-01
6.470665775920301233e-01
6.470665775920301233e-01
6.470665775920301233e-01
6.470665775920301233e-01
6.470665775920301233e-01
6.470665775920292351e-01
6.470665775920292351e-01
-5.764199172818558203e+00
-4.010887631295728895e+00
-3.412205347014164225e+00
-4.027747108967338008e+00
-5.673236311880274663e+00
-7.396786846402833682e+00
-7.701978424320048866e+00
-5.751414571981870338e+00
-5.483936824996773929e+00
-6.908144887220815100e+00
-5.968041634315217614e+00
-5.358057178040398050e+00
-5.646693540510379528e+00
-5.734086897598348997e+00
-5.234485976964131204e+00
-5.560691645569058927e+00
-6.882965501392871666e+00
-7.707020304574843550e+00
-6.187571607336373347e+00
-3.307301729131512769e+00
-4.573089873380780546e+00
-6.306157727630124832e+00
-5.479793734180212539e+00
-3.583313013517193557e+00
-3.397263498293329853e+00
-5.387607342311452108e+00
-4.179550081921730609e+00
-5.322499440711990992e+00
-8.388076423972686158e+00
-8.340754135258393376e+00
-6.424856621406664914e+00
-4.486154533801995470e+00
-5.289364727923663523e+00
-5.167052593041367103e+00
-4.072084914309503034e+00
-4.022933907117798746e+00
-4.264012752495630387e+00
-6.185775731255587218e+00
-7.154972847995920482e+00
-6.812938738289851415e+00
-5.526421644779710540e+00
-3.315424167547020851e+00
-3.886233124638088565e+00
-5.473471554768114089e+00
-5.617256396885289327e+00
-5.658639456662100109e+00
-6.322769498062712934e+00
-5.419968814363711473e+00
-2.314792873800748829e+00
-1.889432801156065045e+00
-3.259094864528728319e+00
-3.192709646992951456e+00
-2.277396061056525145e+00
-3.304766258199337781e+00
-4.821511435822003477e+00
-5.885576325767662986e+00
-6.117594797335803136e+00
-6.930731623642539141e+00
-5.202408739615810518e+00
-2.596828945985402815e+00
-3.912579025982136471e+00
-5.881887110406218255e+00
-6.617776786500956021e+00
-6.892397584984971459e+00
-6.207575147722660169e+00
-5.873467530724321151e+00
-4.002421980967101334e+00
-7.465291041743890021e-01
7.656467110078836180e-01
-3.212441884539631309e-01
6.470665775920301233e-01
6.470665775920301233e-01
6.470665775920301233e-01
6.470665775920301233e-01
6.470665775920301233e-01
6.470665775920301233e-01
6.470665775920301233e-01
6.470665775920301233e-01
6.470665775920301233e-01
6.470665775920301233e-01
6.470665775920301233e-01
6.470665775920301233e-01
6.470665775920301233e-01
6.470665775920301233e-01
6.470665775920301233e-01
6.470665775920301233e-01
6.470665775920301233e-01
6.470665775920301233e-01
6.470665775920301233e-01
6.470665775920301233e-01
-3.114801095833723554e+00
-5.234778614721655288e+00
-6.186746903428709921e+00
-6.487004892628496222e+00
-5.868539339760916462e+00
-6.673454785189202987e+00
-8.160458462116910283e+00
-8.607810743721415747e+00
-9.113152863581181151e+00
-8.998353151459038912e+00
-7.596201803867988822e+00
-6.061512015837275058e+00
-6.129132542843946041e+00
-5.064147793554980126e+00
-3.783247121187219175e+00
-3.369412868927545546e+00
-4.516132189299860045e+00
-7.631154675679893806e+00
-8.022538533619897549e+00
-7.208910368575704553e+00
-7.716642518096000103e+00
-7.654114654161478626e+00
-6.358632365704160350e+00
-4.063839820426220939e+00
-4.014794937749503134e+00
-4.927166804260735944e+00
-7.256046330657580867e+00
-9.852926586242229945e+00
-1.014149582449053533e+01
-9.565863948709205644e+00
-9.280405578020038959e+00
-8.511411543016190961e+00
-9.031530519578744531e+00
-8.495690447390174427e+00
-7.247873206884085207e+00
-7.785034408620508550e+00
-8.993224773812013240e+00
-1.037385256557075941e+01
-1.081783815024936324e+01
-9.887308634541344787e+00
-7.147956371604751169e+00
-4.860228845931191088e+00
-4.110709526817283965e+00
-1.778720833530912149e+00
-2.101311328726964689e+00
-3.162755836794257203e+00
-3.282416025722960207e+00
-4.132036975572509263e+00
-2.721246956406195405e+00
-2.007777554762474104e+00
-4.875162168955878172e+00
-6.635033275544238052e+00
-6.682069243309904927e+00
-5.413194122560823551e+00
-5.838605233923272131e+00
-6.419230700371481468e+00
-7.093844285253942061e+00
-9.142922435865173725e+00
-8.151036086149904492e+00
-6.835790994861294045e+00
-4.945884078978665777e+00
-2.634900294557887435e+00
-3.353410584102588743e+00
-3.188253950825493899e+00
-4.798888776155377123e+00
-6.212865701803678142e+00
-6.170654590581838406e+00
-5.914280638376829380e+00
-3.843014942591673755e+00
-3.581957658609850270e+00
-6.653785137671829553e+00
-6.152468651955164347e+00
-5.071978983733532509e+00
-6.811281804078762825e+00
-7.731222232835822439e+00
-6.694288146102649328e+00
-4.210197571606911993e+00
-3.544307793949493579e+00
-4.723075772843245979e+00
-6.632684932132260514e+00
-7.781046486819015229e+00
-7.074282460810507267e+00
-8.091349691875096894e+00
-8.889108819331855926e+00
-9.025129927376228878e+00
-1.021018195255523153e+01
-9.304148771995603084e+00
-8.180891864502807920e+00
-8.399355529775567319e+00
-8.818355222677325855e+00
-9.260172346224283757e+00
-9.340953675269620504e+00
-9.896856318322514667e+00
-1.031667108269140520e+01
-9.405831541908741045e+00
-8.941866889042064059e+00
-9.899458504635184397e+00
-1.128526530321790133e+01
-1.179399856936186453e+01
-1.148522459604057744e+01
-9.843697859196231192e+00
-7.959121851650739821e+00
-6.525933460754900217e+00
-4.515926961633455861e+00
-4.333437193232626328e+00
-5.115597605286482441e+00
-4.483387747212113084e+00
-3.370479662638333096e+00
-4.600057472031516603e+00
-6.244801738824090620e+00
-6.946932140980096371e+00
-7.951758392032826528e+00
-8.736029267295904788e+00
-9.401156721010918815e+00
-9.823798715840807105e+00
-8.228044873978362261e+00
-6.759177861765842010e+00
-8.083725667207698251e+00
-8.147495503313905374e+00
-7.422605119154813025e+00
-6.850990303374374868e+00
-4.893664084194010222e+00
-5.471933084046399998e+00
-6.528408519576342606e+00
-6.772935621753226165e+00
-7.640750854888644028e+00
-8.295435274489920019e+00
-8.685858500146787620e+00
-9.308325431462529664e+00
-9.630931128127297569e+00
-8.759392450144565245e+00
-6.847858133683088155e+00
-5.935389630368174352e+00
-6.111511228864030976e+00
-7.312517539940591504e+00
-7.542990537738583079e+00
-7.806992043123106129e+00
-9.526350388998661600e+00
-1.036479071021433818e+01
-1.015377956742447196e+01
-9.676048240178403148e+00
-9.051881081351535130e+00
-8.314480606728057666e+00
-6.890477066799808981e+00
-7.716514237929784414e+00
-9.576806176886375255e+00
-8.938903235432967165e+00
-8.124844207486862757e+00
-8.263180412544066655e+00
-7.810395189953102779e+00
-7.620065741006906812e+00
-7.501742751330056080e+00
-8.099185832238545046e+00
-8.807582212587655945e+00
-9.290188806960191670e+00
-7.970499502997828500e+00
-6.150509756387231519e+00
-6.605602141186907694e+00
-8.547435175730599966e+00
-9.689856341774776283e+00
-8.985125452142854741e+00
-7.925085433167878612e+00
-8.396321176531849062e+00
-7.686474122697531719e+00
-6.630851801612804408e+00
-8.456461209188715245e+00
-9.679614480689080480e+00
-8.030150422292068768e+00
-7.315058827918307749e+00
-7.855057328321302101e+00
-8.116631598769433964e+00
-7.944579873095594102e+00
-7.616969485965516817e+00
-7.156848193890247067e+00
-6.250464356891008322e+00
-5.089889277477063878e+00
-4.011267647739762410e+00
-5.020521057325321834e+00
-7.656333369891948237e+00
-7.699139930689044675e+00
-8.133705852161179806e+00
-8.794466440725164702e+00
-8.398090484408015755e+00
-7.531762602786565175e+00
-7.541094363472597095e+00
-7.999650760576144215e+00
-6.762473741348489220e+00
-7.118320732075334334e+00
-7.836721501179384930e+00
-8.976463996753926367e+00
-1.060919980951622144e+01
-1.078608916251149097e+01
-1.119069865709754197e+01
-1.072985808119400275e+01
-1.064052228380178100e+01
-1.091811114620127832e+01
-1.018101104504465049e+01
-9.141850088321390899e+00
-8.833280933447987593e+00
6.470665775920301233e-01
-9.689374181627945504e+00
-1.067252594069613103e+01
-1.065698093089962128e+01
-8.937957735203729825e+00
-8.136672778713366583e+00
-8.245799971736062162e+00
-8.662840231846161032e+00
-9.541005212693146831e+00
-1.038028897589181021e+01
-1.099752331165725572e+01
-9.390847448249770579e+00
-7.512216031850974751e+00
-7.196003226379604989e+00
-6.920496923544264156e+00
-5.945341181842195510e+00
-4.836759510760968439e+00
-2.670453762645148110e+00
-1.382102986890628493e+00
-1.475871759512745518e+00
-3.125685819615665384e+00
-2.364711193532059941e+00
-8.861231615085491953e-01
-2.077222390263179896e+00
-1.724102808725969993e+00
-1.956256898221646612e+00
-3.487792251040764402e+00
-1.780353847311218374e+00
-3.207382681583059031e-02
-3.112261358031670255e+00
-5.864609170616382094e+00
-6.342613973978326491e+00
-5.337372583117469205e+00
-4.808075188626699692e+00
-4.736151542572327955e+00
-2.904631460664528930e+00
-1.086513929064903072e+00
-1.104075427750748517e+00
-1.771654163048344000e+00
-1.172687128590790717e+00
-1.655578534986824168e+00
-5.401529057470669137e+00
-7.643329236392984782e+00
-6.397704625910127341e+00
-4.837280684436023215e+00
-6.215535711527448548e+00
-7.478132840740983056e+00
-5.259735551183402080e+00
-4.226450217770629791e+00
-5.265474094097129409e+00
-5.146609008370111482e+00
-3.462597355896405382e+00
-2.501936368880306905e+00
-3.575111995253375863e+00
-5.286596429043328271e+00
-4.549935069740326021e+00
-4.007507403246196809e+00
-4.080261659460386880e+00
-3.380506103618872604e+00
-3.133941658009023801e+00
-3.236928784157478756e+00
-3.997804085828504217e+00
-5.051901065009388958e+00
-6.422110249106820490e+00
-7.625487519846237738e+00
-7.074291565118665304e+00
-3.993815668560489751e+00
-1.746052072757384499e+00
-2.593472506814219702e+00
-3.771039551597367812e+00
-4.113369100736806061e+00
-4.759434482513832165e+00
-5.978459180388392191e+00
-7.356612583379284587e+00
-7.523764194447960740e+00
-5.658772160267765194e+00
-4.651759378853533633e+00
-7.072601256480410825e+00
-6.582747020904707647e+00
-5.444520768170385772e+00
-5.648696183910987045e+00
-4.525327199266926392e+00
-4.400463008526044995e+00
-3.091227983069724239e+00
-7.399478033421630352e-01
1.130147079961117296e+00
7.999321464428184036e-01
-2.185215893539621812e-01
4.851444112511168472e-01
2.300564295291677386e+00
3.431963241590936242e-01
-3.694033447015513616e+00
-4.766805782690140880e+00
-5.220530449290816222e+00
-6.285181577502063632e+00
-7.698062210476359191e+00
-7.592892674390363972e+00
-7.346540053420359762e+00
-7.889678798722789210e+00
-7.319445820097792321e+00
-5.771269121668295199e+00
-4.473340659334647640e+00
-3.638601095174827993e+00
-3.934433299192616307e+00
-5.851225583226075777e+00
-6.556894785240539036e+00
-6.532227066559124218e+00
-7.973555636182859452e+00
-8.142996754912456225e+00
-7.694272801923279559e+00
-7.107493965012230852e+00
-5.470103293884394979e+00
-3.071198243058992805e+00
-8.839732503887841597e-01
-5.524184671131792124e-01
-1.558621985788034348e+00
-2.252442680328688329e+00
-2.375681324352106660e+00
-1.531965883228205705e+00
-8.793873072653003720e-02
6.470665775920301233e-01
8.965186676358661844e-01
2.273420843016995097e+00
2.606346551566192549e+00
2.079947523381558749e+00
2.301924545939217914e+00
1.571683517530872765e+00
1.314225526291952217e+00
3.620550531234625335e+00
2.064899277208441131e+00
-1.846055585260752752e+00
-3.260255616934353728e+00
-4.710884259308447675e+00
-6.173730020738506852e+00
-5.953241724155912351e+00
-6.002426838722612956e+00
-7.088881554100552762e+00
-5.994740306914379424e+00
-3.978644773007277369e+00
-2.928147083203868295e+00
-2.681731158514688129e+00
-2.629093985166790937e+00
-1.195645335574760937e+00
4.305717901990551710e-01
1.030003253004425190e+00
-8.144575018753951179e-01
-3.382195572771091285e+00
-4.099450820926985095e+00
-4.628633361996889128e+00
-5.191520503405556042e+00
-5.530626829853172666e+00
-5.350060264472809912e+00
-4.464596689269327179e+00
-2.560454114199628872e+00
-2.757054357258810207e+00
-3.362155256338350551e+00
-1.840499234711034049e+00
-5.885606259695274067e-01
1.128968073458702204e+00
9.544433893198100982e-01
-1.090076586700169159e+00
-2.832730229375262532e+00
-5.756803820745644451e+00
-7.993891903053268244e+00
-7.697480138153897755e+00
-6.726614483174724768e+00
-6.878057800130700450e+00
-7.935369897023426766e+00
-9.081522619369147620e+00
-8.464129497683998693e+00
-6.939779099203092549e+00
-5.380274734106995638e+00
-3.394991239265077176e+00
-8.993671072122451093e-01
-2.316196221838270619e-01
-6.912915405279066450e-01
-1.428156006942291167e+00
-1.535701957085904956e+00
-1.216177773747204371e+00
-2.288159850994402333e+00
-3.693635960112352734e+00
-3.501728623922379047e+00
-4.053381548939896106e+00
-5.792881633053414525e+00
-6.138427352177088459e+00
-5.671269057053635265e+00
-3.804569605629664952e+00
-1.443417469669157294e+00
-1.554409136678025272e+00
-2.008103129616130023e+00
-2.145655859943791821e+00
-3.867563743597326020e+00
-5.564147141840939170e+00
-7.386997796348315326e+00
-8.817986394180627130e+00
-9.124754130083632120e+00
-9.266672777058891697e+00
-8.595185569910571033e+00
-6.752823665806461761e+00
-5.322776366083664001e+00
-5.837500571093988455e+00
-7.518975689384048700e+00
-8.458264128140058347e+00
-9.462080643649009914e+00
-9.497104137377124999e+00
-8.215820454165339015e+00
-8.583748941443506197e+00
-9.514827013715331461e+00
-9.849207996002952825e+00
-1.053693288702382169e+01
-1.036323047312289880e+01
-8.298224963129724685e+00
-6.755470166170152169e+00
-7.968248424839782018e+00
-8.372354329128640416e+00
-7.047332978189871255e+00
-5.977135828265716100e+00
-4.984667428171514203e+00
-5.958603255737988214e+00
-7.614554676748207740e+00
-7.543870842800938448e+00
-7.591884615801850700e+00
-6.678774733956032605e+00
-6.453860790779796908e+00
-7.023889711780229028e+00
-5.351366203316912262e+00
-4.702516595867040294e+00
-4.449888432328985566e+00
-3.799514954969994029e+00
-3.055951568499027271e+00
-5.909177020706074757e+00
-9.013584315764550325e+00
-9.246921793973136516e+00
-1.022042420800480755e+01
-9.947606208074294187e+00
-9.906810759453748005e+00
-1.074048700685984770e+01
-1.086319845666721129e+01
-1.013664312905507714e+01
-1.003551717171918867e+01
-1.020985432541326432e+01
-9.726007776247215020e+00
-9.634526728485225178e+00
-9.776310591315684917e+00
-8.617962080669050451e+00
-8.050775030014182931e+00
-8.744611856662686478e+00
-8.560024375468787028e+00
-7.441094260497161272e+00
-6.251916310562902090e+00
-7.232623407281639771e+00
-9.445805121857112852e+00
-9.783106427723192056e+00
-9.251252867634057964e+00
-9.102801738718779845e+00
-9.788564734010847701e+00
-1.028112904535699101e+01
-1.021766107275629487e+01
-1.082775860199516771e+01
-1.115467471858023174e+01
-1.123491128844061393e+01
-1.094708688975738120e+01
-1.009953447699112594e+01
-9.274399013594399221e+00
-9.312970460109424309e+00
-9.649627290612773578e+00
-9.688330317516751222e+00
-8.807590701364386376e+00
-7.334626840539678838e+00
-7.401797806356652742e+00
-8.135735693824754478e+00
-8.207385984426856851e+00
-8.444315205921249401e+00
-9.446490886987829683e+00
-1.012123087952367051e+01
-9.740729349585569352e+00
-8.362747602779759148e+00
-8.738515248283890813e+00
-9.637499461164424019e+00
-9.002875131081186311e+00
-7.703919501074179443e+00
-7.046169750533808340e+00
-8.119637969279917655e+00
-9.967594921770206895e+00
-1.003335023584559771e+01
-9.464067996574414110e+00
-9.304605174322778893e+00
-8.784548105097739423e+00
-8.586659243268774944e+00
-7.859180701126195601e+00
-6.236023084943925987e+00
-7.178475751917213543e+00
-8.523816089035891608e+00
-9.109357137042756847e+00
-8.251050099452845288e+00
-7.907206906883364361e+00
-8.224911817781695333e+00
-7.606451772526610533e+00
-6.724264790656953039e+00
-6.138079260050708363e+00
-6.208070259794877366e+00
-7.014408500431798643e+00
-7.031162301902488920e+00
-6.823748510915613963e+00
-7.473964612410871844e+00
-9.006572724064481505e+00
-9.550840989451717888e+00
-9.401166143738798553e+00
-8.086122072159556140e+00
-7.003393908023190839e+00
-7.634451158346803545e+00
-8.376876784333212811e+00
-9.365299512022280837e+00
-9.691672532509144844e+00
-8.734961960348892163e+00
-9.398725981085108927e+00
-1.037290951726908794e+01
-1.031969969361463235e+01
-1.066671443299935085e+01
-1.082048604266540437e+01
-1.043072645975261814e+01
-9.831878073776060489e+00
-8.732981318299758655e+00
-9.651307008517616026e+00
-9.979471018705394769e+00
-1.023200620605159905e+01
-9.810849136269506943e+00
-9.471683041322389585e+00
-9.840996192846754198e+00
-9.238482370956429435e+00
-8.731058459329151589e+00
-9.754950085492179568e+00
-1.058813520051442936e+01
-1.011858857107113074e+01
-9.074172327331408994e+00
-8.539128006859481701e+00
-8.589511069631809548e+00
-9.306634648040477131e+00
-9.268916911209007736e+00
-8.138413803333110152e+00
-7.060979288220132766e+00
-7.627011539522993822e+00
-7.882817878871613004e+00
-6.555428373067988979e+00
-6.087415732735102836e+00
-7.508661300017107187e+00
-6.265472720325548472e+00
-4.136587972955991788e+00
-4.837477061883147300e+00
-4.472407053738282734e+00
-3.876839575848668229e+00
-3.515781161872439942e+00
-3.101352644204190323e+00
-2.974885941134746137e+00
-3.675046732402468930e+00
-3.279392149419740665e+00
-3.343323923759383920e+00
-4.802288451411216741e+00
-5.835407856139603666e+00
-7.488540477113864391e+00
-8.236805639392711598e+00
-8.631847986077740842e+00
-8.758471411205942303e+00
-8.565599692188470726e+00
-8.686005412594241193e+00
-8.286159574318238796e+00
-7.475706495521395212e+00
-6.718098970640342671e+00
-8.048904515001007454e+00
-8.225637983418405241e+00
-6.214924805629108207e+00
-5.193625892092056162e+00
-4.947151623921659080e+00
-5.583092396337876906e+00
-5.655038635426397953e+00
-7.023775598534103715e+00
-8.877056212042862882e+00
-8.126033662610039343e+00
-7.046989140733698420e+00
-7.327279213127852131e+00
-7.623994216077267794e+00
-8.252565951601171790e+00
-8.872659272339324943e+00
-9.356638722552920839e+00
-8.575102792009699826e+00
-8.487869912158249264e+00
-7.915249446863987792e+00
-6.432059594900922939e+00
-5.986419447170701069e+00
-4.615444726900445716e+00
-6.058782752183405229e+00
-9.506688275657065645e+00
-1.068979492355954442e+01
-1.117226683357095496e+01
-1.097849992862566104e+01
-9.893914804275704356e+00
-9.897464838579818291e+00
-1.097091662147742497e+01
-1.118282629550888529e+01
-1.133774187915603804e+01
-1.157956623585035949e+01
-1.108372082005726078e+01
-1.028549161744317608e+01
-9.440783818129022009e+00
-9.205990776438259360e+00
-1.036493224223597132e+01
-1.017642882322649278e+01
-8.451665309808729987e+00
-8.922175622026928821e+00
-9.310183844358874694e+00
-9.054256887583726154e+00
-9.275640576558776829e+00
-1.011320593486438568e+01
-1.079559129435835452e+01
-1.066567726400580796e+01
-1.031615394856686230e+01
-9.658798669617748800e+00
-8.827223897824971743e+00
-8.700722043210289414e+00
-9.910931702984287384e+00
-9.806917370877160423e+00
-9.035293286921120881e+00
-8.105854937036385266e+00
-6.857898578749800578e+00
-5.561774326049857997e+00
-5.112269541076741142e+00
-5.680849595438461463e+00
-5.310373475753468853e+00
-5.226871876503736303e+00
-6.831359963961577186e+00
-7.893213954138348143e+00
-8.322876526618960824e+00
-8.612092636235386678e+00
-9.106362716563710435e+00
-8.790124734127500616e+00
-7.619141715732662412e+00
-7.394559433713319585e+00
-7.814086222903599221e+00
-6.754649691798491062e+00
-4.955699502028612535e+00
-6.720846916703036911e+00
-8.296355796230985291e+00
-7.517634856267674692e+00
-9.280229872745932695e+00
-1.076081551362891453e+01
-1.022043704718716484e+01
-1.045966026059239695e+01
-1.113645176749798082e+01
-1.096509356207452157e+01
-9.912487969921382813e+00
-8.963760276741409072e+00
-7.494258499406829088e+00
-5.782000753623759870e+00
-6.176444896482379932e+00
-5.007252643991699337e+00
-3.032927502432418709e+00
-2.515299529847243587e+00
-2.796123460035738528e+00
-4.400589891413910770e+00
-5.078487041841889038e+00
-6.016501748600028066e+00
-7.698756301218879550e+00
-7.604233142877474094e+00
-6.606884834333086154e+00
-6.424983599898766329e+00
-7.261234987400413843e+00
-9.037827596617894699e+00
-8.181825795156923320e+00
-7.078875324560813809e+00
-8.185552498590883630e+00
-7.663212725148398796e+00
-7.279705642930028198e+00
-7.499610243553233246e+00
-8.224847459888913193e+00
-8.811337715720693353e+00
-8.225301636533135508e+00
-8.039737798532458513e+00
-7.691146255443653601e+00
-5.871557931712822587e+00
-5.663469773663646123e+00
-7.485548058298137519e+00
-9.694860873549410840e+00
-9.228259907825309583e+00
-1.048446588590855910e+01
-1.055137433695020910e+01
-9.234987936731634761e+00
-9.650242720063483048e+00
-1.078762802639483809e+01
-1.048078434029706152e+01
-8.626420894851268173e+00
-8.564920496380343806e+00
-1.113435748519789925e+01
-1.177029683115048719e+01
-1.129832157037568940e+01
-1.077026788131847290e+01
-1.158226749318523296e+01
-1.224707809816303161e+01
-1.210395924356647335e+01
-1.145087579136322908e+01
-1.080248312622029339e+01
-1.009526430877003023e+01
-9.561547214176661313e+00
-9.530620464023099814e+00
-9.336331000534467961e+00
-7.952983106252437651e+00
-5.472599055310875649e+00
-5.406028110840454204e+00
-6.133346475351925342e+00
-5.086550254758908096e+00
-4.953372828318461707e+00
-5.528277300254063498e+00
-5.576063702542398026e+00
-5.644376064611714483e+00
-3.211954732484697761e+00
-2.175739337854021571e-01
3.095296837262974110e-01
-1.747601503478001916e+00
-3.671209610761520192e+00
-4.708124152411025776e+00
-5.822983764522764005e+00
-5.670858029574597836e+00
-4.566585895489335911e+00
-4.389564091606310114e+00
-5.037457111628251383e+00
-4.832434226868842053e+00
-4.784943479858936755e+00
-3.609303936300461757e+00
-1.726836116209329863e-01
1.925139453568413650e+00
1.899802499509090747e+00
8.346665658853459346e-01
2.734471428509036572e-01
5.242241423582635340e-01
-4.796428218639031682e-01
-2.339275137882598443e+00
-2.626787198219884267e+00
-1.373913274796833450e+00
-1.085623162937940478e+00
6.812161552325252112e-01
3.709126529397886340e+00
2.844235500560403196e+00
-1.906972878753300904e+00
-5.640557347826097967e+00
-5.341978985981203465e+00
-2.439557588616458883e+00
-2.498751630033150484e+00
-4.639419457050850681e+00
-7.033831406453414203e+00
-7.032406854641172878e+00
-4.671666873495669670e+00
-3.715622521307995196e+00
-3.782363570060156110e+00
-2.476332690428912020e+00
-1.828911269625735470e+00
-1.699041171480122570e+00
-1.256871472212629959e+00
-9.076818762796848850e-01
-2.977436146980282361e-01
-2.131796753976362702e+00
-5.294348782407825915e+00
-5.909522968956819611e+00
-1.985134358549440536e+00
8.982739519141471618e-01
2.356623434863363287e-01
-3.474272048375168787e-01
-1.309031128829355017e+00
-2.195150415331224014e+00
-1.598133473473893673e+00
3.634049246402876188e-01
2.612288398266946032e+00
2.864583547992163304e+00
1.851705224590651122e+00
3.462275538640409156e-01
-1.757766585946443527e+00
-2.751137698907532236e+00
-3.452630118877881849e+00
-2.588735128919222639e+00
-1.429052210758104402e-01
-1.361928314213956687e-02
-6.266498143508869578e-01
8.391599124114621500e-01
-4.648635205466717935e-01
-1.893746599735659730e+00
-1.814691564209913288e+00
-3.033508577373932980e+00
-3.625280644216570813e+00
-2.928735500311980822e+00
-1.099320383572843340e+00
-1.992113912578046264e-01
-9.149195535645496813e-01
-1.541697193413583689e+00
-1.072382990079770559e+00
-1.696782807672518212e+00
-3.208196595174769961e+00
-2.939510232239481713e+00
-6.464909799154252568e-01
5.819824409472008631e-01
1.668449135785975646e+00
3.070662891784687876e+00
3.847792312419512140e+00
2.879778687251784763e+00
7.046418565323417926e-01
-5.923497235122072713e-01
-2.324649587400393180e+00
-3.661059263371523542e+00
-3.372188502990543402e+00
-9.833161649185570008e-01
-1.894008292285036976e+00
-4.215107775503733833e+00
-8.939168437719243743e-01
1.474763167056609925e+00
1.520761527004036995e-01
-1.188391433038002765e+00
-1.862273540812222072e-01
-7.238114843084940686e-01
-3.480608860738874100e+00
-4.199263366311432932e+00
-4.469191412044430933e+00
-3.334987429109800949e+00
-1.313294006763073618e+00
-1.168599357844459341e+00
-4.543287579826083000e-01
-6.765990281754330482e-01
-3.300340737215296638e+00
-2.591488899783464195e+00
5.100351920593427790e-01
-2.329426304254282598e-01
-7.371944872268094695e-01
-9.758087871292712157e-01
-1.839096169789655510e+00
-2.120725252728858479e+00
-2.836183552711757372e+00
-2.330058612574554822e+00
-1.184033418218196632e+00
-2.410034345662082078e+00
-2.234682879089739060e+00
-1.843500362948635285e+00
-2.843727691070702779e+00
-2.237141034387405192e+00
-3.389042466851063917e+00
-4.639818008862802046e+00
-4.161503368494188670e+00
-4.624490676034474390e+00
-4.105843917010785660e+00
-2.719104136465589239e+00
-2.394606215361549495e+00
-9.261641526537918168e-01
6.881960240284239472e-01
1.087973762025233881e+00
-2.605814563225937075e+00
-4.861739828598062196e+00
-3.146879056519324536e+00
8.304746510645012389e-03
3.444910269867899721e+00
4.164698531890188349e+00
3.516637263434485572e+00
5.009476847677838407e+00
5.052756287459357232e+00
3.406742705198739785e+00
1.878974044561283252e+00
1.808077406711394275e+00
4.223303384486146506e+00
4.866423258764491777e+00
3.647910519396262430e+00
2.080305615204649961e+00
2.138540503180832886e+00
2.641475106620138291e+00
2.319376111921867434e+00
3.573201982198415116e+00
5.283951226562970227e+00
5.816798446274638934e+00
4.867174095437406756e+00
4.017131095026058141e+00
2.717174610852507666e+00
2.853872261941380994e+00
2.770712038414961498e+00
2.412273231611699043e+00
5.787088540000864256e+00
5.303349582351519764e+00
2.586024003999351617e+00
1.426650807386504072e+00
-2.788267146963643861e-01
-2.882776099006011616e+00
-3.183416437211111560e+00
-1.710616970474122089e+00
3.171987356463983887e-01
2.772236201825165836e+00
3.622489008787926679e+00
2.272546716038500225e+00
-8.613582154664964352e-02
-1.432795282190745478e+00
-1.935855015817092406e+00
-1.360576663119840157e+00
-8.806251915594275337e-01
4.146963194084262172e-01
1.857956556466152431e+00
5.777252179701694024e-01
-2.416929753986047924e+00
-2.400097860790043836e+00
-1.559339703959655044e+00
-1.816935503834185228e+00
1.051471186788098144e+00
3.854999591687392257e+00
6.136983815227064376e+00
5.606320272972675767e+00
4.685956353799719309e+00
4.641300976835046832e+00
3.624197268508120739e+00
4.505107320478362709e+00
6.081800346727145090e+00
5.708181402798881088e+00
3.647218747630728064e+00
6.229284332396419765e-01
-9.141870141189136767e-01
-7.641270497143654028e-01
7.641017460446776211e-01
3.192958180788072919e+00
3.574930365884377181e+00
1.903883355153565216e+00
1.582105765902194872e+00
2.552184267759053160e+00
2.022290274899650075e+00
1.784270473928523781e+00
1.967785465824036795e+00
4.616267786708252996e-01
-8.802519333079844577e-01
2.550365554898383014e+00
1.988394484952970442e+00
-8.677996601212173422e-01
-2.306952643936887259e+00
-3.061006784801634240e+00
-2.553323451777413933e+00
-3.973185604449366526e+00
-5.337844788245775796e+00
-5.415906288779080313e+00
-5.126690802065162700e+00
-2.587211966093156068e+00
-7.300266263214224560e-01
-1.337530827571931757e+00
-4.223677540702370337e+00
-3.908894425069846967e+00
1.089519690434973542e+00
3.740671637753348655e+00
4.039553578859953475e+00
2.880242392068852464e+00
1.195078248139051169e+00
5.659921088529941136e-01
2.040899961415236774e+00
3.227751385651458804e+00
4.293147574193725724e+00
3.255633825299439899e+00
-5.162978168326659567e-01
-3.462524141135166378e+00
-2.996766212634872417e+00
-1.847308953047083202e+00
-2.939725380682671307e+00
-3.757904939001118105e+00
-3.087932749212472405e+00
-4.385698701277521927e+00
-5.683846861321245392e+00
-3.558403411006670680e+00
-1.027261211492289661e+00
1.559931263795222567e-01
2.647245081992311455e+00
4.859968882453348016e+00
4.680774273140512420e+00
3.493524648687541312e+00
2.818740975964383111e+00
3.443938973906783829e+00
3.177239338953881997e+00
1.598171350583711847e+00
-1.421465621543809954e+00
-4.946616864370875000e+00
-4.688739549523992522e+00
-2.858867629734725746e+00
-1.478847781650548532e+00
-1.492372284726397380e+00
-5.283641167882797696e+00
-7.876887878482167871e+00
-7.613282359716289527e+00
-3.733816760467955742e+00
6.908792711179247981e-01
3.711336599130819369e+00
4.582085181597452817e+00
3.810938877598026853e+00
3.885009233905467596e+00
3.446920430280557390e+00
1.819972932569787982e+00
6.873323176819137181e-01
5.192368010141498180e-01
6.485884887535580123e-01
2.556476354732766243e-01
-6.322553384269288257e-01
-2.597334492577700882e+00
-3.756870409814119238e+00
-3.191081360249645282e+00
-3.687923131767704144e-01
-7.965362196545999751e-01
-3.953526467063636307e+00
-4.732015721185086399e+00
-4.050506530063224808e+00
-3.730839059187509577e+00
-2.967067809173789872e+00
-3.792865579339709470e+00
-5.361815110770064230e+00
-5.558675251780496041e+00
-7.253458732213818649e+00
-8.714345015864733313e+00
-8.555691792570769394e+00
-7.017784233129154003e+00
-4.001290541812910995e+00
9.341196737988007905e-04
2.238248052466407678e+00
1.436638302623596486e+00
2.122517294619186590e+00
4.722391856700931534e+00
5.953790134141168089e+00
3.589801452973577334e+00
-6.831889047545528504e-01
1.020950818001379323e+00
3.828778103100392016e+00
2.857096516398660135e+00
1.047961222331648123e-01
-1.246052778869205069e+00
7.396172850665867493e-01
3.387971668352895538e+00
5.288436837996493445e+00
4.363613794473806706e+00
2.559053601905518782e+00
1.876250143370881363e+00
1.831667389668269808e+00
3.817374338124068345e+00
6.407595272957536281e+00
6.846110823839747006e+00
5.195667873452631369e+00
4.502736694197354339e+00
6.947832796483969453e+00
8.484354243744506974e+00
6.741161062660176562e+00
6.796351707679963106e+00
7.327291569308836294e+00
5.923386368291781778e+00
5.180648757231508306e+00
6.164328509430085035e+00
7.301101482176338919e+00
5.874107872628574256e+00
3.390340578579627451e+00
1.358319406207619373e+00
1.505733054463502807e-01
-8.547259595202175708e-01
-1.563915204478975252e+00
6.470665775920301233e-01
6.470665775920301233e-01
6.470665775920301233e-01
6.470665775920301233e-01
6.470665775920301233e-01
6.470665775920301233e-01
6.470665775920301233e-01
6.470665775920301233e-01
6.470665775920301233e-01
6.470665775920301233e-01
-1.852647717054617393e+00
-1.661149652942145893e+00
-6.316524688279093747e-01
2.238894267793138049e+00
5.212987178075360717e+00
4.806919432039954643e+00
4.859910146367963257e+00
4.738298124893846719e+00
3.262831024454199369e+00
2.627029986068820211e+00
3.022713785880013493e+00
2.995943326913831584e+00
1.979171935509445701e+00
8.864886893065407336e-02
-2.240011909105907417e+00
-3.005631410786385738e-01
4.695213030600918103e+00
4.805256999518781491e+00
2.641253427750919425e+00
4.419712314216667437e+00
5.488170840197600597e+00
6.766211671378740355e+00
6.265918486941649768e+00
4.585228730389002472e+00
5.912507933304197216e+00
6.422897387322372253e+00
4.164600189038188738e+00
2.982664357481042749e+00
4.547139466905004923e+00
5.898647530073926504e+00
5.674534651283019038e+00
5.794264423441902068e+00
5.325741466266120661e+00
4.776230843295407702e+00
3.843816384035707134e+00
2.189475100422816123e+00
2.209036208715634775e+00
3.475587052347245187e+00
3.528022119723397410e+00
2.532128651403067643e+00
3.722645454459535763e+00
3.181045872251822004e+00
1.252315824280808343e+00
2.185792146543001024e+00
2.867143774313449800e+00
3.119612014864129979e+00
3.909317776185604387e+00
2.986148944141195472e+00
2.154485953509152285e+00
2.656311980572493514e+00
4.303830170317970882e+00
4.753774652781329380e+00
3.312800735675844876e+00
3.627758087957122957e+00
5.201827863048877454e+00
4.138892914107722198e+00
2.232071259405748354e+00
3.706873267752434753e+00
5.106728823045708410e+00
4.901819740234128808e+00
4.694462362725970728e+00
3.454852351924750486e+00
3.945663937446006742e+00
5.539277887502741748e+00
3.108865906164680393e+00
4.426565001361266183e-01
-1.552808139453610847e-01
7.328312106832565176e-01
1.269303000161116080e+00
4.165147056257740843e-01
2.586874889234616504e+00
5.865502009700142239e+00
5.511464860507358843e+00
5.365638963183079646e+00
5.488907665323126572e+00
4.549269893416087562e+00
4.067313882209359299e+00
4.794803777757355334e+00
4.246413370339368498e+00
3.850126107042606272e+00
6.075946786988938975e+00
6.420741493035725611e+00
8.040541076958712452e+00
1.027367062504233530e+01
1.118082004650346484e+01
1.081088924733049872e+01
8.980970957264331034e+00
8.892436395330474141e+00
9.081115352014887065e+00
8.287676814509795875e+00
7.125869079955956309e+00
5.660980338371838450e+00
6.190592857529228610e+00
8.249479747984230116e+00
7.626362348413083581e+00
4.611424725924373469e+00
3.782303932975847882e+00
3.198749975150974478e+00
2.384843046102473885e+00
3.670013948714170304e+00
6.719640137751759390e+00
6.992189888093544248e+00
6.793399432941947147e+00
8.208039857328758515e+00
8.371410187634980460e+00
5.680067975988419171e+00
5.719327023354051853e+00
7.073743946591477538e+00
8.317247123271274134e+00
9.127649477364828456e+00
8.698566001494921096e+00
8.403044539082355158e+00
6.461508939544684971e+00
4.586373871014946424e+00
6.307920972841785101e+00
6.927051426222301522e+00
6.112763220945220510e+00
4.004220810933376562e+00
3.601436321797944373e+00
5.875833860339945147e+00
8.345771076470159144e+00
8.817791407059463182e+00
8.558688224584310333e+00
9.224506464926989224e+00
9.759290019764899071e+00
1.087530644123933143e+01
1.153711369344962989e+01
1.188566866633616570e+01
1.176435472580524966e+01
1.129311960216139710e+01
1.168002953191257021e+01
1.215505384218653973e+01
1.202775847633126816e+01
1.152811894339132870e+01
1.090547391110737685e+01
1.051040623758425419e+01
1.016579867375989821e+01
9.724661273470065481e+00
9.618081123161022816e+00
1.021111475369367128e+01
1.079560569230268818e+01
1.005693352549796415e+01
9.069424756550553468e+00
1.028240414090589283e+01
1.158268406370940440e+01
1.161880116042753919e+01
1.130032792309799561e+01
1.207914533754913755e+01
1.203997143990680208e+01
1.144213354390817550e+01
6.470665775920301233e-01
6.470665775920301233e-01
6.470665775920301233e-01
6.470665775920292351e-01
6.470665775920292351e-01
6.470665775920301233e-01
6.470665775920301233e-01
6.470665775920301233e-01
6.470665775920301233e-01
6.470665775920301233e-01
1.226920963095478712e+01
1.259553188062228912e+01
1.254190175105794935e+01
1.246357240398374344e+01
1.256388497024520134e+01
1.245019122184243621e+01
1.204526052440037986e+01
1.199273225606921045e+01
1.178124907807716859e+01
1.179976836239366911e+01
6.470665775920301233e-01
6.470665775920301233e-01
6.470665775920301233e-01
6.470665775920301233e-01
6.470665775920301233e-01
6.470665775920301233e-01
6.470665775920301233e-01
6.470665775920301233e-01
6.470665775920301233e-01
6.470665775920301233e-01
6.470665775920301233e-01
6.470665775920301233e-01
6.470665775920301233e-01
6.470665775920292351e-01
6.470665775920292351e-01
6.470665775920301233e-01
6.470665775920301233e-01
6.470665775920301233e-01
6.470665775920301233e-01
6.470665775920301233e-01
1.071342276621921386e+01
1.095919705557314749e+01
1.091253040955883513e+01
1.064949649797827291e+01
1.188617162890890455e+01
1.241837701663609117e+01
1.232139684450280903e+01
1.197791027009325582e+01
1.197944440973564184e+01
1.256077201910106567e+01
1.122267537715009311e+01
7.947388501555604279e+00
7.849960313925429034e+00
9.478649751895359188e+00
9.940047830324827416e+00
1.012863937818163329e+01
8.796493710865192384e+00
6.877947303413477265e+00
6.826981805000499115e+00
8.823795123434896581e+00
1.102996417590989431e+01
1.190610210997263252e+01
1.132379167725416913e+01
1.016307454458001125e+01
1.070126784265104369e+01
1.100685597052208387e+01
1.165299214429267138e+01
1.090544334659326076e+01
1.146865994110370757e+01
1.225985267042107552e+01
1.221208297387763331e+01
1.201059479443612688e+01
1.224087658763816400e+01
1.221013245609336195e+01
1.175531695643733165e+01
1.080652636684379075e+01
1.191613694754084563e+01
1.260824456507711666e+01
1.229001393425080835e+01
1.218413847495488866e+01
1.258925808155319181e+01
1.255840615634197199e+01
1.246037375532856650e+01
1.239053383527695651e+01
1.244416113358793474e+01
1.257082895833084457e+01
1.184464095775095416e+01
1.184363752873704989e+01
1.164956690776143766e+01
1.159500773272246654e+01
1.245912994343733082e+01
1.241796643225565155e+01
1.219533158865310796e+01
1.209956698297298239e+01
1.139988003094163993e+01
1.102810164809544879e+01
1.064997228108511251e+01
1.094677251495015113e+01
1.041756746947825540e+01
9.160912821657630545e+00
9.364789286638734112e+00
8.738869812966049366e+00
9.112084609547121516e+00
9.437836611080891558e+00
9.338020408695319574e+00
1.085402890475869064e+01
1.137057181935918670e+01
1.097656566536667277e+01
1.012640415396580096e+01
1.034727344457032139e+01
1.203517488357578635e+01
1.215996465122611525e+01
1.208237285040687148e+01
1.190986102315385864e+01
1.199897407902688862e+01
1.148601194906911971e+01
1.151773524234373625e+01
1.097092838453307451e+01
1.037821903422257286e+01
1.105623635607446431e+01
1.193407100257737774e+01
1.140130852976983888e+01
1.021885711015115028e+01
9.974094878196744673e+00
9.803545818225277486e+00
1.053731382391827509e+01
1.027484790992597041e+01
1.012119892550208000e+01
1.110562887849218328e+01
1.123674527649618327e+01
8.100289869114904562e+00
2.962077630040782061e+00
2.851455998454794472e+00
4.140526276351178758e+00
3.196298791897061342e+00
3.134548852573082023e+00
4.069900327442306676e+00
4.324876683836711422e+00
5.099511627862971075e+00
6.620291770605814641e+00
7.933787850195031410e+00
9.462891104965610367e+00
9.267702519410310202e+00
8.757042375743926854e+00
1.079460130429993292e+01
1.189607758722196529e+01
1.214082505854957716e+01
1.162226309503888366e+01
1.125774030801603764e+01
1.125143901340674724e+01
1.150016211656246767e+01
1.088628901577948227e+01
1.092726701525509725e+01
1.112949317060946974e+01
1.039902303168171294e+01
1.065682728477877461e+01
1.096263052003283711e+01
1.122217961331068459e+01
1.210803520689957047e+01
1.221207314556475332e+01
1.246453196504592675e+01
1.239605766837069822e+01
1.211614995302226028e+01
1.131358586838199720e+01
1.112586781927033641e+01
1.183663018443140835e+01
1.162460673896631924e+01
1.174270865853283397e+01
1.187216686804745081e+01
1.141802371413103323e+01
1.186369193082408202e+01
1.116110984251206339e+01
8.909241394888322674e+00
8.060892267038337167e+00
8.101257783275505275e+00
8.722817653903204516e+00
9.279134538745353211e+00
9.623203300952921424e+00
9.979340582654035785e+00
1.071469949208932171e+01
1.238886538930743875e+01
1.229151006674400826e+01
1.185869835454529309e+01
1.152140236801737672e+01
1.216785510428548100e+01
1.246080437991439105e+01
1.255598401854914492e+01
1.217749325036335328e+01
1.201892227827404902e+01
1.248127093987835856e+01
1.192616324221571489e+01
1.050488017059259249e+01
1.062318971228781628e+01
1.073462278973655160e+01
1.035927378031027501e+01
1.066489774015343706e+01
1.027459462245547250e+01
9.204780025324414083e+00
9.504093785939490502e+00
1.099546639778524160e+01
1.205993690929054374e+01
1.162163475710495675e+01
1.017029484418415208e+01
1.058246314552991230e+01
1.122939793322776403e+01
1.165573184103303461e+01
1.220567879548571000e+01
1.134526353395955134e+01
1.028027572260949185e+01
1.059862092265449540e+01
1.019305405967114275e+01
1.053717918853022262e+01
1.095955530473485240e+01
9.255370160749510688e+00
8.357727451537753538e+00
8.789834422845512307e+00
9.343619154427912576e+00
9.288344756598300833e+00
9.863614696218968803e+00
1.130212242962907965e+01
1.140448756551955256e+01
1.128920338302838466e+01
1.170160712703272488e+01
1.106660038730585960e+01
9.358214024056012548e+00
9.413018460046606251e+00
1.002095220722705271e+01
8.561414412179455979e+00
8.043468951390174482e+00
8.655209380332545166e+00
8.699427706341428035e+00
7.781467402283680279e+00
7.563243892456945616e+00
9.356734737732431029e+00
1.104971360253116330e+01
1.064437230293999548e+01
9.483677763605053102e+00
9.063618359262667568e+00
7.298749123792414473e+00
7.173875526664934554e+00
8.616442045497286983e+00
8.666638020936154874e+00
9.457351250802295439e+00
8.962121912619469555e+00
9.005677823396569082e+00
1.024049306595907716e+01
1.100353540731557445e+01
1.082407102493726825e+01
9.316721086134569063e+00
1.019898769710339792e+01
1.171132859078560884e+01
1.235602407595723662e+01
1.255172824761525874e+01
1.253089303021515732e+01
1.232382490882842241e+01
1.234042603706623353e+01
1.198355081893127583e+01
1.162299788821666446e+01
1.196316503625497596e+01
1.221761702491895463e+01
1.252740663928129372e+01
1.241694953818940661e+01
1.138593229873396595e+01
1.159189032203866354e+01
1.153652691622403559e+01
1.140545135031657331e+01
1.183686748630350039e+01
1.175384430240756650e+01
1.161356792108336755e+01
1.151038758308564880e+01
1.167371032195163139e+01
1.103434799585230941e+01
9.790488982427486775e+00
1.048485431884273922e+01
1.195690278790244498e+01
1.179375553872666949e+01
1.101667364581871134e+01
1.054031618974017803e+01
9.446078899360657033e+00
9.759895807833466108e+00
1.115579063493584044e+01
1.107017984713832881e+01
9.979847479495743912e+00
1.062727155801029966e+01
1.124132834044278795e+01
1.093166908546105454e+01
1.100855176878900288e+01
1.144025548993695907e+01
1.227158368991415394e+01
1.220769465905099516e+01
1.208228397773856777e+01
1.230434612049912779e+01
1.165012699235129290e+01
1.057089566836111594e+01
9.420943465170534381e+00
8.192003261697527350e+00
7.430903174901523300e+00
8.872750448043982274e+00
1.056078265916579184e+01
1.072470727352162001e+01
6.972014026199842007e+00
2.551571950436368752e+00
4.375901633941313151e-01
-3.769411091038851747e-01
2.844640663303430905e+00
5.979983674992181975e+00
4.096555111480959077e+00
2.706287033717237112e+00
4.191288142123036131e+00
4.641703182933618166e+00
5.818775904110628616e+00
8.163457043609636088e+00
8.262803041897839762e+00
6.250338357030272185e+00
4.165362799597907006e+00
3.244191343105234715e+00
3.685977320692995995e+00
5.366986972169677017e+00
7.078150111643497056e+00
7.383966281705395929e+00
4.367936205944618067e+00
2.915087432114764621e+00
2.590526064571389231e+00
-1.274295144851199379e-01
-1.876275030818593814e+00
-1.372406943821780301e+00
-1.743961900824582134e+00
-3.508029276965311194e+00
-4.098751844140210210e+00
1.031289229357809090e-01
6.470665775920301233e-01
6.470665775920301233e-01
6.470665775920301233e-01
6.470665775920292351e-01
6.470665775920292351e-01
6.470665775920301233e-01
6.470665775920301233e-01
6.470665775920301233e-01
6.470665775920301233e-01
6.470665775920301233e-01
6.470665775920301233e-01
6.470665775920301233e-01
6.470665775920301233e-01
6.470665775920301233e-01
6.470665775920301233e-01
6.470665775920301233e-01
6.470665775920301233e-01
6.470665775920301233e-01
6.470665775920301233e-01
6.470665775920301233e-01
7.219981379106337194e+00
9.041316196264565619e+00
9.665301119049731327e+00
9.005258957808475628e+00
8.847521404631432773e+00
1.049047826800310546e+01
1.025037109163548443e+01
8.904325623229471631e+00
6.521557978935658362e+00
6.437976542837839489e+00
9.861393312046612181e+00
1.143086400328668439e+01
1.119189377715082756e+01
1.117544140145202292e+01
1.129161602813498000e+01
1.092311364614313440e+01
1.017529823577219261e+01
1.064837048365568251e+01
1.061318205694588812e+01
9.918076557865488141e+00
9.405075980358159171e+00
9.790444944154788942e+00
1.113175557785420899e+01
1.135536785158900130e+01
1.096023458957334640e+01
9.477139632200936248e+00
8.821126754807631087e+00
1.038260426092432098e+01
1.109992727857988370e+01
1.078416847935872624e+01
1.081302936684542715e+01
1.046221688418303053e+01
1.071296848677690505e+01
1.096164305140248807e+01
1.151011076778005204e+01
1.188606346637035394e+01
1.202697687749261313e+01
1.182212944401647903e+01
1.149394594692408056e+01
1.150992272675087413e+01
1.102784865180015572e+01
9.703278242440934065e+00
7.358356336495684324e+00
7.155330180995310485e+00
8.195974600170490731e+00
9.427160187847334782e+00
9.667017557869812094e+00
8.496611393345247620e+00
7.455776966469958467e+00
7.303162058620119801e+00
7.049202256339932582e+00
6.265140494514943370e+00
3.944502187546663929e+00
2.711255789142094752e+00
3.154671437217791752e+00
5.862196211340606311e+00
8.240569058855758300e+00
7.327313746870538047e+00
6.035320641838170630e+00
5.450090320518120812e+00
4.296800224231260401e+00
3.518015276362762567e+00
3.471138230975116645e+00
4.996187560014544893e+00
7.522625895978826804e+00
8.462108314425787370e+00
8.079422331427450032e+00
7.644300601468378531e+00
6.665798531994992615e+00
5.872850987014756718e+00
6.027123389682228272e+00
6.609680353617506832e+00
6.683300187121226088e+00
7.130706466127741727e+00
7.563619219182886155e+00
6.120510009045097455e+00
4.795998149025635371e+00
5.106134972465678601e+00
5.754446265849866293e+00
5.518227910733155106e+00
5.899765340902505706e+00
6.044083102426453635e+00
5.697667430524546717e+00
5.148418075851679099e+00
5.325201411818905939e+00
5.572966719978371231e+00
4.173927342600003421e+00
3.343462163643774243e+00
5.044318265361770415e+00
7.600734655106183624e+00
8.799624094609290736e+00
9.049041111062509302e+00
8.237919699497757264e+00
6.454646056956334199e+00
6.413178696674152413e+00
6.476594399486551801e+00
6.127108294298432511e+00
6.044371521533753011e+00
6.531989271672140163e+00
6.871570099283572652e+00
7.694556278506636815e+00
8.486612996374560680e+00
7.972861764554367348e+00
8.326227477047675407e+00
9.513048711943193680e+00
1.016869492656372742e+01
9.348193764605374767e+00
8.919296975834459573e+00
9.541768004552361404e+00
9.560687037476622407e+00
7.836727197635898534e+00
7.533089127853401124e+00
8.637439221802029721e+00
9.728655386885774803e+00
1.034188437290836582e+01
1.055984313387129525e+01
1.009362451285120343e+01
8.917517560863700510e+00
7.958968786851112753e+00
8.178586334905002531e+00
8.276710373990978198e+00
9.081832741707994927e+00
9.842242472409123977e+00
9.545658754553407732e+00
8.506564913665222605e+00
7.569678079376388702e+00
8.332122308682910372e+00
9.712752785972821101e+00
1.007474814185130363e+01
9.705802718334320289e+00
8.465891079784727324e+00
6.865906604085344256e+00
5.277516909507096621e+00
3.323435355574726469e+00
4.903912541644198875e+00
