-1.448609789997994390e+01
-1.519656103472947528e+01
-1.440724752621678739e+01
-1.388114165169938552e+01
-1.437017306005369655e+01
-1.413507339767177307e+01
-1.416686014762838930e+01
-1.492897689819660734e+01
-1.536356658218941362e+01
-1.491215831727237706e+01
-1.453217259961256325e+01
-1.493064765078420741e+01
-1.406011288726188191e+01
-1.320899581514115617e+01
-1.420129472919610691e+01
-1.510241749746997542e+01
-1.459746714824813374e+01
-1.404323575467662799e+01
-1.307545308969140763e+01
-1.212980726806808640e+01
-1.257358752703416904e+01
-1.279504237963263158e+01
-1.330703401281336618e+01
-1.335872167700916791e+01
-1.203606824590723967e+01
-1.236793656987277323e+01
-1.407275159934976649e+01
-1.473946392621215651e+01
-1.474817508614147776e+01
-1.367504565452564158e+01
-1.305068331684162430e+01
-1.291805305642318125e+01
-1.235119903639549754e+01
-1.159357603826263272e+01
-1.037696041845266848e+01
-9.794337378709277786e+00
-1.060007805639624756e+01
-1.099673447666044801e+01
-9.647313687150523620e+00
-9.383707032391241043e+00
-9.015418727082805006e+00
-6.769276723249395999e+00
-4.666892382813003337e+00
-3.899968157418426173e+00
-5.266591388589314526e+00
-7.890492547081840335e+00
-9.437095557475807084e+00
-9.962966552726866709e+00
-9.779485931657047715e+00
-9.844829634048805289e+00
-1.094403984944321806e+01
-1.213530824964974464e+01
-1.077060526792886108e+01
-7.806871363684089182e+00
-8.481389935924815049e+00
-9.292313847948223682e+00
-9.122059669679382310e+00
-9.336456730649077329e+00
-8.714203543257015738e+00
-8.284568859387478668e+00
-9.880133732985630246e+00
-9.793364904717149599e+00
-9.015112973157366483e+00
-1.013453038492773217e+01
-1.055745211789129812e+01
-9.640287710461420190e+00
-8.636822969800940442e+00
-7.857196240173363044e+00
-7.392687536567719597e+00
-6.735675023885868917e+00
-6.217875263563760413e+00
-6.654894573713337813e+00
-8.410081567012550607e+00
-9.872563241209370233e+00
-7.776239494011032427e+00
-5.136319600148453013e+00
-3.709981944287846112e+00
-2.591415864607323982e+00
-5.642880785446653391e+00
-8.471221849750309119e+00
-9.873591689171348662e+00
-8.036986556028425710e+00
-6.391350077732272261e+00
-6.540795832625970085e+00
-5.522596440165746579e+00
-2.690427342682957246e+00
-5.251484911992428728e+00
-8.364745903972599095e+00
-7.717920732625859870e+00
-6.413646372374903315e+00
-6.449181402223190140e+00
-5.947659924837835455e+00
-3.920383849979701907e+00
-3.099301354018380472e+00
-2.034663060979925220e+00
-3.101443828872523234e+00
-4.442977395062914781e+00
-3.593836904302408097e+00
-2.364806868336502887e+00
-2.147749341292079173e+00
-1.302482204917181807e+00
-2.192294633873757448e+00
-3.858361659644217845e+00
-1.871112488374422789e+00
-3.858303102348703995e+00
-2.535261697445380324e+00
-9.300468685602247820e-02
-2.338331010268152710e+00
-4.220297004301298394e+00
-6.461365285820863669e+00
-6.582889534479632765e+00
-4.136261996872900859e+00
-4.788865281723154510e+00
-8.215068305461302955e+00
-6.030894060167775628e+00
-3.088924732139916252e+00
-6.113564247459801315e+00
-9.461370322898764229e+00
-8.686637795195848000e+00
-6.605556101265735336e+00
-8.643583429144914732e+00
-1.184305637829332447e+01
-1.203703728952990737e+01
-1.092558244756972563e+01
-1.009771843156295112e+01
-9.961867870361563959e+00
-8.221538078465874477e+00
-7.339542631468437328e+00
-7.184994533780671766e+00
-5.732815410100514875e+00
-5.619648053533588872e+00
-6.778335948927911581e+00
-8.521902021825800588e+00
-9.863875694580976017e+00
-8.373574550601867728e+00
-7.629099348322261775e+00
-8.090230145443731757e+00
-6.270513158468216552e+00
-5.977753929946469924e+00
-5.391036746337007024e+00
-4.976117510482819029e+00
-6.730999406165540044e+00
-7.835348762420755619e+00
-8.865559954305748391e+00
-9.090035533526828360e+00
-1.015279445458427965e+01
-8.851032310767916300e+00
-7.370453441464323241e+00
-5.873630068854930997e+00
-4.528048623077106427e+00
-4.934617941020443155e+00
-5.474092836921484739e+00
-4.320009002895486283e+00
-2.343850048874359437e+00
-2.770985215958859271e+00
-2.085386290907299767e+00
-4.433993750620598973e-02
2.699928313991728501e+00
7.151936842841728481e-01
-4.353177063403298241e+00
-3.984701084467284993e+00
-3.936065201367167532e+00
-4.023992685368765088e+00
-1.192787949207922971e+00
-1.116441454019919233e+00
-3.992313272072120611e+00
-5.971582220437750443e+00
-5.448808994340295087e+00
-6.711563124529526192e+00
-7.675174165863112741e+00
-6.218371001159606060e+00
-4.403017393560289428e+00
-4.447090115115737596e+00
-3.237846053530757828e+00
-2.215914133272889774e+00
-4.474857789075671555e+00
-7.480899032044583841e+00
-1.016469853190167250e+01
-1.099753404270641077e+01
-9.156183979318038624e+00
-8.761911605932203528e+00
-8.466497897461591648e+00
-7.286672666547890920e+00
-7.459919783616332900e+00
-7.824322578569178788e+00
-9.221679717358103545e+00
-8.431499819219357761e+00
-5.393729651131988767e+00
-3.576470159625070533e+00
-2.208538184722760089e+00
-1.136931982192383117e+00
-2.203870348075587682e+00
-4.678809772224732377e+00
-5.962286146594826697e+00
-5.171021490261296094e+00
-6.590355330566449510e+00
-8.433391078229904636e+00
-7.681055671310873301e+00
-9.490961798782519665e+00
-9.567139953640872108e+00
-6.644459988435902353e+00
-3.938554059689072684e+00
-4.648947518671527668e+00
-5.810056952045148826e+00
-7.764177545305456896e+00
-9.352416648593383286e+00
-7.086931700987874727e+00
-4.531713803990064626e+00
-4.908397325466810734e+00
-5.847048891545830962e+00
-5.039280840425507613e+00
-2.895632213677522770e+00
-3.752320777580225197e+00
-5.098843495440527285e+00
-1.070559047493710114e+00
1.256821332568870186e+00
-2.707811314211445164e-01
-1.597245937514036207e+00
-8.692541590380723493e-01
2.144768233162442250e+00
1.168992549772130740e+00
2.609534877920455909e+00
3.852008259252522659e+00
2.147478235409280956e+00
-1.541292416225785444e-02
-3.494795630726316826e+00
-2.357544495528649531e+00
-2.390768829902094605e+00
-5.880028001550713590e+00
-5.460159378554021892e+00
-1.529682291553317697e+00
3.055326193062977147e+00
3.298873663343512952e+00
2.042598098372339521e+00
1.085447943342548571e+00
-7.148304513464767140e-01
1.497532158652836953e+00
5.873121857106898602e+00
7.998371513295185586e+00
8.551903541965424793e+00
5.471167976445125980e+00
2.970605076084182450e+00
8.867985409931405938e-01
7.617968221593254263e-01
-5.425837393475088088e-01
-2.404825884327491448e+00
-3.294012900441969816e+00
-2.276629544728563381e+00
-1.948874229539648617e+00
-4.092076230517966096e+00
-3.333383611115703360e+00
1.861782021562865097e+00
1.603340625032044997e+00
-3.769161083252362765e+00
-7.406071161190308061e+00
-9.002095760815285175e+00
-8.004076276856125105e+00
-7.991628610539399880e+00
-6.810011215284514918e+00
-4.166089604486310272e+00
-5.262419890512457066e+00
-7.659518656986283425e+00
-1.107176067136804143e+01
-1.155596630591710294e+01
-5.424686535944086785e+00
2.974906427926884867e+00
2.017006027012538283e+00
-1.265972678907001825e+00
-8.604823447679375015e-01
1.875706328696269853e+00
4.096628960810954290e+00
3.086181293971577588e+00
2.124472710237840900e+00
-9.451186686202541765e-01
-7.036799233434313017e+00
-1.161637515305304724e+01
-1.014505318789085564e+01
-6.396043018484303566e+00
-8.784925780479499124e+00
-1.040665177905080974e+01
-1.046473732051469518e+01
-1.265246510697285665e+01
-1.318406924670807712e+01
-1.345246075103503003e+01
-1.556385571509056298e+01
-1.580087914775967839e+01
-1.437632696191612958e+01
-1.425813589103905699e+01
-1.530982342945855201e+01
-1.491481574466448556e+01
-1.403040712988126693e+01
-1.209828522639364046e+01
-1.059843420969969152e+01
-1.154396837584718227e+01
-1.313444605774410157e+01
-1.370776805435699863e+01
-1.496394158601240498e+01
-1.593966273069591999e+01
-1.611346406737157722e+01
-1.622761722233425274e+01
-1.605897906744017334e+01
-1.448206315054777171e+01
-1.333489167078105808e+01
-1.301286156099776470e+01
-1.227627158203237379e+01
-1.001576540578248320e+01
-8.308395821066435261e+00
-1.057667788293714572e+01
-1.057535627170455328e+01
-6.891534368712822989e+00
-3.940142434413478778e+00
-5.718312437907029810e+00
-8.301064666751170051e+00
-7.428994569980114981e+00
-3.580202125906361665e+00
-1.288332701712692208e+00
7.212567325580105937e-01
2.470972346580661672e+00
2.939466073552867709e+00
3.413866247654248731e+00
2.081672180808824990e+00
3.769684517064589180e+00
7.277727485138481889e+00
6.410411226128258200e+00
3.319231209409991834e+00
7.436080306333969769e-01
-1.375125579781967700e+00
-2.339884500790058386e+00
-4.398806513233938786e-01
1.617687976724405896e+00
-7.564676873953539715e-01
-3.109691641412487773e+00
-5.744072655078390488e-01
-9.462124304059053026e-01
-5.243820840855137000e+00
-5.430189919414941002e+00
-6.663958698765536148e+00
-8.869694328323738830e+00
-9.990442887934475991e+00
-9.621808137125698934e+00
-1.052365411367196479e+01
-1.136746250014025428e+01
-1.170225763808534403e+01
-1.276740052989286234e+01
-1.290308856067785293e+01
-1.232922116204589358e+01
-1.208675261111458532e+01
-1.150892467520106166e+01
-1.064258403434974376e+01
-1.004375082793470320e+01
-8.780542725906478552e+00
-6.174098768175336538e+00
-4.208269447530832430e+00
-6.065735100322878104e+00
-9.270218104247859969e+00
-1.256231684893260159e+01
-1.418833116100428704e+01
-1.441327095019179616e+01
-1.388600164188517816e+01
-1.442761806986128903e+01
-1.510073513958784197e+01
-1.436043701460452127e+01
-1.245514537580195302e+01
-1.150536593614710235e+01
-1.325501648048144254e+01
-1.440756200455550662e+01
-1.313190215054588528e+01
-9.834556082500332863e+00
-9.261467538209188888e+00
-1.110620497052784827e+01
-1.146451481065238198e+01
-1.226895053378953371e+01
-1.258753830893283876e+01
-1.252133057555630558e+01
-1.347147992890840484e+01
-1.411849554483686475e+01
-1.468628064196450111e+01
-1.438575419362249974e+01
-1.485968759104315318e+01
-1.436044245359213178e+01
-1.277090283928389702e+01
-1.237319208388252179e+01
-1.347137456917717380e+01
-1.463670924598105039e+01
-1.181357012926059546e+01
-1.087146815620202567e+01
-1.077856459766944930e+01
-1.007548503637780080e+01
-9.842332006108229336e+00
-7.960374133129005436e+00
-7.569978571737167705e+00
-1.067844642804217337e+01
-1.155151729718491005e+01
-1.003276553975450192e+01
-1.081861417203713849e+01
-1.203523669667491980e+01
-1.252620936273135577e+01
-1.165846817510327327e+01
-1.085909937979749706e+01
-1.031003091179431763e+01
-8.875336559261656433e+00
-9.320441547321765441e+00
-8.735115367209232318e+00
-7.966399799811727078e+00
-1.030558901189127141e+01
-1.227564068894484706e+01
-1.334000508244652572e+01
-1.398697458472704547e+01
-1.472516563036954018e+01
-1.480582362034348165e+01
-1.327449642506607930e+01
-1.210076762051569865e+01
-1.244087737484766443e+01
-1.241026542200627780e+01
-1.278992265780444981e+01
-1.174525989102479961e+01
-9.621903458577330426e+00
-9.301652307382022755e+00
-8.201884520315415372e+00
-9.485202336792609046e+00
-1.210397671443092982e+01
-1.046322284456051044e+01
-9.540428942865604611e+00
-1.199143279033177478e+01
-1.300574322439238450e+01
-1.268373539901278235e+01
-1.290890547734497140e+01
-1.198702545898632188e+01
-1.222304140820695828e+01
-1.370329658413685614e+01
-1.377925044845658498e+01
-1.276782576759615750e+01
-1.148965621271675808e+01
-1.225257303725832791e+01
-1.159838910621609109e+01
-8.785671504918658670e+00
-8.451864944492081477e+00
-1.058305971852023042e+01
-1.039141340893004006e+01
-8.783187941625213213e+00
-9.636975172963694547e+00
-1.125767852720081841e+01
-1.284008025774128114e+01
-1.347418782689397077e+01
-1.326120541891076066e+01
-1.394420859002171831e+01
-1.435910914842141928e+01
-1.429126376393299402e+01
-1.389097816552947684e+01
-1.318227889526362340e+01
-1.436746401379843086e+01
-1.411672685086728407e+01
-1.350220976149238972e+01
-1.474392557613629684e+01
-1.423457147425990499e+01
-1.265617022761601618e+01
-1.153024487432146117e+01
-1.120137815528052094e+01
-1.279757802213793205e+01
-1.200151672585414708e+01
-1.081106205692731237e+01
-1.179149474519009821e+01
-1.216522069995773414e+01
-1.249011377520970889e+01
-1.188927009888127984e+01
-1.073404585046283621e+01
-9.087995476617845014e+00
-9.140367187418474870e+00
-9.932664685760615342e+00
-9.741042334036047023e+00
-7.982619950448970769e+00
-6.601504367856503741e+00
-8.925243521034385452e+00
-1.156426283938301403e+01
-1.057533352856512998e+01
-1.014388042519773592e+01
-9.952803643890398178e+00
-8.720157091009992811e+00
-9.795512338266812336e+00
-1.117606923428992438e+01
-1.018160131619209885e+01
-8.341207235209010307e+00
-1.050717076518340320e+01
-1.195462112645048158e+01
-1.030870958071290744e+01
-6.914538222246835453e+00
-5.958286659552871178e+00
-5.487447021517223966e+00
-4.220736346397035099e+00
-5.091468173047082324e+00
-8.199938895256005722e+00
-7.540176749073812523e+00
-5.544933780354976527e+00
-7.273949357256284109e+00
-8.442364847728688559e+00
-1.032031843737235022e+01
-1.179307147115279086e+01
-1.097812969663663729e+01
-1.202415173361907286e+01
-1.286126059835035917e+01
-1.272072572495928888e+01
-1.266001750374232948e+01
-1.161301269529438507e+01
-9.503947074778562154e+00
-7.454956164295883703e+00
-5.944129811881345482e+00
-6.709933409659732284e+00
-5.913196526399278063e+00
-4.033223760624232490e+00
-1.802152952948921083e+00
1.918547842665792924e+00
4.148180795576799973e+00
3.409423624948643372e+00
-7.101903973438075113e-01
-5.332570054812879157e+00
-6.479730240257472573e+00
-8.511788436085522491e+00
-1.031721977350450814e+01
-7.797403476144487477e+00
-5.901309215406533859e+00
-8.706897331763899572e+00
-9.202692355540365909e+00
-9.927290002765905896e+00
-1.113978453845070327e+01
-1.125239559393403788e+01
-1.180071652031768714e+01
-1.249777835859756614e+01
-1.211022409874061090e+01
-1.180680612096122495e+01
-1.158197706559394824e+01
-9.571934323615506557e+00
-7.143356425668814680e+00
-5.849109146196346920e+00
-5.947554270365162488e+00
-9.392702699937418132e+00
-1.168571186892733671e+01
-1.259896859271527880e+01
-1.212147517690877940e+01
-1.097702300909235440e+01
-1.184105950975122390e+01
-1.177400175411752059e+01
-1.232085163260624228e+01
-1.359707487667748538e+01
-1.299454774429464443e+01
-9.184120342037978446e+00
-4.724495561367597851e+00
-2.440666167048981094e+00
-1.398681800548793763e+00
-4.670511738653364553e+00
-6.893701931237428582e+00
-6.696520677010156852e+00
-6.966553053628140368e+00
-6.265506644144395842e+00
-5.383149023429636415e+00
-7.248949308729588203e+00
-7.711157470990102958e+00
-8.401642681404412727e+00
-7.563415187586048916e+00
-6.619575090912926285e+00
-8.451848759374229303e+00
-7.985799834180675738e+00
-6.466083805714256449e+00
-8.283225289523167945e+00
-9.567107469382317930e+00
-9.829729666228175233e+00
-1.029272580141902260e+01
-9.019756950949009422e+00
-8.780380532912559488e+00
-7.605650662945366847e+00
-5.179343537317309121e+00
-3.815003841063847378e+00
-2.574717025234252610e+00
-4.503145415971389731e+00
-7.852821071841561640e+00
-9.256036402400733110e+00
-8.479123897056203063e+00
-6.300707266781157223e+00
-4.843363955262755205e+00
-5.276509647392736646e+00
-8.389198035644369611e+00
-1.092767805645913270e+01
-9.559387623616320440e+00
-8.328441252636080705e+00
-9.294078740008183459e+00
-1.046701649925025279e+01
-1.215484182798866364e+01
-1.333493597043060852e+01
-1.356338171624992661e+01
-1.363762477324784150e+01
-1.374590979290775827e+01
-1.353843079390828663e+01
-1.181353896029223627e+01
-1.094760166840715243e+01
-9.488443731088622712e+00
-6.955849524561425135e+00
-6.660492773094516927e+00
-6.283795846905429805e+00
-3.633397894081581647e+00
-1.982413372187299183e+00
-2.117589012987531216e+00
-3.530555075856569580e+00
-1.606109671020653273e+00
-3.430742588245854652e+00
-6.030982436427366089e+00
-6.419372565411309850e+00
-8.433641758772397523e+00
-8.898577375811916212e+00
-9.658414546692290159e+00
-9.619177769518968191e+00
-9.206483076235006280e+00
-8.866857720517275609e+00
-9.299244461211994661e+00
-1.083171280484254240e+01
-1.174472993548308253e+01
-1.476301439499780344e+01
-1.508408867602119052e+01
-1.519982424575654179e+01
-1.559927362334062195e+01
-1.538799644388689636e+01
-1.488355367664969897e+01
-1.507321465443633990e+01
-1.517851121327578667e+01
-1.531755765082935206e+01
-1.519047144737525201e+01
-1.447771502301304736e+01
-1.284347832715467241e+01
-1.262581247202426482e+01
-1.347492771631058339e+01
-1.275850709790063142e+01
-1.311197864600876350e+01
-1.460615888421146913e+01
-1.453926642411521364e+01
-1.241288123197982785e+01
-1.246916170773977406e+01
-1.458222750118556554e+01
-1.545755652867073593e+01
-1.534271444307688625e+01
-1.483989930092373122e+01
-1.512977284641628550e+01
-1.492757474144860907e+01
-1.393434747439780530e+01
-1.400611738347986979e+01
-1.416006282807506800e+01
-1.430286146219708066e+01
-1.501048657248519014e+01
-1.420875591429988738e+01
-1.338486165686471452e+01
-1.421063553406825797e+01
-1.440103375386100559e+01
-1.400381560512425416e+01
-1.498090243168874913e+01
-1.490167267719469102e+01
-1.436378721825736626e+01
-1.456517404360434043e+01
-1.488562332552661083e+01
-1.426133082676122221e+01
-1.363565351275151372e+01
-1.319169485226705341e+01
-1.225130782123967244e+01
-1.206585550819449359e+01
-1.210609239583167884e+01
-1.202589890852546439e+01
-1.181657766662451792e+01
-1.216261429584997344e+01
-1.435090156016401686e+01
-1.421439422123507690e+01
-1.315487466931199734e+01
-1.173758182828261809e+01
-1.167726911106920973e+01
-1.277523901892487324e+01
-1.389005244175011633e+01
-1.494271916457128668e+01
-1.508427522559715328e+01
-1.470449839154966476e+01
-1.501813579388424991e+01
-1.354040088960713284e+01
-1.071661371485573966e+01
-1.031586358784724666e+01
-1.108386162512852202e+01
-1.027796946829603719e+01
-9.600081827461533379e+00
-1.121813721106060591e+01
-1.071140898838901911e+01
-1.150881776510279941e+01
-1.382617548803924556e+01
-1.427165173970544920e+01
-1.437488283717586945e+01
-1.363218246996984817e+01
-1.305046111329435377e+01
-1.357641612683119625e+01
-1.439901533282455226e+01
-1.479306390209101174e+01
-1.535433483723268111e+01
-1.528105029069813803e+01
-1.528496587116467076e+01
-1.505802150246401716e+01
-1.370762909189877377e+01
-1.300446861816169530e+01
-1.169159790200473203e+01
-1.226996269095322845e+01
-1.363524693430986368e+01
-1.390616442728730107e+01
-1.434648534289309829e+01
-1.548515565055712884e+01
-1.455446697280111401e+01
-1.309352833638091163e+01
-1.358395603112616534e+01
-1.279607261029410736e+01
-1.219907295082892951e+01
-1.009148317369193748e+01
-7.923609244219618652e+00
-1.036682655459363644e+01
-1.426198013743289472e+01
-1.487150898772808638e+01
-1.435946084519237864e+01
-1.268606140548959260e+01
-1.074409724465021831e+01
-1.127356745143205430e+01
-1.147170527791951322e+01
-1.133779365534754113e+01
-1.273331091228360457e+01
-1.385865010103108474e+01
-1.443675022913824257e+01
-1.406087432942777937e+01
-1.242890768109328903e+01
-1.007986129792260321e+01
-8.697294194016242486e+00
-7.491874790342046175e+00
-7.769504592485629857e+00
-7.310752187722425077e+00
-4.894294963940814647e+00
-5.492159484271748937e+00
-8.083987336665176215e+00
-1.015133035283778007e+01
-1.296227103556860349e+01
-1.446006168043817830e+01
-1.442790401387541444e+01
-1.337540569083067687e+01
-1.204422686884103122e+01
-1.155292269757443613e+01
-1.279917682807796275e+01
-1.405168858234988427e+01
-1.507168322937789817e+01
-1.454138819577831576e+01
-1.211261790561368024e+01
-8.994768884308028234e+00
-1.007385085143200953e+01
-9.910437996121258308e+00
-9.187033966727588208e+00
-9.798343763915392302e+00
-9.683879458682030261e+00
-8.274401383562826950e+00
-9.740920774534636450e+00
-1.214016549225395458e+01
-1.316217311169804383e+01
-1.353352550757848682e+01
-1.301779200689650828e+01
-1.220794035607245931e+01
-1.173948688288549036e+01
-1.235118581387125936e+01
-1.163974184835761605e+01
-9.652142380780734499e+00
-1.000807733501184238e+01
-1.107011606944034376e+01
-1.139372856310302851e+01
-1.084805965978344666e+01
-1.007450397693172128e+01
-1.027045886050520629e+01
-1.099533065311205426e+01
-1.207170687655049868e+01
-1.056237857358054022e+01
-6.958185761234248368e+00
-9.219448401893954426e+00
-1.089809161352819267e+01
-7.945740557794835901e+00
-5.045516305126636958e+00
-4.809934497662410990e+00
-4.085957658168477558e+00
-2.012862289458499099e+00
-2.942268974637328505e+00
-4.829736635354038299e+00
-7.192193534213463302e+00
-7.829070655880444818e+00
-7.807907093266126530e+00
-1.042260085717437512e+01
-1.222079926785464998e+01
-1.356532432706709201e+01
-1.409431785575002039e+01
-1.438398933411010461e+01
-1.355728192730799186e+01
-1.215035185558608966e+01
-1.339458206509776872e+01
-1.449663647147563061e+01
-1.380677815088064797e+01
-1.324548125680255062e+01
-1.151537508301537116e+01
-8.697647276532613603e+00
-6.779448554465964172e+00
-5.669079963984466453e+00
-7.006528157694223324e+00
-9.662381441893362677e+00
-1.000190584765136670e+01
-9.416511311780178417e+00
-9.959339712567787828e+00
-1.050512126326235318e+01
-1.126064863450483067e+01
-1.073409513512171820e+01
-9.810666401007251736e+00
-7.928401684376251701e+00
-5.182397869518139188e+00
-6.016128862509025232e+00
-7.778444717537017716e+00
-1.064631770093180485e+01
-1.263223911485028950e+01
-1.212128280222274768e+01
-1.040296882112152055e+01
-9.973786789891709859e+00
-1.227223496390134905e+01
-1.197657849556529541e+01
-1.176936100908570815e+01
-1.242146761015001033e+01
-1.197216141241776377e+01
-1.156393250758484292e+01
-1.023143472643259422e+01
-8.952406711327320465e+00
-6.681293871962179942e+00
-5.103845412105290968e+00
-7.242582450332565536e+00
-9.113137758071241379e+00
-7.886088486466253045e+00
-7.346624621018011503e+00
-7.164592714796767403e+00
-7.892245533454342876e+00
-8.891156253683064392e+00
-8.245893589054249517e+00
-6.498349334833762647e+00
-7.727374743375345467e+00
-1.124086424817216390e+01
-1.022529498923205793e+01
-7.914846381950000342e+00
-7.565959906029114279e+00
-7.537302341940761430e+00
-9.507756995209899031e+00
-1.034379013307290585e+01
-6.397978965798498230e+00
-4.015792285485813906e+00
-4.642714772604191076e+00
-4.221035030275207767e+00
-1.998953052149584853e+00
-1.642480308957655621e-01
8.552366074868164025e-01
-5.565074386063827844e-02
3.628303788191662993e-01
1.234032049149245136e+00
-2.314474412570585393e+00
-4.953535606085753606e+00
-5.665388702320599101e+00
-8.393707448826580375e+00
-9.349710937161715307e+00
-6.347700112161219543e+00
-5.222317985733003098e+00
-7.024809382004213454e+00
-5.851082621841581677e+00
-5.041045504862187165e+00
-3.192503861724656833e+00
-3.162742003026675519e+00
-3.626368600238563555e+00
-3.768920797142457868e+00
-3.696117769409480225e+00
-1.850213301624901385e+00
-1.428028207101135205e+00
-1.533971003438668212e+00
-1.924243234899667199e+00
-3.373564679921304155e+00
-2.466340954256286189e+00
-1.037908471528179000e+00
-4.412764659231480202e+00
-7.243973840802931718e+00
-5.840236465979741887e+00
-6.020672881742795468e+00
-6.634935424615897581e+00
-6.560670518011208152e+00
-6.268844667127126513e+00
-5.135738575187649424e+00
-6.234033488567154002e+00
-9.188388013914922325e+00
-1.010684817376735900e+01
-9.322356113480408268e+00
-8.971406664131661657e+00
-6.554656453510234293e+00
-3.446749944588803238e+00
-2.750026746118015897e+00
-4.614099318923755355e+00
-6.059140457884407915e+00
-7.661293477447519429e+00
-8.903753151267979504e+00
-7.262396964772641184e+00
-6.026008331031124321e+00
-4.922045253127861564e+00
-2.251240682477229083e+00
-8.770995391162079713e-01
-2.195008029495705060e+00
-5.567930443957069819e+00
-6.889052169229514355e+00
-6.879681700481010687e+00
-5.446952397218498554e+00
-3.522442991166481185e+00
-5.162590357272677899e+00
-5.084299231800388341e+00
-4.948212484675899248e+00
-4.651012125122779395e+00
-4.162144463011512308e+00
-4.819832811309681553e+00
-3.515961062268691872e+00
-2.771320629204367059e+00
-1.932926949544541806e+00
-7.123093240867071074e-01
-1.646994458325740096e-01
-2.357256260871793074e+00
-5.058836524923997935e+00
-5.690749125361199923e+00
-2.296630362117726420e+00
2.756889988534220848e+00
2.999195047606721953e+00
-7.712680369776439004e-01
-4.194978991576769900e+00
-3.297330059745933628e+00
-9.690587070618512655e-01
-1.053260399765304278e+00
7.119712588293967137e-01
1.467639014956870214e-01
-1.475793357856772348e+00
-2.298911122208439295e+00
-3.718743139759785876e+00
-2.848243665107781375e+00
-1.020180043207514764e+00
2.210788678195450885e+00
3.341306334136658673e+00
3.480104458612710339e+00
5.639195333529694487e+00
4.068057802621546593e+00
4.000455151744429783e-01
1.277738146336839131e+00
3.436914956487032935e+00
2.752642121628823824e-01
-1.576909561597021003e+00
-1.293803993147544684e+00
-1.025576907372452551e+00
-9.771625276509388058e-01
1.058845405491641189e+00
3.797516156269717946e+00
6.016996885770151682e-01
-5.103894363749293284e+00
-6.048440033264797400e+00
-4.427258517113051184e+00
-3.938387767619549784e+00
-2.862878256710553071e+00
4.774995463179842470e-01
4.030467534946840402e+00
3.149926189856303793e+00
-3.418656277835939727e-01
-2.973572646612116510e-01
1.740032438868020614e+00
1.361817760723643023e+00
-1.414478619796470049e+00
-3.153784209606280253e+00
-3.090742600071116009e+00
-5.513096185349948719e+00
-6.386607066882593386e+00
-5.759655525368830631e+00
-7.164376007589068784e+00
-6.188929832251704788e+00
-3.163882287736073273e+00
-1.378670586223930350e+00
-3.503058800468202172e+00
-2.769409046520308060e+00
-2.956982093146903079e+00
-5.990512070702009417e+00
-3.898657081900923416e+00
-2.642384389205833628e+00
-3.852541757020198077e+00
-2.285094879859348005e+00
-7.005891850590680869e-01
-1.504811079785808525e+00
-3.671821602881268021e+00
-3.734197745297588522e+00
-1.373443869401518025e-01
2.691360887623313047e+00
1.487225979383272501e+00
-5.742901364321715274e-01
-3.637060231214148232e+00
-4.488689954685022521e+00
-2.478415070674635956e+00
-4.227647098283813243e+00
-5.128020620339280633e+00
-6.651775448635313559e+00
-9.427058750008779242e+00
-8.469830852934679299e+00
-5.735956942429684347e+00
-6.618828895729305550e+00
-7.767486964019371776e+00
-8.529549132924325150e+00
-6.512600878137884131e+00
-2.036394245660724245e+00
7.908999100645155433e-01
2.348088345740203753e+00
1.838108530723604195e-01
-2.288844263305290561e+00
-2.166464881710799872e+00
-2.166391062649159593e+00
-3.280249156232357244e+00
-5.383388189078355701e+00
-6.051879996334925238e+00
-4.831747193709048815e+00
-3.375266435909700213e+00
-3.581242812363129246e+00
-3.775361769897140007e+00
-1.540859089438306295e+00
-2.309015052304513649e+00
-1.447026295561175457e+00
-2.893851383684273304e-01
-6.073687704432491063e-01
3.457315685359926949e+00
5.223053652013407877e+00
5.985539191399852577e+00
9.408255015546052036e+00
1.070761286904727783e+01
9.689871260692820343e+00
1.001912625940607349e+01
1.108519552692910537e+01
8.770652500571998189e+00
7.438588397774299921e+00
8.909104209250845230e+00
8.219633879646744745e+00
8.354920110193999605e+00
8.146998505126367363e+00
8.527949583401433387e+00
6.283697011554574274e+00
2.663482933672769448e+00
3.222442335305859995e+00
3.182079869758364765e+00
4.678916567390399628e+00
5.737870194666219170e+00
5.274692368329023218e+00
5.253630466119656894e+00
2.839661306449264622e+00
3.342719518413328927e+00
5.559896420413916296e+00
3.201573819929586229e+00
-7.367469820220442500e-01
-1.017764825583561628e+00
1.523375364124264664e+00
2.523750251104719844e+00
1.302433977948794119e+00
6.904691534875175840e-01
-2.947231600893346903e-01
-7.485163205308957846e-01
8.776370335395140554e-01
3.871369513854097666e-01
-3.279862787466477636e-01
3.279965230442865920e+00
6.949039464541286737e-01
-4.608012854718246842e+00
-4.661335772370232000e+00
-1.048897125955816856e+00
3.515722419515376451e+00
3.966940415200310710e+00
2.215180158869870297e+00
2.665943695534360280e+00
1.184473319087875343e+00
-5.096236646571263851e-01
1.264841362933430302e+00
2.209373854452681307e+00
-1.229882505753126937e-01
-3.438759855663841680e+00
-5.730140364919185991e+00
-7.235840744672732860e+00
-7.222379321323587398e+00
-7.050555351100373791e+00
-4.565536310214127091e+00
-6.829179923227663984e+00
-1.028803145142665620e+01
-1.069049492682447955e+01
-1.059508966667693919e+01
-7.474625461053273412e+00
-4.745572917478388497e+00
-4.974082875925797786e+00
-5.108959547758872510e+00
-3.663622705955349890e+00
-5.444315063925044385e+00
-5.817864916374344553e+00
-6.163067846507810366e+00
-9.039324990555195782e+00
-9.070756043890403575e+00
-7.662237195629661102e+00
-7.788344181801792665e+00
-6.268875910329595236e+00
-5.425258793635911125e+00
-2.823679877780210123e+00
6.412046997099374313e-01
-1.259441865202182598e+00
-5.245549245198827926e+00
-6.112555034108626550e+00
-4.303684413707659751e+00
-3.497679353110688893e+00
-2.219553648321347161e+00
-2.925422358422931524e+00
-5.386744251532195271e+00
-6.363584131979394876e+00
-4.705591581074636487e+00
-1.770377910168980717e+00
-2.529650963356892213e+00
-5.946729172250827311e+00
-3.494625259212515545e+00
2.752786825853370978e+00
6.039886862606442364e+00
7.905392487769145937e+00
7.342326550838263799e+00
4.070835970769707934e+00
7.560527471884953776e+00
1.294774203549090252e+01
1.191085808608659669e+01
1.077004709990015385e+01
1.020899177159135895e+01
6.069595076757209107e+00
3.111688070887788982e+00
1.835575095971031523e+00
9.224388976551054498e-01
1.910106079567344572e+00
5.459584098474713265e+00
9.484707307856512060e+00
9.538189353206629306e+00
6.907971430876920671e+00
4.551440170154739562e+00
2.377556313081234052e+00
-1.232830730156209975e-01
-2.243113083110396477e+00
-7.505327252176058339e-01
-1.707931167669996197e+00
-3.656920971636000939e+00
-4.137629203512328324e+00
-3.597793700642700987e+00
2.068908304283025412e+00
4.222931358023982007e+00
1.946078624552051384e+00
-9.038335544525579746e-01
-1.526333493562215260e+00
-3.062208243153813569e+00
-5.443737350030656508e+00
-4.708320467808465359e+00
-3.227979181368573869e+00
-4.737326009651043890e+00
-3.414602541636793553e+00
2.849952599370905726e-01
2.354423584677247216e+00
4.144569255218789827e+00
4.985482975951893714e+00
3.937810544662640577e+00
4.188921661971358290e+00
4.169609073753554718e+00
6.049232644338435883e+00
8.352053553897027527e+00
5.556716991130554284e+00
2.749586657093601616e+00
3.054009928670319063e+00
3.522247067803483400e+00
2.634197195397721014e+00
1.492335540827952056e-02
-2.315028579090984362e+00
-3.430635275313584032e+00
-3.957468880819075885e+00
-3.892254330987213073e+00
-1.928000598908622631e+00
-5.673274837848762964e-01
-1.145684412159877263e+00
-1.542328240582989896e+00
-2.688118715503794220e+00
-5.562809100381834959e+00
-7.625346736105666601e+00
-5.717400490823181691e+00
-5.256500907494046082e+00
-3.677947351879235605e+00
-2.586045310572081313e+00
-4.979782345565813451e+00
-5.971973002608048198e+00
-5.803258926511862370e+00
-5.758577680410096100e+00
-5.546657169700135448e+00
-3.356176970208393229e+00
-4.255048856241004707e+00
-1.026687967263726442e+01
-1.187134103960637610e+01
-1.032258564822142510e+01
-9.089823918941457137e+00
-8.941708860812026316e+00
-7.119759501404092639e+00
-8.544284045970519159e+00
-1.029198261158665240e+01
-9.631816714799933621e+00
-8.315715665271083523e+00
-6.511804042869568043e+00
-8.969756547697505411e+00
-1.198401681074452263e+01
-1.022598953239604214e+01
-7.330008501080398808e+00
-6.662885349425798687e+00
-7.500851154063663984e+00
-7.255208727883643682e+00
-5.899977052209611550e+00
-6.286585379771989501e+00
-7.694605869292823641e+00
-8.740568504918659443e+00
-7.428286782164794211e+00
-5.731622867000244703e+00
-6.746996789381161541e+00
-6.820916056790182758e+00
-6.165064923626816018e+00
-8.005925433923083645e+00
-7.517367942796609803e+00
-6.756422101352511866e+00
-8.199168657828879603e+00
-9.208924025713818295e+00
-6.987340159607940748e+00
-6.939381028617378711e+00
-1.081732683318335475e+01
-1.219519631267799831e+01
-1.283026450847295052e+01
-1.271978010245540069e+01
-1.207403625990703233e+01
-1.120674208767445812e+01
-1.217424405404064025e+01
-1.366185444407099148e+01
-1.210197910216129635e+01
-9.514989433284235076e+00
-8.436031732574248210e+00
-6.918802894119133740e+00
-4.489895840157676510e+00
-4.707020459046549199e+00
-5.504752224003175876e+00
-3.794323207216472760e+00
-6.099592063954550447e+00
-5.307560391102046360e+00
-5.858133965729376058e+00
-7.986664808280793615e+00
-2.065011346570713613e+00
1.637261900159774797e+00
2.351608181198612257e+00
6.102520528428867941e+00
6.054647007389536206e+00
2.136642988909615681e+00
1.142197729319532229e+00
2.448481459089256074e+00
3.501310958475586155e+00
3.555351810325397821e+00
2.904384440191109640e+00
1.373193644980027717e+00
1.454385807222268179e+00
3.250585197276166127e+00
1.642748590791432761e+00
-1.684146969640201164e-01
6.669233362018849309e-01
3.447594639456010857e+00
3.625602127448658507e+00
1.369442493658459492e+00
6.184477892237610908e-01
3.672305858341889939e-01
3.386386184746455363e+00
5.578504776850037317e+00
5.828933886361078009e+00
4.555445366315526101e+00
1.333914199086810193e+00
2.382974839380064491e+00
3.998435366754271136e+00
3.107051037045489128e+00
4.990588258384932807e+00
5.466919750081096652e+00
4.608753251812853335e+00
6.015378256483456809e+00
8.109187489680531158e+00
9.724031916388950592e+00
5.344815901759823795e+00
5.538770407277518792e+00
8.975709690391033391e+00
7.776937890056784042e+00
3.805560285922414465e+00
6.482401458663421545e-01
-1.584319213557160988e-01
-8.982597626683285208e-01
-1.072864845170400150e+00
1.753485968103211667e-01
2.952561883032141399e+00
4.865854525436934530e+00
5.061050469152552189e+00
2.331944494277462088e+00
-1.625234983179700610e+00
-3.369442355688922142e+00
-3.813449175548391246e+00
-4.477154361947595085e+00
-6.313930642105998636e+00
-6.419225729132532088e+00
-5.154790443549601697e+00
-6.055048591716997386e+00
-4.593886587334943705e+00
-1.190598611650900196e+00
9.117813888160675173e-01
2.578792657994102733e+00
2.662001402472675693e+00
1.260683267991769219e+00
3.045191248672368456e+00
6.797496480354040749e+00
6.351922017989485525e+00
4.678548374975666668e+00
3.403061682830416323e+00
3.131160336572780700e+00
1.955122955924478934e+00
2.201144680910450901e+00
3.530186878220494151e+00
4.671082774939869786e+00
5.954420572940376744e+00
3.114439572702179859e+00
1.806559567279686140e+00
4.050331902916707527e+00
5.758562748615334570e+00
5.389144667731039284e+00
6.470665775920301233e-01
6.470665775920301233e-01
6.470665775920301233e-01
6.470665775920301233e-01
6.470665775920301233e-01
6.470665775920301233e-01
6.470665775920301233e-01
6.470665775920301233e-01
6.470665775920301233e-01
6.470665775920301233e-01
2.058205183806426586e+00
2.596933848330582606e+00
4.023048249193382553e+00
2.864463237243436211e+00
3.622762044082755928e+00
4.210459537942640829e+00
4.219152190805211866e+00
4.772179134175190462e+00
5.573795627116814089e+00
6.123797959951913228e+00
6.470665775920301233e-01
6.470665775920301233e-01
6.470665775920301233e-01
6.470665775920301233e-01
6.470665775920301233e-01
6.470665775920301233e-01
6.470665775920301233e-01
6.470665775920301233e-01
6.470665775920301233e-01
6.470665775920301233e-01
6.398204828360785967e+00
6.432131039180437604e+00
6.016409638560966222e+00
7.950412596608415150e+00
7.325887206532367024e+00
4.414316984951365264e+00
5.314360386231167688e+00
7.322170773919125075e+00
9.071849058967346835e+00
1.043658150482813873e+01
8.389765809096074278e+00
4.490300493268791548e+00
2.128711131455389705e+00
3.356979713620178885e+00
5.743561742337237597e+00
7.721954614129162842e+00
5.677267039454259923e+00
3.923323251849907933e+00
3.616129402901515633e+00
3.716206301270576606e+00
8.306126339375889955e+00
1.017228675467121768e+01
8.819302028383702918e+00
8.795275629951291307e+00
1.074920206541041701e+01
1.167193322881005280e+01
1.157762145566759671e+01
1.284275886517565901e+01
1.245613097810442049e+01
1.036954541466736579e+01
9.821281397258768919e+00
7.836120805978580961e+00
6.136553327482084264e+00
3.767920830452301750e+00
3.202826296451933286e-01
1.992240131547299065e+00
3.844730163961358471e+00
4.700041042751701426e+00
7.895282178748321833e+00
9.721667743549078367e+00
1.014741712364039650e+01
1.090265748532375767e+01
1.023420981847101707e+01
7.500155818325370483e+00
5.792146228401356289e+00
3.694446260243259061e+00
1.807807290502517539e+00
2.160588141016153596e+00
2.869127666568709767e+00
3.916165395478324207e+00
4.191653556873604636e+00
2.453763936826721892e+00
6.119943073443747661e-01
3.762108547678492343e+00
7.242765399338941812e+00
5.714656812021068788e+00
5.412026369113148050e+00
5.233190348674354730e+00
1.532495473592153212e+00
-4.903804545029650797e-01
2.788028963544123773e+00
5.121168665520039021e+00
6.833210580704998982e+00
7.579590293066119422e+00
6.281764553580900134e+00
6.367745384987448354e+00
6.297075801263495087e+00
6.277974347308252767e+00
6.043259485263523523e+00
5.967211362976851952e+00
7.294485374173260261e+00
9.834456170404187958e+00
9.053119043086532258e+00
6.846250134256938402e+00
9.134354909909800924e+00
9.151317150020771507e+00
8.232399379659671723e+00
1.065516268727444960e+01
1.029325290197595599e+01
7.606757577467646136e+00
1.052145050774322321e+01
1.239668655739768077e+01
1.119608408921840415e+01
1.056341539213336311e+01
1.237464952121668027e+01
1.388488899030140189e+01
1.468092181708741784e+01
1.496268699006862057e+01
1.264411430720268115e+01
1.179876408785928099e+01
1.451965660936316205e+01
1.620618952479132346e+01
1.682575944333078510e+01
1.662061834440208585e+01
1.712563634892354258e+01
1.734138551018143559e+01
1.666926928100649619e+01
1.705345728385202619e+01
1.763498579417179712e+01
1.784975528322059546e+01
1.758068809638285757e+01
1.689145612229095050e+01
1.723103823645399046e+01
1.685106524675742534e+01
1.525881302868982026e+01
1.540828478516463740e+01
1.543683530453022534e+01
1.449100060863830564e+01
1.529492262331726948e+01
1.617614756657082253e+01
1.726641412798488417e+01
1.734661974658986949e+01
1.649965716431866625e+01
1.728937717336017599e+01
1.723162483320352578e+01
1.650418276893433145e+01
1.629921231584972574e+01
1.521891948670881867e+01
1.558306440605566756e+01
1.627438488245870829e+01
1.674681301476966411e+01
1.698319955950870863e+01
1.621309895583311089e+01
1.681354538153760458e+01
1.720966322102288260e+01
1.625235273720066331e+01
1.644102538348050757e+01
1.699342489500881470e+01
1.735931472452990576e+01
1.787598711595661172e+01
1.747924597703847382e+01
1.596081120254640773e+01
1.660678086991491043e+01
1.739494110079514755e+01
1.714226468807340353e+01
1.727728418426734791e+01
1.744725598821706569e+01
1.631732733172806604e+01
1.633516354928731218e+01
1.696501222340928550e+01
1.726606977050384728e+01
1.752400517733047636e+01
1.703569192230682106e+01
1.535307573065120579e+01
1.597634044879439408e+01
1.662351926022517290e+01
1.734755182554628306e+01
1.736159813676918517e+01
1.736321717406852727e+01
1.789689760326881540e+01
1.747846456153925487e+01
1.591603991491712833e+01
1.558452562943308628e+01
1.557017288160863266e+01
1.329083070643674525e+01
1.215700603651844425e+01
1.277297978100604325e+01
1.416698148403498614e+01
1.525263540871391399e+01
1.522575332238102952e+01
1.639636403484972504e+01
1.732587537836339919e+01
1.675943534707893789e+01
1.604842150549272262e+01
1.749911468506831014e+01
1.769899125112900862e+01
1.714674473678794087e+01
1.727363899015544035e+01
1.769231997868310557e+01
1.770983893528989483e+01
1.765828252553288635e+01
1.679184804421005950e+01
1.601382599242989713e+01
1.593528390122372862e+01
1.539303217466358653e+01
1.448627353987649258e+01
1.322338406964210833e+01
1.393244454480461236e+01
1.472237360333890877e+01
1.623484500992659818e+01
1.685717317922083680e+01
1.679959532142648371e+01
1.632244433745701073e+01
1.673707236707132395e+01
1.652191152119833362e+01
1.633124852301676100e+01
1.640633280375373104e+01
1.510682307791235601e+01
1.421740882372737680e+01
1.485117856345964427e+01
1.497076891380396724e+01
1.401601145878960430e+01
1.410996025737075321e+01
1.533101182682497310e+01
1.484254336438945998e+01
1.264203870120480566e+01
1.404641044630452562e+01
1.627983021488432058e+01
1.706159908643763146e+01
1.736227281664555733e+01
1.733143817532736719e+01
1.656020069369650471e+01
1.542007106309370279e+01
1.507987933339464348e+01
1.473700707948446897e+01
1.517161973873077052e+01
1.505381717746264236e+01
1.585661186899358377e+01
1.700130150969306797e+01
1.694409103789709903e+01
1.597136761232300550e+01
1.631370118326491792e+01
1.632581647746926379e+01
1.612860652526659777e+01
1.567556532898315957e+01
1.463407989066281623e+01
1.494713385161144892e+01
1.540344119566688796e+01
1.598071500739160378e+01
1.673354742787390492e+01
1.700178502786395995e+01
1.608881275093715502e+01
1.598282523063071814e+01
1.646212767081432204e+01
1.573957791449013577e+01
1.558855613297809306e+01
1.557695823323351370e+01
1.462655316315227161e+01
1.575816234734313603e+01
1.557278116026890480e+01
1.408717727331905500e+01
1.273735562266550936e+01
1.056334387758958826e+01
1.133154514147089564e+01
1.138586518717918494e+01
1.127366514766239192e+01
1.163924412695046406e+01
9.857187954589944567e+00
8.951471161160668544e+00
1.122083238013273210e+01
1.267650671696195452e+01
1.391165226558006118e+01
1.339476938593671740e+01
1.320010716560546804e+01
1.481896778936522274e+01
1.533049589915638578e+01
1.551809755596954865e+01
1.525512879743487993e+01
1.292862758709390469e+01
1.284131874387008843e+01
1.413217198002179131e+01
1.428859530435217806e+01
1.552942360073046224e+01
1.663228991093415488e+01
1.643542737696575884e+01
1.566646460438536970e+01
1.618163545786230273e+01
1.632730105814743737e+01
1.567479430128996398e+01
1.647885459027098776e+01
1.625823088904916958e+01
1.538004887325906722e+01
1.538457717199429453e+01
1.566357041760098845e+01
1.587577933393969154e+01
1.609739307766250249e+01
1.564049431631111986e+01
1.379200607768599696e+01
1.445910305591592682e+01
1.628415135774689659e+01
1.614810583887516415e+01
1.554916078217556397e+01
1.668297078069420891e+01
1.730758710216641205e+01
1.688473589743816561e+01
1.764756051006688864e+01
1.748782635789499196e+01
1.677305567009004861e+01
1.663775300448759964e+01
1.692989503168199761e+01
1.741779550468138282e+01
1.781895433960020725e+01
1.809449046425998731e+01
1.809545913313852594e+01
1.801688534104374995e+01
1.781782514845595955e+01
1.738014069966947872e+01
1.728269752177523699e+01
1.705386328578854105e+01
1.689296395593352784e+01
1.780128841422881081e+01
1.782111849760395117e+01
1.759522250140592803e+01
1.777665207058964825e+01
1.729181602918738747e+01
1.679028672062726102e+01
1.611170253235598082e+01
1.470917238755679968e+01
1.446635986655436490e+01
1.638363731078373675e+01
1.774749554944116525e+01
1.763840417966573426e+01
1.633169490907731003e+01
1.562329539681480561e+01
1.597767167734076743e+01
1.600568928634101340e+01
1.564616714571957701e+01
1.559588382522188077e+01
1.504880979588715206e+01
1.624787775838062132e+01
1.764419164436738541e+01
1.638439244225468983e+01
1.633726944555335336e+01
1.714669814312415852e+01
1.691909861529694936e+01
1.588451931429659680e+01
1.518200447764267302e+01
1.667637803209277436e+01
1.685415521648884507e+01
1.579018552128702524e+01
1.605225625232582587e+01
1.524348070055366655e+01
1.486715486650165019e+01
1.509152873348747370e+01
1.459586858750280491e+01
1.564482936215778786e+01
1.706590259023847622e+01
1.757539834062632167e+01
1.685701835527876113e+01
1.542072579515532205e+01
1.619716302007408260e+01
1.613635363022857661e+01
1.445218401601254499e+01
1.501336158265172216e+01
1.630487087855347639e+01
1.581588173740895265e+01
1.545157668443848564e+01
1.557923614878642660e+01
1.469529084137399799e+01
1.435426646005451978e+01
1.560862678523084845e+01
1.589999086609947909e+01
1.440095431248172630e+01
1.284784692873181733e+01
1.417520132022348278e+01
1.491684519725092706e+01
1.303451066247145640e+01
1.180116167467227228e+01
1.284439573069247409e+01
1.442534148930243454e+01
1.664388210103813392e+01
1.736612675214653478e+01
1.776582656199567012e+01
1.808265207770223526e+01
1.792668860219437121e+01
1.703604620077279108e+01
1.672532688651093125e+01
1.749027234516178808e+01
1.731380242346510911e+01
1.658067164745233413e+01
1.518756446317246578e+01
1.317654153085600832e+01
1.338372486083418877e+01
1.389376493822410374e+01
1.444490519324610389e+01
1.305025926149350823e+01
1.145923985000926137e+01
1.053707406550653047e+01
9.323765407323012511e+00
1.034554136772810473e+01
1.328205526942674020e+01
1.563575656466955088e+01
1.444714948863864556e+01
1.277766968763807931e+01
1.400052632653702567e+01
1.447452011386963378e+01
1.374128007948087848e+01
1.203588410951283727e+01
1.281562394384846293e+01
1.425445065312356085e+01
1.538463240667742760e+01
1.642391240810461994e+01
1.728849311331274308e+01
1.771757513310574339e+01
1.743789719749593203e+01
1.628384259018200808e+01
1.578675119563899010e+01
1.521601781305671786e+01
1.391467099208545477e+01
1.533188444102040826e+01
1.668953724160363450e+01
1.742161467111877116e+01
1.788911059954119054e+01
1.723906638303681405e+01
1.740714959708349951e+01
1.820681618697845039e+01
1.826690043579332112e+01
1.799818762938855699e+01
1.704207700177826013e+01
1.754499824813319364e+01
1.767099036262583311e+01
1.710024098952703042e+01
1.557454497159102580e+01
1.578640926286159818e+01
1.668609041061670339e+01
1.643371352930454776e+01
1.470078795415745354e+01
1.442585031977100130e+01
1.497456776335776318e+01
1.536846902426497685e+01
1.556701491075663846e+01
1.633521556386147822e+01
1.705188521603935570e+01
1.607006363344439848e+01
1.470329420483484206e+01
1.573539207532064310e+01
1.628324392566551992e+01
1.560594245059792406e+01
1.604707991904636444e+01
1.566945306425914630e+01
1.606249287254354030e+01
1.681132357579514647e+01
1.629544780733309040e+01
1.510028515643065639e+01
1.552805226148405104e+01
1.513735471777249764e+01
1.560664147425957005e+01
1.728883934308720072e+01
1.691154667810143764e+01
1.503340294278193490e+01
1.576380133603393219e+01
1.672001003062393920e+01
1.619589967587290502e+01
1.592528964332439578e+01
1.537580501904284525e+01
1.470628724637297857e+01
1.631505744996021789e+01
1.672435200779463926e+01
1.430956630161777987e+01
1.396687604399328642e+01
1.553523391871968506e+01
1.668265310141021729e+01
1.760711986058671741e+01
1.771728720516971478e+01
1.684039789789516206e+01
1.715975339364394259e+01
1.706058183130564743e+01
1.638468378956151028e+01
1.517334950643780012e+01
1.407676573299573519e+01
1.405573050443189764e+01
1.382135170674331981e+01
1.441666351388551703e+01
1.454946916619816299e+01
1.361815441009587424e+01
1.295576317141372691e+01
1.400096006178474184e+01
1.625009436504256399e+01
1.563591085112318169e+01
1.362955053525287319e+01
1.194726132980223809e+01
9.885273071188453997e+00
1.169150647158927470e+01
1.313118182776778475e+01
1.308910243491718894e+01
1.453792882337044468e+01
1.427509317155895729e+01
1.364723039442439934e+01
1.321564462951867469e+01
1.185268163763324800e+01
1.102545335956235739e+01
1.045941949588125475e+01
9.631712597215415173e+00
1.009628071526532800e+01
1.122648070461730363e+01
1.202437775900445338e+01
1.393484131486236066e+01
1.513527056192442721e+01
1.568727548319681553e+01
1.529445236694825283e+01
1.366117000714648633e+01
1.065592287585017139e+01
7.477886881245429329e+00
8.244866984603511639e+00
9.169494004293232692e+00
8.313142176700184294e+00
6.588638266145317779e+00
7.087424560679951746e+00
7.517309771111946759e+00
8.019171161938329462e+00
8.789600699173147902e+00
8.607801971447088363e+00
1.039722992276951352e+01
1.257663587941323691e+01
1.338469449842593129e+01
1.313484374327391357e+01
1.202592738600923816e+01
1.152534076044896771e+01
1.080324916123175782e+01
1.110887691952617295e+01
1.338776428567939902e+01
1.461154988859821025e+01
1.589590371631352461e+01
1.659373671440858189e+01
1.610428066351038723e+01
1.480662335223354553e+01
1.387601030081754061e+01
1.432887002944212007e+01
1.558903572174155627e+01
1.515843086228989556e+01
1.304480470044818397e+01
1.098980685935494606e+01
1.014802993118076380e+01
1.097099170727979001e+01
1.038089600046683536e+01
8.780818862541588388e+00
9.744262403202164080e+00
1.109809112109400431e+01
1.072086667014795935e+01
9.551372866091563552e+00
9.293830698277135482e+00
9.176457681537193878e+00
8.189912519829437798e+00
8.779947706243090622e+00
9.621200911939386202e+00
9.818310759009706956e+00
1.103829971245669128e+01
9.360545122619546632e+00
6.442921439444298848e+00
5.419162898134850082e+00
5.967990716811133467e+00
7.638179295334833085e+00
7.874315246319991246e+00
6.797097312147744042e+00
6.367668639308315726e+00
8.527422014876536949e+00
1.075320635384399814e+01
8.038273041139722963e+00
4.566587441304757355e+00
4.102843950443290311e+00
5.891354265344873831e+00
7.957420402057858944e+00
9.213813878239568211e+00
8.756056385272591669e+00
7.668241893876945880e+00
9.840468221072475430e+00
1.167688561429536342e+01
1.136672230427844887e+01
1.197211714944413607e+01
1.240472167964317585e+01
1.064849412862878175e+01
7.082077278700757539e+00
8.145353135513961007e+00
8.041106369527584619e+00
7.799568092053111634e+00
8.738458719459348600e+00
6.260199400041899231e+00
6.424704591944752963e+00
9.519486055710471462e+00
1.077969510053003077e+01
9.868176148242234547e+00
8.758482232629274833e+00
6.613113619618121497e+00
5.194483333950288717e+00
4.324183703173818394e+00
1.654744618727490124e+00
1.479855065985897111e+00
2.252627422561474191e+00
2.048863692234646372e+00
4.540793557465568675e+00
8.971676588871043023e+00
1.133699676793307454e+01
1.261920391006896836e+01
1.255456922108313300e+01
1.222486592404383465e+01
1.265620858956988393e+01
1.367048905417808058e+01
1.387035326740040198e+01
1.298501653135670786e+01
1.033703717508746678e+01
6.470665775920301233e-01
6.470665775920301233e-01
6.470665775920301233e-01
6.470665775920292351e-01
6.470665775920292351e-01
