-1.423820581899833293e+01
-1.484658129938326532e+01
-1.512412587479430393e+01
-1.526300217946608484e+01
-1.468231849286669011e+01
-1.355297886950171105e+01
-1.274207756679392034e+01
-1.229906207616498648e+01
-1.202860790467817864e+01
-1.199064613189971773e+01
-1.292230124676894931e+01
-1.279115018296086070e+01
-1.235019436006929539e+01
-1.258484082077371369e+01
-1.319571506349570811e+01
-1.237461861466389657e+01
-9.549494008309125093e+00
-9.141830215042622498e+00
-9.863979648881276319e+00
-9.836391184869631488e+00
-9.113710828217016058e+00
-8.278995540188786251e+00
-9.218811520982070462e+00
-1.049920667630650506e+01
-9.182817066728789612e+00
-8.354316133915887121e+00
-9.975556942707271446e+00
-1.070718684470444160e+01
-1.045794196764386363e+01
-9.485705537008714217e+00
-7.796361234871871382e+00
-9.185534401064003873e+00
-1.032883467643124398e+01
-8.529061584887697833e+00
-7.390008193874534115e+00
-8.016945597201702967e+00
-9.516032091543399574e+00
-1.024941479317180004e+01
-9.467989657302886997e+00
-8.388739669818653155e+00
-6.996019878682983695e+00
-7.717517570254616821e+00
-8.558249802836549236e+00
-7.702076118894922274e+00
-8.106969568753282118e+00
-8.874239075482423189e+00
-7.256942208984835219e+00
-5.650721501176933614e+00
-7.827832677493891111e+00
-1.000139509966034268e+01
-1.093295430609440899e+01
-9.975110286709750085e+00
-8.674650220397756684e+00
-8.940260173575490299e+00
-9.805719985630508617e+00
-9.199959839404655781e+00
-8.208076855930050542e+00
-8.174187803558051968e+00
-8.276269625309208067e+00
-7.691692725546377396e+00
-7.940024215522811346e+00
-9.380132934106386600e+00
-1.028849925963872103e+01
-1.060522137562895395e+01
-9.982777346136035845e+00
-8.074550696912698555e+00
-7.984686087238057617e+00
-9.574565027092170055e+00
-9.316298891970296481e+00
-9.250364610443767788e+00
-1.009544144605257543e+01
-9.516336856916643328e+00
-8.369460799631996295e+00
-9.319517654089567671e+00
-9.017729439295084859e+00
-6.161609533958543494e+00
-8.599249493571413439e+00
-1.064735483478231792e+01
-8.766146855550688954e+00
-7.355416606099240973e+00
-7.365225567559162911e+00
-6.740586400875328010e+00
-6.821126274876895046e+00
-8.047108036523148655e+00
-9.618976479489553810e+00
-1.042927162430412302e+01
-7.721521791376627419e+00
-4.877445830469504529e+00
-5.854760539126059093e+00
-6.911974446951036910e+00
-6.054809421170381789e+00
-4.362456872799708840e+00
-6.048413493497728943e+00
-8.293808653095004146e+00
-7.841693258445888937e+00
-7.083735076352516202e+00
-4.693811985877684556e+00
-4.900233081569275839e+00
-8.144140045315076293e+00
-1.033468975239349064e+01
-1.134899306347206149e+01
-1.193982334177416682e+01
-1.052567746698413309e+01
-9.046632004624225232e+00
-8.724042577959917111e+00
-8.069465076350708088e+00
-8.866216099142970819e+00
-9.273584359669136745e+00
-8.845873531869546724e+00
-8.805225410896673210e+00
-9.704719811272443764e+00
-9.042511147164251639e+00
-5.794925669553633973e+00
-7.392903987636315399e+00
-8.407397409796825372e+00
-6.926606285414876218e+00
-7.669547987333841910e+00
-9.399539325489840280e+00
-1.087522986156142402e+01
-1.125854829219155029e+01
-1.010461321219077924e+01
-1.151065458080676862e+01
-1.254528080414853619e+01
-1.142970976411235640e+01
-9.944624770399057567e+00
-9.397364037120865987e+00
-1.100440098175874581e+01
-1.057541227036809950e+01
-1.057780635105789990e+01
-1.120389191616652269e+01
-9.468376063713355606e+00
-1.011414744200853377e+01
-1.079967281805578239e+01
-9.605944501700495408e+00
-8.209558619520281653e+00
-7.854839373950172288e+00
-9.204907567748966457e+00
-9.664985409472903299e+00
-8.888603512610947277e+00
-8.285390806306736522e+00
-1.056490181016154040e+01
-1.137729332089712209e+01
-8.863594515708481225e+00
-6.526608966227265718e+00
-6.965305100435240426e+00
-6.403081692328684404e+00
-5.863493198107987858e+00
-7.171965491578011331e+00
-6.341955656470789293e+00
-4.650588796120841195e+00
-7.518929103712186368e+00
-1.006014634445645939e+01
-6.797078570575369127e+00
-2.605210898220940319e+00
-1.645169764042304417e+00
9.701559485901871671e-01
-6.398939079643839456e-01
-2.536018049619372050e+00
-2.391233008006577343e+00
-4.476355370913390530e+00
-5.807993872783758782e+00
-3.041172382783201567e+00
-1.007013437918146126e+00
-1.146178066574196519e+00
-2.502581807474067777e+00
-6.352711470128013183e+00
-9.772723269958797587e+00
-8.422759776035391610e+00
-6.338089732545857835e+00
-6.696724612435568602e+00
-6.038910402007651612e+00
-3.529350876570112483e+00
-4.198020159879773949e+00
-6.318278524377178407e+00
-7.743951563991680942e+00
-5.992869702108778007e+00
-4.010009584523452908e+00
-8.275512096707899445e+00
-1.098410613260888802e+01
-9.681195408664516222e+00
-7.728804582529386735e+00
-6.410972876980622459e+00
-3.416404567816449411e+00
-2.976052316150453514e+00
-5.596738405537255545e+00
-5.598258337730896095e+00
-3.157359053392331916e+00
-5.055770883149579120e+00
-7.044900331491123602e+00
-6.409949090639565306e+00
-6.167545825730593734e+00
-4.756053227271071826e+00
-6.764686578617440382e+00
-8.692031681160454326e+00
-7.199836727892059862e+00
-3.673858168013395264e+00
-3.473297945635192896e+00
-5.962529810993268065e+00
-6.440701717523055869e+00
-5.294154141703912408e+00
-3.349800488766171203e+00
-4.746686002325412268e+00
-4.711362347550243079e+00
9.922475293262482676e-01
5.228607451486745994e+00
3.628266738810105529e+00
2.089358265622917266e+00
4.466556659582433753e+00
4.642539185170694083e+00
1.238650047666575382e+00
-2.154167192716331503e+00
-2.694355033673456301e+00
-3.992146545086870946e-01
-1.644038283905197295e-01
-3.354159176973384060e+00
-6.316784353418567477e+00
-6.288792857362993871e+00
-8.707252996704037962e-01
6.653436140903296048e-01
-5.145748909120274883e-02
-1.315040057705348042e+00
-4.117422431036937169e+00
-7.006903669353790498e+00
-4.544154789436521291e+00
2.353388071209336019e+00
2.483869495181414422e+00
2.581712851714756507e+00
7.206729611652734846e+00
9.050519824143103520e+00
7.876361524766969602e+00
5.630649182131460151e+00
4.900855257777104512e+00
5.517470498510036236e+00
6.441765382678869001e-01
-3.710062540338537662e+00
-2.022086334924948048e+00
-2.941673691104008004e+00
-6.070921591797445949e+00
-4.245215091140513763e+00
-2.895489051446233919e+00
-7.113451860840881658e+00
-6.604309499664321237e+00
-4.488133820586663880e+00
-6.734072269225139351e+00
-9.662649542057760499e+00
-1.121675912693461008e+01
-8.496158841035146736e+00
-9.759112146513384545e+00
-1.233821181355500585e+01
-9.337501489961969270e+00
-6.383265770383455440e+00
-7.872668665558288481e+00
-6.911388960412102378e+00
-2.549987205410558566e+00
1.467178057920949685e+00
6.440990850173904825e+00
8.863948528083360756e+00
4.673796542175919555e+00
1.714273928712217732e+00
1.168673701506707019e+00
1.574136934848089919e-01
5.051371650362401766e-01
3.922993762357370962e+00
6.237920703548621049e+00
9.741659233011107366e-01
-3.193236866963532705e+00
-2.070593120973426959e+00
-2.245362659069573219e+00
-6.058803787692418119e+00
-6.128401304864236288e+00
-5.471247940308896496e+00
-4.786374691155920402e+00
-2.044652396146319884e+00
-8.324502401571097776e-01
-1.399619706623302706e+00
-2.619586218056949023e-01
3.072955092158755619e+00
2.161908400167093625e+00
1.881789303716032480e+00
4.781422894247225663e+00
5.300611884184324829e+00
8.340587920570846636e-01
-1.169076074797095188e+00
-6.890023162460520156e-01
-4.018786606057488164e+00
-6.537588466944102450e+00
-5.376651302447475800e+00
-6.684708483089329079e+00
-9.885009793558758417e+00
-7.016288629530082588e+00
-4.317637422740566500e+00
-5.925843933122763474e+00
-2.269476001605347903e+00
-3.225508017521074855e+00
-4.324141939901088527e+00
-4.080679514883672532e+00
-8.512852821386326596e+00
-9.195240366513708352e+00
-8.603783408238930619e+00
-1.082098752885427828e+01
-1.232693155531362805e+01
-9.349069026261743076e+00
-7.246558996967166877e+00
-1.050993873576414828e+01
-1.063780233151623023e+01
-8.376947492479480673e+00
-1.100628211607282481e+01
-1.143225145160729284e+01
-1.233463769304020019e+01
-1.435719247233393681e+01
-1.484057153399478501e+01
-1.320663285084040695e+01
-1.177925354428932714e+01
-1.253704513810250276e+01
-1.064371526217221664e+01
-1.051385467154361031e+01
-1.287564637149740499e+01
-1.371550295694526156e+01
-1.286688962514432077e+01
-1.031008623087591580e+01
-7.459963226209652909e+00
-8.062255770527814391e+00
-1.059213380834044749e+01
-1.119859798542245954e+01
-7.368194096120658898e+00
-4.028231855814084383e+00
-5.502040576808314043e+00
-5.620258975828874348e+00
-5.354763429430109412e+00
-6.690364881906425865e+00
-5.037984074425123637e+00
-6.186275382799826694e+00
-8.919552334709463182e+00
-7.842917601138273298e+00
-4.275097078387123162e+00
-1.714193848810056542e+00
-9.504211435899548865e-01
3.503605317984755940e-01
-6.018805527631060359e-01
-4.882587948981335635e-01
1.562068286931835193e+00
1.196152463737567562e+00
-2.365840382601402059e+00
-2.396923408945482947e+00
-2.422664562205297661e-03
2.191049494482610438e+00
5.074490666378349779e+00
6.481443443978759156e+00
4.968142531676869034e+00
5.544618016398085381e+00
7.800820650915837540e+00
6.468815973464869806e+00
2.996425922230795180e+00
1.342464556808897980e+00
2.381437300164122917e+00
7.503595443763291239e-01
-1.188187563481639009e+00
1.153131654025260966e+00
2.822493036206988326e-01
-3.630400725467854972e+00
-3.112978542532176096e+00
-2.805300543172694616e-01
-4.658168431195977566e-01
-3.258335445327821489e+00
-5.023447771884407054e+00
-7.738337812876248556e+00
-1.057044450502309196e+01
-8.949701749632151149e+00
-7.855827018401789097e+00
-8.961857234978873876e+00
-7.465501685390287356e+00
-3.519254036174157552e+00
-6.573392352604054523e+00
-1.044831776418667069e+01
-1.216598282369853656e+01
-1.365401884166353952e+01
-1.086905847805796554e+01
-9.507359785742778513e+00
-1.052418482942512945e+01
-9.376823842993754710e+00
-7.199101617315198709e+00
-6.195661585979474140e+00
-6.941334543514692257e+00
-9.542641286568217751e+00
-1.131240285354304298e+01
-1.239261143821107503e+01
-1.315882504587362156e+01
-1.373027825936190993e+01
-1.323188687648768358e+01
-1.412082431027703322e+01
-1.449811007397144458e+01
-1.385434921928064966e+01
-1.306563873506346063e+01
-1.121098277891631589e+01
-1.007198335990103466e+01
-8.866950730073828169e+00
-9.427818908323844838e+00
-1.128838909726576389e+01
-1.283405485601759288e+01
-1.070214346255977667e+01
-8.768179591914430304e+00
-7.805063615112204367e+00
-6.418408106909755162e+00
-8.833197459165639032e+00
-1.132662934387180442e+01
-1.317747614320551541e+01
-1.489065132579037609e+01
-1.521998655478813589e+01
-1.420841359209895316e+01
-1.260095118698644434e+01
-1.252946866520671421e+01
-1.234798589662609380e+01
-1.299711871596751145e+01
-1.289149921657818965e+01
-9.818862774495547896e+00
-8.115352018113545896e+00
-9.036109151198331801e+00
-7.586661382993581171e+00
-7.967766551111326478e+00
-1.005729123142121395e+01
-1.030252309359720897e+01
-9.670607841297787388e+00
-9.198273921118031993e+00
-9.763689643465216506e+00
-9.247984060828958519e+00
-7.422709544613533161e+00
-6.157956953232199382e+00
-8.325615112837430942e+00
-1.123611387386417526e+01
-1.137520147924412051e+01
-1.162362707118796301e+01
-1.146528675026914179e+01
-9.945917301277606981e+00
-1.057128407430769812e+01
-1.207797543063082557e+01
-1.322807146394564803e+01
-1.455803276985280448e+01
-1.348189833752207356e+01
-1.271848729265803968e+01
-1.339862482304976510e+01
-1.271760523448316249e+01
-1.189898315610668078e+01
-1.122651417856107869e+01
-1.076978513205949639e+01
-1.179122501665305656e+01
-1.191936169716969118e+01
-1.069491572925855039e+01
-7.682049280513575162e+00
-9.300085725770070866e+00
-1.124657905676748015e+01
-1.060652178137729784e+01
-1.152601552214580316e+01
-1.002214080982358624e+01
-8.354592847789636068e+00
-1.014744002564007985e+01
-1.161966862442468873e+01
-1.258757653649932351e+01
-1.356483311532030100e+01
-1.346278151504316334e+01
-1.260293374992161297e+01
-1.496555780657988421e+01
-1.572811793035466188e+01
-1.572024466554006317e+01
-1.542354672601726406e+01
-1.580468681218644100e+01
-1.533201815717728245e+01
-1.385564156913429024e+01
-1.416858364046810337e+01
-1.440765688812228262e+01
-1.387271339864136266e+01
-1.431860850896463333e+01
-1.399406656131702142e+01
-1.400646548573523376e+01
-1.412347984362099496e+01
-1.178313945542417507e+01
-1.091164699653107029e+01
-1.056013837275280842e+01
-9.708488853179966682e+00
-1.181527733427957294e+01
-1.231212418965253264e+01
-9.619118059149148081e+00
-9.909865887089891245e+00
-1.130915462288863260e+01
-1.137108356869516612e+01
-1.064919003332938274e+01
-9.740487585138021487e+00
-9.209586850742235598e+00
-7.577774654917457831e+00
-8.572653353211391547e+00
-1.006802246319858263e+01
-7.155931740271745944e+00
-8.506860921082875393e+00
-8.825420479363303983e+00
-6.442624357501683718e+00
-9.283559519081794775e+00
-1.073213130546026228e+01
-9.588944797954269461e+00
-9.114833393429195851e+00
-8.173376857729456546e+00
-8.131773875292925169e+00
-7.564427353368464502e+00
-5.064170164637229909e+00
-7.008892796902111755e+00
-1.159646121794673235e+01
-1.355729004830987883e+01
-1.345605390399375345e+01
-1.276947855164347168e+01
-1.282230255819047215e+01
-1.217975732001067257e+01
-1.045848329815249578e+01
-1.122125986591126967e+01
-1.339591382230345395e+01
-1.445496285229595301e+01
-1.375473354536801907e+01
-1.061762242376097909e+01
-8.895604664678449680e+00
-9.962823421451201256e+00
-1.052707868833499205e+01
-7.220053187495929947e+00
-7.189796791043526980e+00
-7.511289233422529854e+00
-5.776566558964445264e+00
-4.010233309296348025e+00
-1.319997019225612966e+00
-1.376006386524151859e+00
-2.349763291695884160e+00
-2.755900455796304049e-01
1.214793806851702129e+00
2.959650414463093071e-01
6.688667134696252292e-01
3.924994876058813253e-01
-2.570657967486128292e+00
-8.365613594106884321e-01
3.247405627890329605e-01
-4.199276601401558118e+00
-7.331881051924455939e+00
-1.046864254730261656e+01
-1.144050745077251818e+01
-1.026358195756744962e+01
-9.573363582472627087e+00
-1.013345938908793364e+01
-1.117486602199855028e+01
-1.225716127845683801e+01
-1.185100343091541220e+01
-1.126186691664874395e+01
-9.703237376426145033e+00
-7.981157820477077003e+00
-7.020198451988592936e+00
-6.539375069413136288e+00
-6.359698051733123414e+00
-4.312808927685939153e+00
-6.223311243948542959e+00
-7.859764453972697851e+00
-7.541910388766392082e+00
-1.069565259685034420e+01
-1.215698389885491792e+01
-1.158565834250522819e+01
-1.085657951541740474e+01
-1.115604707024730402e+01
-1.016040829637525356e+01
-9.031109827524964828e+00
-1.123431917826454729e+01
-1.152808813229734852e+01
-1.028376327773179177e+01
-1.050389051786786965e+01
-1.017753154845688890e+01
-1.009254698487946200e+01
-1.207161418098691996e+01
-1.351325317371846957e+01
-1.386391065983809767e+01
-1.446888230821389598e+01
-1.434701931178386225e+01
-1.357527770296838021e+01
-1.295890347708748891e+01
-1.450887347859749710e+01
-1.459560870224835583e+01
-1.365762312919812516e+01
-1.316231389329396784e+01
-1.409774431940308403e+01
-1.519587473336016004e+01
-1.542953437876048994e+01
-1.532036855771509742e+01
-1.471093846253702431e+01
-1.422571544303559321e+01
-1.483567969097049399e+01
-1.490683146669925740e+01
-1.369666378150629171e+01
-1.285559313556535344e+01
-1.412848742820910886e+01
-1.472055707369318256e+01
-1.461698855324737067e+01
-1.441291367891816932e+01
-1.367594301769766929e+01
-1.299215168945430321e+01
-1.268454558093167961e+01
-1.010195623654612618e+01
-6.636321441848641811e+00
-5.858295711349123636e+00
-6.099197831794453961e+00
-8.119752721924269778e+00
-9.469965867096028944e+00
-1.062256592354705376e+01
-9.899523265754247348e+00
-9.926280697162873423e+00
-1.293288895232375424e+01
-1.377682819796513414e+01
-1.396186777365686993e+01
-1.432031133600518302e+01
-1.375925206299345582e+01
-1.320022489135657473e+01
-1.276266211746338364e+01
-1.388612447215378687e+01
-1.511361272885165441e+01
-1.490712327483634780e+01
-1.437459224444150685e+01
-1.380522111913446714e+01
-1.264436046959720805e+01
-1.096296506055984388e+01
-9.769693366871756268e+00
-9.426628823837342352e+00
-9.710430326561031222e+00
-1.001026060988318100e+01
-1.088883496563399333e+01
-1.224845606741076942e+01
-1.210907660047667100e+01
-1.174218509772231123e+01
-1.133484700102099119e+01
-1.095799261863833607e+01
-1.072227663510592244e+01
-9.705211423797164727e+00
-8.367604224885134556e+00
-9.257085378680228516e+00
-9.577921416173861502e+00
-8.320940186934581817e+00
-8.853402390193460647e+00
-9.514492281109099281e+00
-9.367851254728458699e+00
-7.592418590205544326e+00
-7.147819251980227051e+00
-7.089973130203092389e+00
-8.524132523335378409e+00
-1.008113310332031176e+01
-9.175922620600617918e+00
-9.197436849854895513e+00
-1.005371876842220580e+01
-1.045448858548719784e+01
-1.086695613618292811e+01
-1.021064110543774639e+01
-9.044916398551691827e+00
-1.020695082470513704e+01
-1.150209117668367753e+01
-1.027912941889192844e+01
-1.012822251307772525e+01
-1.136253701708963781e+01
-1.273407791018536628e+01
-1.290616176572900109e+01
-1.303703653343149504e+01
-1.382896628112190918e+01
-1.436906520500874862e+01
-1.438802640629882745e+01
-1.519628543171302404e+01
-1.478412159287378458e+01
-1.358130402181982177e+01
-1.390318319959657956e+01
-1.472829641523383337e+01
-1.428628909834255900e+01
-1.326172296424930686e+01
-1.332405186254039009e+01
-1.344070170417617049e+01
-1.467961465940088850e+01
-1.464645423408404312e+01
-1.311315190079523418e+01
-1.362002541467539984e+01
-1.427065869154165689e+01
-1.297435319608035442e+01
-1.095778306954143844e+01
-9.881942999280369122e+00
-1.170705309497247626e+01
-1.278087605096947321e+01
-1.304918499836407797e+01
-1.409065976160762901e+01
-1.247237030433598548e+01
-1.024760599532955574e+01
-1.199405206179501349e+01
-1.387999632621224855e+01
-1.480653590415643883e+01
-1.419776638924340695e+01
-1.203366396767546576e+01
-1.207209121658298479e+01
-1.358298125894735975e+01
-1.479412863042458071e+01
-1.466340371790879438e+01
-1.308812543222829561e+01
-1.326162339564573323e+01
-1.186726456278952391e+01
-1.041335917127820032e+01
-1.166678639138674889e+01
-1.113322234203978844e+01
-9.567922510983024154e+00
-8.405863952369854175e+00
-9.168632747773028058e+00
-9.886106361021829159e+00
-1.064505586987220020e+01
-1.202633858279140000e+01
-1.127798299277000105e+01
-1.001323396877420890e+01
-1.142121437849128363e+01
-1.114960015357220335e+01
-9.883592888272545451e+00
-1.056860434456983455e+01
-1.224173498843718022e+01
-1.309327549384217093e+01
-1.168087112285235740e+01
-1.115077034060062822e+01
-1.320794492529786979e+01
-1.218337619810117722e+01
-1.184404933633631885e+01
-1.296413421410727729e+01
-1.434091847917088103e+01
-1.501275277095049177e+01
-1.456314031819065669e+01
-1.382779333659371268e+01
-1.441327266290886477e+01
-1.464359259350550779e+01
-1.485253547865380952e+01
-1.497690457063814762e+01
-1.525619639131297056e+01
-1.476532718987000337e+01
-1.476020875550174694e+01
-1.492444296422796235e+01
-1.540899957853230262e+01
-1.553327550799360246e+01
-1.486035057747669264e+01
-1.528787076759087427e+01
-1.504123569861878629e+01
-1.384895173228335175e+01
-1.391145047296862103e+01
-1.456400198539434143e+01
-1.514856409306050722e+01
-1.536471621112683117e+01
-1.479493804568756765e+01
-1.351155053868238376e+01
-1.261998815362848347e+01
-1.170032688130128129e+01
-1.281779553827812990e+01
-1.342965896357084254e+01
-1.342145055466118819e+01
-1.385926016070500033e+01
-1.318909127423806638e+01
-1.223415325390116948e+01
-1.160114616198988990e+01
-1.196808890565105976e+01
-1.436228299404432818e+01
-1.487905978334858936e+01
-1.349145778744759205e+01
-1.264375566272186724e+01
-1.390199626102327102e+01
-1.444767182123628046e+01
-1.344784762739253914e+01
-1.345562832828245980e+01
-1.250039445244993530e+01
-9.452996532811283714e+00
-9.007970286332843912e+00
-1.230666067846169653e+01
-1.477886833768266150e+01
-1.502858815337570597e+01
-1.557592171463655362e+01
-1.574555839361284981e+01
-1.525694094911329479e+01
-1.470812389701741374e+01
-1.367532654234067024e+01
-1.352086425155923344e+01
-1.408988513217044591e+01
-1.407657300833242076e+01
-1.379350430814609041e+01
-1.297360309624086128e+01
-1.074268784927523512e+01
-1.068930175396529059e+01
-1.107178068944234184e+01
-1.088471639208546726e+01
-1.052374170038745227e+01
-1.052217110082444762e+01
-1.076966608644927703e+01
-9.694296461834211343e+00
-1.052522733017557499e+01
-1.023494728319939462e+01
-1.035693553110402299e+01
-9.920879434479521919e+00
-8.798286320243636993e+00
-8.936507850679049625e+00
-9.265967992919764029e+00
-9.100917612689766401e+00
-6.966494479221769787e+00
-9.552874972728242042e+00
-1.346254285619160918e+01
-1.303808111219965760e+01
-1.199249987748224200e+01
-1.348501883849047722e+01
-1.508139960509157085e+01
-1.471930351904202006e+01
-1.399984049411499321e+01
-1.365095182736109791e+01
-1.402340774122460587e+01
-1.439843961697695462e+01
-1.371403010789914134e+01
-1.250846517228859511e+01
-1.155203647222479013e+01
-1.045814998683547614e+01
-8.632390937445743262e+00
-7.756968061490214339e+00
-7.023307766576707856e+00
-8.989460429638967298e+00
-9.483880139292001132e+00
-8.045318839299564928e+00
-1.028557372401358627e+01
-1.180648168932362196e+01
-1.252292058624055393e+01
-1.323856373318225543e+01
-1.245397823879360999e+01
-1.027029842935889192e+01
-9.119900968353954696e+00
-1.223442082515390972e+01
-1.267948081380811587e+01
-1.159517330208261754e+01
-9.980158775560243001e+00
-6.555172312358429565e+00
-5.402995454504795347e+00
-7.089836106662564141e+00
-9.118078427108978090e+00
-8.388232738092717966e+00
-8.309423797683351154e+00
-8.472520150506253955e+00
-9.247456495921127839e+00
-1.075572628782470552e+01
-1.083654186396859842e+01
-8.642677102537366096e+00
-6.908488869762381412e+00
-5.959775440549053727e+00
-8.672534472069644451e+00
-1.094085433608111657e+01
-9.784363811124492827e+00
-1.051590559286925597e+01
-1.215766941554877256e+01
-1.217531524595243653e+01
-1.147205080367880647e+01
-1.154584787449435268e+01
-1.036976847009543157e+01
-8.022335208415130481e+00
-1.002127370766577030e+01
-1.156429503281005999e+01
-1.003548458533387411e+01
-8.982941089707113136e+00
-9.553573650592278810e+00
-1.080306831089470521e+01
-1.144488148490014368e+01
-1.039010936911276595e+01
-1.066952429400656932e+01
-1.134561336077080007e+01
-1.202778915290660322e+01
-1.356941777412581907e+01
-1.248892717313825074e+01
-1.089298972190033510e+01
-1.192619574729687493e+01
-1.151925839132781171e+01
-1.113825026632734883e+01
-1.050573733149015787e+01
-1.145950455115011657e+01
-1.309026600275197261e+01
-1.240761257163152820e+01
-1.156398754189195799e+01
-1.116664523735422421e+01
-1.148906850092870968e+01
-1.334305839156787776e+01
-1.377632931474433775e+01
-1.329560647667687334e+01
-1.175104830377730458e+01
-1.056956546521039542e+01
-1.185838884063012166e+01
-1.332025784025000270e+01
-1.241222920148405784e+01
-1.297862772560692690e+01
-1.309424456865836817e+01
-1.109659591208260210e+01
-1.063929295424523502e+01
-9.420036842900193719e+00
-1.040668905167529878e+01
-9.821339072639618806e+00
-5.711639429086861064e+00
-6.110827156943326344e+00
-8.995069562897096915e+00
-1.000616055792254855e+01
-9.160585266155406359e+00
-5.993729164911794527e+00
-3.878495416730407985e+00
-8.402308374705766525e+00
-1.182106063854143407e+01
-1.156245640252861584e+01
-1.186959882296742386e+01
-1.115057357832490581e+01
-9.480034103337006357e+00
-6.043888630167066012e+00
-3.782944873189096668e+00
-6.186281168045215217e+00
-9.389305313421358434e+00
-1.013243973387488595e+01
-9.054094240581033404e+00
-7.095217919022389630e+00
-7.144174417519797871e+00
-7.178574839070995139e+00
-8.354113622137578687e+00
-1.009180133090377218e+01
-1.052640100307045401e+01
-8.785740644600435800e+00
-5.247930767640252014e+00
-3.567592804459293276e+00
-3.131347080133549898e+00
-4.032165209353711255e+00
-4.795481283571147557e+00
-2.490803421849379973e+00
-4.014669362559032173e+00
-7.603027718324836925e+00
-5.450818511540583167e+00
-2.050728801087387865e+00
-3.624883394415379989e+00
-5.956249840171632393e+00
-5.923124005167999861e+00
-8.314392708059818560e+00
-1.114814557433747844e+01
-9.329695319238469509e+00
-6.119909687141682042e+00
-8.172155120712151444e+00
-1.126311610734826907e+01
-1.060388513243848685e+01
-8.955613530327507732e+00
-7.422710481211741040e+00
-5.849722057983981038e+00
-5.283672418657766379e+00
-4.072562341765999072e+00
-3.170383618815101112e+00
-2.449327161207954795e+00
-7.785207241722161831e-01
-1.849313900286178924e+00
-5.598297807926203795e+00
-8.017198038204538690e+00
-8.821182350784299686e+00
-6.644446844292152043e+00
-5.577844722342883088e+00
-7.033800545170394436e+00
-5.280309767406898835e+00
-7.239101754274935629e+00
-8.946610761868369011e+00
-7.836712244479908662e+00
-6.374467794098759299e+00
-5.308104769883265739e+00
-6.790889480915232035e+00
-9.149279322735681674e+00
-1.054121270971472057e+01
-9.093704861001750572e+00
-9.228513998727624568e+00
-1.003063219955885366e+01
-8.408818162573741262e+00
-7.562794890859068531e+00
-7.457015311870080154e+00
-8.845055041518925520e+00
-8.706645512678543142e+00
-6.842463981569368414e+00
-8.676542469136746760e+00
-9.640572936150709538e+00
-8.778029194159918447e+00
-1.053815290792350723e+01
-1.111168637822944838e+01
-8.981190359462882356e+00
-9.153324903590169370e+00
-9.767318446357972306e+00
-6.991382550074476399e+00
-5.682705461674362191e+00
-4.390090594778764732e+00
-2.452736495538489159e+00
-4.837232173947235481e+00
-5.130543177623375861e+00
-4.490992067984247882e+00
-3.576768149147516063e+00
6.346237214516915470e-01
7.519963376562565083e-01
-1.165405303835864936e+00
-6.697951139540695431e-01
-2.019726938340802025e-01
-2.427000032113528771e+00
-4.014837701254173830e+00
-1.369101827076649069e+00
-1.732353798823136115e+00
-4.952903818800385771e+00
-5.416151454119502162e+00
-3.625786798199857497e+00
2.754676388417413579e-01
2.212876959388692111e+00
3.457200669673768267e+00
4.088855981846545973e+00
2.244174624334705825e+00
-4.410472857525881141e-01
1.127903942653235569e+00
4.335770430677350795e+00
5.441774380859193405e-01
-2.195576276074684419e+00
-5.160519802594514260e-01
-9.439278032460517442e-01
-3.843741396446759051e+00
-2.820770968150215552e+00
-3.228042895979988391e-01
1.866214300840437268e+00
1.879923919399457910e+00
8.038378473394439672e-01
3.760814277648773629e+00
4.629028931533100355e+00
4.792878813368997015e+00
8.196606358973159701e+00
8.813353381982654611e+00
8.383590538069414677e+00
7.080162796939853287e+00
5.513035124301080003e+00
5.382855339632525826e+00
7.592828787976007909e+00
8.871612844618777416e+00
7.964243100431882105e+00
5.341494184102814735e+00
2.827515393548722500e+00
2.487462652102888860e+00
6.028405991935079644e-01
-1.365267728569652617e+00
6.240110565975203610e-02
1.933019921197090207e+00
2.786234575844761974e+00
1.534454621360316073e+00
1.050255064548474282e+00
2.206781753830868276e+00
2.198503126030575128e-01
-2.639576854457300392e+00
-1.104399729529967011e+00
-3.539484976217348589e-01
1.312874853009303955e+00
5.012354814300032047e+00
5.637595702295585820e-01
3.185330918082043272e-01
4.343694091414670666e+00
3.943455485628273305e+00
5.465370925758398890e+00
6.086386182307011339e+00
3.197341455994216819e+00
1.939987107724428617e+00
8.020363857655762319e-01
3.206305678774621359e+00
9.260457237219648974e+00
8.617976531224391223e+00
5.230877120524198176e+00
4.181814044294122290e+00
1.158532236689089778e+00
-1.273565101157221546e+00
-1.230159811900775058e+00
-4.837684955875628745e+00
-7.766277036599338324e+00
-5.094939876604628104e+00
-2.665422673702489753e+00
-3.944738788001780794e+00
-3.957020939215102562e+00
-2.009284097791169010e+00
1.263938324929556878e-01
1.697923478859173274e+00
-4.627890826886997266e-01
-2.350193453913531627e+00
9.111990502526843283e-01
-3.323362857407141657e-01
-3.643695249743307940e+00
-2.558689077804267242e+00
-8.858629393772994298e-01
-9.497897825619175949e-01
-2.099877036335271896e+00
-6.907321006011524211e-01
-1.009889988481640799e+00
-2.350319224972158061e+00
-6.204309521801222305e-01
-5.111130293614265518e-01
-8.141001211051908104e-01
-1.074852044672245155e+00
-2.816406973980788209e+00
-5.660301393861812969e+00
-6.877982160641743725e+00
-7.270628480305640906e+00
-7.070459196922512568e+00
-8.255195012606794336e+00
-1.036750532467110375e+01
-1.022938334648039671e+01
-8.881808114654928588e+00
-6.132950161112508347e+00
-4.051182467787672437e+00
-7.022515696227304538e+00
-8.829912797044039863e+00
-9.416519593026821511e+00
-9.121064848765959354e+00
-7.755894107573533702e+00
-5.376777254441685194e+00
-4.720194916097859128e+00
-4.763841399584834768e+00
-4.853984058439928972e+00
-2.045113232696687877e+00
7.491176303842363104e+00
1.190311744451408593e+01
1.196250176461797210e+01
9.645242363633187210e+00
5.895207328772242406e+00
4.410052188653776462e+00
5.386307601792145405e+00
7.343156893888618697e+00
9.687370281133983241e+00
1.023007384276897547e+01
9.742170891155096157e+00
7.438615803490929324e+00
8.547862344693539782e+00
8.932168245029677323e+00
6.930405402621392597e+00
4.898908141164334928e+00
5.330821675820552663e+00
7.176787135666575779e+00
1.016861920859122925e+01
1.062676799745963407e+01
6.588743678240578383e+00
2.207598010459477678e+00
7.749649978391772720e-01
-7.184616931289933284e-01
-3.627024449385862326e+00
-5.305341623336377488e+00
-3.555919960902469423e+00
-3.963545825494600994e+00
-3.309230710028746802e+00
1.514361208845877549e+00
3.187892779695926215e+00
4.021582392235596437e+00
2.781135620843307787e+00
1.587313288442380177e+00
3.105327287632762445e+00
2.700517894023371834e+00
9.626338379065428885e-01
2.962735451426626643e+00
6.610595740129229014e+00
7.237791711757353141e+00
7.243090663909616644e+00
8.152014236364619748e+00
6.751904885356387886e+00
7.029321445223827958e+00
6.936350267224777433e+00
5.896413125110823827e+00
5.419090878334015038e+00
3.141815568281947524e+00
3.049873719935732197e+00
3.879252927061771494e+00
5.319358360360740612e+00
6.145853509977124318e+00
6.941151636277197667e+00
6.712717150965031188e+00
6.826726692659738305e+00
5.570187699151847305e+00
5.440283371883126051e+00
8.397948208546896609e+00
6.625628101250947033e+00
2.243596977152919614e+00
2.552266477909815201e+00
4.694688141029439876e+00
5.137625728628985478e+00
3.906630694574806384e+00
3.316361905789399600e+00
1.077238257096380325e+00
-1.831776232225757139e+00
-4.304735875530769640e+00
-4.854627596451780214e+00
-6.920145132735749938e-01
3.954013732867808883e+00
6.955348883074053745e+00
6.913188578572643017e+00
5.194430704023313083e+00
5.320404264254880111e+00
4.152541596553776415e+00
1.078829297189090930e+00
-6.991591447649346813e-01
1.420407723432150604e+00
1.808505608210808635e+00
-1.364599384048225117e+00
-1.361311175137849938e+00
-1.800640982654030609e+00
-4.324245886951917583e+00
-5.902233416509126585e+00
-5.236680179757223996e+00
-3.194128829563929628e+00
-3.623237540634406173e+00
-2.219895638837068752e+00
3.418918984660304528e+00
2.303273827536747920e+00
-1.418724095433851806e+00
-6.951766116264400663e-01
2.371819761182670128e+00
2.829509675647084777e+00
1.599931847966461040e+00
-1.711205856654871571e-01
5.431715130927199375e-01
3.939889405542950307e+00
3.817526619044080860e+00
-2.181677643807104161e+00
-3.567767640529460049e+00
-4.863180156941499632e+00
-5.276906518007974611e+00
-4.757199926100639686e+00
-5.857153546649863429e+00
-5.834300984601237694e+00
-5.230403147040241230e+00
-4.329517814202566761e+00
-2.317410840098945268e+00
9.351313269784387872e-02
7.883911780378388690e-01
1.930117622468766336e-01
1.636529826901090612e+00
5.803260462804715303e+00
5.309484612818562432e+00
4.934090368790483794e+00
6.183648597310847705e+00
6.120745998855670500e+00
9.519515803782599761e+00
1.491415312112589753e+01
1.618747970860416174e+01
1.597853823215938363e+01
1.519670690508789512e+01
1.473918644349082108e+01
1.450610865821780671e+01
1.397923085385663100e+01
1.291304074941956692e+01
1.403391640131835416e+01
1.517906389688524982e+01
1.251544609078833936e+01
9.434251188711147762e+00
9.316783770012559529e+00
6.900453966989601895e+00
5.773932576394769534e+00
7.739578119483380370e+00
9.101927702782036889e+00
1.039707009958744521e+01
9.167077411844386958e+00
5.394900697446099791e+00
-9.519562921120814369e-01
-2.621941863316283428e+00
-1.097241614513028374e+00
-4.118146754336343141e-01
-9.140049734999394770e-01
-1.110503262548789838e-01
-2.198380316849020133e-01
-4.174690581584166615e+00
-7.422968058861687979e+00
-4.923453468370136754e+00
7.576235700288119768e-01
3.513773077045716509e+00
5.605693456562424792e+00
5.279577164890791430e+00
3.895660366656403362e+00
5.075069236007468731e+00
7.530369640073933724e+00
7.262092283736230058e+00
7.795396002292028115e+00
7.462264274941865949e+00
3.146875495883728613e-01
-3.070958474280795159e+00
-1.651576026403116959e+00
-4.362165560302936562e+00
-6.300810249987359057e+00
-4.768274999518549606e+00
-4.630751795225923395e+00
-6.289712026601343098e+00
-4.131742801889120464e+00
4.881162642348075842e-01
5.027321940520707244e+00
5.997185383208660348e+00
6.129056238029958692e+00
8.762238783172021428e+00
7.863369248906198372e+00
5.804333282895914436e+00
4.893328545763652393e+00
3.792398918140921449e+00
5.735321008702037204e+00
7.095376308267439924e+00
4.935149961707828936e+00
2.246887298387771015e+00
1.684354660834234130e+00
2.329356309838842343e+00
-8.567736831337290082e-02
-1.601882045724481785e+00
5.869823176601587367e-01
4.146286255063115433e+00
2.118373577369555782e+00
3.267616015707915378e-01
2.826421871418326681e+00
4.150553422999352371e+00
2.112959260221350277e+00
1.514172722608529309e+00
4.782959659220941795e+00
6.868867087262631621e+00
5.045567529315166055e+00
4.981118812040603139e+00
6.608628991074894543e+00
6.335957380472538425e+00
7.322272087859349021e+00
7.631551511805771959e+00
7.627360384522839709e+00
5.970959176452490524e+00
3.192817395054658114e+00
3.248063406151949994e+00
6.584795198875523781e+00
9.922718535208897350e+00
1.261837258961887009e+01
1.248062740072876053e+01
7.976055837142467020e+00
4.964354903051576784e+00
5.335432648018338497e+00
6.313746924536372873e+00
7.713384007473085724e+00
6.959268018624753971e+00
2.195702150735589608e+00
-3.018452411029463531e-02
-3.128477380055865731e-01
-8.782507900093582121e-02
2.371762990097469714e+00
2.090136645727207920e+00
3.102012213789095529e+00
5.270594079316978764e+00
5.998845874529156852e+00
6.739063008241669372e+00
2.607533352645285518e+00
4.396329272451880432e-01
2.357773996724890520e+00
2.816829321197997338e+00
2.607281745903283543e+00
3.432436711939095719e+00
5.852668647129380730e+00
3.312209572668161073e+00
4.091103164248913515e+00
7.729182635402561452e+00
4.187231454406118658e+00
-8.545548633890506784e-02
2.993013749873966317e-02
1.472628209871387872e+00
3.657103807361522296e+00
4.567840411031547809e+00
4.600643092620053665e+00
3.031021633093825329e+00
-6.844314018560013202e-02
1.610278851159298918e+00
4.884296202517631080e+00
5.845156016793388254e+00
4.645782865197929823e+00
2.343224499974017050e+00
4.503418282458555133e+00
5.342138998415525641e+00
3.673470645519728794e+00
4.508702257414474168e+00
4.921334869218012109e+00
6.484557283170695463e+00
7.163640252003228959e+00
4.204191266565940666e+00
1.142536588469316161e+00
6.470665775920301233e-01
2.476813616413053420e+00
5.255381559405660319e+00
6.310604909256249506e+00
4.987999102345595404e+00
5.682158901781218852e+00
4.295976842727224465e+00
5.392355399588729448e+00
8.811372124266192429e+00
8.746844297204479091e+00
6.631571598527113309e+00
2.358804425935118410e+00
1.992354526697209249e-01
-2.464379930688306075e+00
-5.293268475439804277e+00
-2.666578549969844669e+00
2.187611108221235501e+00
1.396134050246079950e+00
2.482467241477861186e-01
-1.311919147399837338e-01
2.772996770836796965e-01
5.666754662727067071e+00
8.205773573138483101e+00
7.020974289485320874e+00
8.162993446919756479e+00
1.120116678384065523e+01
1.037236815075243790e+01
9.627163147801335086e+00
9.420972312160904139e+00
1.041964623094270692e+01
1.188856202217742464e+01
1.252321491125589326e+01
1.224845969570486659e+01
1.031018728538142426e+01
1.100698903268980011e+01
1.354457774767174705e+01
1.320743458574115614e+01
1.338933436649543296e+01
1.495687666330011645e+01
1.202433773092482738e+01
9.118639902642373229e+00
8.373810138230977529e+00
5.392294645655437257e+00
4.880169652914217338e+00
8.111478120840827089e+00
1.104048163103166935e+01
1.004580023353342533e+01
9.402267634957487630e+00
8.551025337670239423e+00
6.669792857996537094e+00
5.232331378722112625e+00
7.477609237532498732e+00
9.207525209705167413e+00
8.506073383920973896e+00
8.015677298127409145e+00
7.251066243152498814e+00
7.413723829973959845e+00
7.737756163423142652e+00
9.016290775865279272e+00
1.025002432328818003e+01
9.630185766214282239e+00
1.098890073312774618e+01
9.984662731597486740e+00
6.399956906403271972e+00
6.999066260306638476e+00
7.228993782260657142e+00
4.764551627770973852e+00
6.479171043645230554e+00
8.585687072205942627e+00
9.184618181822029825e+00
9.472518866854143127e+00
8.871984782339687570e+00
8.684119104171339032e+00
8.859878077226422732e+00
8.875106004832083784e+00
6.885683551532769009e+00
6.048074866384156145e+00
7.905275569947697534e+00
6.438885829200616584e+00
7.534589124436736896e+00
9.434808646327560666e+00
7.649365323081124046e+00
5.835100603493160953e+00
2.745631475610148975e+00
1.560429936882602897e+00
4.892940896047633714e+00
3.700295947901341531e+00
2.252051617969183628e+00
3.962169769576544542e+00
3.577592217539895092e+00
2.700660859857388019e+00
1.111128468672587077e+00
-1.344085098635013686e+00
-6.067897528437237176e-01
2.526895982969838528e+00
2.312721978257866962e+00
-3.500256964525759462e-02
1.086047149463592820e+00
2.517535087541687755e+00
-9.338198501569602294e-01
1.309342764018559091e+00
6.470665775920301233e-01
6.470665775920301233e-01
6.470665775920301233e-01
6.470665775920301233e-01
6.470665775920301233e-01
6.470665775920301233e-01
6.470665775920301233e-01
6.470665775920301233e-01
6.470665775920301233e-01
6.470665775920301233e-01
9.372457279815057163e+00
1.141631469268327415e+01
1.153958847214697414e+01
1.089431406935880275e+01
1.008368913276159340e+01
1.204689627074308333e+01
1.151041201493178612e+01
1.175922122749557275e+01
1.466989377978808129e+01
1.499189500792400054e+01
1.470688972444139431e+01
1.467411015679631525e+01
1.550181736551916600e+01
1.482802627278312713e+01
1.236519785081260281e+01
1.450637030755820156e+01
1.475343962347672289e+01
1.426566031881505658e+01
1.333671171252106902e+01
1.452354074699553443e+01
6.470665775920301233e-01
6.470665775920301233e-01
6.470665775920301233e-01
6.470665775920301233e-01
6.470665775920301233e-01
6.470665775920301233e-01
6.470665775920301233e-01
6.470665775920301233e-01
6.470665775920301233e-01
6.470665775920301233e-01
1.701376550317126046e+01
1.646814691736067715e+01
1.637044674553544255e+01
1.707419606843086868e+01
1.794223140944894723e+01
1.783463327895525552e+01
1.738076462589098270e+01
1.626587970396197136e+01
1.446281463412654311e+01
1.635611836013153209e+01
1.778141133867437418e+01
1.729974466809700218e+01
1.656116742979067880e+01
1.609774734523939799e+01
1.698645836175185053e+01
1.783943659880288735e+01
1.720853633727614707e+01
1.688290664795731288e+01
1.739674546098009955e+01
1.772932627578542508e+01
1.697321419924583452e+01
1.481029424026601937e+01
1.310382093860657271e+01
1.516188080798021076e+01
1.493617606128144004e+01
1.271661332395806276e+01
1.367948384031041975e+01
1.489821857072520928e+01
1.399460694433278718e+01
1.330992551095791576e+01
1.464329648716182142e+01
1.639799445771199160e+01
1.608525724137907886e+01
1.481010131057362500e+01
1.519102910929350791e+01
1.539265920773966734e+01
1.585941431907983734e+01
1.656516474827703078e+01
1.548466877347099135e+01
1.360610691595508293e+01
1.415623926384281717e+01
1.564834158807479803e+01
1.628866035577269500e+01
1.652160924212051540e+01
1.586014205453591863e+01
1.424163942930920790e+01
1.435513864870462974e+01
1.567319162901259233e+01
1.696816085724456613e+01
1.729627222288980093e+01
1.619820944502429327e+01
1.481513708491366188e+01
1.483908744896045206e+01
1.470311923437886392e+01
1.564193573607643906e+01
1.593589798284978976e+01
1.562831507412320242e+01
1.664636392315172841e+01
1.605944932811908998e+01
1.573013383425220546e+01
1.749410384376341199e+01
1.796504681471152765e+01
1.811399056317759815e+01
1.774764979120840636e+01
1.718112413507200742e+01
1.608869762216593458e+01
1.676154610049947280e+01
1.746097519580877844e+01
1.713847977676826062e+01
1.723882782814915515e+01
1.794358594508885218e+01
1.778283447742583334e+01
1.782058803390247448e+01
1.790552637770497668e+01
1.761809766489096774e+01
1.746953183796153652e+01
1.708496749712276852e+01
1.763296289350014234e+01
1.807185290033090652e+01
1.811192801779473882e+01
1.795996759879700022e+01
1.742478464928809956e+01
1.690528262209750210e+01
1.703121406890500111e+01
1.752830825697479256e+01
1.700779050431656358e+01
1.705856971327600036e+01
1.719899606599423336e+01
1.694102580720370455e+01
1.730207907707108106e+01
1.776005087333229682e+01
1.686766930397209663e+01
1.581506136911094451e+01
1.539744972048126570e+01
1.506055628381441913e+01
1.612123972471274769e+01
1.629510530439529603e+01
1.700000770188846388e+01
1.770130515971503016e+01
1.712006331586606223e+01
1.746490410097533541e+01
1.727098025262854364e+01
1.665923294125633447e+01
1.526494840262521890e+01
1.478846869533790631e+01
1.407470669923825568e+01
1.272035909053846225e+01
1.387341611146752385e+01
1.437847814778509559e+01
1.495844617181919567e+01
1.557097003491005793e+01
1.381902356663989906e+01
1.428698623107676369e+01
1.354276528095880039e+01
1.342027197269639061e+01
1.568877023153167372e+01
1.703500019904294405e+01
1.674909693238399910e+01
1.654836135978749212e+01
1.636269535910816231e+01
1.432834864169946876e+01
1.166238568006153464e+01
1.173259625278770990e+01
1.314455381617663754e+01
1.429803927231298921e+01
1.418312255610030270e+01
1.315686923015449139e+01
1.321653896170126252e+01
1.379439741650681839e+01
1.407038795940643361e+01
1.525444990186936423e+01
1.559505934576032260e+01
1.463482521463195418e+01
1.304180922220587746e+01
1.128587494427001126e+01
9.571581639752634985e+00
9.510675223709613491e+00
1.141431112814764148e+01
1.319257195825457529e+01
1.429796859171753631e+01
1.489942541063405379e+01
1.409546096305433238e+01
1.479397198432099003e+01
1.570343584598432685e+01
1.683552391150391259e+01
1.632472685674162705e+01
1.488433182359013784e+01
1.493014355482240418e+01
1.309733424756183240e+01
1.227335466054621627e+01
1.279686109707034980e+01
1.366272373137615936e+01
1.542948279263486988e+01
1.626295056759467528e+01
1.642500288718031598e+01
1.602086590865190274e+01
1.496110460083828464e+01
1.531427084148482720e+01
1.590143464220682290e+01
1.594968804628419257e+01
1.608471520719914238e+01
1.524102416272610760e+01
1.380658625321372668e+01
1.295584517045120876e+01
1.300970816851315703e+01
1.256747942792453010e+01
1.180873736551541953e+01
1.255620176679041222e+01
1.421294685862290130e+01
1.578476943997844373e+01
1.648746040535386825e+01
1.639451420401178794e+01
1.645282648154070770e+01
1.601852816800208856e+01
1.715403788825278042e+01
1.786745675185929727e+01
1.723674042806396756e+01
1.489925699233320699e+01
1.516515305688403004e+01
1.572281424151023188e+01
1.232062773775122189e+01
1.233166749044874599e+01
1.444792086262936515e+01
1.295901877565383309e+01
1.210189181739924180e+01
1.231254210057631582e+01
9.815841646456322067e+00
7.945546823649703327e+00
7.516165577886958715e+00
8.237903762226814308e+00
8.408789664635767380e+00
6.530935949203573898e+00
8.448897364740094673e+00
1.233583191305261018e+01
1.235081710606115202e+01
9.978426027007195387e+00
8.097369882503214100e+00
1.007817445800124645e+01
1.156436094784380053e+01
1.247983990882349481e+01
1.318542407750007861e+01
1.431257009751737286e+01
1.553972256241300620e+01
1.536727680787372563e+01
1.529319790732873585e+01
1.506290910062047850e+01
1.404357694102684562e+01
1.303699025242221410e+01
1.426209483700630720e+01
1.458809408058023749e+01
1.203973974487162124e+01
9.061289401873295901e+00
8.786250009282346340e+00
1.187595991714086985e+01
9.871703512275884052e+00
6.094277303706140181e+00
6.192182421243154877e+00
7.574879986760040040e+00
9.137765555559793640e+00
1.069146336326070035e+01
1.260926760394981549e+01
1.437324787260921788e+01
1.476054535920855670e+01
1.540419953602929759e+01
1.557507255290479264e+01
1.408925560915738018e+01
1.243081548098456501e+01
1.293279946815605719e+01
1.416490334075230351e+01
1.343176288923810269e+01
1.044622271836635363e+01
1.005613702741765181e+01
1.057380938970655038e+01
8.892811601500106633e+00
8.051162072329203667e+00
1.028303461655510809e+01
1.233000361293933267e+01
1.134810870671396010e+01
8.320195369690171816e+00
9.080812732479303762e+00
1.246803302126668100e+01
1.480511532831905797e+01
1.553662419791214866e+01
1.629933532231488513e+01
1.711476554992331955e+01
1.714085921145584379e+01
1.722535912388996948e+01
1.703309555786544394e+01
1.649745894297613802e+01
1.607988084843030308e+01
1.513329923290167045e+01
1.325514230711045016e+01
1.282380418428401470e+01
1.352027207199209791e+01
1.277219326131429966e+01
1.073353967840809631e+01
1.192553706355575649e+01
1.422347302055877094e+01
1.420159856807239329e+01
1.295682395843038570e+01
1.274228342935773917e+01
1.379816163491921976e+01
1.367137847840900555e+01
1.223159822544979569e+01
1.342146176586122941e+01
1.457298753047683526e+01
1.284122073133504394e+01
1.275792590183875674e+01
1.292518742473597726e+01
1.211628535943933471e+01
1.488659717930063664e+01
1.588303157913175490e+01
1.580934278557969108e+01
1.644307606543312872e+01
1.569142925216121043e+01
1.413136100073481316e+01
1.290641053610942457e+01
1.255543115105833074e+01
1.226551577936505311e+01
9.738683481374001971e+00
7.472800784709094479e+00
8.185370930977015291e+00
7.067679993679123918e+00
4.372899703291270868e+00
7.286881498134405000e+00
8.716236913841973077e+00
5.785112801641067115e+00
6.060754604373995491e+00
1.002006740644885063e+01
1.162401594789336023e+01
1.208705091791216013e+01
9.428260840588347236e+00
8.553843566782029839e+00
1.243810610699086006e+01
1.217226743818347856e+01
8.420199373976528179e+00
8.711282691323020799e+00
1.147700265432548505e+01
1.129615106461704066e+01
1.144031898599735442e+01
1.456158171846450422e+01
1.621491766975753634e+01
1.640543080609119642e+01
1.565706535857289161e+01
1.419690675635993138e+01
1.568139101743761010e+01
1.685950080152123221e+01
1.630643586764320219e+01
1.620878478443871629e+01
1.644006128515073684e+01
1.504608105457148781e+01
1.495159049222318792e+01
1.428300425505262083e+01
1.425414333338661521e+01
1.552804718639641912e+01
1.526510152665820286e+01
1.477574318226564820e+01
1.314398430981668220e+01
1.284127813464925616e+01
1.398344263518150221e+01
1.503066414045450472e+01
1.458466323578556256e+01
1.472383596280407758e+01
1.549573347387348399e+01
1.539856109565268660e+01
1.385329338123018772e+01
1.461046964081605815e+01
1.517497986989880587e+01
1.392851103438200866e+01
1.227563218124159583e+01
1.145822407732274506e+01
8.995988990020370224e+00
9.827334844560162708e+00
1.219535620556632693e+01
1.155808984914818183e+01
1.276402133355940904e+01
1.352057701733044404e+01
1.307598844202053101e+01
1.214910159964823855e+01
1.274993668210761655e+01
1.436555565195209816e+01
1.490321182709094217e+01
1.400573629141624110e+01
1.335537686510782152e+01
1.323306814741161830e+01
1.181995180528539002e+01
1.086376506592818991e+01
1.062194648106843964e+01
1.284494657581228161e+01
1.484210702840614715e+01
1.445682079424508792e+01
1.465511789759439054e+01
1.443696561081195462e+01
1.219126907014041095e+01
9.257092764088223902e+00
9.418764420258268544e+00
1.080130298431781988e+01
1.103513754319849127e+01
1.052043174207781639e+01
1.114384980079611331e+01
1.380717089484214100e+01
1.447532739267134438e+01
1.286684567971681403e+01
1.122122399454450914e+01
1.153318915979864911e+01
1.298042764524365467e+01
1.415887051434475374e+01
1.403108306253835558e+01
1.346927355666595716e+01
1.288882178919766019e+01
1.254914327883416014e+01
1.123623938911618758e+01
1.097959126090463400e+01
1.157395532821444384e+01
1.092206747668453382e+01
1.232101164088129508e+01
1.394557965780334641e+01
1.288376135202879880e+01
1.130511389406269096e+01
1.115495432993716030e+01
1.273866455227038585e+01
1.403207851289147001e+01
1.446433547536289943e+01
1.347498471173428847e+01
1.255075442831016375e+01
1.217606570457109605e+01
1.156775360745598924e+01
1.211931583286964020e+01
1.179873673638444487e+01
1.210096213102927720e+01
1.426449082234418242e+01
1.473323932740193953e+01
1.488908480852669136e+01
1.563085644031858656e+01
1.586475822333966690e+01
1.594479117249957056e+01
1.585897159657537081e+01
1.566291456203144961e+01
1.495241594167964827e+01
1.394173610213572090e+01
1.183669885601393368e+01
1.108575549622355183e+01
1.034310751742388312e+01
1.039261516418929787e+01
9.849810293836450015e+00
8.912239080022159143e+00
9.869759344811379620e+00
1.017279350490924905e+01
9.530476327661208558e+00
8.306441151456469996e+00
8.137796074798654189e+00
8.237556433965133706e+00
9.404958436741672756e+00
1.064300940044949506e+01
9.274735530188305432e+00
7.885544957155673274e+00
9.887486492877787470e+00
1.104644140822787257e+01
1.059371694854634249e+01
9.086835659065810589e+00
8.751543458295872213e+00
8.518493529181739632e+00
8.424437774728156469e+00
9.832080405973529835e+00
9.800986058330057205e+00
9.763787108283311866e+00
9.968939645937039629e+00
1.026789455886168945e+01
9.044342592323173946e+00
8.406212412243151633e+00
9.649449090035131960e+00
1.046528308157398790e+01
1.135129763931461788e+01
1.199064397205914467e+01
9.452453894838615867e+00
