-9.292967951459621290e+00
-4.406049133346474633e+00
-8.063737856276069760e-01
-5.913030469991167326e-01
-2.690475662408235547e+00
-6.206495570255128769e+00
-8.853660654049283707e+00
-9.676776607547104447e+00
-9.488584324589572461e+00
-9.579161231837208135e+00
-9.437786564314240678e+00
-9.065003647653133712e+00
-8.854239117380798163e+00
-8.181344658648203705e+00
-7.295470435107167084e+00
-7.384785252416952162e+00
-1.046426655603255362e+01
-1.160755674201254806e+01
-9.464098163066616110e+00
-7.144346302405657489e+00
-4.749084167874958240e+00
-3.696728591483538384e+00
-4.005062914547031561e+00
-3.795469100425771014e+00
-4.935375397309531564e+00
-6.353242447837324391e+00
-7.457616087902641411e+00
-7.993265422707845680e+00
-8.606055362923305196e+00
-1.052860906561307708e+01
-1.001838759671598567e+01
-8.666958667104168512e+00
-9.945203372718221857e+00
-1.154826075990221845e+01
-1.206483851591429257e+01
-1.168112783400710342e+01
-1.081474187650637653e+01
-1.035689906598813081e+01
-1.035833216294411585e+01
-9.226830920841791794e+00
-8.675769792469674613e+00
-8.119270582345803788e+00
-6.589160798091136861e+00
-6.920618797958199231e+00
-5.959572254809050840e+00
-4.901192471477473056e+00
-6.708578453396507157e+00
-8.185641472617698255e+00
-8.240471573909738723e+00
-7.558341548362594864e+00
-6.098539672320884897e+00
-4.994193922045017331e+00
-5.899138173151567521e+00
-6.211284353097395794e+00
-7.484756107177940265e+00
-9.389233347840114874e+00
-1.035542478716744874e+01
-1.023852345990194479e+01
-8.526201662246045032e+00
-6.128744454361742200e+00
-5.455717869095786376e+00
-6.687031572485938824e+00
-7.360251780576165359e+00
-5.733726323885029785e+00
-3.358715669692905692e+00
-2.318535659769728863e+00
-4.046907115102491126e+00
-6.890285752407992348e+00
-7.944068354914812780e+00
-8.956320047239342941e+00
-8.269520829316054034e+00
-5.941909124376217655e+00
-6.039128455521363570e+00
-5.507555786509372275e+00
-3.245344196950398885e+00
-5.149871647700919874e-01
-1.756949267726780839e+00
-5.247621903398517418e+00
-5.546437224569634949e+00
-5.189023678062317124e+00
-5.105020221752505805e+00
-2.891104474280367320e+00
-3.239566979022046489e+00
-4.710922923827926212e+00
-2.975724114238749163e+00
2.154496386860735857e-01
4.723539915172176862e-01
-9.076350616380679526e-01
-3.244881792068090132e+00
-5.187364239250624287e+00
-5.828796380329694493e+00
-7.089649163706439161e+00
-5.828916157118664287e+00
-3.057925724357118735e+00
-2.006269694689017946e-01
2.275153424496128007e+00
3.630727498612294823e+00
1.623382381637983318e+00
-3.801808899973305511e+00
-7.264811402515671368e+00
-9.456824808397337634e+00
-1.104310981302248074e+01
-1.252633384886053669e+01
-1.205006714911562682e+01
-1.125223960488892949e+01
-1.013481309997789381e+01
-8.015460757768691380e+00
-6.969942064218185962e+00
-5.354682046077790858e+00
-3.405812261175452882e+00
-3.122223562143398023e+00
-4.762389167690868064e+00
-8.485966504922867415e+00
-1.004826107199599505e+01
-1.085525714672736974e+01
-1.155842536116978536e+01
-1.046803950983193943e+01
-9.484505804286339270e+00
-1.025118938205000063e+01
-1.108139794864898420e+01
-9.571308760998249454e+00
-7.357384433500613774e+00
-7.703168708924249763e+00
-8.972679998853950067e+00
-7.797778673024788887e+00
-6.031032633680691646e+00
-7.773221896349143734e+00
-8.217360300605516699e+00
-8.332421079050392976e+00
-8.552963740837432383e+00
-8.189585017483741680e+00
-9.002033750169372794e+00
-7.977260429004177311e+00
-7.022817855447619273e+00
-7.993974713076158700e+00
-8.904040728344966737e+00
-1.098478053019793599e+01
-1.200105888575315127e+01
-1.315294735619987598e+01
-1.430444834030145707e+01
-1.335499771887018561e+01
-1.100510967735095491e+01
-1.137373194919963915e+01
-1.197227734709220925e+01
-1.144318454877969948e+01
-9.887720952232751159e+00
-1.013416140609968075e+01
-1.114811551736027972e+01
-1.038407863092728611e+01
-8.543333300953863230e+00
-6.594287970760208673e+00
-4.575223425814634481e+00
-3.448935862323058821e+00
-4.553531293092481391e+00
-5.916092659605622472e+00
-7.300142512557640018e+00
-9.848787745802225047e+00
-9.787158900761411928e+00
-9.497798352095715657e+00
-8.177613772757400312e+00
-6.016926606477989381e+00
-6.420280977740140393e+00
-7.950359840653731247e+00
-1.079364024809212452e+01
-9.323455428999473327e+00
-5.668599636365759586e+00
-5.746856340024585563e+00
-7.327174081562653818e+00
-9.576531498659173636e+00
-1.112642450807947903e+01
-1.210064025745187166e+01
-1.250326567568241742e+01
-1.180340289670504639e+01
-1.163487899407014226e+01
-1.172244979434317358e+01
-1.244606407349310295e+01
-1.349976775275493424e+01
-1.400292385702665143e+01
-1.415949108524363709e+01
-1.425491101976170683e+01
-1.454078295633454765e+01
-1.333503071706793186e+01
-1.131242543289363311e+01
-1.088790493052770536e+01
-1.158821980962737186e+01
-1.239612944996505384e+01
-1.270837885350984742e+01
-1.256995715578020167e+01
-1.094367595937390902e+01
-9.199018897775406600e+00
-8.285363554859697999e+00
-6.682112641793636953e+00
-4.955731312943751909e+00
-7.153567802743745929e+00
-1.148868603915266995e+01
-1.310319765779005863e+01
-1.378891787630731436e+01
-1.437284889903599172e+01
-1.508615026015342409e+01
-1.553096157635500774e+01
-1.486839100232454847e+01
-1.365348640302815930e+01
-1.344741872930346283e+01
-1.305739593568638313e+01
-1.202747209810602591e+01
-1.144694828843797474e+01
-1.123349070044931963e+01
-9.636948200866550351e+00
-8.987210753350669989e+00
-1.018115099820779790e+01
-9.942544057186969653e+00
-1.150607941655802335e+01
-1.225385623405402313e+01
-1.113903913123458800e+01
-1.189887358345707113e+01
-1.088888594073688054e+01
-1.071882882217172117e+01
-1.271160525091026905e+01
-1.087832541461401803e+01
-1.130874341292485497e+01
-1.337082355574361792e+01
-1.229756306363357155e+01
-1.076612947879477034e+01
-1.027420898634969859e+01
-9.542372630340096862e+00
-9.426293444723157222e+00
-1.086754022540975484e+01
-9.972567772778329953e+00
-8.188926923039781869e+00
-7.998443368399558828e+00
-9.715573313665910149e+00
-1.094170040898872998e+01
-7.259531495794503186e+00
-4.197413560831649626e+00
-3.729927224829565180e+00
-4.314202673778682495e+00
-6.822578227484702218e+00
-1.040281615693180228e+01
-1.194049646514319818e+01
-1.184862837481102993e+01
-1.226737919261285370e+01
-1.107196451846154162e+01
-1.025148468425734549e+01
-1.018336666398337620e+01
-9.240151432361541239e+00
-5.864308625433277911e+00
-1.526244065801628969e+00
-1.499700384260889141e+00
-6.655493990689364203e+00
-5.505964229462620096e+00
-2.995027267450879549e+00
-4.478752406272133335e+00
-3.156318186134217108e+00
-9.779780636977172259e-01
-6.955856462361801329e-01
-3.101335926383825825e-01
-2.662979819040003360e+00
-6.427090579020529049e+00
-8.602156353874875094e+00
-7.274217488102839191e+00
-2.298331178684390519e+00
-1.471157308008053777e+00
-1.446860874360937022e+00
2.658842593867256632e-01
5.546388599620535320e-01
-1.941595660258494727e+00
-4.936061359924201142e+00
-7.856650913593415275e+00
-1.023887007908622770e+01
-1.154196899574676927e+01
-1.229440537942317135e+01
-1.120247198073612616e+01
-8.354348116674101377e+00
-6.381219552299834064e+00
-8.231697386978895636e+00
-1.114049377510804817e+01
-1.024417303479099672e+01
-9.275894095901371372e+00
-7.252194932378660752e+00
-8.196768796284713332e+00
-1.160043877555697200e+01
-1.229766967891855423e+01
-1.099099667871158914e+01
-9.422362059084088415e+00
-8.362769974398538864e+00
-9.164743190835300979e+00
-1.078902611638054765e+01
-1.219878948387409068e+01
-1.324695571982393361e+01
-1.406680594527814243e+01
-1.378333776831543389e+01
-1.282749425759740447e+01
-1.143797064210084535e+01
-9.502474296864088288e+00
-1.076042010092469781e+01
-1.279622899017854820e+01
-1.272359861927072977e+01
-1.096946026025725729e+01
-9.861088098891528375e+00
-1.082439265660532257e+01
-1.158234235264741052e+01
-1.270227911572654023e+01
-1.444548564597341311e+01
-1.408109995324699071e+01
-1.065836396194904090e+01
-5.976088695256862593e+00
-3.014866992259785050e+00
-3.070442193568905243e+00
-6.408109891177590223e-01
1.657946397503767821e+00
3.597141181263610044e+00
5.540174342041177979e+00
3.810949267682604447e+00
3.598811948430062357e-01
-2.499795940854190768e+00
-2.555798947244220187e+00
-2.101760805375262109e+00
-4.280201338824960899e+00
-7.296511267197946182e+00
-6.708557856648767803e+00
-3.287551387286649529e+00
-1.196787822050588215e-02
2.304848996131240391e+00
2.498372246511336048e+00
2.638823318550098662e+00
3.289739346258941488e+00
3.825446697965393383e+00
4.520821522762056510e+00
4.213483073869406681e+00
3.755557599039365702e+00
1.194033759038554354e+00
-3.388063597217550349e+00
1.283535640357457819e+00
8.171566902533269783e+00
8.951722924015230731e+00
8.838599980952404067e+00
8.258758529016816397e+00
9.393284475225273766e+00
9.873653555525244485e+00
7.500384198502660027e+00
8.035199552610389873e+00
5.938206032579311788e+00
1.002781584548190885e+00
-1.100897040257031445e-01
-1.222604854717204592e+00
2.960986989920692536e-01
2.691625830211470394e+00
7.846726918825656094e-01
-2.762417021660578786e+00
-5.819634868833379215e+00
-6.300725942590306161e+00
-4.618386572765338371e+00
-5.635589688469708758e-01
2.541646136025907055e+00
1.791382123283514760e+00
1.843995825159889135e+00
1.219690555256305320e+00
1.595880496519341551e-01
-2.164867433732043378e-01
-2.067996978634219829e+00
-4.657403451122291926e+00
-5.797017083136127624e+00
-7.162710416811864711e+00
-8.291235903142846198e+00
-7.832950419706769196e+00
-7.589909212969555341e+00
-6.073435499352219935e+00
-5.605680126441296096e+00
-5.298226102930832404e+00
-4.222807836337374887e+00
-3.452357683597314431e+00
-5.419291417635907493e-01
2.663226909413430210e+00
3.752953793289803275e-01
-7.154076230287550686e+00
-9.758181196090331966e+00
-9.467573084450370047e+00
-1.072492767989548668e+01
-1.219039555455005264e+01
-1.237205643792223775e+01
-1.234572354054207999e+01
-1.342506042205705796e+01
-1.267631455157143705e+01
-1.025765137565200824e+01
-8.224374909784657461e+00
-6.791006957935345589e+00
-4.466754949361583904e+00
-1.316051068077934927e+00
-1.480060840983303150e+00
-2.649032929857890739e+00
-2.732233899653359721e+00
-3.352724982161327194e+00
-1.354029442600309441e+00
-1.531340401459873934e+00
-6.215971496340655378e+00
-8.104760816671168655e+00
-7.872378802283334309e+00
-8.957140843361775850e+00
-1.081287514799039684e+01
-1.131246122144857758e+01
-1.003310970478543673e+01
-9.044003631127710108e+00
-8.451916497393444416e+00
-6.881486807299168618e+00
-7.489301298904603499e+00
-9.257525390340745730e+00
-8.276253129804452158e+00
-5.487166871406770063e+00
-6.616795999699527364e+00
-7.251382070093870702e+00
-5.403250543371575176e+00
-5.790334352296603093e+00
-7.661436345996738950e+00
-8.486931927222926220e+00
-5.606845108484161067e+00
-2.689497867749571558e+00
-1.991920262014632126e+00
-1.661062475002309968e+00
-2.093683034320829250e+00
-5.477170344385749345e+00
-3.060087758594028706e+00
3.050547782926555485e+00
-6.895475506816236555e-01
-5.071371061963633409e+00
-5.475109443663379594e+00
-4.280887735987221276e+00
-5.201861005176970032e+00
-6.480405439314670168e+00
-5.691736099871930854e+00
-5.442073453196197619e+00
-6.870512908125617102e+00
-5.625956254487723740e+00
-4.791922073609828026e+00
-6.937555485964392865e+00
-9.738678570291019909e+00
-8.575810641602449991e+00
-5.594674453027635330e+00
-6.650734259343395571e+00
-7.795683011006745211e+00
-9.239950323202572591e+00
-1.130922383457252955e+01
-1.223040847737151715e+01
-1.053282731147062812e+01
-8.758501242438059720e+00
-8.035746426426026545e+00
-6.371472536695607758e+00
-5.312587541802259672e+00
-1.005574541724401882e+01
-1.246312173856536099e+01
-1.181974004671171663e+01
-1.046125478876558290e+01
-6.619079552182626003e+00
-3.948144877453632962e+00
-6.039290313172167579e+00
-9.248665053695118488e+00
-1.118217555348461900e+01
-1.214634482554788519e+01
-1.310123775359222797e+01
-1.397591042464506117e+01
-1.447436780742858708e+01
-1.459784093086044621e+01
-1.302671733260528875e+01
-1.145354322114518375e+01
-1.113173389139194569e+01
-1.124164568519831775e+01
-1.262187697865665648e+01
-1.273588306559647521e+01
-1.117961983730488562e+01
-1.057226229095583392e+01
-1.206274394976976261e+01
-1.270034813935463447e+01
-1.336812567198470525e+01
-1.410481125562618132e+01
-1.392703061712091284e+01
-1.441134090194315220e+01
-1.490668885460872595e+01
-1.428805722503805420e+01
-1.218869094368464090e+01
-1.044359770278894572e+01
-1.117539736547254137e+01
-1.202203794213413346e+01
-1.290692656984198905e+01
-1.330168130030942741e+01
-1.251248810107016318e+01
-1.122451900757308785e+01
-9.603124952561291394e+00
-1.001822229816378496e+01
-1.042122093309254183e+01
-9.093595210944572571e+00
-8.748037463446985740e+00
-9.106160622016378881e+00
-1.084222224502866005e+01
-1.300109071876169331e+01
-1.317816002339679216e+01
-1.367121874786267632e+01
-1.415830565137159880e+01
-1.371367621085635591e+01
-1.356253680337646728e+01
-1.310243053197237728e+01
-1.238509443623219930e+01
-1.373639127306945262e+01
-1.461964755873516886e+01
-1.453804912705286156e+01
-1.373562718276590289e+01
-1.298501138189614146e+01
-1.279116625219391956e+01
-1.186107007663257562e+01
-1.182296205597640260e+01
-1.158331899753783389e+01
-1.032202515317763236e+01
-8.657335313044471903e+00
-7.677047669825004306e+00
-8.608915139786407877e+00
-9.764616428268524828e+00
-1.079968722104695722e+01
-1.169850088737302762e+01
-1.081097531457402994e+01
-9.608697644485333811e+00
-7.241207784385164992e+00
-4.270321712398970959e+00
-3.928680491566051813e+00
-5.390122786714802494e+00
-7.841417108481449461e+00
-9.430679708793292093e+00
-1.037816652820117191e+01
-1.045963752921261225e+01
-9.037202667202915762e+00
-8.469894394271259230e+00
-9.501538167544811841e+00
-9.857536904941490263e+00
-8.508957806379505939e+00
-6.047822679145149927e+00
-6.077176557490692410e+00
-7.821629971209562271e+00
-8.986648516306336987e+00
-1.081015678948202208e+01
-1.113875699553090648e+01
-1.064217351762286157e+01
-1.135850016721993683e+01
-1.083352016205823887e+01
-1.087473666446007847e+01
-1.065448430775347610e+01
-7.640034746559456913e+00
-4.321219284987317444e+00
-4.486268445363969626e+00
-6.225484549325323691e+00
-6.660600357595953369e+00
-7.359185021743626542e+00
-7.036892061807445309e+00
-4.809248768060000678e+00
-7.796082051910285138e+00
-8.032582045343930943e+00
-6.133878368841846118e+00
-6.500568713569111701e+00
-6.048532684627137890e+00
-5.783868635540457603e+00
-6.444732608278875396e+00
-7.761481506191385549e+00
-9.405413202280659135e+00
-9.773478575062577889e+00
-8.090437884785137257e+00
-6.173356856815026994e+00
-4.265675067380885643e+00
-4.754296282224760084e+00
-8.286011869625237836e+00
-9.801633197592281022e+00
-1.043362896076550328e+01
-1.218071571789554675e+01
-1.342680854362766851e+01
-1.425606629781269419e+01
-1.405805585306557859e+01
-1.325837993520309688e+01
-1.267951840211185832e+01
-1.246565751525180410e+01
-1.219437310011312370e+01
-1.203548921922639359e+01
-1.313020512752106228e+01
-1.393548857647186523e+01
-1.364041313875344841e+01
-1.193055973110119261e+01
-1.021848550176880721e+01
-1.188720552284203436e+01
-1.201031994221225929e+01
-1.196122446844746889e+01
-1.290227429685552174e+01
-1.384805870217020818e+01
-1.419053454042837359e+01
-1.410756933712473860e+01
-1.320082065728543164e+01
-1.165264212352004947e+01
-1.119604155295260206e+01
-1.228496167938283001e+01
-1.365742440005260505e+01
-1.444542139668396352e+01
-1.449367208586753542e+01
-1.351768792812926989e+01
-1.169593673312337501e+01
-1.032568783957697534e+01
-9.981089630998599915e+00
-1.080931094115582702e+01
-1.229130381798209015e+01
-1.284614479327190217e+01
-1.241346208777770066e+01
-1.225857634654608219e+01
-1.375184943452389597e+01
-1.463828170560664255e+01
-1.463107022473316121e+01
-1.396044248784006925e+01
-1.232043307644065422e+01
-1.165701096608246701e+01
-1.232465540451285868e+01
-1.293261186720701161e+01
-1.347774523781112599e+01
-1.360254485901114663e+01
-1.364014917777264202e+01
-1.369650657507610703e+01
-1.400114957894718160e+01
-1.375079272993454715e+01
-1.266395622496246354e+01
-1.182636641344091721e+01
-1.199708077934410611e+01
-1.346117662615903043e+01
-1.437568549172660326e+01
-1.458020473206199874e+01
-1.476822435613294537e+01
-1.439476950127146715e+01
-1.310780797203925196e+01
-1.238762664039704653e+01
-1.256083755202881491e+01
-1.142236945340965448e+01
-1.189107861632595231e+01
-1.273906413429986628e+01
-1.195804446588343950e+01
-1.126155430582355699e+01
-1.224408208917780527e+01
-1.293972542171920104e+01
-1.284909548616443686e+01
-1.229792994874570411e+01
-1.201190937522691016e+01
-1.107660113463530926e+01
-1.195517594305884046e+01
-1.290064624831092033e+01
-1.053536574934489600e+01
-9.914263116165120238e+00
-1.104530115118830835e+01
-1.183172922428537355e+01
-1.291302229081335717e+01
-1.336069626440073144e+01
-1.387652959525322416e+01
-1.427627937811957715e+01
-1.400502680441853798e+01
-1.426812245134231993e+01
-1.458678477143026520e+01
-1.473172955959015695e+01
-1.456738274779210940e+01
-1.375980793412057679e+01
-1.323989467890064553e+01
-1.256734206113584840e+01
-1.237389676202968047e+01
-1.275527797551058207e+01
-1.333918030387926734e+01
-1.325323719103747067e+01
-1.291727438013229978e+01
-1.321652834069789861e+01
-1.261967532869380726e+01
-9.933233560815216023e+00
-9.291594073899785755e+00
-1.084191015469228070e+01
-1.165977007716321268e+01
-1.239010967852840750e+01
-1.283429421891508682e+01
-1.171922647325816058e+01
-1.214782283649122263e+01
-1.359015602496898012e+01
-1.434738037958194390e+01
-1.402533374290283774e+01
-1.305397050965299321e+01
-1.305388267272972591e+01
-1.233496743741581625e+01
-1.022120771943441575e+01
-9.894147382937305224e+00
-9.067638512004922546e+00
-7.521259736444902977e+00
-7.291654785336014299e+00
-7.855082965919966576e+00
-6.712548652304302088e+00
-6.465000295254230700e+00
-7.800378407027164229e+00
-1.043341257636947006e+01
-1.236065881093348473e+01
-1.274413267174824149e+01
-1.294833508591240090e+01
-1.242620639830054152e+01
-1.173618300261868796e+01
-1.150780919568630623e+01
-1.082207795878034950e+01
-1.242076196914304198e+01
-1.406891283219207089e+01
-1.455133675781994107e+01
-1.458264112552274661e+01
-1.422852666571672309e+01
-1.356637767738115308e+01
-1.210964385733295146e+01
-1.157188957170890120e+01
-1.267416151956252257e+01
-1.414737684148043151e+01
-1.462224400548265102e+01
-1.476610290191976738e+01
-1.446104885790564154e+01
-1.343700333742004105e+01
-1.406830762788916012e+01
-1.368728921724418512e+01
-1.333793881038070950e+01
-1.328889943990731837e+01
-1.407216954261648389e+01
-1.392270220458027374e+01
-1.286564505975360717e+01
-1.193610114428473779e+01
-1.088575343071977386e+01
-1.151024709992533879e+01
-1.187051251238983696e+01
-1.092769524444928742e+01
-9.747900282733182209e+00
-8.813952869744070995e+00
-1.066548524100763551e+01
-1.187749683961320812e+01
-1.199093792622594989e+01
-1.280017705832605657e+01
-1.364515832750411306e+01
-1.346242777754301834e+01
-1.283032014296318657e+01
-1.412723621252176009e+01
-1.457617179851990130e+01
-1.430704003102493083e+01
-1.170154520059915448e+01
-9.577291850038987420e+00
-5.774846363478885358e+00
-2.709781935356910254e-01
-1.185915547395662850e+00
-2.094178985441608631e+00
-1.526277425264242593e+00
-5.301796926963019407e-01
-1.986451498219599099e+00
-4.958415478046702241e+00
-5.766774816893414091e+00
-5.130634625359834722e+00
-5.105663646429635882e+00
-5.055075568979459533e+00
-6.434229072515492476e+00
-9.931982797244195638e+00
-1.203364572254581155e+01
-1.212555373303076323e+01
-1.128198113091816701e+01
-9.457895827209512163e+00
-8.397048324363328931e+00
-7.215979874537810090e+00
-8.210487583819030988e+00
-1.040584061249427883e+01
-1.187776800743711192e+01
-1.175651943633647711e+01
-9.115320525817704578e+00
-8.372037759461516515e+00
-1.069596896363954208e+01
-1.188931667821985805e+01
-9.856138551066978337e+00
-6.428870258511248714e+00
-7.016649293640851326e+00
-1.004966360425853011e+01
-1.053749254866913532e+01
-8.124148444143219905e+00
-5.677431385606799275e+00
-5.050725309954964715e+00
-8.299606495312245258e+00
-1.002469921852728518e+01
-1.026222242767406101e+01
-1.080290118494282225e+01
-1.099223781015638224e+01
-9.161175169527265183e+00
-6.769048861918617099e+00
-4.084867059514859733e+00
-1.677708601620435225e+00
-1.974811802235918901e+00
-2.380109333015243411e+00
-2.880121901527508577e+00
-6.863013904749648120e+00
-9.867099536453201480e+00
-9.888123030766379884e+00
-1.010704729338034369e+01
-1.059097374848831841e+01
-1.109219750126455217e+01
-1.117230652143331149e+01
-1.216765289908703274e+01
-1.301471846152398726e+01
-1.348031128673405732e+01
-1.295366178964790116e+01
-1.187645215212732630e+01
-1.063192509384485263e+01
-9.191101384946358976e+00
-6.951810635184942910e+00
-4.325276381943758963e+00
-3.041255088255435446e+00
-2.075031379769929352e+00
-1.853088964188128074e+00
-2.208116136347163305e+00
-1.720896533077062029e+00
-3.497261974885358948e-01
9.653104931667940702e-01
-5.545267258356951778e-01
-2.620424540073460484e+00
-2.966123079202793278e+00
-3.658653502453767192e+00
-6.011945092468114815e+00
-8.233914707228603191e+00
-8.357156520290534019e+00
-8.492801041105987991e+00
-9.866735949450935905e+00
-1.086729595215113697e+01
-1.136308950299961573e+01
-1.135093857837272679e+01
-1.038836579132269655e+01
-1.130573424500892088e+01
-9.451498203533269304e+00
-4.872061972554813991e+00
-4.725116817132603231e+00
-6.392187160207422281e+00
-7.286512497291925072e+00
-8.611066249359387470e+00
-8.015249463976592992e+00
-5.955246688902144925e+00
-4.961527242977693319e+00
-3.264834562034052201e+00
-2.804589228436651371e+00
-2.698619820224266608e+00
-3.487467620384090861e+00
-8.302089323472971572e+00
-1.138048846507887646e+01
-1.153669972503521457e+01
-1.204960802697673827e+01
-1.303341087007156673e+01
-1.155436363132308308e+01
-1.099234544129260271e+01
-1.148440164208740022e+01
-1.242752663762745335e+01
-1.266009952299197217e+01
-1.127473395836165082e+01
-9.002475122208824843e+00
-6.627570867946622535e+00
-5.417564089840097630e+00
-7.480077179409803101e+00
-7.200170437904527709e+00
-4.880649644036576085e+00
-3.446904571388213601e+00
-4.888881979019986446e+00
-6.352165615879819427e+00
-7.025837592118157282e+00
-6.013808076574202133e+00
-4.337157335267684211e+00
-2.645923282858117620e+00
2.140737590877082874e-01
8.930105982182073854e-01
1.430212995988459079e+00
3.157662654884598186e-01
-1.386100993813687010e+00
-8.733157191234054428e-01
-2.110382274443121986e+00
-4.598802822436470095e+00
-6.392102438385693475e+00
-5.637840155193388547e+00
-4.464554558886094426e+00
-4.778044417364987417e+00
-3.534427398705842549e+00
-2.602137438593417951e+00
-2.638398615216474563e-01
-1.194049326436653402e+00
-7.772058936544988583e+00
-1.143725302732163307e+01
-1.138603198966782060e+01
-1.078439432876982274e+01
-1.135783538485746114e+01
-1.113821396733452218e+01
-1.167025236102324470e+01
-1.057706735686440247e+01
-1.093845851920648649e+01
-1.266818864792058008e+01
-1.213271356378649024e+01
-1.103576353786645292e+01
-9.320394569741107915e+00
-9.092003693544151943e+00
-7.154090759812684830e+00
-4.560704837912773257e+00
-2.807287905800727845e+00
-1.715741982867861726e+00
-1.857584678050034910e+00
-3.129315403934026740e+00
-5.892629277142633626e+00
-6.587650873987190181e+00
-6.984596504088306901e+00
-6.298954603872264357e+00
-4.978732749567051918e+00
-6.801419886381300017e+00
-9.243598723286266861e+00
-1.027719607451088990e+01
-7.831995300232430068e+00
-5.753645189118882897e+00
-6.060566676326339497e+00
-4.687314032259495278e+00
-2.483099761810769301e+00
-1.737361624810131733e-01
5.655260596325508704e-01
-6.329613215313928398e-01
-3.292890604994849646e+00
-6.000156870968512912e+00
-8.124370632933704428e+00
-7.485140933676263764e+00
-3.191258319742149574e+00
3.076940706270963943e+00
5.907265633434395369e+00
6.668523569559935638e+00
8.262541188018367677e+00
7.759429044268334685e+00
5.562135598009892767e+00
3.953277012787145939e+00
3.079271165217265072e+00
1.884638795559845592e+00
8.328066695816950249e-01
5.785186286946202294e-01
-7.760574517993352739e-01
-4.063196109248161214e+00
-4.881804657769408529e+00
-2.859826266723803467e+00
-3.125772608131311081e+00
-5.818689271006897812e+00
-7.867436466994572442e+00
-7.796368152338075674e+00
-5.306210674592120924e+00
-1.287792587211033402e+00
6.548988683311716130e-01
1.835321713304263413e+00
2.554732433767735511e+00
-4.105359673863618886e-01
8.387337533914103194e-01
5.724409963053834538e+00
7.628583718426884985e+00
6.779916859390908712e+00
4.507538775466006342e+00
2.597149419953195260e+00
1.797210016268664834e+00
1.217285362125875015e+00
4.664307193385991979e-01
-2.580735256662802790e+00
-5.156789348436243259e+00
-4.517434332599039593e+00
-5.076627774848176067e+00
-7.547580858976445484e+00
-8.116744561552504678e+00
-6.263308736261891774e+00
-3.484212931093523924e+00
-5.600269588607729165e-01
-7.167769850233253193e-01
-9.388763572914328170e-01
-1.599115351034616772e-01
2.997099506960355098e-01
-1.542961661078548485e-01
-1.645978785112220955e+00
2.035893219003471089e+00
7.264078365763326772e+00
7.390409497262776739e+00
6.875483746185239831e+00
7.408304005777823775e+00
4.667110850888899876e+00
4.832349088270175841e+00
8.022597867293928431e+00
8.227311940835800641e+00
4.490247375219912129e+00
4.394828578739766733e+00
5.350989453865953038e+00
2.129823648576944617e+00
-5.720939710429591429e-02
-1.444242427071940504e+00
-3.868274220479630099e+00
-4.721445822789507751e+00
-2.507552715301013091e+00
-6.437964247727088196e-01
-1.489908973388157865e+00
-1.104934493164552833e+00
-3.721001257319317190e+00
-5.969985734147880141e-01
4.902609325922756334e+00
5.590658388416761326e+00
4.371978615337683394e+00
1.864711993579093896e+00
-3.574325904318650937e-01
-1.599805207820969022e+00
-1.656780961593848911e+00
-7.888842326422964568e-01
-3.615453129181714353e-01
2.298915931265521975e-02
-1.410259687149901575e+00
-4.159272299610050183e+00
-4.131655955830201954e+00
-5.560620209033973360e+00
-8.127681351167913348e+00
-9.070782652072555408e+00
-7.197478994671633323e+00
-1.007491860189036137e+00
5.121061768898923283e+00
4.418793652988457055e+00
3.386722464076627581e+00
3.899219831667727565e+00
5.375513987297519058e+00
5.919695056969401570e+00
4.500341901329229621e+00
2.382477768629730264e+00
6.104119684779754085e-01
8.138964484394978216e-01
2.364244122108951185e+00
5.267128124001430045e+00
5.045886391834963014e+00
5.770333469934086912e-01
-1.183080618014844987e+00
2.900156017516182239e-01
-4.063305477516318542e-01
-1.126942248495826249e+00
-8.067297359869469997e-02
6.972322106923509732e-01
1.803123709726046853e+00
6.025161574760653505e-01
3.466293283977144313e-01
7.197754701566206892e-01
-7.055172202120349456e-02
-1.327533252076890768e+00
-2.170429204362473552e+00
2.315249486473265339e+00
4.973297610686476133e+00
2.121777895679490378e+00
-6.968229809361456417e-02
1.810043309665743116e+00
9.569701310263794003e-01
-3.648004900812057194e+00
-6.159336931892001488e+00
-4.021141119606121528e+00
-3.031914728619506949e+00
-2.733456186126128618e+00
-6.841686698868684191e-01
2.526684755609596600e+00
7.008309926783423016e+00
1.014449652507564892e+01
1.004381071608626286e+01
8.237468668734649668e+00
8.050304124206700607e+00
6.781064374075467249e+00
7.236120332272088618e+00
8.166238134002735904e+00
7.253056132464744010e+00
6.164077999808742270e+00
-2.390662237590725769e-01
-3.060104244166724552e+00
-2.866556489666196583e+00
-2.724520487808829383e+00
3.782488687278406370e-01
1.794342470950336943e-01
-8.433287386436534305e-01
5.032887246806634352e-01
4.944346308000782120e-01
2.641769111886488552e+00
5.125385332877685052e+00
5.648054931788711208e+00
5.103627545967731827e+00
5.332107407616166306e+00
4.392325898024850517e+00
1.049831650117703852e+00
-1.669471421650553067e+00
-3.220722299004188827e+00
-1.997902423558505669e+00
-2.550046135180059070e-01
1.713480315427075462e+00
4.969384789629377686e+00
6.912095730820541739e+00
7.929737454834299371e+00
6.378687170542591822e+00
5.677352286976489637e+00
8.906864671504299835e+00
9.196764785164232237e+00
7.632143784773259831e+00
7.391593417292447121e+00
3.633820882128924179e+00
-5.382099040699913628e-01
5.438056102079434906e-01
5.812896593650782595e-01
-7.621768487768663114e-01
-2.484530687019087303e+00
-2.312611651104681254e+00
9.017311262956532181e-01
2.061811821528577671e+00
-8.543304733013756813e-01
-3.103507051410401285e+00
-4.360126672207447207e+00
-5.529501368919236270e+00
-4.317553851248710828e+00
-2.654806700820488530e+00
-8.966241584207912396e-01
1.856223217755054389e+00
4.395082521952572208e+00
4.453962544070042107e+00
4.459827812392924251e+00
4.328493268157691531e+00
5.958136007063139061e+00
1.092282659340036588e+01
1.295248116512102143e+01
1.199909242094580542e+01
1.023021614327618956e+01
7.774495981322783855e+00
5.566524311951224213e+00
5.033507332835893244e+00
3.598434358061751936e+00
2.635833362605998431e+00
7.943864078433812148e-01
-2.473120045010522183e+00
-3.875095130875223060e+00
-4.439345308558098502e+00
-2.365476415769072194e+00
1.650082343921962291e+00
3.407533641150174653e+00
4.952162640539920169e+00
7.408708610581379972e+00
6.890879822500984631e+00
5.727537726693721964e+00
4.833336983856308500e+00
2.198748555219134815e+00
1.185747815514758274e-01
-1.533115935288660081e+00
-3.151449906053622740e+00
-3.401407948750700072e+00
-3.190638575438814240e+00
-3.509987416058533594e+00
-4.604172856552641413e+00
-5.159265577983361162e+00
-3.146203106531299643e+00
-1.106229215519074716e+00
4.782311426300808188e-01
3.332357967096995388e+00
4.474469805360059560e+00
3.136273000506656139e+00
3.697051714626377605e-01
-1.917225270619983934e+00
-3.485621179867818942e+00
-4.843233478227302768e+00
-7.309330047386091600e+00
-9.188091064685695031e+00
-9.462566106854971792e+00
-1.097687230224086008e+01
-1.228510962341035118e+01
-1.253131311286071004e+01
-1.256847149398933894e+01
-1.126431635868742021e+01
-9.286175364903558105e+00
-6.365458094818205126e+00
-4.652640731367031712e+00
-5.366977338243768436e+00
-5.599687630071344735e+00
-4.539535783534971891e+00
-2.539597447243723494e+00
-2.923878637005370873e+00
-3.256555397311590383e+00
-1.234679747514701109e+00
1.652287850257478707e+00
4.243921981379967789e+00
4.011108557316723555e+00
2.265549643721489037e+00
2.035671105824824245e+00
7.084456649277941220e-02
-2.293143324404812944e+00
-2.986980122671354376e+00
-2.189909937702825271e+00
6.470665775920301233e-01
6.470665775920301233e-01
6.470665775920301233e-01
6.470665775920301233e-01
6.470665775920301233e-01
6.470665775920301233e-01
6.470665775920301233e-01
6.470665775920301233e-01
6.470665775920301233e-01
6.470665775920301233e-01
9.537632229929958461e-02
-1.318868261308778100e+00
-3.912225008454206954e+00
-5.568200839871788155e+00
-5.267915626451886268e+00
-4.064738785333893212e+00
-3.993363101585794439e+00
-1.714182738139938156e+00
-3.252405420109524936e+00
-6.078075884230461412e+00
-4.792813768883562808e+00
-1.557263404592539313e+00
3.316706019099042169e-01
-8.854075915839599853e-01
-4.275566939931368715e+00
-6.227904045993610360e+00
-6.894230999557705353e+00
-6.667286756266736170e+00
-3.072792258269279042e+00
-9.132430278464836348e+00
-1.507431307891519445e+01
-1.600867274327717737e+01
-1.578946318554759465e+01
-1.591884732686953896e+01
-1.640570940959475976e+01
-1.668954121081739572e+01
-1.678633641436194424e+01
-1.633354945171413064e+01
-1.610196163663778535e+01
-1.522487769781279887e+01
-7.617074440456752527e+00
2.984707703289833258e+00
4.077796420924536314e+00
3.427588185374920826e+00
2.188201272818051102e+00
-2.146418081437387659e+00
-1.740627813143032165e+00
9.191128653252825242e-02
1.756148594440247068e+00
-1.091481463882925329e+00
-6.086842810625117117e+00
-8.665346701574581090e+00
-1.001686742884319159e+01
-1.011767990475514090e+01
-1.075526726503136565e+01
-1.187133005322968593e+01
-1.250855926070692448e+01
-1.287910233894708867e+01
-1.287967124716952760e+01
-1.118907003947718160e+01
-6.392596265793649479e+00
-1.781769900416785957e+00
2.733670935870778695e+00
3.404041696193629285e+00
1.602943851975443978e+00
8.162029128918306675e-01
2.762315613159330052e+00
4.000153811497788148e+00
4.860225621515625427e+00
6.672216163181913906e+00
7.749001271632441679e+00
6.179487377620736410e+00
-5.856115247771929155e-01
-4.317525416260643567e+00
-4.665337568281794134e+00
-2.991944610593070042e+00
2.914873156003037757e-01
3.737838909785213826e+00
5.454762299263331116e+00
4.877888727452618589e+00
4.291123259558388803e+00
5.151724434903024452e+00
7.051818936464703924e+00
7.928247710487101862e+00
8.051911522680684996e+00
8.698567552445400253e+00
1.048460126282870419e+01
1.242538281827578928e+01
1.310306040564565677e+01
1.168606208011332193e+01
9.562077524005562879e+00
5.901207539188910722e+00
2.990021988723653212e+00
4.264310638999798120e-01
-2.235781611161939519e+00
-1.497949902319349436e+00
-1.185594902932406575e-01
1.513459318981964952e+00
3.994519158016402560e+00
5.040939995399491558e+00
5.067080509926691789e+00
3.733249747804263663e+00
3.113596118344393648e+00
2.966950209049052933e+00
1.026577858029896761e+00
1.880660970023519396e-01
1.793618431022090176e+00
4.943536029440327439e+00
8.174760735305843795e+00
9.785803280996455911e+00
9.174450924101236637e+00
8.399150215468390357e+00
6.611252288509169794e+00
4.094060869589379870e+00
1.378571362255787580e+00
2.912161010470967412e-02
9.496681936053021911e-01
1.245588452878398922e+00
1.575093683014969548e+00
2.243344348403536248e+00
1.809932225918842841e+00
2.158794385491327184e+00
3.119237063304744595e+00
2.327765601105522997e+00
-3.450012666084275592e-01
-1.006422734375908012e+00
-1.457751790536657932e+00
-2.832329777048639308e+00
-4.785245047350414005e+00
-4.698493746204411181e+00
-1.925236188047189989e+00
1.460976951968606885e+00
3.730845807437982664e+00
4.677578404509708854e+00
5.815229906289142825e+00
6.060593823983797535e+00
7.196895465431925487e+00
9.327577685375599614e+00
8.958699901800978083e+00
7.395421301861535568e+00
5.359644088638892967e+00
4.131295909014444767e+00
4.842221875752243498e+00
6.505648167118391889e+00
8.809840908516454405e+00
9.356895510863115106e+00
7.307777041226445114e+00
4.257581688005021014e+00
1.901650024649239823e+00
2.382344490093649902e+00
5.500770699784640172e+00
7.779965224671601121e+00
9.928330708823562389e+00
1.062708456740097951e+01
9.938809756272458884e+00
8.538138541759700217e+00
7.176227043422658269e+00
8.315094816537767386e+00
7.460516722850633720e+00
5.953980502852073364e+00
6.013408492386373538e+00
5.827016109905720498e+00
4.249998969184905384e+00
4.902135332785196198e+00
8.078273740093235844e+00
1.001756700553327484e+01
9.585962920269809118e+00
5.615248945366645650e+00
1.814835783864012564e+00
9.318901061578265255e-01
4.557237612071970645e+00
7.516720313717189406e+00
8.781488287249400670e+00
9.439504338938229822e+00
7.908307369803400100e+00
5.180099920549750436e+00
4.237646671239515328e+00
5.032208405724723832e+00
6.605613994110500542e+00
8.418012936659474477e+00
9.480447658693837099e+00
1.161006855889494638e+01
1.411508587956329741e+01
1.530678342198369890e+01
1.516902901124467995e+01
1.330656164612271475e+01
1.170758483472074118e+01
1.107389422611904273e+01
9.813339930549435763e+00
9.036738767669037387e+00
8.812416496108447461e+00
9.296240678999913243e+00
1.064203441991074328e+01
1.191234802123647007e+01
1.120940894327270421e+01
9.597994163375407339e+00
7.886188800000875077e+00
5.079381711579824099e+00
2.985619462151832604e+00
3.388805990002272672e+00
7.089506354686944789e+00
9.734464493832586385e+00
9.820184151040468379e+00
8.718921993857893682e+00
7.976004290409440145e+00
6.702564465152853757e+00
4.928821549907055122e+00
4.704867343819917558e+00
3.171794434952667885e+00
1.637230764740232880e+00
3.972001362441972994e+00
6.908272385225808776e+00
7.855618544095373856e+00
4.693557116199766455e+00
7.968713377657723473e-01
3.050108842109836571e-01
6.706292141892745695e-01
3.252222650058689712e+00
3.796353576818434661e+00
4.186258655469571544e+00
6.796715341011309697e+00
7.662535132071194077e+00
7.568090567661182710e+00
8.411768456379750347e+00
1.047557117096558876e+01
1.282567964053519916e+01
1.307972611212436931e+01
1.195766376546127496e+01
1.262516501349544029e+01
1.210985337533326600e+01
9.643771699300089040e+00
7.241173697349537086e+00
5.397510718518245376e+00
3.343937987697308323e+00
2.993834704528297141e+00
3.242206429816193225e+00
1.195505679903460239e+00
-3.680147189347560133e-01
1.438941567333764437e+00
3.922073681434903314e+00
3.526369252506645235e+00
2.582187423066647280e+00
4.338557345743541127e+00
8.215284553584664806e+00
1.003555784251643601e+01
8.882469268933906648e+00
7.657631434744040178e+00
6.787163539187135441e+00
4.578977043033516381e+00
4.104828812808285043e+00
4.006459689571828520e+00
3.620641032057325237e+00
5.355400004602627995e+00
8.308326183317509717e+00
1.058744201498964443e+01
9.529581933828726648e+00
7.003576025656169435e+00
7.700186893145651190e+00
5.858829437411951169e+00
3.260010885208854070e+00
6.596664712600471603e+00
1.060895197361240605e+01
1.038103668937102597e+01
8.373579210221347324e+00
6.073640457515529611e+00
3.948961056921365120e+00
1.683347337595151760e+00
2.181450011011206946e+00
4.769710510567675144e+00
8.168474578342836523e+00
8.532948626338562548e+00
6.190282715744833020e+00
6.543862959381035793e+00
6.411311612574754903e+00
5.816219559104342629e+00
8.579973892226636423e+00
1.077441916288826995e+01
1.024611254284278417e+01
9.928647290340848031e+00
1.153806063584734076e+01
1.162092823277707154e+01
9.188065349337941612e+00
7.511542562734533135e+00
5.631491695388554319e+00
2.915607286312113189e+00
2.815107864085047762e+00
3.485710252480892279e+00
2.944303340976430317e+00
3.149893304285579898e+00
4.560346384876526216e+00
5.702399469805305543e+00
6.042982499042642175e+00
6.249865625106918010e+00
6.164448332547116216e+00
8.381052670359443013e+00
1.175912999933230552e+01
1.267642751089578645e+01
1.288401800931247720e+01
1.374163032444734966e+01
1.424626936572476232e+01
1.417792740751819380e+01
1.273947237913280439e+01
1.195817387847221092e+01
1.155749739108205176e+01
1.124069818028954693e+01
1.288707262539281118e+01
1.276150189237204025e+01
1.049979536748753262e+01
8.622183794095606757e+00
9.484338478173958364e+00
1.268297664951699666e+01
1.393238350800690206e+01
1.380813891225083623e+01
1.385976482276535648e+01
1.438091622617152865e+01
1.490029336939212179e+01
1.567635611075602320e+01
1.630837243734180575e+01
1.650017817074899185e+01
1.650780219493594458e+01
1.607990044077810765e+01
1.474229785409442250e+01
1.265656472985013181e+01
1.010960530367771959e+01
8.148710622110680646e+00
8.218923838434108120e+00
9.811305668411815617e+00
1.146688771539092677e+01
1.240300954973229963e+01
1.253195550054208596e+01
1.116604899021367103e+01
1.219085446809740958e+01
1.275669593486897391e+01
8.562328364640951150e+00
8.223575665319504679e+00
1.116839062387237114e+01
1.341086160491729373e+01
1.198956293753590963e+01
1.104405720202497854e+01
1.157344706696250825e+01
1.147375371783594566e+01
1.096243885687834130e+01
1.215352942096002842e+01
1.448932879923668438e+01
1.408926165671638842e+01
1.267476485793249275e+01
1.345268346213535615e+01
1.170125764653644396e+01
9.516388479229499708e+00
1.027407127563315647e+01
9.891037105451184530e+00
1.132952993182012413e+01
1.297198844707234322e+01
1.280183741165116551e+01
1.222963349491595686e+01
1.163984432078222930e+01
1.346455216967727075e+01
1.454226238942713323e+01
1.344264606439382881e+01
1.306675574950575225e+01
1.186497634863390793e+01
9.528125483963476583e+00
8.611584582525933840e+00
8.234092104053855721e+00
1.053329090697225290e+01
1.227785534321066763e+01
1.202883351509744081e+01
1.261064708896975262e+01
1.344574075482945297e+01
1.351492781409107913e+01
1.230461511190151036e+01
9.785960769025656703e+00
7.495988003180446668e+00
4.501315554590006762e+00
3.447852755291319848e+00
4.805474102343167075e+00
8.981173852846431771e+00
9.450752032101412681e+00
8.068788187951074775e+00
9.492837054375117489e+00
1.090416071017510724e+01
1.276645587753962907e+01
1.263245611629649900e+01
1.180707400145237429e+01
1.173376591118905665e+01
1.051857870839937270e+01
9.246205622009973979e+00
8.700536178833337075e+00
1.050461842885545494e+01
1.216604392304772908e+01
1.156186955593647170e+01
1.171907480794951262e+01
1.248206295061366866e+01
1.378572209842240426e+01
1.485909240760869388e+01
1.563134717563174547e+01
1.608357570095522959e+01
1.604313701690660210e+01
1.627363366968181779e+01
1.624094278847925565e+01
1.484138134588003766e+01
1.286868725883246789e+01
1.184979322892283804e+01
1.085260712534920557e+01
9.924868236042089009e+00
9.708977394472899647e+00
8.131639565768200129e+00
6.817289271923407057e+00
7.348499482748965583e+00
9.719766035495812417e+00
1.222147447078183369e+01
1.366965483076384480e+01
1.491230713562439725e+01
1.567653242834394867e+01
1.622980501505756834e+01
1.605340259839063322e+01
1.559597245376364150e+01
1.598407991199051636e+01
1.635262725432746223e+01
1.616441605420410355e+01
1.564905981706408866e+01
1.536816508306344531e+01
1.429730079565754863e+01
1.281594104960118052e+01
1.191905239622640167e+01
1.138324555390691550e+01
1.032212858333193317e+01
9.726472751445241371e+00
1.083495625450023780e+01
1.133649985974193086e+01
1.249179991456064087e+01
1.393274468534049859e+01
1.363361050839663591e+01
1.546481745187791645e+01
1.577385803681761089e+01
1.525520232385708752e+01
1.562026344570376679e+01
1.459978152288145026e+01
1.339463871478383439e+01
1.272034089372666621e+01
1.299016751943783099e+01
1.471373624203289410e+01
1.554522430802558652e+01
1.576586933524754208e+01
1.605066896405523380e+01
1.559462917132570148e+01
1.442811456371825862e+01
1.242959190260436486e+01
1.261083628577853233e+01
1.394864164315774602e+01
1.534328773139793078e+01
1.612680966518824022e+01
1.625606677351902007e+01
1.645965964834227790e+01
1.630040521778160922e+01
1.562768448047776282e+01
1.551783802207524587e+01
1.531770034324691210e+01
1.516637649120225007e+01
1.516412643006749583e+01
1.428528803146654624e+01
1.384965309929149235e+01
1.336269629885029531e+01
1.266900795848867212e+01
1.379559037513507036e+01
1.560423288147900678e+01
1.610122497641926742e+01
1.621998293433685845e+01
1.644421968375501919e+01
1.568582042440871760e+01
6.470665775920301233e-01
6.470665775920301233e-01
6.470665775920301233e-01
6.470665775920301233e-01
6.470665775920301233e-01
6.470665775920301233e-01
6.470665775920301233e-01
6.470665775920301233e-01
6.470665775920301233e-01
6.470665775920301233e-01
6.470665775920301233e-01
6.470665775920301233e-01
6.470665775920301233e-01
6.470665775920301233e-01
6.470665775920301233e-01
6.470665775920301233e-01
6.470665775920301233e-01
6.470665775920301233e-01
6.470665775920301233e-01
6.470665775920301233e-01
1.457642280819465519e+01
1.442348617367581198e+01
1.509150765506199932e+01
1.526591549256488278e+01
1.441575723788149155e+01
1.371757711312154449e+01
1.391455770820680904e+01
1.501704704407441149e+01
1.620846903591894517e+01
1.665430246006728865e+01
1.658119325530113386e+01
1.587845144802317954e+01
1.407117624743063367e+01
1.187412141679428323e+01
1.101458641059001309e+01
1.272729820330559747e+01
1.402934809218684542e+01
1.419939263795076911e+01
1.352003345560246572e+01
1.312593235563933547e+01
1.467789393256197528e+01
1.629914138983722793e+01
1.671635705847418407e+01
1.661953144529330118e+01
1.633682507229569225e+01
1.629919408252691326e+01
1.618723954281936628e+01
1.586479941774407898e+01
1.457060956283515551e+01
1.483135918774729944e+01
1.480008863560843579e+01
1.433940086018460036e+01
1.269975609927054627e+01
1.258260646904690461e+01
1.387521204631331528e+01
1.458097693076640056e+01
1.465934532149916159e+01
1.614181339705040585e+01
1.657325724635233399e+01
1.654365726087996080e+01
1.449984761381601217e+01
1.181330821064244674e+01
1.236027551055562057e+01
1.140941121210772558e+01
1.095467458147444262e+01
1.200792805707088284e+01
1.161533659261767681e+01
1.183573134755312140e+01
1.350525351556684761e+01
1.437154755973277176e+01
1.422877055706859473e+01
1.173476816514387266e+01
1.306964747432356688e+01
1.408503611694286306e+01
1.244772022344750795e+01
1.319472050175592948e+01
1.352309226919172858e+01
1.436886415224212321e+01
1.519141687176557909e+01
1.504758409801939756e+01
1.417334656561778594e+01
1.235164515487723058e+01
1.013717552472569494e+01
4.001233142986018620e+00
-2.006111720653653840e-01
1.934729731077130754e+00
3.445808055143336990e+00
4.156813895185187846e+00
3.950069273348101984e+00
6.376188421216523849e+00
1.201700504488063537e+01
1.565306988832180046e+01
1.602447014543579584e+01
1.562565603678096871e+01
1.612523956797134161e+01
1.615680066516562619e+01
1.549375888196079387e+01
1.456414901025117992e+01
1.436696855052822563e+01
1.408183791483463843e+01
1.417555748356867618e+01
1.421973090524217120e+01
1.371613137476477462e+01
1.246774479821153037e+01
1.111403203395909678e+01
8.909506863316252634e+00
6.986985827711848174e+00
6.355343900480428410e+00
7.492506160499138979e+00
1.115441769051941101e+01
1.267216344919886239e+01
1.282937503463669060e+01
1.371853849247722579e+01
1.511905095324804904e+01
1.368783328271081601e+01
1.021716827685563089e+01
9.687681155714209069e+00
1.244993216021296334e+01
1.304201004213489767e+01
1.175484592102548476e+01
1.087544040442621807e+01
1.064423379577536366e+01
1.228908743310930340e+01
1.346629366734547517e+01
1.314006062232437699e+01
1.159505135517709284e+01
1.064218354132644961e+01
1.266107345391602301e+01
1.492547308154529162e+01
1.512646030675375286e+01
1.512088157270298971e+01
1.529679457448380120e+01
1.507274859455069915e+01
1.541335155348142294e+01
1.592495052593849714e+01
1.602168241492883283e+01
1.610570514213077686e+01
1.558390838944740686e+01
1.388936047273054619e+01
1.246674099358503618e+01
1.163486702727247923e+01
9.929964328035381982e+00
1.087561916839612053e+01
1.374838129475848625e+01
1.428260348886762898e+01
1.346877976957690493e+01
1.110997383043689624e+01
8.683656352278541490e+00
8.555516453489351747e+00
1.009372548503466760e+01
1.147803191239272458e+01
1.231352950265227797e+01
1.293903395553170732e+01
1.137991557391267960e+01
8.996863655717273645e+00
9.241879408416295405e+00
1.092362619972795557e+01
1.285119100323767860e+01
1.507358935008714518e+01
1.591939580505716556e+01
1.556828932329175075e+01
1.602395138526764029e+01
1.598419941582728931e+01
1.545224331081725211e+01
1.459533992307105699e+01
1.235884908243661506e+01
1.077245192088371795e+01
1.101099917515431592e+01
1.257893992195774580e+01
1.387038091105813997e+01
1.475795753187252934e+01
1.492310854143110888e+01
1.480001085880554612e+01
1.505507000608872303e+01
1.570407124753088368e+01
1.643889189233801318e+01
1.647196618035951943e+01
1.597493977167383328e+01
1.494660005358125687e+01
1.432856486505396632e+01
1.522227038942703281e+01
1.493035496962002817e+01
1.398394755689941071e+01
1.361415134345555877e+01
1.277399512656350211e+01
1.312363116887019743e+01
1.332804594813444865e+01
1.191978247286184889e+01
1.209459319337185157e+01
1.307454814813090138e+01
1.424311103797451850e+01
1.518147272026362771e+01
1.524871080689349689e+01
1.482855543907823304e+01
1.491111127642624545e+01
1.405642449901125524e+01
1.487894551340375671e+01
1.580478086305051733e+01
1.603950833108730833e+01
1.518586045356136971e+01
1.026311582577949544e+01
7.438665438283993403e+00
8.268547060267565030e+00
8.150161800351668262e+00
7.465253266382704034e+00
6.212291751219976454e+00
3.434278855853838852e+00
3.124716687134121429e+00
5.096984505500013363e+00
7.578589341800993751e+00
1.027841449017007669e+01
1.217062123848889144e+01
1.228038019243518697e+01
1.152404175154391375e+01
1.222894303144515682e+01
1.391644338064791064e+01
1.444088843583631210e+01
1.395200950565256903e+01
1.441209284581175787e+01
1.496840551498437755e+01
1.492378266117326824e+01
1.464124280091787256e+01
1.388157583301191345e+01
1.389516619513761064e+01
1.378838952158322506e+01
1.257752223768206434e+01
1.270003494219149509e+01
1.252194068410445738e+01
1.179282369870331237e+01
1.262738876061710513e+01
1.386858930052862249e+01
1.355461473146042728e+01
1.206307801599218621e+01
1.057144850866897023e+01
9.717585690832320822e+00
9.797234973899064059e+00
8.976669711745355329e+00
7.985155140710133104e+00
8.110164459230761125e+00
8.636809362132412460e+00
6.735139548837018708e+00
5.785777222883618620e+00
6.122976493163171163e+00
6.002407487530462937e+00
8.031462045410110662e+00
9.480757382223769625e+00
9.063617501414098498e+00
6.326897134433484560e+00
2.836751330131536797e+00
4.472729694124770283e+00
1.067675663380541096e+01
1.272122712705131242e+01
1.348844878692309379e+01
1.425610399050252752e+01
1.389812126127795011e+01
1.348197227734729964e+01
1.247601019393824906e+01
1.158217037765335711e+01
1.199699574638973765e+01
1.072981641616298809e+01
7.414281720497991834e+00
5.499095951905557556e+00
6.182070462406302980e+00
9.748146865842253206e+00
1.212893179768789942e+01
1.211761647650158125e+01
1.017756963758358602e+01
1.003963987605858499e+01
1.062049956766959546e+01
1.037254264404763759e+01
9.394970211253712122e+00
7.563007978687881661e+00
8.140870642268611235e+00
9.166682159657852935e+00
9.869731414095856081e+00
1.163181801184875930e+01
1.100986704987638731e+01
1.015663596848322570e+01
1.073176705396911679e+01
1.081565334359999397e+01
1.049811610395901518e+01
9.358710772226471519e+00
8.864787215788471286e+00
9.269776898002486831e+00
8.806825076744269509e+00
7.652294611633228882e+00
6.338456275980341559e+00
6.427139486204131558e+00
6.698655293571321501e+00
6.620231416845430594e+00
9.370192399047393650e+00
1.164342922169022465e+01
1.099405961533022946e+01
8.260664905051729789e+00
6.739810852514184880e+00
