-1.110656828139602581e+01
-1.237032489147637904e+01
-1.197658522074867982e+01
-1.271698610907205662e+01
-1.338271072169422737e+01
-1.236645567619183694e+01
-1.112344172293290612e+01
-9.824407635429897923e+00
-9.178332006708544100e+00
-9.875194018938453056e+00
-8.868277625022635391e+00
-7.019877195812960657e+00
-6.863136424563250237e+00
-7.733393153673943310e+00
-9.443375095035332123e+00
-1.008224398691984014e+01
-8.517743415863082035e+00
-8.619326220288122897e+00
-1.141212272181456910e+01
-1.270483128247181170e+01
-1.259024559676203658e+01
-1.085897514640543271e+01
-1.120932166892920456e+01
-1.188047206939959466e+01
-1.112157097789034665e+01
-1.145212975439640779e+01
-1.231431485036633688e+01
-1.232687948625252083e+01
-1.115967348906973378e+01
-1.078983253681964705e+01
-1.158468654264743414e+01
-1.124312449637385392e+01
-1.055382224161409077e+01
-1.134562002237099065e+01
-1.019880235586013839e+01
-8.471684144341393718e+00
-8.661138151442534294e+00
-8.010349591680121506e+00
-8.583208357800247157e+00
-9.331603274309303586e+00
-9.888242092611056577e+00
-9.333451796032729675e+00
-6.849217502034314897e+00
-6.358707609569237640e+00
-6.914249239829248772e+00
-7.358192556247693084e+00
-7.329124842814039198e+00
-8.162495188645809918e+00
-9.533841597214291141e+00
-1.076476609220181402e+01
-1.053858332933982922e+01
-1.012909252711226671e+01
-1.165151155208726053e+01
-1.109460931571117115e+01
-1.073690486433767965e+01
-1.214688488567010971e+01
-1.189158716150576289e+01
6.470665775920301233e-01
-9.433034544900552376e+00
-6.701045511233555629e+00
-7.447441797290002441e+00
-7.221847259406399822e+00
-6.550024483410505027e+00
-5.811190457785988528e+00
-5.276987612562987984e+00
-7.877533443274795211e+00
-8.447056977841642222e+00
-7.421211076196524203e+00
-2.748592602411207508e+00
-4.375540504538834030e-01
1.346746608549293178e+00
1.133609185269472297e+00
-3.444881954210555985e+00
-3.015578173327018607e+00
4.271940368003291355e-01
8.115744878068833490e-01
-1.383644920959110181e+00
-3.046965375437388879e+00
-3.465828027523537358e+00
-2.687187593626484183e+00
-4.787327653557273521e+00
-5.004288905180287905e+00
-1.524196451804305852e+00
-3.513827973012431549e+00
-3.153523921444028488e+00
-1.938667278980223063e+00
-4.127605545704325252e+00
-5.220542090866453933e+00
-6.166521324228270373e+00
-6.552959205252465225e+00
-7.597792511415351946e+00
-9.279180771379328618e+00
-8.335581025239759967e+00
-5.195328392651632932e+00
-2.992173924313694666e+00
-4.121634553805067824e+00
-5.658657085119219943e+00
-6.128840887154471950e+00
-6.546140615779301619e+00
-7.934392832227529446e+00
-9.208474187183163906e+00
-8.675376630664370481e+00
-7.902534241094097744e+00
-6.909007248946320345e+00
-7.505592957872557314e+00
-9.095110314201294344e+00
-8.222903134404910830e+00
-5.489030224284621617e+00
-1.393308566760645961e+00
2.026030343429690461e+00
2.016753349015222074e+00
1.669267114097640281e+00
-2.652487376861113466e-01
-1.525602508379746425e+00
1.691123647773170813e+00
2.135075049497049626e+00
6.003340487501593881e-01
-1.238515181295945400e+00
-5.959287203249837184e+00
-8.732067899034415603e+00
-8.388117719950267670e+00
-7.881086794614877711e+00
-7.659234988015469092e+00
-7.471220400830282493e+00
-8.488063944775301906e+00
-9.048074732731141268e+00
-9.521739884659046638e+00
-1.069165742460243429e+01
-1.003647476408801431e+01
-1.008206744159584289e+01
-9.730809409110696251e+00
-7.598574616858728703e+00
-9.113558700746080987e+00
-8.310721761719811695e+00
-3.760533216495537623e+00
5.049031412166459232e-01
2.425148427917033001e+00
1.544965455041048263e-01
-3.474460539336227782e+00
-5.741766508034143790e+00
-4.358049876314718851e+00
-1.350979243278885189e+00
1.741082589006664127e+00
-8.509810728355382548e-01
-6.712364298114990468e+00
-9.281911824688531709e+00
-8.655825269127868538e+00
-7.989886576398050444e+00
-8.866544721848697463e+00
-8.358444148152148756e+00
-8.507217167844599359e+00
-9.716689517644732987e+00
-1.075925453680003230e+01
-1.067174309408584953e+01
-8.765561259543483530e+00
-5.688881388070364586e+00
-3.823887466239296540e+00
-6.780154068344452334e+00
-8.283399217636334910e+00
-6.857534303814105670e+00
-3.355498584941711826e+00
6.168017503693629111e-01
3.335513371278290840e-01
-1.811547632929485285e+00
-5.590004457318253905e+00
-6.170351493010520549e+00
-3.990608297495193302e+00
-3.546314318966345969e+00
-4.084014087358147194e+00
-5.740973535976213959e+00
-6.819559497441312956e+00
-7.107186610144801797e+00
-7.231624730928286837e+00
-7.673744137346139027e+00
-6.510620371957335450e+00
-4.670270745195814754e+00
-5.253640534254189198e+00
-7.427714155056688305e+00
-9.932465393327815306e+00
-9.987819820975602170e+00
-1.077394232320509282e+01
-9.748678006753271674e+00
-8.665103441338018797e+00
-9.463743965366866462e+00
-6.791768165802229973e+00
-3.854613206412591087e+00
-4.443579555633671241e+00
-3.776213752078235508e+00
-3.715880921516303559e+00
-7.668995967713863493e+00
-9.640356740436303085e+00
-8.512099968718921161e+00
-6.985573927947535289e+00
-7.151008006800720018e+00
-9.563701013014179964e+00
-1.111005264520719393e+01
-9.031853974689619591e+00
-1.012402700777110631e+01
-1.082766059463008013e+01
-9.005475107821181879e+00
-7.866058239505596461e+00
-1.061746527908910487e+01
-1.233462841360874762e+01
-1.266936742666796434e+01
-1.299286927558133087e+01
-1.210718825515496277e+01
-1.127567451493710315e+01
-1.157271390280971701e+01
-1.049777906854832565e+01
-9.872637327603603907e+00
-9.445057249145330402e+00
-8.281956345257858843e+00
-8.050974170247052086e+00
-8.326882160520716170e+00
-9.433212727459196145e+00
-1.146821646421814833e+01
-1.110628626724147061e+01
-7.768308020176680984e+00
-4.024711946483106928e+00
-4.487963976811495392e+00
-5.660498411482768333e+00
-6.480178991230838292e+00
-7.068444889631094519e+00
-5.296397364165110311e+00
-2.724831942326522150e+00
1.623213374442966650e+00
6.854757358362562059e-02
-3.653110213151860908e+00
-6.490021807699625223e-02
4.489610384438107893e+00
3.876864803424203032e+00
-7.863988093179404837e-01
-1.642748667613197933e+00
-2.604232628422255225e+00
-5.180019982035791948e+00
-6.789682680905631429e+00
-8.710929005662016777e+00
-9.962466121318760415e+00
-8.011319387455046126e+00
-7.712930024134019291e+00
-1.046667915236114865e+01
-1.141069558855772392e+01
-1.241218283439460279e+01
-1.294272151610285171e+01
-1.183227376509583273e+01
-1.108576640675264535e+01
-1.253092292614305236e+01
-1.325833818781611306e+01
-1.271204175777574719e+01
-1.283040312725824528e+01
-1.251426497361856249e+01
-1.133665176284867293e+01
-1.313074448186810272e+01
-1.317704895420958522e+01
-1.182210615374879659e+01
-8.800958940588236246e+00
-4.883595350676188218e+00
-8.048919160410410001e+00
-1.114679834660780422e+01
-9.602012699453837286e+00
-5.953648226630633644e+00
-6.239638622855392391e+00
-8.065119954115731460e+00
-7.864657878855627615e+00
-9.404385411590372001e+00
-1.298781244762260023e+01
-1.424673834457906985e+01
-1.267992589737084685e+01
-1.124815178073451882e+01
-1.096881405636007401e+01
-9.759114220708260845e+00
-1.115916806113802906e+01
-1.289716768034429961e+01
-1.095667778191644537e+01
-7.912557838072068250e+00
-3.977267884434057876e+00
-2.422942889602901495e+00
-6.392329029789488359e+00
-6.779570167293630156e+00
-4.797483002838300870e+00
-3.139712736335593668e+00
-9.615695839180450344e-01
-3.352856930101586475e-01
-4.175905580730875144e+00
-1.061765102658464066e+01
-1.251260401669577327e+01
-1.365622660848333503e+01
-1.368059771710053063e+01
-1.134782946593033692e+01
-1.196470839970788269e+01
-1.326428601288954923e+01
-1.178444232828169547e+01
-1.147331960242649096e+01
-1.307885409208131833e+01
-1.445239173237520625e+01
-1.586184459982585437e+01
-1.594904978332501067e+01
-1.595454181894103307e+01
-1.626895663413178994e+01
-1.524550463378308507e+01
-1.372672039729637028e+01
-1.314954517703907655e+01
-1.408577173279297767e+01
-1.435971905082289091e+01
-1.310534040736400385e+01
-1.276974308283625170e+01
-1.085194737146420252e+01
-7.426114763023162979e+00
-6.619272172814719468e+00
-7.058974631103651198e+00
-5.929081157077583875e+00
-5.944079661843321816e+00
-4.830474232160081094e+00
-4.929277275213095777e+00
-9.109539601192825131e+00
-1.109676848589046649e+01
-1.173021254048869189e+01
-1.041392860124047459e+01
-1.033229713668988836e+01
-1.050655189977634762e+01
-8.203017945024292601e+00
-6.498520938137565928e+00
-6.129280549440399462e+00
-6.918539565663626156e+00
-5.572841723881775344e+00
-4.358127220540473523e+00
-5.212145563422444283e+00
-4.118027661581913357e+00
-5.050399726248798515e+00
-6.764719240045105053e+00
-5.144512236316100662e+00
-4.491557663388190846e+00
-5.993030386072539351e+00
-6.420113792710608891e+00
-5.626042792227004874e+00
-5.341847772465135868e+00
-3.562657917152614040e+00
-2.464237337323662125e+00
-2.284601774155718523e+00
1.116449720384677657e-01
-2.098228184943904839e+00
-6.153562402937908793e+00
-7.344027954938056268e+00
-8.207738949181027976e+00
-8.633521499476648486e+00
-9.990092792522551335e+00
-9.717054788286965561e+00
-8.325960523861091644e+00
-8.609077074737029989e+00
-1.078181154203601722e+01
-1.117105293739799876e+01
-9.393238079017978137e+00
-6.020612028096546275e+00
-4.581958432056405961e+00
-4.010426733114099029e+00
-4.453199968681453846e+00
-5.396276353025728056e+00
-4.101283431809847890e+00
-5.940694050002546689e+00
-6.140282118871492223e+00
-3.998735402429751229e+00
-5.170526844861268678e+00
-7.400461499607950522e+00
-9.268900039038635796e+00
-9.500960001112050080e+00
-8.331072847510494483e+00
-9.227519465941808718e+00
-9.749260656409825643e+00
-8.622868507835210750e+00
-8.778395448004514989e+00
-7.659626089425794149e+00
-8.396566158841574534e+00
-1.047549224486931507e+01
-1.117327479400036516e+01
-1.231842693138621136e+01
-1.350196102363048922e+01
-1.471667422643766798e+01
-1.390184964034523141e+01
-9.250757155001441134e+00
-6.032433838676176663e+00
-7.789372956974914608e+00
-9.877362629471326372e+00
-1.109141878089575783e+01
-1.099645329309391428e+01
-9.278468904427654707e+00
-9.090841956316211281e+00
-8.169526566061733774e+00
-8.468570193715912353e+00
-9.347026163630658857e+00
-9.352852880355133181e+00
-6.954277197826768564e+00
-2.627684321154394986e+00
-1.335598356745113513e+00
-2.848389955712448351e+00
-3.083132936628345089e+00
-1.487401105544716717e+00
-1.221758197768586740e+00
-2.411006784527840452e-01
-2.202490526395984638e+00
-1.872953657987631804e+00
-1.618986463233829109e-02
-3.345616011869650741e+00
-4.165228030554498417e+00
-3.533894571688380726e+00
-6.061236019087886895e+00
-7.809030082618976465e+00
-6.456134226819872701e+00
-5.828073020881995525e+00
-5.922263064702732116e+00
-5.400789428412523741e+00
-3.764046149103546401e+00
-5.253655018979960900e+00
-7.983452501209551855e+00
-6.927764488237015073e+00
-7.293552257809222006e+00
-7.272603053814870044e+00
-4.735434523598874179e+00
-1.714479003471598650e+00
-9.934183588493190609e-01
-1.761375320933402877e+00
-1.415421531416058087e+00
-3.557988984475083605e+00
-5.591880524972907551e+00
-5.586150862377000870e+00
-5.363238530481325483e+00
-5.370296492119794429e+00
-5.986104570341007403e+00
-4.595305011970151732e+00
-1.977197869516652551e+00
-4.661386975866034454e+00
-6.831291601668154634e+00
-7.417593387826931561e+00
-4.696967160043626244e+00
-1.093423356172133376e+00
-2.134505573054246153e+00
-1.873909419286857281e+00
-3.056936218024163487e+00
-6.618920004739342389e+00
-4.753131243620613233e+00
-8.211250211415130895e-01
-4.084293967579831985e+00
-7.074669155687426603e+00
-7.461842590083227478e+00
-6.412880989422190758e+00
-2.017547218208057824e+00
2.522594563300001536e+00
4.172818173339375214e+00
3.995198335167112091e+00
-1.183592722797970620e-01
6.576039499936203736e-01
2.335645855689221673e+00
3.825181329949693509e+00
5.881419875793944207e+00
3.281219479246636705e+00
1.133460532204199733e+00
-2.935751958244857018e+00
-5.195676369688376539e+00
-2.891004963500826364e+00
-2.621456909767722721e+00
-7.342492772731199047e+00
-7.120608616041456784e+00
-4.898030581461290112e+00
-1.628526883974878769e+00
-4.899356294086518182e-01
-3.306047278195720640e+00
-6.519279301295501483e+00
-7.781664035859472861e+00
-8.554886931848564302e+00
-8.890105009317188944e+00
-8.703511350241784683e+00
-9.271061828312159747e+00
-7.605206115331990091e+00
-7.480647787861513187e+00
-7.831642863564493240e+00
-4.161142278316993348e+00
-3.766627377032002677e+00
-4.872542905955707937e+00
-5.649655613883368233e+00
-5.521919513702124860e+00
-2.173632691471421019e+00
-1.417224958514805344e+00
-2.122192869575488139e+00
-3.908858654345971129e+00
-5.098198021811566782e+00
-3.591348500362055773e+00
-1.947045933066213541e+00
-2.240814125198522522e+00
-4.609157510405045954e+00
-3.422268684526777793e+00
-2.458863101928000727e+00
-5.616587721710913250e+00
-5.798959969635300027e+00
-2.928699570680563635e+00
1.772922337715371333e+00
-2.750168671723278724e-01
-3.531877670098086952e+00
-3.291373652641364611e+00
-4.155843718088217287e+00
-5.126246301719217691e+00
-4.044349491607071911e+00
-2.126822010600450508e+00
-7.930722879649725332e-01
6.774275334319770359e-01
-1.681176988951948559e+00
-7.976082759262471455e+00
-1.077626923656022484e+01
-9.588032537775200481e+00
-8.510679578213800056e+00
-9.685041962335699139e+00
-9.311902890494522467e+00
-7.359609448289647915e+00
-6.739553059973428795e+00
-8.552540121544623730e+00
-9.944660510708706269e+00
-1.085718182587458358e+01
-1.141208741634319956e+01
-1.070921788571759237e+01
-1.040011247155715601e+01
-1.213070422522162772e+01
-1.168990932643933611e+01
-7.958660430825235110e+00
-8.600833093475410251e+00
-1.000703377894608614e+01
-9.597813160510664687e+00
-9.324378713829096554e+00
-8.638267204400952082e+00
-8.378237938976116794e+00
-8.978074037429522036e+00
-9.278179052438220609e+00
-6.880697429559655021e+00
-7.406188552170027251e+00
-7.499714850008477818e+00
-3.761054489868199457e+00
-4.402419080000768759e+00
-6.826901001728518104e+00
-9.304822340411456949e+00
-1.099395870737838088e+01
-1.019107107005671331e+01
-9.654387150125693040e+00
-1.045295189479604225e+01
-1.227390652532620408e+01
-1.343538300574776834e+01
-1.293729752002874100e+01
-1.190062242610458298e+01
-1.018238893340358686e+01
-8.413032540031016637e+00
-7.882851992317278622e+00
-6.574310611357128131e+00
-7.875568696504185340e+00
-8.569153385897246622e+00
-8.116228772951011194e+00
-9.206841854825841054e+00
-1.066291056763558487e+01
-1.158269853834462459e+01
-1.129246423809837019e+01
-1.029574252106459831e+01
-8.722514263925935651e+00
-9.256875260746685541e+00
-1.005182038094687158e+01
-1.054671096623772186e+01
-1.229606749043224845e+01
-1.177875041281382984e+01
-1.093422420076803903e+01
-9.658515501670041914e+00
-7.031329857900646019e+00
-5.483967087878466096e+00
-2.712193799606719580e+00
-1.276046333147422551e+00
-4.422599212426645998e+00
-5.191027340916109623e+00
-2.373908400086992998e+00
-2.135256438842513482e+00
-3.528829122613084568e+00
-4.522231071327011520e+00
-3.748231042685856274e+00
-1.453637853970762839e+00
-1.837060537641503899e+00
-5.716158065222834317e+00
-8.085158951451511200e+00
-8.978891348867973576e+00
-9.374290352579663477e+00
-7.001278543538695942e+00
-3.171556444722869017e+00
-4.992296535692920756e+00
-7.689962820457475701e+00
-9.474186522805371879e+00
-1.126327865864960032e+01
-1.142357656205668626e+01
-1.084241496467494947e+01
-9.355082570374207762e+00
-8.539841591650896291e+00
-9.138645301453900416e+00
-1.031677389693844304e+01
-1.108342916502666675e+01
-1.020611411752271458e+01
-9.593250560910492553e+00
-9.583552967509032072e+00
-9.865707733108564526e+00
-9.740373636706365801e+00
-7.642822152646184364e+00
-5.726511675068024942e+00
-5.452655657889310170e+00
-5.250134385954139837e+00
-7.326840109884940944e+00
-1.215268451104698855e+01
-1.420371123083055132e+01
-1.432240352574150855e+01
-1.468307569746202823e+01
-1.403350828802802397e+01
-1.299009107706110733e+01
-1.283705688749187956e+01
-1.422170207983116974e+01
-1.447759704266466763e+01
-1.308025525656924692e+01
-1.097118426563708660e+01
-9.450293782457539038e+00
-9.092880789037680600e+00
-7.946967136711590385e+00
-5.641335380570394520e+00
-3.574491983017775265e+00
-2.619805131290750655e+00
-4.728004094423640780e+00
-4.633198567979202487e+00
-6.505249905118300369e+00
-1.035994480158818298e+01
-1.121910875518109130e+01
-1.154681370058776224e+01
-1.208686754025116450e+01
-1.307566497513080250e+01
-1.391314766630917887e+01
-1.254081724407001808e+01
-1.243795333417054216e+01
-1.395151106994410739e+01
-1.400173662170563027e+01
-1.322360436692290619e+01
-1.317839647327888741e+01
-1.402155684796506030e+01
-1.374941837683252821e+01
-1.192580964974212776e+01
-1.092204046864290312e+01
-1.047164812703757164e+01
-1.015936220804108636e+01
-8.949090218821064369e+00
-9.168526502964041924e+00
-1.214565946133017427e+01
-1.351984027540072653e+01
-1.308613683596313493e+01
-1.374486345049655078e+01
-1.453910804691560443e+01
-1.478273682052746807e+01
-1.409685399989264099e+01
-1.342697078428226121e+01
-1.354730159553066215e+01
-1.269643657015491023e+01
-9.177259621620958541e+00
-5.861330954132445648e+00
-5.326247891785377497e+00
-5.775119620309811630e+00
-7.952759458112292457e+00
-7.928385531090515137e+00
-6.298696842870239898e+00
-7.092457149097203484e+00
-7.431889289644351138e+00
-9.516232256182576066e+00
-1.311972876201045146e+01
-1.341901828086585979e+01
-1.317260315510567992e+01
-1.328759296803926659e+01
-1.178416580362299371e+01
-1.191632639109375802e+01
-1.179527703657916327e+01
-1.185440155974817067e+01
-1.307281065648387219e+01
-1.401971265268044498e+01
-1.482334489661742083e+01
-1.502614960941862421e+01
-1.479933441112239478e+01
-1.498921246998794565e+01
-1.527259103870840917e+01
-1.504000107028189603e+01
-1.436734854104757453e+01
-1.469723024470389561e+01
-1.500066216137330599e+01
-1.495049914543288416e+01
-1.489707846610654229e+01
-1.409350371904517196e+01
-1.379051377943930490e+01
-1.423129775836678768e+01
-1.431106255568332131e+01
-1.189491295455180442e+01
-1.094654093053570776e+01
-1.284947516478943541e+01
-1.403673947967757840e+01
-1.472511146290025863e+01
-1.403544070475765793e+01
-1.172406180976332379e+01
-1.152396512477942458e+01
-1.203145015137544327e+01
-1.326915956140975261e+01
-1.341978784234798106e+01
-1.302552285432938106e+01
-1.359824288597302555e+01
-1.313040822608019731e+01
-1.347149468596904498e+01
-1.475241873386228519e+01
-1.517554750125651530e+01
-1.512500116371836612e+01
-1.503176464578801941e+01
-1.535696384438135809e+01
-1.507703901915565403e+01
-1.497321518357190584e+01
-1.434759360323345945e+01
-1.492864512012128664e+01
-1.488819365689804997e+01
-1.491321076560708470e+01
-1.446435657511138473e+01
-1.473528299538569541e+01
-1.526563446173532768e+01
-1.493455165185532252e+01
-1.395638617388552127e+01
-1.307011634570058156e+01
-1.326699169884193807e+01
-1.447741858930056047e+01
-1.453641933113105011e+01
-1.481287649001957440e+01
-1.504223864433732416e+01
-1.496532487303199055e+01
-1.470211991342397440e+01
-1.512060902469776735e+01
-1.542440790105128734e+01
-1.504826304376418200e+01
-1.464387270406662367e+01
-1.434568014104758404e+01
-1.405111802814646893e+01
-1.292328087518539093e+01
-1.236042455626824399e+01
-1.314065543528520763e+01
-1.239154748708562437e+01
-1.013203083810375205e+01
-1.067716908340588944e+01
-1.153015782705242920e+01
-1.200954063667385441e+01
-1.305980733761482426e+01
-1.369009727158828937e+01
-1.249463835418903734e+01
-1.080406730368888013e+01
-1.114700254253607348e+01
-1.211817518630295787e+01
-1.146594651007509214e+01
-8.797383049826150270e+00
-1.121228012887164915e+01
-1.106834335019821935e+01
-9.489230237603448970e+00
-1.136415883753472933e+01
-1.271781621384099914e+01
-1.162299267236984690e+01
-1.200399206781343686e+01
-1.288384968791933005e+01
-1.400262660140222692e+01
-1.452376624637604507e+01
-1.467447398469087716e+01
-1.415738576559580153e+01
-1.381736978939538751e+01
-1.351321318019628137e+01
-1.112713728530570911e+01
-9.442323246709335649e+00
-6.780265744941011974e+00
-4.605646573640534314e+00
-5.550369097415829955e+00
-8.381650759008023144e+00
-8.813302658133579826e+00
-6.226019599561644746e+00
-5.561010300614093183e+00
-8.047124509979738605e+00
-1.266335868155264421e+01
-1.448233317427888345e+01
-1.505019505111424927e+01
-1.472665363207948630e+01
-1.404920205184927084e+01
-1.447151427538363677e+01
-1.488540577596059578e+01
-1.526923985444213727e+01
-1.514803669740073744e+01
-1.385299740176533589e+01
-1.221484424667594126e+01
-1.244324721269681255e+01
-1.369850177581576567e+01
-1.339810398865184915e+01
-1.181046870145006444e+01
-1.099630598711158314e+01
-1.118085832447075489e+01
-1.099700394868071207e+01
-1.329074901661498842e+01
-1.462569672385953723e+01
-1.392274395987801228e+01
-1.343423949997347755e+01
-1.440667088299673892e+01
-1.457426171066740572e+01
-1.345746723732031924e+01
-1.407448516048335030e+01
-1.460433001134532560e+01
-1.411631242340486558e+01
-1.318973079154434380e+01
-1.263208328945432157e+01
-1.290993491974582064e+01
-1.358782662664360252e+01
-1.274168716656052602e+01
-1.158850303325185038e+01
-1.190103140855127073e+01
-1.073837469582633197e+01
-1.019189182304333663e+01
-1.196775377532184770e+01
-1.204493316596754404e+01
-1.096008472010129431e+01
-7.907851519149597941e+00
-2.795572470046434610e+00
-4.844988100149748789e+00
-7.384494864179892204e+00
-6.962718390781502009e+00
-5.196680369683616796e+00
-5.968137655317236501e+00
-6.100555711738298470e+00
-4.223161483289897156e+00
-4.997900673693581375e+00
-8.999029018394081092e+00
-1.175312761339584000e+01
-1.053311167885963151e+01
-7.952632091235657619e+00
-8.671072708919254524e+00
-7.853022279305148068e+00
-6.073040550740931742e+00
-8.677451556689819157e+00
-9.766855119138259766e+00
-8.991743802061092694e+00
-1.019417669977068286e+01
-1.002682254551161911e+01
-1.090042064822403312e+01
-1.167406130274950016e+01
-1.046779850533124900e+01
-9.632349453492112801e+00
-1.104293592180495054e+01
-1.233515080801304720e+01
-1.147585662321632860e+01
-9.990732455449318650e+00
-9.013680286091126703e+00
-6.941929824499133872e+00
-5.746062504660867987e+00
-5.431623424690046775e+00
-3.648993683727861370e+00
-3.354223128377949781e+00
-4.608191543207090568e+00
-6.837245474106283361e+00
-9.768350788670627338e+00
-1.010988501342447776e+01
-7.336852371265541350e+00
-3.960809393711444581e+00
-4.052496726081344036e+00
-4.545539832091003873e+00
-5.681203185374027242e+00
-6.997915841617841970e+00
-5.327173591668882047e+00
-6.075820342296716525e+00
-7.215315368802055040e+00
-5.893995004645051772e+00
-3.208438731712183412e+00
1.319520414474767200e+00
1.583565602462877253e+00
-9.437692921188874928e-01
-4.306849041140810463e+00
-4.010985420268750268e+00
-2.746408249943728563e+00
-3.676730097299295785e+00
-3.562855972654221048e+00
-4.149166408636171255e+00
-4.306678132342757870e+00
-5.087940860195333315e+00
-2.849167506755656554e+00
2.010698252540086273e+00
3.272264398923949713e+00
1.478771404940379064e+00
-1.578780932593120134e+00
-2.887304234812080317e+00
-2.792793518883077919e+00
-2.261362847680829180e+00
-2.823772542703269828e+00
-2.112863608233729984e+00
-2.369968683090059702e+00
-4.670282008987559408e+00
-5.681019464356264592e+00
-4.728079060567104364e+00
-3.804733039844907516e+00
-5.556429941590666388e+00
-4.259255791830171667e+00
8.922670565349735128e-01
2.803201525161733709e+00
-1.066302031777989878e+00
-1.877250583415760898e+00
-2.238940581996121004e+00
-2.888172702119009561e+00
-4.974324256085226104e+00
-5.163487933287497889e+00
-3.108677151400628613e+00
-4.988154855450373404e+00
-7.330322533389857398e+00
-1.007963672368629382e+01
-1.062803322333206424e+01
-9.377605272729326202e+00
-9.837441641734644193e+00
-1.141910657951496155e+01
-1.174048291892002283e+01
-1.269439643733687539e+01
-1.410108708663421062e+01
-1.327739056016580932e+01
-1.002264125366472669e+01
-1.035929439055084167e+01
-1.027069313560918040e+01
-8.578094186886389139e+00
-6.772546736137281975e+00
-7.031665936618335166e+00
-5.223375507252683292e+00
-2.535696491515743833e+00
-3.253725663912499844e+00
-3.073053843152506293e+00
-5.038937502459859274e+00
-9.840678746729468074e+00
-1.192965063811146109e+01
-1.153395791307714724e+01
-1.202887218628839605e+01
-1.082591444942176118e+01
-8.543215411988050789e+00
-8.563185999134667270e+00
-1.086130586245780982e+01
-1.295371255796490040e+01
-1.251545761955823366e+01
-1.073390919085903406e+01
-8.447798902945994115e+00
-6.474493672102148878e+00
-7.567009403746747687e+00
-8.746183030152144156e+00
-1.041041422076770573e+01
-1.134258961744275851e+01
-1.047829755267943419e+01
-1.132703029885451507e+01
-1.185877513800359928e+01
-1.005635431843936267e+01
-1.016329831447552223e+01
-1.187101547385311662e+01
-1.120058210493037798e+01
-8.846233514066765835e+00
-7.693282755854748522e+00
-9.696646356493895169e+00
-1.022162718649128443e+01
-9.242431339238446952e+00
-8.120387054085087541e+00
-6.724067138219724349e+00
-4.631013888585384208e+00
-4.891969886315314042e+00
-8.098143578277255727e+00
-7.746805258046707721e+00
-6.482835221938231918e+00
-8.892508723913442381e+00
-7.307253920232199107e+00
-4.817603537152653104e+00
-5.588944113223426768e+00
-5.996426740779224218e+00
-7.022668658549986453e+00
-9.453065548705923860e+00
-1.018224742956981466e+01
-7.681971697940488397e+00
-6.237827663199988493e+00
-5.595554448742066533e+00
-3.257224288518507205e+00
-3.826643077894976930e+00
-5.093664198839139345e+00
-3.720422258806521221e+00
-7.500768667993688854e-02
1.362587010780265784e+00
-2.086381281869194915e+00
-3.595411401229023696e+00
-2.986592931744415758e+00
-4.190954453414240888e+00
-2.313083801172658216e+00
1.343217328148882617e+00
7.867658288127059585e-01
-7.005378768420106317e-01
-1.774965098076875858e+00
1.463509345143450657e+00
4.366983183717881190e+00
4.250145401084838070e+00
4.758497255356924249e+00
3.913290598415690269e+00
3.284926681373399049e+00
5.217327024419373238e+00
4.712840997581341895e+00
6.754361501380633237e-02
-2.437826917481588751e+00
-4.848624936000250685e+00
-5.950012259050132535e+00
-5.630547981343870134e+00
-1.859949436765286457e+00
-1.156068711382828962e+00
-5.038118410694281124e+00
-3.534687637864902587e+00
-1.986866280610849744e-01
1.309376360933257155e+00
5.503703590948686442e-01
-1.855604805604768481e+00
-1.865839160988446377e+00
-2.980590962761032081e+00
-4.827694133289049283e+00
-3.823312611849689624e+00
-1.709659300755590694e+00
-4.527894270466619187e-01
-1.133590502778303533e+00
-5.001126674421354501e+00
-5.077880102513748106e+00
-4.679387198639138212e+00
-6.399738178359980267e+00
-8.362324692165637785e+00
-9.130044716533543436e+00
-6.735097739820732343e+00
-6.351364363228924503e+00
-5.287818445894063579e+00
-3.516905298896290777e+00
-3.444839758601540236e+00
-1.079723821630591329e+00
-6.976188601094159003e-02
-1.078744123674472977e-03
-3.946277178932796059e-01
-2.479192903344995980e+00
-2.396294874656842988e-01
-1.430262937146777213e+00
-4.057123673148949727e+00
-3.057736005373116406e+00
-2.231967696990985850e+00
-3.829204347022177046e+00
-6.709068113976218939e+00
-4.164607567910048935e+00
-7.790568676012373794e-01
-1.409168796917412703e+00
-1.364097021274179200e+00
7.292550066798551001e-01
1.116205873614152244e+00
1.085926095639253436e-01
7.419085151423369107e-01
2.491069079428316790e+00
2.830337260515229492e+00
-2.781195524587469214e-01
-1.218699259944578728e+00
2.054278300514257527e+00
1.805667534551577136e+00
-1.588475757534228539e+00
-1.585522635474328479e-01
2.889242626079814968e+00
4.453881223100226272e+00
1.098763322956303190e+00
-3.158360462023016790e+00
-2.101294457343368463e-02
3.285583516205854426e+00
2.022837361849241677e+00
-5.240001937000150489e-01
-2.180874972802203882e+00
-2.023757849291055066e+00
-2.313184827284004985e+00
-4.115662959872365967e+00
-4.562462004808940819e+00
-5.894527088184317698e+00
-6.858613324229867914e+00
-5.400915789418552215e+00
-4.032520050048841398e+00
-1.165460959444797995e+00
2.956173715381848477e-01
-1.775304692153647279e+00
-4.334031827535266501e+00
-2.746242804974876606e+00
-2.272018447747472525e+00
-2.984721886918817013e+00
-1.851169711123637152e+00
-4.392060811838680578e+00
-7.503164525449422584e+00
-4.154772756274403456e+00
-3.086814808122567921e+00
-4.652695794024239717e+00
-2.810297038633959854e+00
-2.088337471996242756e-01
3.295297930638009909e+00
5.854047923460028890e+00
4.406072241620091035e+00
8.751249713093816052e-01
2.041327219506176682e+00
6.172745381906231010e+00
5.596860583486780172e+00
2.018919247353518909e+00
5.697204332901424362e-01
1.122972207971344893e+00
2.154750266541305859e+00
3.323049346623436318e+00
1.874682936756697504e-01
-3.412691927953928950e+00
-2.160664617359417505e+00
2.228972413078313064e+00
3.974968997254443082e+00
3.506397074452539453e+00
4.337269048759416989e+00
1.440682757004294601e+00
1.466132547987965551e-01
-1.481883770423360280e+00
-2.501890776772577873e-01
2.414116373780661462e+00
4.431532568132166006e+00
6.121600047471343231e+00
1.521204470195615555e+00
2.448624216757644412e+00
5.529881717484305348e+00
5.073875653236364913e-01
-2.994741658342159774e+00
-3.638854177820180169e+00
-2.270225667879363307e+00
1.363002786693842339e+00
1.945963861786209614e+00
2.660488325595711800e-01
9.696007893770072217e-01
-2.366525469336651089e+00
-3.373601553245677120e+00
1.788159884765718077e+00
5.497485930211547966e+00
4.738390479639234876e+00
1.811206622752447926e+00
3.198038429920870840e+00
4.378633511670535938e+00
3.651647072084002854e+00
1.605550594947767085e+00
2.114368846139245584e+00
6.884052403697707767e+00
6.994820905126482913e+00
5.881794729273405409e+00
3.775148561287964721e+00
1.183944871478219696e+00
4.886775735575460189e+00
9.114913141457876122e+00
7.449845368781921273e+00
6.031991026766615249e+00
7.693089891661298196e+00
5.817079231135257267e+00
-9.263811849689836952e-01
-3.857956670163295243e+00
-2.282246784122073713e+00
-3.326415987958653009e+00
-6.576010516572412534e+00
-3.899283010922494075e+00
-7.478817311282626168e-01
-1.144032753977005240e-01
-1.300636709137514391e+00
1.108253792065731602e+00
6.004281437416558731e+00
7.739441185341050300e+00
1.070023616396753141e+01
1.343592516511859891e+01
1.376590382689945180e+01
1.326928823212601216e+01
1.267209058776779962e+01
9.865272687916808891e+00
1.023349469531309452e+01
9.155140968142319480e+00
1.058886203772891665e+00
-1.452480635556176347e+00
-6.331834924624520911e-01
-6.229293934976717351e-01
-3.020222013177970677e+00
-5.551181469505884536e+00
-5.295417001179420602e+00
-5.806764387884640222e+00
-5.381662773746867856e+00
-4.304261850714319770e+00
-9.302811813557007037e-01
-8.795184401147256859e-01
-1.284756616615481573e+00
1.305013488076811057e-01
-5.709773244929648994e-01
-5.362209949994483082e-01
2.184897147113743721e+00
5.718985807298097690e+00
4.103569338742810046e+00
-1.927085507704280887e-01
-2.279413568293114256e+00
-4.434166460987831293e+00
-5.168431545125607762e+00
-3.695317564088421491e+00
-4.935666051993274905e+00
-4.532094704249191253e+00
-2.810447643077033320e+00
-5.267071855225817778e+00
-4.096490028051686494e+00
1.356363495438399847e+00
3.170712182228987874e+00
1.672497525387759421e+00
3.124985905128021102e+00
6.063104826355474763e+00
5.834433527888584159e+00
5.472310151751824669e+00
5.157428675303182608e+00
6.319840085781535777e+00
9.239747916288104435e+00
1.193918047834423746e+01
1.297197870323914692e+01
1.232628727860844720e+01
1.310452754896209449e+01
1.317153052540871094e+01
1.309756693756787449e+01
1.404091165952442033e+01
1.442745238627355064e+01
1.430958101899676116e+01
1.310187537970579896e+01
1.213341826298917958e+01
1.133940435198386965e+01
9.015300819544787458e+00
1.001480814605085357e+01
1.314181967464254974e+01
1.195753645655142705e+01
1.088176045655908730e+01
9.861097838601455834e+00
7.578783204663137596e+00
5.936860459701345683e+00
3.680764552691157210e+00
1.527749012886321589e+00
6.526487092286075153e-01
1.163564769325037829e-01
-1.144253470500319114e+00
3.366561448533659240e-01
2.346984944333641909e+00
3.828119159349842260e+00
5.361051296162922419e+00
4.139475125365193797e+00
2.826851842374753065e+00
2.034687907215238845e+00
2.860112748416461681e+00
5.264023240801247283e+00
3.627835738981238567e+00
-1.531806006430682654e+00
1.094448372401737452e-01
4.253416149625440568e+00
3.489195654566537907e+00
1.508570132181573875e+00
6.118344554063249729e-01
1.547617252705192126e+00
3.310609945792751141e+00
6.514411977672905252e+00
7.708348217881212605e+00
3.807609378467081029e+00
1.720404339012674422e+00
2.210398521159548935e+00
6.442286142540948335e-01
2.016762838016031179e+00
3.238356727130635715e+00
2.384710673395752156e+00
2.750583790074051294e+00
6.405369704482188453e+00
4.936467708697654722e+00
2.249482264536041054e+00
3.053789922355717668e+00
5.006158879895528102e+00
4.455731995925352962e+00
2.361905440056763616e+00
1.065481500217438260e+00
9.791192337281292568e-01
-7.345287246816682991e-01
-2.680181001034191546e+00
-3.573629130824046429e-01
2.377282042598948042e+00
2.554607018722813816e+00
3.319047225921441413e+00
1.343454749227542599e+00
-1.539012303715166841e+00
2.131259639660364691e+00
8.215420168642841858e+00
1.143730828386326337e+01
1.223479326901959929e+01
1.164740135414525390e+01
1.008438061281752951e+01
7.102063512786224386e+00
8.303814470365617595e+00
9.683151438733021976e+00
1.212363369338178920e+01
1.326760882035670974e+01
1.057459986097386384e+01
1.099209272369009049e+01
1.201213816124131384e+01
1.138310414639144774e+01
1.222334736356559048e+01
1.170111914338254522e+01
1.045109531909204925e+01
1.149257462881190328e+01
1.051798634774706542e+01
9.265722687050631734e+00
9.226568144151984896e+00
9.161361616363306482e+00
9.995847621794128557e+00
1.038784151557945812e+01
1.071222988097795614e+01
1.045945179975929484e+01
6.755424235062443827e+00
4.839629634247534007e+00
8.421527474744394226e+00
1.103084623608102177e+01
9.183710730030652414e+00
7.568879565061013004e+00
8.200727903345779168e+00
9.417810785066532020e+00
9.272158678765196171e+00
8.072430798282406172e+00
5.675823837427708796e+00
4.259654763418130763e+00
6.468421397590775612e+00
8.593250679084508903e+00
8.814042294606291961e+00
8.925978644858011180e+00
9.784169027853502953e+00
1.054177379077831844e+01
1.209055479687439849e+01
1.031050451627614528e+01
7.496674211421840539e+00
6.744183440079721592e+00
4.742658550349786672e+00
2.697185368330076383e+00
-1.176213427997348182e+00
-1.914263868393021983e+00
-1.296815965762826872e+00
-3.695887020355846708e+00
-3.947683549958656890e+00
-2.771783099577479259e+00
-1.144672900646134472e+00
2.358449873724296708e+00
-2.167290241945893092e-01
-2.892220096449132694e+00
-2.257750327586726335e+00
-1.960861421022853657e-01
2.890147820762613673e+00
2.262282972981116025e+00
9.957478883216215326e-01
2.000443273931992838e+00
4.918224827484264594e+00
4.093225068254765731e+00
3.980274284557386633e+00
4.572325370189002314e+00
2.338393898356497136e+00
1.853587087847418324e+00
-6.067827480250369554e-01
-1.224529192822422674e+00
-1.278043242817210157e+00
-6.227136537458076715e-01
1.145292690250130585e+00
-9.976809241570940845e-01
-1.951310707218155249e+00
-9.982677379862072709e-01
3.666537480595786214e-01
2.001493221149674984e+00
1.927758215196327063e+00
1.493990240807157477e+00
4.229033237866390849e+00
2.318148374068234485e+00
-3.288206201281167473e+00
-4.290116292556723998e+00
3.638494617074933268e-01
2.884506758526480752e+00
1.918497352872215345e+00
2.169380788059168008e+00
3.109738836253117977e+00
3.940157804692026033e+00
3.398908496519799538e+00
1.389796605298746490e+00
3.033635551550235121e+00
2.843834316161795162e+00
-1.396262185182302940e+00
1.262368949129939466e+00
6.488458603095385691e+00
9.603614676910037673e+00
1.236231244836164045e+01
1.254497466742232525e+01
1.247695401998271159e+01
1.238545134092503019e+01
1.025125852641518875e+01
9.362406211514018750e+00
1.067332551184226475e+01
1.172551826003770259e+01
1.177059527867450583e+01
1.164918980281256822e+01
1.010172090497612807e+01
1.053540933269202817e+01
1.194150154515086015e+01
1.031099060005430879e+01
7.706888732503580641e+00
8.131546337652036271e+00
9.713822827955695516e+00
9.983755695328845547e+00
1.195736907857549092e+01
1.221244302427853690e+01
1.128039693881627059e+01
9.797791505141180579e+00
1.024654329029458388e+01
1.081666839955213888e+01
1.109687726214250070e+01
1.337085094784514894e+01
1.300430918259845825e+01
1.139146787174813724e+01
1.012216983288051608e+01
8.459469180058315274e+00
8.438145172824034645e+00
8.292053303573887035e+00
5.379363082844855093e+00
4.704278905208638228e+00
4.304921859395656192e+00
5.891176686225580106e+00
8.944297037862227739e+00
9.288503218086123780e+00
7.766068376563181275e+00
8.838832413824206924e+00
1.167661381645714691e+01
1.196334174580747245e+01
1.076506448999702137e+01
1.155030506738006757e+01
1.237388069684832637e+01
1.061759666306735284e+01
8.782183023829091439e+00
8.520809433381522524e+00
8.073463505080789915e+00
8.765218567239310588e+00
1.007094665735731454e+01
9.147892326506751104e+00
7.338035217884190331e+00
6.582270666228113853e+00
7.766465676797600359e+00
9.963595885122593643e+00
1.191318742811969855e+01
1.275179985609796951e+01
1.359717579625954365e+01
1.334786734160652522e+01
1.208467285870139563e+01
1.096616870338528926e+01
1.038330884010280464e+01
1.189701071174251368e+01
1.159679548443117980e+01
1.055651522782624063e+01
1.197164106690155805e+01
1.139596523413263718e+01
1.065932113808107928e+01
9.234111391327379792e+00
7.697380459546653952e+00
7.361268552907092477e+00
6.740635287160990252e+00
7.378112789507190961e+00
9.955564085280560249e+00
9.318866915673796214e+00
5.589032477392713361e+00
7.593873146799348106e+00
1.269934749551484998e+01
1.536449440830749857e+01
1.549505402467394610e+01
1.535864506680480623e+01
1.520981322221587995e+01
1.459411674443610885e+01
1.472298260227690747e+01
1.490292585937042880e+01
1.288817842194735519e+01
1.120302990026717715e+01
1.120357322647056364e+01
1.237940105532617352e+01
1.157315395154720505e+01
9.663032319888317900e+00
1.038178115264209289e+01
1.200574745388852982e+01
1.250997861236364805e+01
1.277676383472988952e+01
1.448385707719518400e+01
1.520758057429113208e+01
1.524948610200753762e+01
1.449685316318132244e+01
1.272356756389318200e+01
1.182873045601251150e+01
1.374540144581199108e+01
1.566985702425694882e+01
1.437881868319125545e+01
1.225068305808627933e+01
1.385670299421105689e+01
1.475656303717448203e+01
1.432041930400494323e+01
1.222729351312980839e+01
1.349010960117101732e+01
1.369991742845742877e+01
1.193096884232599741e+01
1.280414834317945427e+01
1.232183498029120194e+01
1.285240815843082984e+01
1.192767221580796111e+01
1.065709652104899519e+01
1.264075820587101617e+01
1.322553647825192336e+01
1.168287862029727364e+01
1.087689221918157223e+01
1.065185954283619907e+01
1.206785191756917541e+01
1.145556147450941609e+01
1.077181166589876860e+01
1.271648919684635182e+01
1.291421363802659172e+01
1.295173194587216869e+01
1.130995804196804322e+01
1.192639889400716058e+01
1.434785020784587495e+01
1.369496009400635117e+01
1.245855830369905348e+01
1.356021833029483759e+01
1.317328210710642011e+01
1.053271282948656662e+01
1.175871273400944617e+01
1.556078870938841696e+01
1.711452283199004754e+01
1.740233770597449947e+01
1.772261281748349049e+01
1.792215522087622048e+01
1.795354522547886944e+01
1.766249317124548668e+01
1.772128348028332567e+01
1.788499436732573855e+01
1.710610564646137632e+01
1.598406653638801167e+01
1.339570773027135786e+01
1.137903297743054232e+01
1.119295224116243404e+01
9.550766483460240153e+00
8.997719410045608157e+00
9.717714034268130519e+00
1.152772271220715261e+01
1.384530312699705235e+01
1.497725381462431571e+01
1.539941124169582309e+01
1.614357344899720914e+01
1.742705610519011117e+01
1.704109710830624991e+01
1.687119902134967120e+01
1.709693215850328230e+01
1.602487465574834857e+01
1.554125916489276094e+01
1.605507095290523978e+01
1.697771439040958086e+01
1.775579622310877426e+01
1.763630269973980447e+01
1.717981734254107806e+01
1.735651297499875767e+01
1.749008659371550678e+01
1.635626635687651387e+01
1.685598759864672758e+01
1.709583532648978732e+01
1.785195956353769731e+01
1.801983639286820349e+01
1.803353697845700410e+01
1.798318024945805860e+01
1.767112744412579417e+01
1.764770100776086181e+01
1.794945343698910634e+01
1.738613473076319593e+01
1.726834890569866232e+01
1.776279976558140206e+01
1.758789716202542408e+01
1.729017922808629493e+01
1.745052434983628586e+01
1.681478594888865885e+01
1.657482005764031285e+01
1.676164690683811997e+01
1.558401227415149926e+01
1.515679032654005631e+01
1.511967583613811961e+01
1.365047796784045708e+01
1.288552842543800381e+01
1.412932897744460448e+01
1.611891314441108136e+01
1.691272136009250815e+01
1.774051993240806269e+01
1.803446366875087037e+01
1.806648964975376970e+01
1.796503698359416745e+01
1.738596774390890332e+01
1.774809883279289480e+01
1.707259754765206949e+01
1.596238681139681681e+01
1.667044259202967993e+01
1.673853984719880472e+01
1.602793361817419893e+01
1.539332379243128557e+01
1.412487200459899306e+01
1.270672537802265012e+01
1.521021460583439655e+01
1.667300430785417831e+01
1.572011411092575095e+01
1.639014635637164830e+01
1.757982192711577341e+01
1.725213670805964838e+01
1.736738680404454627e+01
1.780163657434275137e+01
1.776986642250150084e+01
1.780280030464554741e+01
1.758573453575669632e+01
1.749352002359252367e+01
1.730646799517648660e+01
1.710057756485257130e+01
1.732441615161810589e+01
1.773484876769614260e+01
1.778328778795140863e+01
1.744993831226529224e+01
1.705298953859522371e+01
1.629893734883393819e+01
1.540119382916078017e+01
1.650601526805994013e+01
1.712458165793819731e+01
1.625935205070982903e+01
1.519450122325657304e+01
1.427558048504091026e+01
1.295467113034243312e+01
1.063882795118963998e+01
1.175312093783361966e+01
1.408940829755890078e+01
1.461069889734421068e+01
1.325004489350572712e+01
1.172275422048750393e+01
1.193864785270949369e+01
1.374610890136695396e+01
1.519985943429516695e+01
1.574217012307203234e+01
1.412410594068565217e+01
1.260636877433534586e+01
1.233571957782250728e+01
1.103601949261256365e+01
1.209672536100618601e+01
1.435572697781370977e+01
1.403778087820158937e+01
1.434046662815110196e+01
1.502733312623975870e+01
1.593405250765018089e+01
1.664321297033853142e+01
1.591987691934640203e+01
1.523349520387755796e+01
1.627390138565563760e+01
1.719448830739061762e+01
1.691275564817256694e+01
1.496546855377675200e+01
1.304529102340066515e+01
1.185187672528548752e+01
1.007905864343747382e+01
8.502867672744743643e+00
7.921702903973348420e+00
8.470109933318976658e+00
1.030212920666293108e+01
1.127713834154185868e+01
1.127662376106497177e+01
1.159400197195824767e+01
1.287858399496453643e+01
1.464925241269928158e+01
1.515401649368708092e+01
1.425654412080706379e+01
1.477545909544870106e+01
1.508167637339396450e+01
1.458665261078986397e+01
1.544115284400223942e+01
1.591036974042447127e+01
1.637396173012782796e+01
1.622651690334069841e+01
1.542557220910155458e+01
1.428659095762164810e+01
1.261452824403581907e+01
1.437077227556508774e+01
1.676318091357951801e+01
1.621479217837373099e+01
1.502616770938006141e+01
1.473355454259954200e+01
1.512772734568734201e+01
1.571383636873994938e+01
1.636279561223788548e+01
1.714093180220844914e+01
1.736259081346727839e+01
1.690230547031685404e+01
1.545115586367922056e+01
1.405201619336063956e+01
1.637351347922151135e+01
1.785423445027413436e+01
1.783025209097692709e+01
1.707383038913363649e+01
1.566388375007253053e+01
1.574689831900383474e+01
1.660040502997529899e+01
1.686952210997097978e+01
1.619357114808608245e+01
1.454836280836751961e+01
1.556204077258417406e+01
1.557004275156579887e+01
1.399283696999327375e+01
1.412726965225504117e+01
1.358259757789015154e+01
1.336515801655504632e+01
1.384756750877239284e+01
1.242737721229796222e+01
1.058790321899736142e+01
1.006717871481818172e+01
1.099355747294471719e+01
1.176082972516314662e+01
1.177011399439579087e+01
1.395306379091520377e+01
1.533865614864576798e+01
1.491463399714444904e+01
1.419123794185034804e+01
1.515407804729068530e+01
1.670133452550673070e+01
1.720775669890747750e+01
1.723778556863281963e+01
1.696990557948333134e+01
1.551783685169711191e+01
1.370506888108703158e+01
1.070442224908883766e+01
9.937817450702533861e+00
1.158324343589334227e+01
1.078375692150635246e+01
8.533543654565880487e+00
7.951299330758167194e+00
8.383575514525459127e+00
9.474462687815213613e+00
1.014504742512125723e+01
1.076805915112537093e+01
1.196798575980087698e+01
1.264912672199591803e+01
1.265468039032182013e+01
1.294789325307483807e+01
1.136173544544117320e+01
8.917412428085039977e+00
1.173672558307926828e+01
1.336917177141254420e+01
1.187979184906478736e+01
1.477459039791141393e+01
1.558026152629710914e+01
1.554957897471887840e+01
1.584487612325903960e+01
1.588387470484444997e+01
1.529904616054741417e+01
1.368318005738949594e+01
1.308783754752363038e+01
1.353834309519441170e+01
1.476824317829300171e+01
1.640394253893382270e+01
1.754261817996210127e+01
1.770356191882321539e+01
1.719434101871638632e+01
1.614555213031983172e+01
1.582228065498941483e+01
1.615966381211512726e+01
1.693688769251867754e+01
1.727648792333190997e+01
1.667053573831887192e+01
1.507464607490844877e+01
1.408616200488038395e+01
1.271027609417371274e+01
1.301806105992104889e+01
1.420816563809815136e+01
1.354376074293751664e+01
1.329998689870447670e+01
1.231301736181106676e+01
1.360656646249101875e+01
1.507213933768047376e+01
1.403232106746559715e+01
1.331570266885935716e+01
1.261963707932294554e+01
1.195954447153788536e+01
1.353731312494566197e+01
1.324716123113928212e+01
1.069317358942501528e+01
1.024096005350543948e+01
1.043372899562485934e+01
1.142069650281921511e+01
1.506074575472028343e+01
1.657744621391161743e+01
1.703400889682175290e+01
1.744047174196507299e+01
1.686966057194193169e+01
1.478755680116824678e+01
1.539744431527196511e+01
1.490479635604145336e+01
1.536944703547990798e+01
1.524365108338291996e+01
1.259293323722817171e+01
1.211233050642812969e+01
1.158550218081391492e+01
8.641178376667406624e+00
8.652615740372151976e+00
1.022259941692831298e+01
1.131690323491793571e+01
1.102893259119182012e+01
9.941502797444218942e+00
9.939947634799105813e+00
1.113396735377105351e+01
9.657720167832087199e+00
6.846971225106053716e+00
7.052724221281009065e+00
9.644313426438628767e+00
1.118686778970615237e+01
1.157400131509662344e+01
1.015064258157428334e+01
1.050647208254384957e+01
1.289160816233957974e+01
1.289754317546948492e+01
1.391632555971494867e+01
1.506771014480661997e+01
1.363031119859165230e+01
1.229384886191944304e+01
1.389610510339255001e+01
1.469062237033034535e+01
1.496759348037679338e+01
1.322456255222116184e+01
1.171410799116147849e+01
1.146730609688586000e+01
9.805421903145193241e+00
9.857330744028537595e+00
9.883324363267886881e+00
8.444778809815991494e+00
6.062143867667121100e+00
7.087897548501050693e+00
1.011211524614753188e+01
1.001091997283584156e+01
8.965423155377051145e+00
9.803363023663827391e+00
1.165882169126149037e+01
1.317094936093965352e+01
1.321182251285437381e+01
1.273199796000725037e+01
1.290781826672809984e+01
1.304734004285955962e+01
1.303240082303655001e+01
1.357663988485628259e+01
1.351085748477149728e+01
1.389924974934724489e+01
1.491478562238907379e+01
1.489721358852772148e+01
1.356973828452561648e+01
1.406853811296015166e+01
1.402580978088332486e+01
1.287728435081242750e+01
1.278857096907763591e+01
1.280551771863194332e+01
1.340271082627118027e+01
6.470665775920301233e-01
6.470665775920301233e-01
6.470665775920301233e-01
6.470665775920292351e-01
6.470665775920292351e-01
6.470665775920301233e-01
6.470665775920301233e-01
6.470665775920301233e-01
6.470665775920301233e-01
6.470665775920301233e-01
1.485131739227536407e+01
1.527593885780959049e+01
1.607663368525211212e+01
1.696905850271256355e+01
1.663728557984262935e+01
1.533911683996976727e+01
1.455407176936294533e+01
1.503967626449143502e+01
1.561521819255875698e+01
1.567612983642442614e+01
1.401400712125461112e+01
1.231712160028404668e+01
1.026295485414145325e+01
8.501906472077935817e+00
8.309727344241890634e+00
7.362110267411043907e+00
6.319728461126665309e+00
5.774141206836431728e+00
7.777490955203550271e+00
1.122470080032131889e+01
1.309592271218610371e+01
1.430893608899177316e+01
1.496061280266906124e+01
1.513744732144211191e+01
1.409127642523089818e+01
1.262604458596497459e+01
1.112141394589093757e+01
9.977922483819279265e+00
1.056803819630733443e+01
1.190044446556874647e+01
1.196785664469617316e+01
1.108189283899517719e+01
1.110685357790261207e+01
1.178671200910653027e+01
1.175542225563813403e+01
1.269633624227310875e+01
1.320828352795909666e+01
1.139453862042819487e+01
9.754514787368554707e+00
1.046482729403027356e+01
1.136372749738623789e+01
1.296211472133775366e+01
1.377941039495159004e+01
1.233153023315477448e+01
1.031159086825800664e+01
9.485095377881140877e+00
1.139294160542817025e+01
1.148859346851345720e+01
9.789040235573017057e+00
1.030948329356124127e+01
6.470665775920301233e-01
6.470665775920301233e-01
6.470665775920301233e-01
6.470665775920292351e-01
6.470665775920292351e-01
6.470665775920301233e-01
6.470665775920301233e-01
6.470665775920301233e-01
6.470665775920301233e-01
6.470665775920301233e-01
1.062230174157311424e+01
9.209175191959650064e+00
8.232889519201281203e+00
8.014880802302261742e+00
8.696845606287734398e+00
9.663428631302357630e+00
1.046209222988836984e+01
8.797666453978347789e+00
6.195029533315380199e+00
6.835216430662118370e+00
9.340140440298680957e+00
1.039909310507503548e+01
1.005702553317708414e+01
9.281890767915967899e+00
8.253242745184913076e+00
8.432022712434301681e+00
1.071702368564065111e+01
1.200372495326771016e+01
1.049901690964340339e+01
7.347940860682400377e+00
4.959470555601213526e+00
2.064864487841484575e+00
5.881173666286994006e-01
1.771359578178034688e+00
3.820002983774883898e+00
