-1.529738809777133035e+01
-1.583072630695829197e+01
-1.549468460839823258e+01
-1.467375161440092413e+01
-1.388255535714103139e+01
-1.263313232015150867e+01
-1.128917804154671423e+01
-1.165027681497693912e+01
-1.157608324717598158e+01
-1.201312620182678437e+01
-1.165206778719006664e+01
-9.932765046338797532e+00
-1.082398338465384668e+01
-1.249831103007922906e+01
-1.233955387703670681e+01
-1.133167312459865705e+01
-9.824094063278559830e+00
-8.766521374675264155e+00
-9.107220353058764317e+00
-8.890376682988287982e+00
-8.986838648284278364e+00
-8.929098320393794808e+00
-9.063249108891028527e+00
-1.066228997894137898e+01
-1.209396364080590125e+01
-1.303903304217544878e+01
-1.351950701391104559e+01
-1.297141807604819874e+01
-1.263243743563472954e+01
-1.263279240848517837e+01
-1.246055557177750828e+01
-1.153445387374368458e+01
-1.140434454409284371e+01
-1.200728197694969701e+01
-1.104066451345055633e+01
-8.708923993579496425e+00
-7.077669099364240601e+00
-6.421307508911802131e+00
-4.120871427414187771e+00
-2.316052909928103531e-01
1.337916912530294489e-01
-2.283069595758888681e+00
-5.134258402203213834e+00
-5.976873946886434474e+00
-7.369222739768558128e+00
-6.333786924255783823e+00
-3.096262342590143213e+00
-4.644657949986359391e+00
-4.687906157966180487e+00
-4.071658838485460841e+00
-5.346901072529708365e+00
-6.881826589352085577e+00
-8.321980391239639729e+00
-9.690136528370612012e+00
-9.431941679451542271e+00
-7.899486986442022740e+00
-6.122035322135211288e+00
-5.172588612255017537e+00
-4.939797926394557059e+00
-4.377897252450848598e+00
-4.851883877618078600e+00
-6.230397073125084617e+00
-8.447656425954289006e+00
-1.023989989330203620e+01
-1.052773836586463929e+01
-1.143069610689632576e+01
-1.176244991821971198e+01
-1.087151626933511750e+01
-1.041305650522661708e+01
-1.041443333546209082e+01
-9.781779067567853758e+00
-7.395577629799261032e+00
-5.019559640733231021e+00
-3.641925124058545737e+00
-2.990311946283700895e+00
-2.912362188546289588e+00
-2.775220918459246899e+00
-3.136661525872777023e+00
-2.521670750604350975e+00
-2.134025405266680941e+00
-3.594663760601608082e+00
-5.844073735126956493e+00
-8.007844034403932554e+00
-9.447613146475408286e+00
-1.054375375524170266e+01
-1.175112874053770362e+01
-1.086248652625235245e+01
-9.348767570618820244e+00
-8.459101119737727714e+00
-8.625834911526892412e+00
-1.026308416369169230e+01
-1.145082944303230654e+01
-1.098755051658627835e+01
-9.872743952429853920e+00
-8.473160262251877128e+00
-6.350877224666405141e+00
-3.531765966601025930e+00
-4.448839957021998082e+00
-7.633941279200023189e+00
-9.916634732487182191e+00
-1.206194203027706990e+01
-1.238741001264298269e+01
-1.158079723197512756e+01
-1.294196419878615423e+01
-1.484869024927766645e+01
-1.434696824700058748e+01
-1.259005132895454260e+01
-1.245877574287462863e+01
-1.215964390051086141e+01
-1.045792974813556953e+01
-7.834813885151154622e+00
-5.391022738653338919e+00
-5.042843759758272704e+00
-7.196177692846497109e+00
-8.920403734967907283e+00
-9.326795696105833144e+00
-9.028792916783661582e+00
-8.909524219528194067e+00
-8.051351629845290958e+00
-7.481886181926244106e+00
-1.053053736229963633e+01
-1.189511707240019156e+01
-1.199454541508255900e+01
-1.258795420677565602e+01
-1.345824590789703379e+01
-1.394875670096252485e+01
-1.255853889040483651e+01
-1.075184074142153889e+01
-1.084762402371022105e+01
-1.219505564090771621e+01
-1.242726466935347496e+01
-1.302854651437415079e+01
-1.476244009520281608e+01
-1.560811237386187145e+01
-1.481093550553310934e+01
-1.499601217031965916e+01
-1.522929292155472147e+01
-1.310932375975986552e+01
-1.023071488419896191e+01
-9.034188316699653498e+00
-1.051216477319028186e+01
-1.430641447338120287e+01
-1.420445403837027953e+01
-1.292713534732785163e+01
-1.354165056909917908e+01
-1.430933061332646972e+01
-1.329758650783185381e+01
-1.103661043975711387e+01
-8.596883429621453132e+00
-7.031086068201337191e+00
-7.467312570967992613e+00
-1.092755627010962094e+01
-1.413877974019494488e+01
-1.482002772177659189e+01
-1.307845435539283230e+01
-1.142839628271793195e+01
-1.318830887733517088e+01
-1.377162896613712739e+01
-1.214565417275197134e+01
-1.062195739334276823e+01
-1.265116013967791808e+01
-1.519868394041778004e+01
-1.547782144285379502e+01
-1.503478606115041849e+01
-1.421612581209202197e+01
-1.331409762737654212e+01
-1.283325035065230679e+01
-1.140124630489661506e+01
-1.204417049437296328e+01
-1.481590377454974572e+01
-1.641639968428722796e+01
-1.629023157227540608e+01
-1.629292991750022068e+01
-1.611960318439122020e+01
-1.467057562148373506e+01
-1.380455211739699806e+01
-1.084283023631533815e+01
-5.500248235187410017e+00
-3.356691277362736425e+00
-3.136469076696797309e+00
-4.112294466761297507e+00
-4.212747667085652736e+00
-3.835316014505121274e+00
-4.329770820283885158e+00
-5.965927521926000843e+00
-6.451250671124951985e+00
-5.341613713351072157e+00
-5.794267063184803668e+00
-7.971962254779475288e+00
-1.083872936992687919e+01
-1.131019862695873002e+01
-9.970618303109594294e+00
-8.891507340348631772e+00
-9.007227522822637056e+00
-9.494749918294996149e+00
-1.016355509820811420e+01
-1.189992899022943718e+01
-9.130379115651717115e+00
-4.852037313865081636e+00
-7.530728957608070928e+00
-7.801819418465914424e+00
-9.205377316097708373e+00
-8.110943541246536270e+00
-4.028816246728645467e+00
-5.205662265203235606e+00
-8.050061456108194236e+00
-9.815343296414450691e+00
-8.990421468548364103e+00
-7.813390941894179598e+00
-8.843115203080349929e+00
-1.000857427094859098e+01
-7.691693403018181385e+00
-4.010251061646461501e+00
-3.496648701185802732e+00
-2.335437186853057234e+00
-9.563693585175950806e-01
-4.777617855560716720e+00
-7.916552715895077696e+00
-4.903690560037761159e+00
-3.236213757449436734e+00
-6.679079999932519662e+00
-5.428711168019779265e+00
1.724597513779267510e+00
3.348652950498666403e+00
3.090240923677223250e+00
3.568206390024776908e+00
-7.252880258251681589e-02
-3.970032570677549444e+00
-6.892673115539870388e+00
-9.941444710587424183e+00
-1.088619003004374264e+01
-1.175897291489907204e+01
-1.109805768499650824e+01
-7.000424035925055577e+00
-6.508751822818821253e+00
-7.404882103115736136e+00
-6.634991447057562830e+00
-9.294062776129891290e+00
-1.171499455208592089e+01
-1.188496134162632245e+01
-1.234149161600804412e+01
-1.235818801193294370e+01
-1.093149168743540756e+01
-9.340131619464488111e+00
-8.211706562388281228e+00
-6.952101242338290632e+00
-5.898695279874106134e+00
-5.485953945188191128e+00
-4.876171313768889348e+00
-6.158797696015142265e+00
-9.130730547379373618e+00
-1.053377884323211866e+01
-1.222159349835426490e+01
-1.303816970812582632e+01
-1.201397623459923736e+01
-1.156207289885723100e+01
-8.942688403330189217e+00
-3.851807277791523543e+00
-2.966410961006274327e+00
-2.210568095661765931e+00
-2.240766196761564633e+00
-2.569103151885324010e+00
-3.625847089572025617e+00
-5.872492790202122670e+00
-6.713108829659839571e+00
-6.807208368470748283e+00
-9.668381898092228255e+00
-1.242576196139955869e+01
-1.274780691186405335e+01
-1.217120513856843367e+01
-1.150082109449608581e+01
-1.240365678565153296e+01
-1.325317801283115671e+01
-1.268075161888152103e+01
-1.365257913164074566e+01
-1.503992894731959851e+01
-1.452498880824753869e+01
-1.247611119376959721e+01
-1.351232307351790851e+01
-1.493052227650742658e+01
-1.472277540739480095e+01
-1.242776954558016911e+01
-7.719655993802834182e+00
-9.413040624148626634e+00
-1.367009826701527153e+01
-1.579216276883422765e+01
-1.736339767802061473e+01
-1.775117284466055523e+01
-1.798558974995779280e+01
-1.782710526783870719e+01
-1.811219737480976377e+01
-1.849558182111631055e+01
-1.837545349761439439e+01
-1.821396733771249643e+01
-1.666872868838847666e+01
-1.237691079881061640e+01
-1.076954546958155312e+01
-1.089449929503090431e+01
-9.007094309056359549e+00
-1.016830279814615068e+01
-1.181312770514338517e+01
-1.243877185168442878e+01
-1.390358526414915197e+01
-1.380561114973395576e+01
-1.156892787440050441e+01
-9.187181367959018630e+00
-7.866570270737379467e+00
-7.071606156946223187e+00
-3.277959911692213346e+00
-1.673957413558055052e+00
-9.720930329056274299e-01
6.998799755202246287e-01
1.600637099836559329e-01
-3.662752560866872731e+00
-6.983616787262503678e+00
-6.767781665702396587e+00
-4.536004598816348654e+00
-5.387665451699811037e+00
-9.183277235881401879e+00
-9.931454865091110307e+00
-8.207873437126885108e+00
-6.600252333905452851e+00
-4.532415188793935457e+00
-4.583725777764708909e+00
-4.672693549576271366e+00
-3.718531038490695106e+00
-3.449041516403672514e+00
-5.005673940942750200e+00
-9.206063403862929206e+00
-1.039588560466519951e+01
-9.629435837559228162e+00
-1.033760947390910800e+01
-1.083769308912944140e+01
-1.076941068615163033e+01
-9.967839008296001779e+00
-1.001023664443968642e+01
-8.754271193135569007e+00
-3.924771252673740829e+00
-3.134860060988458041e+00
-6.475021859003200930e+00
-5.969800784159828844e+00
-4.367768654789873750e+00
-2.583904119825332302e+00
-1.123044976099434100e+00
-4.493518812563841891e+00
-5.486410126562229372e+00
-5.597207321092521504e+00
-8.316390514634953490e+00
-1.015407286052032276e+01
-1.110298198223829758e+01
-9.844202767980030799e+00
-6.720305457899552692e+00
-7.729900934209180896e+00
-9.308984711132159973e+00
-1.015817511932744566e+01
-1.089306780229385829e+01
-9.567841775657514702e+00
-1.007928042828463866e+01
-1.211817053005898615e+01
-1.067986864060132568e+01
-9.897270711025612400e+00
-7.987213200461329876e+00
-4.992704734937428057e+00
-4.357481125087979912e+00
-6.003514574846783525e+00
-9.299050525729924743e+00
-8.549628903097568511e+00
-8.516946777929165435e+00
-8.723629129533552629e+00
-6.884193746168226546e+00
-9.646469029847400734e+00
-9.502211311324733956e+00
-7.742964735093119444e+00
-7.861410055842410038e+00
-8.936156858621551180e+00
-1.076242142001123447e+01
-1.151466567598393098e+01
-1.079186137976689430e+01
-9.289994819350768651e+00
-7.605270329414754116e+00
-4.562702435656611044e+00
-4.806372941559837186e-01
1.113063007180527253e-01
-1.798386565262553860e-01
-2.190836271336434216e+00
-6.294891094686372313e+00
-8.819225391984817364e+00
-8.176487923319317730e+00
-5.566072897952883736e+00
-3.016044152051688076e+00
-2.747826488928861277e+00
-6.683683542393387356e+00
-9.977618603792432594e+00
-1.237683145302300325e+01
-1.354964969501066285e+01
-1.282330780601215103e+01
-1.159024327800532461e+01
-1.213476164606324303e+01
-1.123789824515219848e+01
-1.139451065065072299e+01
-1.280036747772292038e+01
-1.453617737661494935e+01
-1.636655211700333368e+01
-1.645771140642535713e+01
-1.590895457182523920e+01
-1.479138202436318217e+01
-1.390219490866601681e+01
-1.305229844393215544e+01
-1.045322145023670224e+01
-8.038495543552212297e+00
-7.403392360934200944e+00
-7.549339415889075866e+00
-8.434945212714390905e+00
-9.351881874690390006e+00
-7.786000900326013330e+00
-6.845008005621590286e+00
-8.746997561696614909e+00
-8.419381970821373073e+00
-6.015868744040120397e+00
-2.792828124166494064e+00
-2.077604289952916350e+00
-4.547580610882651975e+00
-7.560580190104079890e+00
-8.890669523547860109e+00
-9.280130977589426067e+00
-1.067649621231632828e+01
-1.113669751852433798e+01
-9.224723743664931419e+00
-7.212703531249685440e+00
-7.825587770201625659e+00
-8.525704948925355353e+00
-6.597852402816771544e+00
-3.632104119535435327e+00
-2.056576568719104881e+00
-2.132218383554883356e+00
-1.846498436921557573e+00
-4.915382385849984992e+00
-7.405082439783149617e+00
-7.901629524503664292e+00
-7.113853622439783919e+00
-2.914124308613374126e+00
6.600643060496577119e-01
2.086496133277339293e+00
1.276755460962346378e+00
-2.563326472357027708e+00
-5.485617689740958092e+00
-9.390261404127267397e+00
-1.205114336497314298e+01
-1.448387055137613189e+01
-1.410192096431566711e+01
-1.341270694537927710e+01
-1.387598647915611139e+01
-1.389704125025896175e+01
-1.258802697522824232e+01
-1.164918048652255500e+01
-1.049161522012288650e+01
-8.306368842201976577e+00
-7.143975633672368986e+00
-7.136191598668694347e+00
-4.709368062318334935e+00
9.433076913501282634e-01
-7.800518992014777719e-01
-3.071718242803205712e+00
-3.218489651555243469e+00
-6.628906460491955421e+00
-8.776149225381747243e+00
-8.085446158075122014e+00
-6.868872663334008699e+00
-6.771470090138208775e+00
-9.263056022227607045e+00
-1.115224894801375477e+01
-1.086525843638850652e+01
-9.431856787136290166e+00
-9.304760283904663254e+00
-1.194203101330513128e+01
-1.312212020193435258e+01
-1.224086027984441216e+01
-1.200731648020367004e+01
-1.346585412784941838e+01
-1.379552197808365932e+01
-1.410320575270570664e+01
-1.377068138843065093e+01
-1.143773187043428941e+01
-9.697796418026964460e+00
-9.545033621816470415e+00
-1.116616966921300680e+01
-1.101300126979793426e+01
-7.411443602599389280e+00
-5.726223798272799037e+00
-7.160356008260690963e+00
-9.914953488145220817e+00
-1.111952667051803267e+01
-1.186738375178711102e+01
-1.235325203442774189e+01
-1.030450647082730420e+01
-6.516908710432907981e+00
-4.416093042943580294e+00
-5.463009999492052238e+00
-5.628658058729246960e+00
-4.534419899332807091e+00
-6.363534151489232293e+00
-7.931671732477593828e+00
-6.700016498582323621e+00
-5.225156918893848257e+00
-7.300250608510210348e+00
-8.167929018003261987e+00
-8.965718772576675377e+00
-9.630694257352722332e+00
-1.063434072901066685e+01
-1.198247133737055847e+01
-9.334778885653069125e+00
-9.004566306906971462e+00
-1.240749873013717419e+01
-1.383072954778306851e+01
-1.317281357468491620e+01
-1.270299141301082813e+01
-1.288714193428132404e+01
-1.308152396925677152e+01
-1.193378634608064992e+01
-1.102006637536232603e+01
-1.315535932234740280e+01
-1.602376641917384958e+01
-1.684699397577863422e+01
-1.663659453991376580e+01
-1.635918883781759448e+01
-1.664459018870812557e+01
-1.692022982104143836e+01
-1.713692288961305721e+01
-1.620475018671172407e+01
-1.628254316848838101e+01
-1.647165574577232050e+01
-1.692293523165277236e+01
-1.693015073779509549e+01
-1.690471770856252220e+01
-1.686239397601351797e+01
-1.584853999116052492e+01
-1.429720505776425910e+01
-1.488541207056932514e+01
-1.566896166072805308e+01
-1.535582668490055980e+01
-1.496125097886559452e+01
-1.368274286199422285e+01
-1.296930454848822123e+01
-1.300451562747119461e+01
-1.545489541280339552e+01
-1.606230100670794414e+01
-1.495039029141912934e+01
-1.430476490913209275e+01
-1.546101805660744333e+01
-1.664388302675968490e+01
-1.621909708285082630e+01
-1.599810691783064698e+01
-1.651207080960153917e+01
-1.595566427570886070e+01
-1.439618443032786566e+01
-1.245089829339764620e+01
-1.136695491135398051e+01
-1.185510824577175981e+01
-1.208520655415325784e+01
-9.963482067472394732e+00
-7.670706539472099905e+00
-6.700070324957905221e+00
-8.904261593208381953e+00
-1.205554767984230047e+01
-1.405412890756576694e+01
-1.507248289744816638e+01
-1.453623178763833934e+01
-1.303806238701417897e+01
-1.384492885326956291e+01
-1.437467291347201126e+01
-1.386574108185416065e+01
-1.455644474232082253e+01
-1.593052844635931464e+01
-1.580805878801983155e+01
-1.214642150698599110e+01
-7.847325931587836756e+00
-8.214749221985224281e+00
-9.788311530967737539e+00
-9.846672198481007499e+00
-9.098196558996008321e+00
-7.382360730198811893e+00
-4.795582741622155254e+00
-1.446660209707251843e+00
2.447910348220173615e-01
-2.952780958129228583e+00
-6.057595514110309942e+00
-8.591602540789493148e+00
-1.126091178241118840e+01
-1.105616765193064310e+01
-9.958337413424484197e+00
-8.732861020200257229e+00
-8.652897073656083293e+00
-8.706875988870905303e+00
-1.114059484950261414e+01
-1.388067944893676575e+01
-1.447884957687118401e+01
-1.546236011235213326e+01
-1.649409188538584203e+01
-1.648860166302171137e+01
-1.569479021879540248e+01
-1.624102767048900020e+01
-1.658702877519812802e+01
-1.633526068451908841e+01
-1.592964175107141145e+01
-1.578066764769182484e+01
-1.482612963974002085e+01
-1.263886366402311978e+01
-1.154844476186828039e+01
-1.260055219318355668e+01
-1.202904349438169440e+01
-1.137724315002150455e+01
-1.311024136277768903e+01
-1.507246707966189803e+01
-1.527103919005949351e+01
-1.393529417508458224e+01
-9.251299278082123934e+00
-6.356528528368411202e+00
-8.316514857561843499e+00
-1.120066446145381356e+01
-1.071072664962084708e+01
-7.337814753069755724e+00
-7.358156427334648697e+00
-9.612461444905738617e+00
-1.147940883057937178e+01
-1.261726241898676371e+01
-1.398549255501558619e+01
-1.457844336654774331e+01
-1.503770668290436596e+01
-1.567054937048077434e+01
-1.620101900379292559e+01
-1.650389370350390550e+01
-1.628348964852743563e+01
-1.584325117934776195e+01
-1.536647894741686216e+01
-1.610069470881763110e+01
-1.628692302818608084e+01
-1.642800284169329927e+01
-1.637055840314791055e+01
-1.520912752948435553e+01
-1.390677136637289912e+01
-1.375827005473009201e+01
-1.347542429148713161e+01
-1.324838307239435231e+01
-1.489660315611385677e+01
-1.563903124861985816e+01
-1.587845041548395209e+01
-1.638296428546304639e+01
-1.632311650112305301e+01
-1.624136716780054357e+01
-1.569005810910872611e+01
-1.485302797459968360e+01
-1.425569696758606675e+01
-1.380970903913642189e+01
-1.353632191005864804e+01
-1.084035069764097514e+01
-7.654763901465910791e+00
-6.269131339277556947e+00
-6.159224195545841773e+00
-8.940141831502096181e+00
-1.066761058377361593e+01
-1.030412608237421956e+01
-9.051051465806516205e+00
-9.942950665293157186e+00
-1.091377898219340103e+01
-1.155884451134599011e+01
-1.042307109441565061e+01
-7.489665282088318499e+00
-5.901928396118528930e+00
-5.293505478694280342e+00
-3.990626039847943840e+00
-3.113950239626339656e+00
-5.059076641930553286e+00
-7.166429944939733510e+00
-9.556807025493741392e+00
-9.758827588936961561e+00
-9.375804307623512912e+00
-1.267342782025122183e+01
-1.467435928453750549e+01
-1.503396863954247920e+01
-1.451610572777667407e+01
-1.329822132319126204e+01
-1.111366788336852629e+01
-9.589239414967394737e+00
-1.103598227142035526e+01
-1.370329959186131674e+01
-1.451580632742099475e+01
-1.552692891573510536e+01
-1.550312670798892967e+01
-1.585091131989663715e+01
-1.646113260463760142e+01
-1.625123501222117639e+01
-1.572521613730240730e+01
-1.589435744545157014e+01
-1.551193940705936569e+01
-1.537074900227341345e+01
-1.404132509584301935e+01
-1.269224251446243201e+01
-1.187625104752504335e+01
-1.088039099376169894e+01
-1.027397833434979368e+01
-8.933242048844455496e+00
-7.379738368816032512e+00
-5.594389782858708138e+00
-5.169438534839133403e+00
-9.050661858275063310e+00
-1.294219894507441104e+01
-1.395681819296029325e+01
-1.283956837326993394e+01
-1.481957609060862957e+01
-1.526373821998936187e+01
-1.382982955322482255e+01
-1.373841956553767574e+01
-1.443947053136234082e+01
-1.506806630692123861e+01
-1.422874280600528252e+01
-1.267568632365030368e+01
-1.304056348956470579e+01
-1.404243474143251369e+01
-1.272200588582254710e+01
-1.052797990968449682e+01
-1.010433271199622318e+01
-8.812735708325174500e+00
-8.922510815945170037e+00
-1.009853323697814531e+01
-1.158653621597035510e+01
-1.387327124102363562e+01
-1.570436495916248809e+01
-1.578470284710582661e+01
-1.445828241473183517e+01
-1.211961526875249540e+01
-1.068184121760256922e+01
-9.760218030130435096e+00
-1.015652028630524484e+01
-1.226662297443303018e+01
-1.336839742639136475e+01
-1.151564427432530202e+01
-9.230790723926473262e+00
-8.551048732917241324e+00
-1.032915105427711033e+01
-1.202435196229161996e+01
-9.767316389839857393e+00
-6.908924196126623229e+00
-3.726310466995525594e+00
-3.829017539953210036e+00
-8.162974402945447849e+00
-1.007011008498066218e+01
-9.256718869973434849e+00
-1.030521215292948867e+01
-1.165247853939450096e+01
-1.236425048688639805e+01
-1.422910387828586209e+01
-1.458976327489238400e+01
-1.208532602089958630e+01
-1.092691233217631996e+01
-1.293902619591887593e+01
-1.419987665486333483e+01
-1.489906987649807490e+01
-1.450138261950712959e+01
-1.293955129966358975e+01
-1.183036643491042561e+01
-1.261150744540316460e+01
-1.291301286505616197e+01
-1.215756290199730216e+01
-1.272564865278569890e+01
-1.340534710610257463e+01
-1.465694000082152293e+01
-1.540316775349338130e+01
-1.541789811477896599e+01
-1.455615122953362039e+01
-1.164003233848863417e+01
-1.172388347068042869e+01
-1.256585613440868343e+01
-1.306110822108466962e+01
-1.287719719449006561e+01
-1.148063921940448573e+01
-9.821527080206788440e+00
-6.578978746557999635e+00
-5.736577331253852385e+00
-7.909459785722953384e+00
-7.828038529999554740e+00
-5.376499924126727947e+00
-5.099303584927396216e+00
-4.895496707071519182e+00
-4.745622351838880704e+00
-7.047904484558703331e+00
-7.527428453075552639e+00
-6.116826317061589080e+00
-4.832868873680910227e+00
-5.301729471856161169e+00
-7.703256127136952180e+00
-9.831490294855797174e+00
-1.237515238106734472e+01
-1.351778573359643509e+01
-1.326908890438754440e+01
-1.360031174477255256e+01
-1.332271802975692587e+01
-1.422087852154465537e+01
-1.571362674413053107e+01
-1.554204942796963529e+01
-1.495550234570529824e+01
-1.401056973713544096e+01
-1.168918254490589170e+01
-1.124697109786655425e+01
-1.222934148573474111e+01
-1.059666407451265080e+01
-7.590107122539121676e+00
-5.425626709331390352e+00
-6.515730569620708401e+00
-7.081506084792109412e+00
-6.090533649799450444e+00
-5.991999489878892859e+00
-7.100473191510153548e+00
-1.039142879158292487e+01
-1.138405961045151749e+01
-1.096413087452616253e+01
-8.473647703469458392e+00
-5.025354789495170671e+00
-6.493379911957489092e+00
-5.939149346367526228e+00
-2.794211863687942721e+00
-1.094453021746828236e+00
-2.073297061029592214e+00
-3.507522300629430934e+00
-6.112102675842420396e+00
-9.631376215929536855e+00
-1.103931570824014408e+01
-1.175775050292768853e+01
-1.267850266112373170e+01
-1.305462016762770716e+01
-1.381088406269101299e+01
-1.444455843101090409e+01
-1.322847685811022878e+01
-1.376800369278095815e+01
-1.508418478637986659e+01
-1.492421980416096972e+01
-1.395868504876484550e+01
-1.040437503453841295e+01
-7.866321305970485511e+00
-8.879639304879493267e+00
-9.739536017714335969e+00
-9.511289207516792743e+00
-9.355394414887650001e+00
-1.020333955386439584e+01
-1.175448165280243096e+01
-1.250121135760855573e+01
-1.222886967198223829e+01
-7.825072638786578771e+00
-3.734984790521511222e+00
-4.188526514346959218e+00
-2.907663494823476302e+00
-6.338344104321032291e-02
-1.044526668888866583e+00
-3.107464180898272144e+00
-4.220672449951343275e+00
-5.070074573867656476e+00
-3.464867260157415085e+00
-2.498691423077592066e+00
-5.232992092338162315e+00
-6.800799528473369548e+00
-8.318840111169039986e+00
-1.120850910149366619e+01
-1.116495607159535197e+01
-6.836972454419729672e+00
-3.493678359356650720e+00
-5.904979719129125115e+00
-4.520619983452297319e+00
-1.651806572339621915e-01
-2.007708644739246928e+00
-5.450202241770059963e+00
-5.107192311103316840e+00
-4.770532671674205361e+00
-3.430803936539448706e+00
-1.241641903214212972e+00
-2.509879241751244106e+00
-3.743768514892781507e+00
-3.521329757495303525e+00
-1.248557470580328399e+00
-3.689937043871998945e+00
-6.456579335863580127e+00
-7.729447627110427987e+00
-1.091253236176236818e+01
-1.183110268753128658e+01
-1.085756048052081013e+01
-1.016776200322080825e+01
-8.017536582916340748e+00
-2.481486271465063176e+00
-1.697605265404308561e+00
-5.928847129694471363e+00
-8.168380676502039250e+00
-9.335511792569105793e+00
-8.855165487231960952e+00
-7.491448442433507715e+00
-9.840539294768923639e+00
-1.225109769704089580e+01
-1.101821637791701214e+01
-8.134374462422181651e+00
-6.418603099248402444e+00
-5.625303838990287630e+00
-7.186496345374319361e+00
-9.443947225732046036e+00
-1.159174289535289404e+01
-1.187597787418773621e+01
-1.170963904286310964e+01
-1.169879526923235424e+01
-6.406150842767587505e+00
-2.816627626544339957e+00
-1.967299980177077634e+00
2.771589849333236377e-01
1.496474177104778258e+00
2.097053061348128078e-01
-2.475729886137167934e+00
-5.366825915386171708e+00
-7.071610632112072636e+00
-5.422121943548689593e+00
-2.478338545793985492e+00
-1.631415016976953680e+00
-1.291644171867339042e+00
1.981630664572568978e+00
4.771122038572820578e+00
5.758703845289636192e+00
6.812629331290342094e+00
5.844788748472415918e+00
5.929942018522675440e+00
5.437618334941929810e+00
2.766482141400405492e+00
1.721744918492690068e+00
5.000241925460592596e-02
-2.606012682175820938e+00
-7.187619128280759107e+00
-7.779115665466068918e+00
-7.179344228746749046e+00
-7.726157928406263586e+00
-6.138460903209647768e+00
-4.190686233718512455e+00
-3.171591164440980215e+00
-2.595791821701594948e+00
-2.389480321035335031e+00
-2.140263817978267369e+00
-2.361079096978430769e+00
-3.295337288651878360e+00
-6.352013631583766973e+00
-9.594894185843386936e+00
-1.145261993373739529e+01
-9.865485720330646302e+00
-5.900171476829539685e+00
-1.991975754457171011e+00
1.490997064262338245e+00
1.787633468211502041e+00
1.620909243629104601e+00
-4.498209623478803543e-02
-2.252663925429466030e+00
-1.974794563370483536e+00
-3.442094841693848384e+00
-6.031178753104155632e+00
-4.673848343988154852e+00
-3.892511606183896244e+00
-6.149537404752838832e+00
-4.244019366236425839e+00
-2.977727432758209947e+00
-5.108154781918375242e+00
-5.374702908677689628e+00
-4.146335513469763256e+00
-1.366091955183214690e+00
9.056614918228286237e-01
1.689141040609132061e+00
-5.019833939115202481e-01
-5.522004247136089283e+00
-5.548673600569572706e+00
-3.046324825656030910e+00
-5.326911857640688197e+00
-6.509751862841601344e+00
-5.474222205472059954e+00
-3.293187954353755220e+00
-6.447983876596675712e-01
9.561432463354476718e-01
2.117323561541782251e+00
3.326308474649581903e-01
-3.224285287649814258e+00
-6.394919089101918530e+00
-7.654934422476987521e+00
-7.021675713055650192e+00
-7.734291333445142413e+00
-9.435295566110825760e+00
-1.118752899341753881e+01
-1.080542763837290998e+01
-8.129794975112535127e+00
-8.164744727340185193e+00
-7.419844871536249720e+00
-7.150509804372171985e+00
-9.917669997360800238e+00
-1.115680653505231845e+01
-1.250171556642942328e+01
-1.457391018532285898e+01
-1.276691400294488332e+01
-6.901531144856452471e+00
1.124823527489491992e+00
6.044339197579454037e+00
5.157453825573056427e+00
2.948085462102930876e+00
4.855288304563224244e+00
6.906600256406006721e+00
5.053422559685128768e+00
2.001907659091539227e+00
1.632099546648962951e+00
2.439284401757791265e+00
7.474580843673195307e-01
3.337325860790328891e-01
3.318937974374105426e+00
4.105544266826224309e+00
5.713755811152616992e+00
9.124242068211568579e+00
1.015055939715447053e+01
9.429877071900007124e+00
6.174858973241932780e+00
4.251613781633777123e+00
4.277582030377487854e+00
3.176429049348120870e+00
2.033924962547342119e-01
-2.332167918437448861e+00
-2.397128412009458476e+00
-2.079801301902029387e+00
-4.495003024799020253e+00
-6.609407606477438968e+00
-6.920658067533472568e+00
-4.113908461308348308e+00
-7.601581485110634473e-01
1.422229224137873782e+00
5.635811319353782878e-01
-1.736268842774413290e+00
-2.857443062805752998e+00
-4.515899920798605471e+00
-6.426723610473211501e+00
-6.536586150302187370e+00
-5.001870299085063643e+00
-3.400898231637262015e+00
8.338605658016736699e-01
3.989444445500286207e+00
3.601215792250821668e+00
4.419353513872906980e+00
5.756836562554035197e+00
7.393641617160957580e+00
9.642658853927423834e+00
7.814170277065474401e+00
2.750336131361385217e+00
3.525457962028448744e+00
3.370769777576932302e+00
1.245732883357101972e+00
2.282961110619891709e+00
5.640796747532345279e+00
8.956980094780959689e+00
1.046414786530463559e+01
1.172723288304521105e+01
1.160439304070842326e+01
8.962557253279181069e+00
4.846696543165285753e+00
7.572002624752466327e-01
-3.137738239692892783e+00
-6.012147244406258473e+00
-7.661994467121430397e+00
-8.499220431391112385e+00
-6.748522790063088195e+00
-3.035632785543393108e+00
-6.891276506936891977e+00
-8.156067697258629678e+00
-2.496516706199886748e+00
1.620487190388250509e+00
-2.685403786792036618e-01
-2.689095444759397768e+00
-3.641985425913530361e-01
2.788937876160957341e+00
3.823582391803216574e+00
4.416498847974052566e+00
5.296043954700502709e+00
7.236376811101266071e+00
6.632107560196100593e+00
7.167990978011266279e+00
8.457344225636317603e+00
4.893897167119950709e+00
-8.387331073273276427e-01
5.250082395149662240e-01
4.620422621619579395e+00
4.680391644773229665e+00
2.969905993894846663e+00
1.054423163967275201e+00
9.109565287920587950e-01
9.210016855411801151e-01
1.140439001450912170e-02
1.660619897443216031e+00
3.963582779664963418e+00
5.440099188889735871e+00
8.113120895224005480e+00
9.596018410132399978e+00
1.004125681470775078e+01
8.833812454690036731e+00
8.126748929772055874e+00
7.699115250803857613e+00
4.184425287712446817e+00
-1.541614291604202214e-01
-2.003027753279375212e+00
-4.023256601095757112e+00
-6.497869087890528306e+00
-5.973199937043430552e+00
-3.513373334061347109e+00
-1.768371226227280824e+00
-4.288834458838683972e+00
-5.732971931883390049e+00
-7.881153722225057834e+00
-9.099299128027135808e+00
-8.941077586154436929e+00
-7.997736707323547023e+00
-4.596317717571924533e+00
-3.756570978168181085e-01
-8.377217476598359802e-01
-3.277876875030453441e+00
-4.367896941710478487e+00
-4.057481444847280017e+00
-3.962409689725200579e+00
-3.217183110830255099e+00
-2.156366088111236756e+00
-3.329705240735246985e+00
-7.169511074833688546e+00
-9.991076498574503972e+00
-1.202883098208948986e+01
-1.202024102556494611e+01
-9.729010916232599726e+00
-7.056806605621321005e+00
-3.961698359044174556e+00
2.144113084091108790e-01
4.126409642387202759e+00
5.943303171598404155e+00
4.047875732248768621e+00
2.866554966670505356e-01
7.017661841260854905e-01
1.974339833209399320e+00
3.600520322162128917e+00
6.214240308610659014e+00
7.856580658611814982e+00
7.460948123634945972e+00
5.727495346239397378e+00
4.685783797550870489e+00
3.050126124396020266e+00
-6.989071365425056914e-01
-2.761654763682273472e+00
3.333620665025419094e-02
1.808306241449314067e+00
1.231435065147071128e+00
4.277487695159813974e+00
8.194035780306490935e+00
8.640925477955118339e+00
8.730164223161857251e+00
9.072907023635178092e+00
7.331421870231848992e+00
8.743124040034166100e+00
9.971491731810278480e+00
1.148512056621681054e+01
1.171777771376710220e+01
9.746087652891739950e+00
9.177195066939074053e+00
8.250710739582338249e+00
4.581041669861019017e+00
1.058705464563104659e+00
-9.850841971448844048e-02
2.853462723170652748e-01
3.591674091934534907e+00
5.854571717678225262e+00
7.159851040008679668e+00
9.885774329727412990e+00
1.168973626236346064e+01
1.006335299735132338e+01
9.171558877913211560e+00
1.202001166573809776e+01
1.052260234548979945e+01
5.993175871043375125e+00
5.060617476519065683e+00
4.007569969600814908e+00
1.043554440634405056e+00
1.062372824065674903e-01
-1.956154228533794059e-01
-9.158231650459782713e-01
-3.391872941947281728e+00
-7.131674760680580150e+00
-8.520139699017491353e+00
-8.132020079292551884e+00
-4.589986042369367247e+00
1.060062986096126370e+00
4.611664860576772718e+00
8.423344753120986184e+00
1.037992843535910303e+01
1.046008687606679288e+01
9.390792754971593936e+00
1.052167307898412929e+01
1.320679973096427240e+01
1.148964824187576639e+01
7.053246862121317129e+00
4.195387743544620740e+00
4.543469605934035149e-01
-3.896622087738276452e+00
-4.594949802182348719e+00
-5.056756094742522301e+00
-5.945177820154840198e+00
-4.797665747292824356e+00
-1.973412780979027836e+00
4.020700790988657181e-01
1.639918107468658848e+00
4.919103135782788350e+00
8.683068374662925137e+00
8.225556342706513036e+00
5.818647701596335153e+00
7.299597983529765521e+00
6.039929517803057202e+00
3.456497030076508992e+00
3.381713829225148071e+00
5.203348538715090399e+00
7.472457473965686603e+00
4.411693303774769426e+00
4.496964153825462773e+00
7.147687708792686223e+00
3.855359317026335830e+00
2.302184764861607391e+00
4.934955020992806141e+00
4.859638979041523754e+00
2.483022176733664210e+00
5.116342580787236471e+00
8.600023068196932741e+00
9.408947990969053876e+00
5.373090232431986024e+00
4.453441778247722027e+00
7.347923409148816809e+00
7.528265232568008614e+00
6.477912819986348048e+00
5.752204413837255004e+00
5.170350388202087366e+00
3.930013176176684997e+00
4.134838191900607640e+00
2.651581591659585957e+00
4.769750006623577065e-02
-3.118995384845410612e+00
-2.904737668757671365e+00
-1.646059966521592255e+00
-5.758943462303198757e-01
1.033668642863514675e+00
-5.059525876908766984e-01
-1.589388375348537386e+00
1.939983034087988223e+00
8.764704685831434361e+00
1.136652553424457857e+01
1.203289550927637741e+01
1.109925985367763701e+01
9.836447048245732461e+00
1.099813709155989372e+01
1.367595524933833673e+01
1.366458704396050194e+01
1.254894541890806714e+01
1.298426038607908772e+01
1.463858970236487700e+01
1.638587284556237833e+01
1.621572872942509491e+01
1.488559047144578429e+01
1.273731728525944895e+01
9.645916963190661164e+00
7.313129616442811454e+00
7.339873528352963028e+00
8.797649737357630784e+00
8.801958377407332890e+00
7.274331787429189511e+00
6.734353999167391081e+00
7.427918802263376641e+00
7.338795376206620702e+00
5.884455917550121207e+00
1.949657354728048464e+00
-2.284584215412826858e+00
-5.278649281278514849e+00
-6.356671501680801306e+00
-6.115349502651080016e+00
-4.399054089507213661e+00
-4.985725727048220257e-01
1.510944255303048545e+00
3.365442650982615191e+00
6.026389627213484701e+00
6.290377089784678688e+00
7.080814255915977462e+00
6.634407122699800041e+00
1.683195585294464891e+00
-6.982946448295610509e-01
-1.095158592716861223e+00
4.686221208540951033e-01
2.658660287382567322e+00
4.722782799751928273e+00
6.301783267001303201e+00
4.336318904881068192e+00
4.033546531017702108e+00
7.717876034156508247e+00
1.032490284080232357e+01
9.709747360310093001e+00
5.068312702121029467e+00
5.476034974533616762e-01
-1.181833344003542008e+00
4.446469395971903160e-01
-4.604454926220752364e-01
-3.759265333759485905e+00
-1.137383075818777067e+00
2.159340000670623372e+00
1.329946626039554713e+00
3.867457117499395469e-01
2.498646754795233793e+00
3.726619404628347176e+00
3.112374219929133989e+00
4.291181985280874578e+00
7.059050904399035709e+00
9.146930733132549562e+00
1.150131981924644542e+01
1.188021225503707967e+01
1.061185876240880255e+01
9.839603301099034027e+00
1.050483654666086686e+01
1.194462387607829790e+01
1.261767533700866650e+01
1.350231159580531504e+01
1.082422627511713031e+01
8.454912057061781283e+00
9.183288624483958884e+00
8.818057657757792711e+00
7.498456881586207601e+00
4.514614232309674513e+00
5.006955611688100660e+00
3.892432578426502587e+00
2.171676287477496414e-01
4.815924657613295246e-01
2.054602388542125624e+00
-2.672908140641201413e-01
-3.917405712108305682e+00
-3.398153972445587367e+00
2.559454623962185149e-01
3.002297400092461821e+00
4.894704197317268246e+00
7.738839379930626095e+00
8.073106793665134617e+00
5.445260336490635567e+00
5.665650853138391341e+00
8.305225750762769366e+00
1.022859030249038526e+01
6.908651485353881405e+00
3.479142149045187260e+00
4.409660777218998184e+00
7.034171880049632009e+00
6.531411086298575697e+00
3.697823018239989157e+00
3.597627814401499702e+00
3.792650373149123677e+00
4.270863070687815899e+00
2.895930934331333528e+00
3.725321261822719610e+00
8.220512725752856298e+00
1.052919002033866747e+01
1.023637571375787836e+01
7.885098235696670343e+00
3.598988143383111904e+00
2.917461485941076571e+00
4.594498588112518433e+00
3.528269575808948399e+00
2.862771309073385950e+00
2.093949697582821123e+00
7.534050497905875332e-01
1.388396474491512933e+00
2.715242166773790711e+00
3.324854291304115250e+00
1.300417221275324442e+00
-2.476645019662184755e+00
-2.311856691385523188e+00
7.684407478505904665e-01
-2.115735889221822819e-01
-1.887620088552181663e+00
3.927555649156900808e-01
3.498677085770709017e+00
4.873330793336740463e+00
5.954091015379934682e+00
6.228628578246543590e+00
5.049588126429288337e+00
2.971844583243727911e+00
5.536780662641617168e-01
-1.695007074703843708e+00
-3.096865662840837530e+00
-4.162288450513417004e+00
-1.832525851769927883e+00
3.617346830047701189e+00
6.655110663720601671e+00
7.125658621588598862e+00
7.277240681981860249e+00
7.882876911157462807e+00
9.421117935886876182e+00
1.026752369164418965e+01
1.276099863798857115e+01
1.436899218507246978e+01
1.387287371501873601e+01
1.262794804942575766e+01
1.080801865785515581e+01
1.054184641913726672e+01
9.313778044052673621e+00
6.262931086940670689e+00
7.238635799380601199e+00
8.310473960608774746e+00
6.190279382310509781e+00
4.755598056670270246e+00
5.920513414988191059e+00
8.474614372706433585e+00
1.068934234133955741e+01
1.131719929710536476e+01
1.231122928002463013e+01
1.262506074274126888e+01
1.121850950107677569e+01
9.923822957228077613e+00
9.745986406415784842e+00
1.260513890183648122e+01
1.495116958380651617e+01
1.709634807199824280e+01
1.837502947410702347e+01
1.763583536768055282e+01
1.472485607260341389e+01
1.395270718224422701e+01
1.403453755302640893e+01
1.452949682463809822e+01
1.641192242791184341e+01
1.569355906929553690e+01
1.423181547613981124e+01
1.487915514354278379e+01
1.593365087050638529e+01
1.682747033728933772e+01
1.804131579678044162e+01
1.764625812736929333e+01
1.586389089794642793e+01
1.394337322974699234e+01
1.299335743213688765e+01
1.235839364556147757e+01
1.042340875651283483e+01
9.576776979244352006e+00
9.794640268831180663e+00
9.624324361678818107e+00
5.028220483256874651e+00
1.959394897781931766e+00
3.990278511231742264e+00
6.083499637709850028e+00
4.558841982938885984e+00
1.990290270829781827e+00
5.110004270904549450e+00
1.025599762223838951e+01
1.203086815819533406e+01
1.579476857677825485e+01
1.857320008145287105e+01
1.929167506388996856e+01
1.889867018824818246e+01
1.844640908421797221e+01
1.939278799383053098e+01
1.899572553404043163e+01
1.806505315831261882e+01
1.719901970895985599e+01
1.603699993247809275e+01
1.445276063157615809e+01
1.311021333360705654e+01
1.218823158766627657e+01
1.134687008405840025e+01
9.764233295433690785e+00
7.120963226710285809e+00
5.215740739160295014e+00
4.940941333366905219e+00
6.304416926369324159e+00
1.101720549360123336e+01
1.546388408580920881e+01
1.643850400952613455e+01
1.515316158939843305e+01
1.283678344196647991e+01
1.351114094560131562e+01
1.436567733801435409e+01
1.427938675530175772e+01
1.530634149741048056e+01
1.617660653817156202e+01
1.611873991243406934e+01
1.679439527815313227e+01
1.682366314815313757e+01
1.667540401473504019e+01
1.889473625885039354e+01
1.972960369188159291e+01
1.996730036817209353e+01
2.026941730897673111e+01
2.013270650387781302e+01
2.041179293421600249e+01
2.039648246355413264e+01
2.030099152136642005e+01
1.970702036998345363e+01
1.856291105362243954e+01
1.749464071871239668e+01
1.669719543082458202e+01
1.574352963780866865e+01
1.510079545054701278e+01
1.584447585697051508e+01
1.752455546153036892e+01
1.947302111542534675e+01
2.001423040714881552e+01
1.858271510130538928e+01
1.895461237451157643e+01
1.937107675207842306e+01
1.980331074820974635e+01
1.981321187455256450e+01
1.856584698290199142e+01
1.938756176490301897e+01
1.962146805088207202e+01
1.700161072802252349e+01
1.611469822367686788e+01
1.589355327935646400e+01
1.417633219606000061e+01
1.178598461058388303e+01
9.307593898057969994e+00
6.159298560799319588e+00
4.798177775902483511e+00
7.050788790770479153e+00
1.129616146539470556e+01
1.525402114864755987e+01
1.753119221390862492e+01
1.753537028176490153e+01
1.753308539961112444e+01
1.743430467012253615e+01
1.891817745515428939e+01
1.999325528798109985e+01
1.999237778592642911e+01
1.922123268785989580e+01
1.833031854846453612e+01
1.774163068542386767e+01
1.685410432603666564e+01
1.499170763216568680e+01
1.421359304932591350e+01
1.359268387907746600e+01
1.115894357310215490e+01
9.143192330042133165e+00
1.108266338795480266e+01
1.476080244751018000e+01
1.682694741694466956e+01
1.815353975666115716e+01
1.752676406367389816e+01
1.795026341248832225e+01
1.712619283275979853e+01
1.531123486509750187e+01
1.562677345505335325e+01
1.680799454792376224e+01
1.863666003766928370e+01
1.983684968661480141e+01
1.892027176696701929e+01
1.608442966718246581e+01
1.616991396338852383e+01
1.693686682655544473e+01
1.685417863156243001e+01
1.649813485721220729e+01
1.656028932156410960e+01
1.723131641429738536e+01
1.790205398876413057e+01
1.848129284781498072e+01
1.827499608142169407e+01
1.726734853430577132e+01
1.706721392670110404e+01
1.844652583228492304e+01
1.940087169662274746e+01
1.964172158328334206e+01
1.856424388349924115e+01
1.532335345909792501e+01
1.460438318393047474e+01
1.605444961481556376e+01
1.436839105048441922e+01
1.087469404098402137e+01
1.157253367778409192e+01
1.404521594028230780e+01
1.241316674104881912e+01
1.057987701287778393e+01
1.125757670665359811e+01
1.051894689693317808e+01
1.030730991093156490e+01
1.338425408584738641e+01
1.703405796200676292e+01
1.795902270834440984e+01
1.910375961279040169e+01
1.999353020041608886e+01
1.923968040276223235e+01
1.815883317732266633e+01
1.938231871233677239e+01
2.027619236856559937e+01
1.991580711003514992e+01
1.783450204866613120e+01
1.514944865624547887e+01
1.471748723661023561e+01
1.599295575469391650e+01
1.531190368624275422e+01
1.392064840043236629e+01
1.606573126328438761e+01
1.609578208658590981e+01
1.488002070362142426e+01
1.559686125011109681e+01
1.434163668633783750e+01
1.013386104423410217e+01
6.790782422451253630e+00
6.533994824638183374e+00
7.504730773049741011e+00
8.626635329062448676e+00
8.196452246677067066e+00
5.384653472929616491e+00
4.054644861762207952e+00
6.141638601805949449e+00
8.615743311302546559e+00
8.942893023779937778e+00
1.078826560836956716e+01
1.292597997621426664e+01
1.354804195630946317e+01
1.425405271333236534e+01
1.485831859437563907e+01
1.538073742892796680e+01
1.435543881648629139e+01
1.201051368824113830e+01
1.174399417439355808e+01
1.531784485613334823e+01
1.559155699948997231e+01
1.418627460694413678e+01
1.543715457158156390e+01
1.609143853782662248e+01
1.551884611976203487e+01
1.726115612266595534e+01
1.886456003537877990e+01
1.915766533255164461e+01
1.859486296634460345e+01
1.665967209482729317e+01
1.487426250953361517e+01
1.525431772934432928e+01
1.620702673804268557e+01
1.585368379800084604e+01
1.371240824737704500e+01
1.035174554711672457e+01
8.831461415913580026e+00
7.023112526358306518e+00
8.957704649291523324e+00
1.308537229138450719e+01
1.443378713710606576e+01
1.368231213806113011e+01
1.519864330322767287e+01
1.702528424755492154e+01
1.666209209598445184e+01
1.733985272006786005e+01
1.862087342719035732e+01
1.874513024753884594e+01
1.800199701248479656e+01
1.610853703168776008e+01
1.429457909053989617e+01
1.409262811943143845e+01
1.400003778645191943e+01
1.484127912046865916e+01
1.479335327775394582e+01
1.664083496198455592e+01
1.746826568399655599e+01
1.652735242472759580e+01
1.604049423494499038e+01
1.622214332269122394e+01
1.686825621197403180e+01
1.758436407045364902e+01
1.896487460613283815e+01
1.888648702096108067e+01
1.775793682968028264e+01
1.731570051655566544e+01
1.710432024667838391e+01
1.808303634250081871e+01
1.975268228764641165e+01
2.003421930231045778e+01
1.940611821935608461e+01
1.726172213820609613e+01
1.592444242510094377e+01
1.674001746773523180e+01
1.734649748383716172e+01
1.801417005361674839e+01
1.799839645410781941e+01
1.792506897754098105e+01
1.777058537670997396e+01
1.787019929114628880e+01
1.801015753863378421e+01
1.940669078381984036e+01
1.920175837412395126e+01
1.868258686258634071e+01
1.972067118046530965e+01
2.004277825276684410e+01
1.916233722685903373e+01
1.810302015525581254e+01
1.865788695809215980e+01
1.928092142853733293e+01
1.966655338943142795e+01
1.941905492168403313e+01
1.951404274834773744e+01
1.963900596204160109e+01
1.907476427933046992e+01
1.823908929251097177e+01
1.707733459816636312e+01
1.566693410772191264e+01
1.606664981414400017e+01
1.672062450366052744e+01
1.578598427843983742e+01
1.547656803423434191e+01
1.712198348310183960e+01
1.869613743629954428e+01
1.919967666729491285e+01
1.897651295213822564e+01
1.753078911868552225e+01
1.673350754012119879e+01
1.756535656119229927e+01
1.866345586890763997e+01
1.849491027490372019e+01
1.745125757764250096e+01
1.698458709431017510e+01
1.822901641697863084e+01
1.938689847143062650e+01
1.921427142468836280e+01
1.930730142601835198e+01
2.015480366312993610e+01
2.005259045980739074e+01
1.951849876664142158e+01
1.940240535708561964e+01
2.007023767475851272e+01
1.994099763032021144e+01
1.870445721935551120e+01
1.766633194666349027e+01
1.785076888373115267e+01
1.881546370625493481e+01
1.855202011378191429e+01
1.867947695852282664e+01
1.870993708988556747e+01
1.766312100647885330e+01
1.800040656847231091e+01
1.841754121006272626e+01
1.608355486744411422e+01
1.454999788237638292e+01
1.485138785856407040e+01
1.641772513762287034e+01
1.770629615024004266e+01
1.764422674500108457e+01
1.740090436228623005e+01
1.712404703863592914e+01
1.725376493510929166e+01
1.555291678007564293e+01
1.264441102215690194e+01
9.680846711529097703e+00
6.818630411821748893e+00
6.411206378244414417e+00
9.362744574646598039e+00
1.305840850831197564e+01
1.495031269698296761e+01
1.657558324580196896e+01
1.894710737539441325e+01
1.986257578819067504e+01
2.010394208310727038e+01
1.956367385914568047e+01
1.920985855621750105e+01
1.862245493443951005e+01
1.758374956607471873e+01
1.712487109289078901e+01
1.750441285193115348e+01
1.739115844773493436e+01
1.792203305441990224e+01
1.908533120826094986e+01
1.920428006748570482e+01
1.855421109724947470e+01
1.584783436226759434e+01
1.397516140432562537e+01
1.560801600889742780e+01
1.698193134010126570e+01
1.741575334538289965e+01
1.699881663025535872e+01
1.557069497083279686e+01
1.443981942877686997e+01
1.227325236527885899e+01
9.135846749845017101e+00
5.556044910128297154e+00
4.018534581961165308e+00
5.335444779170036789e+00
7.604223999651777532e+00
1.127227502533620829e+01
1.348280736750855269e+01
1.159063253735428134e+01
1.266286832126080775e+01
1.709124912929044626e+01
1.881049559102472912e+01
1.846083902132953725e+01
1.743572417646142014e+01
1.630153627971700558e+01
1.701239134625746630e+01
1.867981086171071325e+01
1.944273706038219274e+01
1.969692910377446893e+01
1.926336585337538310e+01
1.859895581421321964e+01
1.799853902644126791e+01
1.744816414238997737e+01
1.680547269393929000e+01
1.548853241642255263e+01
1.562739992253326093e+01
1.604991714265701575e+01
1.661151132212918569e+01
1.739833309914427772e+01
1.819625992298098183e+01
1.930792612648489026e+01
1.970740982076063830e+01
1.932905349472743950e+01
1.815208475490677742e+01
1.686095481486454872e+01
1.709097195908961098e+01
1.818244831521649019e+01
1.833024065220456222e+01
1.707909518757247724e+01
1.640616994495078274e+01
1.729979534156723986e+01
1.882553126190944326e+01
1.955439836001961851e+01
1.932629308023459913e+01
1.837414929155622900e+01
1.756922591593085059e+01
1.797445014488753046e+01
1.812341940840014587e+01
1.621444387247430541e+01
1.441367507553395022e+01
1.443962056388804172e+01
1.469051555655948427e+01
1.566341841640678823e+01
1.479676492523941711e+01
1.322636443869467904e+01
1.394048394527549384e+01
1.560739654406654076e+01
1.684304779275619168e+01
1.793080921461467625e+01
1.796301447577575416e+01
1.626686027797227041e+01
1.591677411414930887e+01
1.577222384624656470e+01
1.399551853358066822e+01
1.198694836747339565e+01
1.224358928402457103e+01
1.447345608235779935e+01
1.485063190933848709e+01
1.614642279196043617e+01
1.757767909977650334e+01
1.766006513190507832e+01
1.750164179203284220e+01
1.626025586199563477e+01
1.417598991630601368e+01
1.322512625556294807e+01
1.433885625088541360e+01
1.640087765378155282e+01
1.762681288781393363e+01
1.841304132705076313e+01
1.862957821655107438e+01
1.792594671169877785e+01
1.765358210219600466e+01
1.809877374111954751e+01
1.738856052711856748e+01
1.592518698525550747e+01
1.491118409659786970e+01
1.437867225246001368e+01
1.378487045353415574e+01
1.230030186406906445e+01
1.033117692245131991e+01
1.338348522592645118e+01
1.609440269405851254e+01
1.630018820506682786e+01
1.467602489938975197e+01
1.133858925626546643e+01
1.171330320448618778e+01
1.581897151153910563e+01
1.826474182029682680e+01
1.876274371178637068e+01
1.815832373961060142e+01
1.770834503800297099e+01
1.774097888722267768e+01
1.737996370478304087e+01
1.752382713026959493e+01
1.734407953108804890e+01
1.628865314993126745e+01
1.529374676593947768e+01
1.337081625384385042e+01
1.361669874353847298e+01
1.400800651896951265e+01
1.363276805109604695e+01
1.381310325891350921e+01
1.456927825652654285e+01
1.617160994435576526e+01
1.718301142450697938e+01
1.677676980239927218e+01
1.490882289945394135e+01
1.283999380145185398e+01
1.207121120353863475e+01
1.122093129874124351e+01
9.611994497990258068e+00
8.157193012033795654e+00
7.140437413806976608e+00
6.113781808267939155e+00
6.231007378217960024e+00
8.234894873601415810e+00
8.643465653095519841e+00
7.251917375549584044e+00
8.586226476782211847e+00
9.802124748447798908e+00
1.111782962513795070e+01
1.343121677856911589e+01
1.336739860008311176e+01
1.041549497427718940e+01
8.454774965354243221e+00
8.265840146372653408e+00
8.260704449866317134e+00
8.322180101795431995e+00
1.009725980087638320e+01
1.145651226533044209e+01
1.263427914867453339e+01
1.408977690271894190e+01
1.423147623271167106e+01
1.457825505311322445e+01
1.444970079523264594e+01
1.355909679287091407e+01
1.385053562352425160e+01
1.526751869558308528e+01
1.660155682152151968e+01
1.690200868738362772e+01
1.702770708892246532e+01
1.653698808049069768e+01
1.621619569644619929e+01
1.520040362150229285e+01
1.272278865608291021e+01
1.299423167763369236e+01
1.370382121794204622e+01
1.411678379440944653e+01
1.455263045668650079e+01
1.472011736160157547e+01
1.474066655095828438e+01
1.500956966101194645e+01
1.634791057840886808e+01
1.696295211175210227e+01
1.730729958809626012e+01
1.642295474414215661e+01
1.354111524140440181e+01
1.205329302159708682e+01
1.076849405510192526e+01
8.344089157955350444e+00
6.618337823505506812e+00
