-9.706887433929797027e+00
-8.564823089211778040e+00
-9.214217189128685703e+00
-1.078675286677033540e+01
-1.050362365451758784e+01
-9.765539149993658796e+00
-1.066601650244060373e+01
-1.096874200183647652e+01
-9.874785291041245472e+00
-1.008550279615645273e+01
-1.041372439208831402e+01
-9.191587512804808568e+00
-7.447693254165203669e+00
-6.137388652850075843e+00
-6.525749705334117579e+00
-7.471602747643616205e+00
-8.462657877504350168e+00
-9.593695523754124821e+00
-9.834717847777083577e+00
-9.970125787617080348e+00
-9.578787539618742741e+00
-8.784689536006125010e+00
-9.959269226868215696e+00
-1.172017462013126199e+01
-1.188695841211800008e+01
-9.908669346111391718e+00
-9.440435910816221465e+00
-1.049946603375205001e+01
-1.096074513517208793e+01
-1.041311964801528944e+01
-1.062279498017638346e+01
-1.122912218442655430e+01
-1.033538949392531414e+01
-8.969281249091896058e+00
-9.098463098882859867e+00
-9.979518409318531624e+00
-1.116771353589581750e+01
-1.121690685552264455e+01
-9.680790475096484826e+00
-8.082859187207118268e+00
-6.594561261483961268e+00
-6.994852313941726685e+00
-8.156070773523721229e+00
-8.147615606182469605e+00
-8.910714758757375620e+00
-8.861616212988129959e+00
-7.135279745990454003e+00
-7.707106821625593795e+00
-9.176970374749332748e+00
-1.004533745008500922e+01
-9.721732886789071770e+00
-9.749332827122847434e+00
-1.081756361077009743e+01
-1.107606624259090111e+01
-9.258282404978347202e+00
-8.204362380137681043e+00
-8.932480910156431975e+00
-9.478202376667248075e+00
-9.504642266040985277e+00
-9.033654800207084890e+00
-8.221666264570643534e+00
-6.457640923283067380e+00
-5.087878914579292200e+00
-5.796624168691740131e+00
-5.636065717189315372e+00
-5.013329315182812884e+00
-4.606664832580144697e+00
-3.669475599640230623e+00
-2.673320828454954334e+00
-2.233724655847518115e+00
-4.774699274269636362e+00
-6.969784859648899378e+00
-5.971438440627519384e+00
-2.623309831134552184e+00
3.694886457967238580e-01
3.570186521424867365e+00
5.655909798512387177e+00
2.143119409500982009e+00
6.470665775920301233e-01
6.470665775920301233e-01
6.470665775920301233e-01
6.470665775920301233e-01
6.470665775920301233e-01
6.470665775920301233e-01
6.470665775920301233e-01
6.470665775920301233e-01
6.470665775920301233e-01
6.470665775920301233e-01
-4.542543361952652070e+00
-7.700136910820877034e+00
-7.604129035541134840e+00
-6.602666831251111645e+00
-5.857341380950596310e+00
-6.434333348604939218e+00
-8.396979603234612455e+00
-7.121286953641212669e+00
-5.030215983699934945e+00
-5.456033970355231411e+00
-6.486715592448480727e+00
-8.051038063932281830e+00
-8.400634125568123167e+00
-8.718161292853253030e+00
-9.591230910390407871e+00
-9.858704598045640921e+00
-1.086184033176292729e+01
-1.082406398496095079e+01
-9.025629667468816564e+00
-6.838205190579922821e+00
-5.188839330915286041e+00
-3.497302346312398669e+00
-2.141460096317603146e+00
-2.197108330950601207e+00
-2.581284701775023560e+00
-3.664381694248347587e-03
-4.126331831130709143e-02
-1.989855504940964304e+00
-4.558148026178329149e-01
-6.469843935244979916e-01
-4.283985519666345887e+00
-6.641722846152284809e+00
-5.848005292014476275e+00
-6.058102132220324343e+00
-7.341869035486719319e+00
-7.271432781155107605e+00
-9.073800418648113819e+00
-1.032244820430657484e+01
-9.024109976464581351e+00
-8.879941520721937209e+00
-7.867179291095061089e+00
-7.324735961311028554e+00
-8.974107024565810775e+00
-1.046571704765583988e+01
-9.674401412025776636e+00
-6.759371585798676918e+00
-5.892310719726176593e+00
-6.611157878136521227e+00
-5.629253971644980759e+00
-4.394965654087413576e+00
-4.474805666542477134e+00
-3.209693548024660448e+00
-1.776245322709809171e+00
-2.021304125566958820e+00
-4.888589611247180500e+00
-7.379717766777970311e+00
-6.471956539521593221e+00
-5.654935245914761488e+00
-5.613122247257822828e+00
-5.072799444749375830e+00
-6.743570562188205386e+00
-8.808591379723159420e+00
-7.495525049692976616e+00
-5.886234349240982766e+00
-7.760453986504202817e+00
-8.962046727180483785e+00
-7.811273602945085770e+00
-5.917565574067478629e+00
-3.405410048359334585e+00
-6.380074971609420720e-01
2.199130082372830142e+00
3.431980258989783206e+00
2.651160459218270482e+00
-1.375610825807616955e+00
-4.254582040427320244e+00
-5.945916960793857342e+00
-8.662959727111319452e+00
-9.889167043809651503e+00
-1.030533585928622387e+01
-9.246601818848436238e+00
-8.187645003419405043e+00
-6.101940934502769309e+00
-3.605458980161464488e+00
-4.375982566495504322e+00
-5.664618185046143672e+00
-6.419352170371184663e+00
-6.422992430682198162e+00
-5.317218448537260223e+00
-6.074125327355416104e+00
-8.220886682244408661e+00
-9.961428629279016178e+00
-1.145777178436031818e+01
-1.232219750140704306e+01
-1.179737636157097391e+01
-1.116991172515626651e+01
-1.078481602651716464e+01
-6.523861574414967279e+00
-7.420503040596141409e-01
-7.989568416398656892e-01
-3.046038269523640096e+00
-3.561364956508374480e+00
-3.682624236297858289e+00
-1.932224972280591091e+00
-2.265970852883455233e+00
-4.362110176513703585e+00
-4.906685156920834068e+00
-5.048339472625085200e+00
-8.217261313840149128e+00
-9.205108644762026060e+00
-8.955982366874726708e+00
-9.092784807730158292e+00
-8.609867848316961059e+00
-9.503146885587707260e+00
-1.045747214170880213e+01
-1.167191594693788836e+01
-1.185877676244915335e+01
-1.031341831411918086e+01
-9.212854552898194882e+00
-8.121171491297825895e+00
-5.798371890657243455e+00
-3.874422027191818607e+00
-2.698080793081385043e+00
-2.254302089398475761e+00
-2.917659497624719211e+00
-4.646369954686506709e+00
-6.171377331335675898e+00
-5.915588253436425248e+00
-4.398860059267195588e+00
-3.779408150289860213e+00
-4.692978835040618968e+00
-2.774450209748756446e+00
-3.415014229890013020e+00
-6.992252754823978123e+00
-9.169760841961291931e+00
-6.741176583430108948e+00
-2.713822908598793937e+00
-2.228206515630637874e+00
-1.588933055729161437e+00
1.929298704739299319e+00
3.515734940705786404e-02
2.457917887336154295e-01
1.866098917753202135e+00
1.278197265307772446e+00
2.237320219232913354e-01
8.627137661857295359e-02
8.403960175382655384e-01
-2.690217844350506926e+00
-7.316138085280528891e+00
-6.732550886978645011e+00
-5.881605267091472022e+00
-6.845127667992434439e+00
-6.588767369903323790e+00
-6.531310986838877675e+00
-6.045798245482174593e+00
-6.186002983921437881e+00
-8.490495180558200516e+00
-1.157291335525825993e+01
-1.387279763277127564e+01
-1.499933951162764068e+01
-1.330769782855828787e+01
-1.234121992805372159e+01
-1.395349836059076587e+01
-1.237050185278270753e+01
-1.044556675335745055e+01
-1.237673135316078010e+01
-1.314651364477247064e+01
-1.217110188776352686e+01
-1.034083279227020391e+01
-1.009833290444313292e+01
-8.608738886945975111e+00
-8.358030410451899428e+00
-9.293735237114683301e+00
-8.641654710519953042e+00
-1.015132606668404414e+01
-9.225958129227171511e+00
-7.207175317588835561e+00
-8.372731434353454461e+00
-1.076680562979098887e+01
-1.322957958363753761e+01
-1.217310345216106704e+01
-1.084317933710104853e+01
-1.213095623235502885e+01
-1.198276233494186016e+01
-9.564476868570432444e+00
-9.934576821512276723e+00
-9.959082697420406305e+00
-6.594107992252800088e+00
-2.595672236995833604e+00
4.567437243366628125e-02
-1.509843381151700914e+00
-3.024424383475388556e+00
-4.424648288029350063e+00
-6.436795522008573300e+00
-5.169974925132310162e+00
1.161846378356298781e-01
-3.609508020629182967e-01
-1.021555836681268836e+01
-1.362261718407684796e+01
-1.317058180101897946e+01
-1.228086383596304643e+01
-1.148797625480996132e+01
-1.274320932527606054e+01
-1.447785134747431179e+01
-1.473950517756268930e+01
-1.420030045024576637e+01
-1.454420927016699139e+01
-1.543347716712411355e+01
-1.539344651959199162e+01
-1.518730559192091789e+01
-1.558210455559948038e+01
-1.563258883478420636e+01
-1.537944770474947020e+01
-1.489638169971613202e+01
-1.324957738647196415e+01
-1.441935369806611966e+01
-1.465485129094796690e+01
-1.263960498213003092e+01
-1.165710092007055643e+01
-9.373834515673184598e+00
-7.685531254935100698e+00
-6.221608212092626822e+00
-6.900455708214129125e+00
-7.436376906141524579e+00
-3.905496096501316128e+00
-2.390046446105801081e+00
-3.057826965770062078e+00
-6.691365450589282560e+00
-9.453055562972888737e+00
-9.276033871480809267e+00
-6.173105883981764741e+00
-7.312283487668017834e+00
-9.262459915742050853e+00
-7.711188171383036583e+00
-5.867216238861700184e+00
-6.448302565627821004e+00
-7.932457982728858603e+00
-8.473371344768219515e+00
-8.746663753207199576e+00
-7.833425838692093635e+00
-6.308316374479671751e+00
-5.656706016087674094e+00
-6.622501747872401978e+00
-7.486186148454238243e+00
-4.697547255397875432e+00
-4.178110095833444504e+00
-5.161532829362327490e+00
-5.449288232681362310e+00
-4.500155600257343735e+00
-2.426359197376391830e+00
-2.521862274132950166e+00
-4.895304481930931928e+00
-7.291439992396049341e+00
-8.888641055401423685e+00
-6.634503922310326374e+00
-1.960011182041916378e+00
-2.636472446139585646e+00
-5.952398620601112356e+00
-7.893552024423679647e+00
-1.032368290349563367e+01
-9.994599979586638483e+00
-9.267622658660506829e+00
-1.020956292740009630e+01
-9.834511073199472264e+00
-6.564312997799766514e+00
-4.098032686956787352e+00
-5.125607740621870967e+00
-3.576151598161915413e+00
-1.736785817733343062e+00
-5.246237029133145491e+00
-4.085953805629338298e+00
-2.147325308394625321e+00
-4.475039608839154859e+00
-5.662740221415957009e+00
-3.929822232467781173e+00
-3.602160149460680305e+00
-5.116166262364077788e+00
-5.726438419079106446e+00
-7.758911637792706095e+00
-8.305910113568335973e+00
-7.325014592564436988e+00
-9.515240649365907188e+00
-1.145258202375515211e+01
-1.147560266905389526e+01
-1.060506216548675695e+01
-9.011110927155540296e+00
-8.824616343795749884e+00
-1.079135606108518353e+01
-1.127326432076737106e+01
-1.043906944363943978e+01
-8.899649753160225885e+00
-6.149122334909318255e+00
-5.543041245761001434e+00
-5.108172899450944549e+00
-3.356215500006026087e+00
-4.891337192500174069e+00
-9.106942453426423612e+00
-9.223479684398084189e+00
-8.841328685295698264e+00
-8.633835606675484442e+00
-6.894152030771379280e+00
-8.132930004278149383e+00
-8.877040512939837313e+00
-9.672416330550761998e+00
-1.241514051713097722e+01
-1.184922819516871328e+01
-8.907250514409621900e+00
-6.638707764650574994e+00
-3.825903809534738631e+00
-2.353965707961969578e+00
-2.455470988104683006e+00
-5.095075659310208671e+00
-4.867548170165545862e+00
-4.035639106426773814e+00
-5.469423942244292292e+00
-3.613717711395793231e+00
-2.888057420232740924e+00
-3.056068378406503694e+00
-1.726544299365461610e+00
-3.233570787871162366e+00
-4.147506899648090162e+00
-3.956733884240957178e+00
-6.185558848952604549e+00
-8.576422707407186152e+00
-9.573407715845648980e+00
-7.925924130838478909e+00
-6.269834271806161041e+00
-5.099131322098935826e+00
-4.650608544235441677e+00
-3.807726251178943588e+00
-2.986256493948367119e+00
-3.982161891970414036e+00
-5.290565336614127645e+00
-3.819323212634318843e+00
-7.809409330099046365e-01
-1.843428415489733574e+00
-3.679811369370145080e+00
-5.531977031823234192e+00
-9.362327131832369531e+00
-1.138689434596019545e+01
-1.095864356360636371e+01
-7.280210584409967822e+00
-4.435194755810611511e+00
-5.381271414955934418e+00
-6.226904205471582188e+00
-5.273511209894096829e+00
-4.083649730455424454e+00
-5.654780172921463510e+00
-6.094763576576120556e+00
-4.226110034547409633e+00
-3.000103292737266614e+00
-2.493228834057400700e+00
-4.298463227452437252e+00
-4.632268445011436420e+00
-1.226449437430149336e+00
-1.615036417335022012e+00
-3.531143124962053736e+00
-3.438344375533539665e+00
-2.535206222588489045e+00
2.622802321635459233e+00
5.262754845291943262e+00
4.865372877840433929e+00
5.131327389252942517e+00
5.930511773988255797e+00
6.267034867419099875e+00
7.868820715510445041e+00
8.085820764696276086e+00
6.861283714503491282e+00
3.875416481752111508e+00
-7.503702643501485303e-01
-2.963068848011029655e+00
-3.831404905469764532e+00
-3.882490253522878021e+00
-3.093300200568712466e+00
-3.422276381787677568e+00
-1.307431340036159684e+00
-3.338172876735083783e-01
-2.852952380260612486e+00
-4.748906595890346694e+00
-7.507512488910400350e+00
-9.114891985761886417e+00
-9.214513589045070674e+00
-9.808104703117619394e+00
-8.609497904196539153e+00
-6.097662504655994908e+00
-7.270424024551346953e+00
-7.599251716897004627e+00
-6.271521524742103892e+00
-7.613538238250735724e+00
-7.166910381354817616e+00
-2.729921687934666163e+00
-1.762501240185890605e+00
-1.990442861208393310e+00
-3.339787816771938811e+00
-4.821507204445738104e+00
-3.498334413607242510e+00
-2.239828604952043722e+00
-1.375390075907712895e+00
2.911617718281329092e-01
2.394888780197939493e+00
2.238897016699243014e+00
-9.666475557042545352e-01
-4.299164865498792842e+00
-5.020185655704080929e+00
-5.749520262191733622e+00
-7.181634869490953754e+00
-6.958861711335640798e+00
-6.266927899074572927e+00
-3.212721734733184231e+00
-3.435008005082533789e+00
-5.967205023063502978e+00
-5.782328460396190195e+00
-3.898602954820571398e+00
-5.020568524972341962e+00
-6.218547543642211295e+00
-7.808525459020319026e+00
-9.113947055101867534e+00
-9.045754425312553693e+00
-8.177370894578944061e+00
-5.615979157558215640e+00
-5.911766203982570467e+00
-6.570517444420625353e+00
-7.538381864601834792e+00
-8.821887739204887779e+00
-8.237549364149888476e+00
-1.001227433620650586e+01
-1.114476257192308672e+01
-1.054726340825534692e+01
-9.189365191392976584e+00
-1.024515836230981058e+01
-1.060826863401239173e+01
-1.042095070861592632e+01
-1.018934970014813324e+01
-8.248812948284085067e+00
-6.452927334083226718e+00
-5.294539566310132450e+00
-5.592799446758955462e+00
-7.349658046290547198e+00
-9.598591198066548813e+00
-1.174574707235975879e+01
-1.274976033021301802e+01
-1.143125698715523519e+01
-8.746972318210207931e+00
-7.851784189087835486e+00
-9.894769910923267631e+00
-1.058083105857913964e+01
-9.347354841578704665e+00
-9.056434345476482406e+00
-7.676923538171315009e+00
-4.994785870820606100e+00
-4.692793496677793108e+00
-5.612672837292333128e+00
-6.190433282793291525e+00
-7.153824903860947160e+00
-8.730552917968248394e+00
-1.028733081720292475e+01
-1.095886689200439790e+01
-1.102148523321552176e+01
-1.050515729745058024e+01
-1.081438031102734421e+01
-1.041816482404689204e+01
-1.114625586842135263e+01
-1.109561809394243426e+01
-9.602198590216497465e+00
-1.111571364445925880e+01
-1.223034213553703253e+01
-1.230058855097909110e+01
-1.137293037131450824e+01
-1.024432239560967339e+01
-1.019920415745998277e+01
-9.801270252924876303e+00
-9.203104081215284893e+00
-1.057473045723777538e+01
-1.196513572251152446e+01
-1.021055074412100439e+01
-9.377159759344900536e+00
-1.093428245219708295e+01
-1.045266582713088077e+01
-9.683349162834449686e+00
-8.736647792608749796e+00
-7.805545790458738864e+00
-8.430388151522565821e+00
-8.539789291289624273e+00
-6.594287568399237465e+00
-5.187230568195143832e+00
-8.107478449238096019e+00
-1.045637206663243468e+01
-1.188710235821065275e+01
-1.289604161290594320e+01
-1.308106882650015024e+01
-1.336739848795126484e+01
-1.438376783441986539e+01
-1.458314777572532250e+01
-1.438327834678214678e+01
-1.352574577761599528e+01
-1.242534684027094727e+01
-1.253773485131675969e+01
-1.159387130815350631e+01
-1.079224377138766933e+01
-9.173106400882998557e+00
-6.721668219496055308e+00
-5.652720828092517635e+00
-5.632643381093316748e+00
-5.302516226657708387e+00
-6.028259800156648751e+00
-7.576062371363742720e+00
-8.598394285931403758e+00
-6.596113313197084160e+00
-3.586364454152886516e+00
-4.009948912582236957e+00
-6.045658865401840387e+00
-7.774970581335683306e+00
-8.470382197748058672e+00
-8.641990975942684727e+00
-7.558210081846108430e+00
-4.393648531332819296e+00
-5.073846966131684511e+00
-8.528762821693121055e+00
-1.157270596176807054e+01
-1.138147757089616796e+01
-1.085803403800808375e+01
-1.093945996665523168e+01
-1.068643724165792364e+01
-1.170337950116047310e+01
-1.275920492715433774e+01
-1.237671299139855030e+01
-1.116258763462836789e+01
-9.341286761137762795e+00
-8.867568167582243532e+00
-9.423553110745586991e+00
-8.582537655941500532e+00
-5.640372432969302352e+00
-2.896704753140712629e+00
-3.579033904070005878e+00
-3.303381297822202800e+00
-2.824453300946117018e+00
-4.971170026525663310e+00
-5.916819667268830685e+00
-4.303155705317230684e+00
-3.033416665326348127e+00
-5.523406933811652486e+00
-7.800674019894093369e+00
-8.227562934417418816e+00
-8.181250767999259210e+00
-9.272908123657687796e+00
-1.086518161670129246e+01
-9.540545678625161230e+00
-7.690692651801148472e+00
-7.133168031593504210e+00
-5.207024870832545282e+00
-2.472614753667877974e+00
-1.608949074981293359e+00
-1.235791023349822604e+00
-1.448603353861116216e-01
-1.147954886573544275e+00
-3.339554838184275010e+00
-5.129640455803504473e+00
-7.495097101340249424e+00
-9.522420116652583033e+00
-9.685811020147999884e+00
-8.508747870223009713e+00
-9.783514909896039669e+00
-1.153478474944019183e+01
-1.137519847561858555e+01
-1.179526605299529329e+01
-1.077200180561522735e+01
-7.914037994980486879e+00
-5.533215726924719746e+00
-4.842378365392077555e+00
-5.974087205644015519e+00
-6.738423191791929945e+00
-5.213087243705797569e+00
-4.099746002741865070e+00
-6.273498449391784249e+00
-5.541547994644314024e+00
-3.668466675523461173e+00
-6.118306827628897437e+00
-8.900892673181719061e+00
-1.022330463466258976e+01
-1.110855972535961556e+01
-1.128038240452446495e+01
-1.240990868152211135e+01
-1.279266549853854329e+01
-1.239279104600637282e+01
-1.242753986866486393e+01
-1.365802000330411303e+01
-1.440819041787224997e+01
-1.368734367742300329e+01
-1.301966706719886879e+01
-1.263447295815722526e+01
-1.251306217025814149e+01
-1.358175709723160196e+01
-1.327294302816769367e+01
-1.306562309074490713e+01
-1.256067778867949336e+01
-1.140478314366676038e+01
-1.206085340046547039e+01
-1.332069395001858680e+01
-1.472212940133423764e+01
-1.533939449632802443e+01
-1.536380151680871364e+01
-1.496530062048084986e+01
-1.332670176428064401e+01
-1.306362621978248129e+01
-1.311090180431343910e+01
-1.395753530523515629e+01
-1.461433991164680180e+01
-1.496448370257050975e+01
-1.483332107288219959e+01
-1.483712300790939587e+01
-1.497961648213862773e+01
-1.426242632802375887e+01
-1.477501422686405519e+01
-1.488299474416068158e+01
-1.411301473318990318e+01
-1.297302029806801649e+01
-1.185155008412301036e+01
-9.515051928914418866e+00
-6.709057674559267603e+00
-7.748639006297238119e+00
-9.477859607621549998e+00
-9.949792562707310495e+00
-9.882132670506408090e+00
-9.183281399786464405e+00
-7.394041799626248412e+00
-6.093933291582281697e+00
-9.480027916839823376e+00
-1.328636441286688097e+01
-1.441171185331820048e+01
-1.519699241168173920e+01
-1.525773567230157823e+01
-1.513844289583238734e+01
-1.535770269754875805e+01
-1.563108432093538624e+01
-1.527674061746715495e+01
-1.560219811052914807e+01
-1.519797977781155751e+01
-1.469452790205243708e+01
-1.400126975239718874e+01
-1.387494726047680693e+01
-1.264654198293900400e+01
-1.143688942527951546e+01
-1.168420281449679088e+01
-1.288309347820476169e+01
-1.383972562853169919e+01
-1.346395171537393232e+01
-1.396183701668599220e+01
-1.336955176209237273e+01
-1.143998282356158214e+01
-1.107968710457560846e+01
-1.051484390338259622e+01
-9.092272126476283134e+00
-9.277110440316489459e+00
-9.012308185167006158e+00
-9.780844542916772966e+00
-1.288850405288834189e+01
-1.373175392702977504e+01
-1.346057860210498447e+01
-1.304327409367397017e+01
-1.044455233129079197e+01
-8.360273323394686429e+00
-7.644134758118082296e+00
-8.512303874468134524e+00
-1.058246334456662296e+01
-1.179121614355298853e+01
-1.026836519566211336e+01
-1.089742562784693014e+01
-1.358046921190998546e+01
-1.455185473551136077e+01
-1.503797339582233228e+01
-1.527936015735436293e+01
-1.549503074064324259e+01
-1.574535449860592706e+01
-1.566932002911372734e+01
-1.569062721362099921e+01
-1.495362725709667906e+01
-1.086100130966561217e+01
-6.809578753722303368e+00
-7.161504595951116769e+00
-7.378672975124146660e+00
-6.950051878154748231e+00
-8.582917983658431282e+00
-8.630153758912594952e+00
-8.467934261065888535e+00
-1.060284635030210865e+01
-8.691622367137535221e+00
-8.961921204464125879e+00
-1.284041278183136470e+01
-1.534119966043766148e+01
-1.563656065157517006e+01
-1.554823320406985765e+01
-1.573939647019848387e+01
-1.549446317442266263e+01
-1.477244733067320404e+01
-1.381990599212762660e+01
-1.459607361723928776e+01
-1.523613771140636608e+01
-1.540810113638380585e+01
-1.481736593854328277e+01
-1.464253130845925099e+01
-1.493912450575242623e+01
-1.356358249629449197e+01
-1.252678110103366471e+01
-1.197295299426155957e+01
-1.185467092571556869e+01
-1.222213295146137391e+01
-1.246435839988700245e+01
-1.300801935478694382e+01
-1.203612106824784433e+01
-1.204738272395863774e+01
-1.335606294736340161e+01
-1.311397627154267731e+01
-1.208264802534333882e+01
-1.132622371659259208e+01
-1.026397149576461310e+01
-8.538987784474155518e+00
-6.938226606251327588e+00
-7.329752779468906354e+00
-7.746254992442446863e+00
-9.260293440851574687e+00
-1.244846174677023143e+01
-1.369133738679845891e+01
-1.369557234199777795e+01
-1.330241059843018903e+01
-1.290840153566793802e+01
-1.256555269317304280e+01
-1.126907023706085376e+01
-1.003897072126983225e+01
-7.532917011605440472e+00
-6.064050066405588524e+00
-7.681714249729020949e+00
-8.119699506780476028e+00
-6.298739387800445400e+00
-3.104540507501232671e+00
-2.167364190616782427e+00
-2.404768291239196998e+00
-5.982995687749175673e+00
-1.171848409260903701e+01
-1.258073954320392041e+01
-1.335198236891338652e+01
-1.281199218102004700e+01
-1.097285599889745100e+01
-1.188444025690389161e+01
-1.387164912698112218e+01
-1.409526865832751241e+01
-1.328700135063649768e+01
-1.249347734032092383e+01
-1.026300066297267577e+01
-8.507530115051208597e+00
-1.052495391192860019e+01
-1.199990454681702445e+01
-1.155951605343440214e+01
-1.196548600339848001e+01
-1.236811524916544158e+01
-1.101761470072232640e+01
-1.040264572712811564e+01
-1.056371100789472806e+01
-7.615209801789792010e+00
-2.180764725296246986e+00
-2.692410917360493094e+00
-4.299413679847310377e+00
-6.188857693034353069e+00
-9.222691390308392911e+00
-8.503764133064594333e+00
-7.321036797237436389e+00
-6.377742796145304816e+00
-6.731049933375295780e+00
-8.800469270530033583e+00
-1.175230355405502536e+01
-1.158053347765768493e+01
-8.597232393018563457e+00
-9.128667298759367554e+00
-1.018361279924872420e+01
-1.100487659549458819e+01
-1.260509617161038776e+01
-1.325310766697306519e+01
-1.163269515312129698e+01
-9.981088170112288438e+00
-7.958241328997708308e+00
-4.866626748746334385e+00
-2.641726095594162604e+00
-3.684465673796708973e+00
-5.325492428770187026e+00
-3.901717821574751444e+00
-3.642588243112058422e+00
-6.110155179632607236e+00
-7.686901913662448571e+00
-7.341145403778910783e+00
-7.269601158351236769e+00
-6.892464985589302984e+00
-5.000497063596545999e+00
-2.903343897295903808e+00
-1.142885729402063344e+00
5.470340944796184823e-01
-7.882539686496379261e-01
-1.943387188435660606e+00
-1.468528417840641254e+00
-1.140259057450994984e+00
-2.998509843277923803e+00
-5.137519492929368603e+00
-5.599894509653886132e+00
-6.003382386591201936e+00
-4.391743979885388782e+00
-2.059527476573343119e+00
2.874119128920660793e-01
1.102700274218052279e+00
-5.304258098267023991e-01
-2.566461826102849564e+00
-4.804985977364295557e+00
-8.179688122491679536e+00
-1.000335416943396005e+01
-7.204100446867312435e+00
-6.394652734953392148e+00
-7.329135879464757863e+00
-7.434080024819297527e+00
-7.511442645590952871e+00
-8.015624679067967051e+00
-9.877823359644233747e+00
-1.246289080072532229e+01
-1.314085865684935683e+01
-1.292293649633017161e+01
-1.385886881341445154e+01
-1.478569815108699181e+01
-1.450604038899973425e+01
-1.456049759350927886e+01
-1.324057474170767890e+01
-1.035821419450584457e+01
-1.025584165389974878e+01
-9.886302455472662842e+00
-8.983935803897383110e+00
-9.383462366197171889e+00
-7.144620138897534112e+00
-3.836775869045559784e+00
-2.394713568923508173e+00
-2.784826169460324685e+00
-4.767294538851034602e+00
-6.265551628763682324e+00
-7.394927858705825585e+00
-9.041292974197808974e+00
-1.122888361202997309e+01
-1.171430834677153143e+01
-9.903233984055349381e+00
-8.436989776797593876e+00
-1.118015574024479086e+01
-1.140588121874501759e+01
-9.996378008351255673e+00
-1.059758146416362834e+01
-1.057499141128183417e+01
-1.066530321085096134e+01
-1.254949298586900674e+01
-1.389018938489689248e+01
-1.216928907150540340e+01
-9.893801535954272808e+00
-1.051224566998761567e+01
-1.306131301472522210e+01
-1.352901210913642593e+01
-1.182095012740667705e+01
-1.030282405160980019e+01
-8.264643556412663017e+00
-1.004614767687162846e+01
-1.066484129901977163e+01
-8.549922608047083372e+00
-9.981003073315303453e+00
-1.145170952608845205e+01
-1.104333234019127907e+01
-1.038793383432072659e+01
-9.978025557077058849e+00
-1.013435421848496176e+01
-9.744130379071794579e+00
-1.048701534892681941e+01
-1.163775116607113880e+01
-1.047572258207337903e+01
-8.667729576578981465e+00
-6.355269329875063100e+00
-5.321893306831277926e+00
-3.897778313106599946e+00
-3.067158458669375865e+00
-4.961360042314490570e+00
-7.532341448982079690e+00
-6.556710191931882648e+00
-5.592120951649622640e+00
-6.829692098439182679e+00
-8.475098084830944956e+00
-8.265608576803222363e+00
-1.990254073105151900e+00
-5.045734235525008993e-01
-2.486350892213329278e+00
-4.818641507689202186e+00
-6.124493080255813737e+00
-6.726650294680667663e+00
-8.413630320291193954e+00
-8.320466816485692974e+00
-7.363479363303892633e+00
-7.155414318416109865e+00
-4.356683470204457009e+00
-4.846947740551619255e-01
-5.265067152021991603e-01
-3.338376828248995398e+00
-4.132958350614068799e+00
-6.625581559013157040e+00
-9.375847783949216918e+00
-9.306866520362016004e+00
-9.316924453960695018e+00
-7.184046456099636657e+00
-4.954916433507246865e+00
-8.743948755776875359e+00
-1.116663580460267013e+01
-9.762766741277172144e+00
-7.798179491287567267e+00
-5.959831527458786304e+00
-2.833576686349796425e+00
-5.825225889361642650e-01
-2.599991298511726168e+00
-5.541866894695991697e+00
-6.165653622958020996e+00
-7.717753700214841750e+00
-9.196441130796406682e+00
-7.072205655262372659e+00
-5.189784312727093507e+00
-5.462440016981171986e+00
-8.220838397879493442e+00
-1.094416474041395482e+01
-1.067762921330082548e+01
-9.734181907278037116e+00
-9.742030360988689353e+00
-8.273927957785543796e+00
-6.915663818991846234e+00
-5.813237372699292749e+00
-4.919723330997577193e+00
-5.294421261929239897e+00
-3.975875399567565527e+00
-5.738288456808761318e+00
-8.475557561855833200e+00
-7.509879006608046303e+00
-7.557412581539141527e+00
-8.953280454884104955e+00
-9.235746740759712026e+00
-7.691271747292397265e+00
-5.841663053804509786e+00
-6.556731098141948877e+00
-6.155269005582487907e+00
-2.495311022962775738e+00
1.155161513583339516e+00
1.901542523684111474e+00
-4.596007295794763414e-01
-3.760221919549455283e+00
-5.608511205051051718e+00
-6.596121340976389469e+00
-7.596781107821346524e+00
-6.073500577804405332e+00
-2.771484089576013332e+00
-3.972225059817786619e+00
-5.669743365817746295e+00
-5.931996282277567367e+00
-5.128283188346173915e+00
-3.036823363066697201e+00
-1.328972351545282926e+00
-1.903753612176123600e+00
4.953921360383786165e-01
5.188121699181800217e+00
2.264555933133592713e+00
-9.844269477673505131e-01
-8.671785241116816145e-01
1.500729093877946507e+00
5.595809559156966095e+00
5.101070054714438307e+00
3.285747711420621719e+00
4.522147274483286239e+00
5.204587368656896196e+00
1.660175019222093651e+00
-1.408232837193092779e+00
-2.902608519393056863e+00
-2.378330199679272727e+00
5.007499427556355576e-01
2.382883326270941904e+00
4.389769761980213403e+00
5.933257551491841753e+00
3.212660985173602324e+00
-1.474746623429020964e+00
-4.913286567558718509e+00
-3.138061138789940863e+00
-8.120917133240144192e-01
-7.475982896277354461e-01
-1.915426847517328834e+00
-3.648295283979960058e+00
-1.047173204475175812e+00
1.407153561349080650e+00
6.522869346019829484e-01
2.012946141336785288e+00
1.783172743638612445e+00
-1.849895633663346806e-01
1.587619899809806778e+00
2.818411555447357220e+00
4.973091943421303007e+00
7.158894899274707235e+00
5.316220829396740122e+00
3.118996426081722451e+00
3.640327707993712636e+00
6.856005546579882370e+00
9.200944167304426102e+00
9.052057859823404939e+00
8.399875149539054675e+00
6.174942637863943595e+00
3.286727748680013939e+00
1.833315262015958513e+00
5.332600818617780902e+00
8.390050180508403344e+00
3.669300489479548233e+00
-2.292721817764968417e+00
-1.734439908027761712e+00
-1.377594877107455457e-02
3.219080532698391228e-01
2.903747660027168553e+00
2.333925879207741083e+00
-2.201657228741572769e+00
-3.641169373288077882e+00
-1.419235789576398732e+00
-1.607644171394904786e+00
-1.068020730914202687e+00
1.275501067702490499e+00
4.244341000217628945e+00
7.290788667649754196e+00
7.253563289047310292e+00
8.411076143078281220e+00
5.337768082373429479e+00
-3.006076473569314622e-01
-3.276031582407586740e+00
-4.852223244690222259e+00
-3.562109086403100200e+00
-8.652158574459309914e-01
7.182545454395387052e-01
2.999551707714120941e+00
5.405066089973827204e+00
5.748531903175775781e+00
3.726097937063133081e+00
6.749636198037528567e-01
1.224459720236254601e+00
6.470665775920301233e-01
6.470665775920301233e-01
6.470665775920301233e-01
6.470665775920292351e-01
6.470665775920292351e-01
6.470665775920301233e-01
6.470665775920301233e-01
6.470665775920301233e-01
6.470665775920301233e-01
6.470665775920301233e-01
7.544601070832024803e+00
7.901574485371329004e+00
3.729635128842437197e+00
1.306455517462895788e+00
2.330795714009804787e+00
5.903877119058394740e+00
8.628908043590310939e+00
7.944130855589546236e+00
9.660648104635033206e+00
9.339565687856534737e+00
5.926199057404583748e+00
4.426022553080265709e+00
-2.533582899089982243e-01
-8.287985683333464193e-01
6.418069437961450019e-01
1.106684700477741368e+00
-1.571433473976550088e+00
-4.863230643238280138e+00
-6.654379985858103197e+00
-5.109846215730904362e+00
4.508829589900756218e+00
8.272360860743129152e+00
9.193231432055078756e+00
1.265146466492829980e+01
1.309901885744361927e+01
1.387155714478464397e+01
1.526807148318562746e+01
1.291537507088179915e+01
1.258173652349261928e+01
1.095107309187708289e+01
3.134540651331595207e+00
-1.804334255520079200e+00
-8.917043586562181101e-01
8.276839809421386862e-01
2.207192884032307845e+00
4.534174704316649984e-02
-3.142814322021562301e+00
-4.712232748826760798e+00
-6.593010550720585172e+00
-6.122475984001283678e+00
-9.281347332050474686e-01
3.944316207441490363e+00
7.112215258518339134e+00
6.371665035169927549e+00
3.863850863616096198e+00
3.292373633850935288e+00
7.357276533800579443e+00
1.041717720816256865e+01
9.907974191538176711e+00
8.580752436833563479e+00
5.609320313884293085e+00
2.868845556348207815e+00
3.509080724351681280e+00
2.286515046445829036e+00
-1.670726683156965597e+00
-2.131058652190863878e+00
2.522929183589440072e+00
4.254218333000711283e+00
1.547757255548974253e+00
2.634773445233038913e+00
6.037193955044505955e+00
9.484927868307998722e+00
1.096866045887784047e+01
1.087284906380440397e+01
1.007659662012304480e+01
8.949257384242020663e+00
5.267525564879184330e+00
2.392576229474681959e+00
3.019199261229171150e+00
8.912370309422509962e+00
1.344949470156562654e+01
1.391594252340172488e+01
1.411805685989278203e+01
1.519199561579812752e+01
1.615798711016996592e+01
1.640960592930834494e+01
1.533875045813931592e+01
1.398905141511722228e+01
1.447253356503529709e+01
1.522175620339148416e+01
1.490345220298425488e+01
1.245357974381363420e+01
1.262335993180242610e+01
1.564386868406878861e+01
1.426267103158027538e+01
1.161849033610673310e+01
1.019653274282786803e+01
8.658194586080417920e+00
1.020846414878475272e+01
1.067136619062623204e+01
9.460871060626669049e+00
8.217022392562684630e+00
5.762451369565898318e+00
2.745918965677762724e+00
2.327955234266173790e+00
2.753288930185633365e+00
5.146925517020693341e+00
7.940900596561155211e+00
8.596621976382033736e+00
9.277398800399195622e+00
1.128785446882666754e+01
1.265338886999612278e+01
9.609805321492626007e+00
6.398412736119226452e+00
5.336181775310352648e+00
5.685957221882600443e+00
5.116039550595205654e+00
5.165755119953112207e+00
8.733647277601605197e+00
1.129149394473883206e+01
1.187332636669716557e+01
8.060584980014679601e+00
6.792294582690829863e+00
8.499391267087990087e+00
8.026699086296206431e+00
5.300804668467004710e+00
4.617136687997143163e+00
4.109385781884308919e+00
3.294086004735447659e+00
3.429089605690093467e+00
2.683303288667584940e+00
3.982479644540314334e-01
1.675883335173015576e+00
4.635075475655019872e+00
4.497666470036159048e+00
4.696789670453846988e+00
2.618148179026206446e+00
8.159835039633044351e-01
-8.944385526576864587e-01
-8.569981978050019711e-01
3.766407946655355943e+00
6.263308048117739446e+00
5.425710149154473250e+00
3.353208877651304487e+00
3.477278321935605376e+00
4.002720464809427448e+00
4.288655338045296084e+00
5.543692009405693177e+00
6.756948974063007540e+00
1.009781125556282078e+01
1.223457216848152029e+01
1.100779167243918266e+01
1.253530778343747443e+01
1.532600066103695191e+01
1.458655032833144460e+01
1.463468409824627336e+01
1.535824621731947381e+01
1.494560928606798633e+01
1.303198671053566926e+01
1.322883866493521587e+01
1.483891814616647054e+01
1.626144697739343314e+01
1.589423334249233477e+01
1.424672750838489854e+01
1.519889328547450980e+01
1.602806079255817551e+01
1.597286402128207783e+01
1.686435216224751343e+01
1.772424682474395041e+01
1.752242486848746239e+01
1.375746694394687353e+01
1.133377321408515570e+01
1.195262714002848980e+01
1.020121695475710766e+01
6.851483462481771980e+00
5.860601890936117719e+00
6.112049392193956265e+00
8.330554760024760697e+00
6.843860714812503687e+00
5.729958899815463802e+00
7.728945125804707494e+00
9.423753349852947991e+00
1.037556536367111448e+01
1.074067318114664182e+01
1.042165317674074565e+01
1.061472096095333839e+01
9.127481652028208714e+00
4.822180091827928727e+00
3.407819828406588147e+00
4.902029504597694043e+00
5.932765504789793809e+00
6.570220588408574258e+00
6.342541687078401047e+00
2.676965794991905678e+00
1.740426668576257496e+00
3.852829592689737126e+00
3.857471366964892567e+00
7.557481770252925557e+00
1.162534808711844825e+01
9.607295118344525875e+00
3.723968997248578550e+00
1.191843918622733423e+00
7.040316456114076304e-01
2.955951509698080404e-01
-2.035627810515018066e+00
-6.194288051147093022e+00
-7.373150569533352794e+00
-5.764336875263555982e+00
-4.916131382200287447e+00
-4.133645679914808468e+00
-1.507398469129202390e+00
2.839802650898132441e+00
6.149372980601844674e+00
6.142945767760904729e+00
3.608666414581759962e+00
1.084635260371379584e+00
3.098184069386292983e+00
5.234645171370711836e+00
3.682332270091515980e+00
1.696733323509859170e+00
2.789569377479443446e+00
4.025765142067686320e+00
2.614858324897505248e+00
2.205522337918594200e+00
1.907783294996778789e+00
-1.657009948814735845e+00
-1.519777413682365630e+00
1.181354321334178170e+00
1.444766448160281547e+00
1.334087379653591032e+00
3.784380537859170612e+00
4.775725155193494942e+00
5.012124113678776638e+00
8.445110655827734902e+00
1.109837753714112729e+01
8.144330649739261574e+00
4.351082807063455071e+00
2.976402522330438671e+00
3.801901252500597295e+00
5.562029078440032137e+00
5.956140522686323102e+00
4.561102896201115087e+00
6.152826460203145942e+00
8.568572987084055015e+00
8.238709238874386998e+00
5.899212346811467889e+00
2.475946613675150676e+00
3.775613736688193445e+00
6.222991847943531774e+00
5.282461176924706514e+00
6.270575444120352060e+00
8.656557357405306519e+00
9.704036122544961174e+00
9.345062361249453886e+00
1.046120658395816783e+01
1.184537301026619183e+01
1.092517826615830678e+01
8.851601976744372990e+00
9.425818411966433885e+00
1.110886842464652879e+01
1.110548864028829286e+01
1.001095954734420879e+01
9.708869258281765724e+00
1.106143744123297168e+01
9.971943926387877966e+00
7.763005779028496534e+00
5.831651124623296489e+00
4.711225088076487211e+00
6.901793035783597929e+00
1.008660070115574214e+01
1.274546358060713480e+01
1.308471351635746061e+01
1.259625894635956733e+01
1.210520155488831051e+01
1.325698101181139776e+01
1.462345740642492764e+01
1.301566572923274023e+01
1.361192110152900270e+01
1.516978180757560857e+01
1.475663514968224987e+01
1.338581307640339446e+01
1.331513644049535650e+01
1.304042197569355288e+01
1.079382598904823176e+01
8.618153421812753123e+00
6.076146962090121839e+00
7.809187980392790607e+00
9.421576922550793043e+00
9.576431500394038565e+00
9.231365640170421827e+00
8.987260812225192907e+00
1.093328802240663400e+01
1.259801712964389075e+01
1.142808534494857930e+01
1.052992999648442485e+01
1.129658195312633850e+01
1.147363871035540228e+01
1.155512608693584653e+01
1.286335220476991736e+01
1.374792758185355801e+01
1.457526844674120170e+01
1.373731763868837419e+01
1.242158147742864926e+01
1.217399074519869373e+01
1.079359282223818539e+01
1.119890613283959802e+01
1.387817360339981043e+01
1.341790982956479894e+01
1.158948935513896217e+01
1.164144304345777137e+01
1.138010166217395103e+01
1.173812695089489466e+01
1.250481181120195906e+01
1.229875233521214284e+01
1.375389101293224314e+01
1.426705457342478311e+01
1.480247154272616683e+01
1.508037271427407155e+01
1.129605051066815768e+01
8.731459615612440217e+00
8.707461185240857660e+00
9.888936783331145008e+00
1.079510390677847909e+01
1.054253905583426665e+01
1.181284236108444929e+01
1.387710807849326855e+01
1.333749955401915877e+01
1.252947389188877203e+01
1.116655577289530221e+01
1.110759372172156922e+01
1.466862593592976793e+01
1.642937303637340207e+01
1.579224976700304062e+01
1.433716218295660383e+01
1.416389301712000481e+01
1.516816822894040584e+01
1.538166673354020375e+01
1.405257812307977083e+01
1.484898976643963664e+01
1.643350933916733325e+01
1.630089034865524766e+01
1.346812465070236264e+01
1.131135620267498432e+01
1.372137248342342808e+01
1.509743617157609918e+01
1.403419789818834751e+01
1.305353450292049367e+01
1.254333027879940410e+01
1.078980515414479058e+01
1.099354453303650381e+01
1.451005508465892824e+01
1.434269776545183461e+01
1.258920265231901148e+01
1.298209052572277322e+01
1.502914015567587214e+01
1.618286028037394431e+01
1.533791161849678630e+01
1.412573907618680025e+01
1.137609133197327083e+01
9.995503113961774488e+00
1.015098425928276882e+01
1.149116616469490459e+01
1.341319854612011397e+01
1.330976869069500701e+01
1.343988630801045758e+01
1.594915854827218205e+01
1.641613991676385709e+01
1.506031135958908251e+01
1.312343145285470492e+01
1.103061681208043154e+01
1.123620327772145089e+01
1.292348853701169809e+01
1.188501885979239958e+01
1.226435742909521665e+01
1.391105307163384097e+01
1.320575979771060204e+01
1.119700278944297622e+01
1.200980209865028314e+01
1.408362674291331373e+01
1.408838124760573862e+01
1.428614524493922744e+01
1.410831907715413891e+01
1.311576013616823744e+01
1.033392236047719415e+01
9.588379946474400839e+00
9.175106039319125273e+00
8.070177948122001510e+00
6.585897719951439910e+00
5.857334432884788278e+00
7.758911753144773549e+00
1.066869156957571363e+01
1.221462895258534864e+01
1.416221257835130309e+01
1.560115557069703840e+01
1.560489503194339633e+01
1.467140440769466814e+01
1.477029793983126460e+01
1.376247726864019505e+01
1.436205759105354574e+01
1.576584961055011114e+01
1.374212242548679264e+01
1.146367652419919381e+01
9.768192289811373996e+00
8.389230329931463004e+00
7.406458825464653728e+00
8.175009542553299369e+00
7.052858892533210522e+00
5.403116424590890254e+00
6.504976915965000828e+00
1.009618311660432077e+01
1.422883497713989698e+01
1.692600786476144492e+01
1.760308629503424172e+01
1.782730359852150670e+01
1.767443493528048037e+01
1.719804050228612979e+01
1.773495952752581672e+01
1.730948792003679060e+01
1.617040368374570036e+01
1.669087609876911316e+01
1.660563760286339274e+01
1.534045731248062516e+01
1.568196605241037744e+01
1.546807591240676594e+01
1.336148611787235296e+01
1.168443223889626204e+01
1.082109776913369359e+01
1.100059215357931741e+01
1.104516781272395143e+01
1.226587952047444574e+01
1.416146800793546134e+01
1.530547767283201921e+01
1.671115920887936568e+01
1.648509098236666404e+01
1.640266308442467036e+01
1.628587906559611298e+01
1.688684272733723546e+01
1.711869769808943431e+01
1.650124703929571979e+01
1.659118024488074283e+01
1.665603397106479377e+01
1.624433486387323455e+01
1.627393983979153091e+01
1.674893178294056284e+01
1.686319677612325663e+01
1.598501612572338004e+01
1.671917365944021938e+01
1.703766568755463240e+01
1.730758005825402535e+01
1.763641696943265558e+01
1.803168645412188908e+01
1.725001480463073733e+01
1.605548747680094834e+01
1.630043303187860815e+01
1.763551212044164984e+01
1.765998531666333093e+01
1.679067478602383900e+01
1.729605296386504421e+01
1.675574916008308790e+01
1.710587308811082252e+01
1.634317294211715677e+01
1.517618852432485177e+01
1.611385664578920895e+01
1.657707095240771267e+01
1.738589899040747966e+01
1.769609737830269935e+01
1.724905448436878430e+01
1.714006351708703590e+01
1.570712240181295272e+01
1.683511496686534059e+01
1.764994360447942512e+01
1.775692012186651070e+01
1.834710134136733473e+01
1.832231771179565527e+01
1.806760026814969677e+01
1.776706755720894293e+01
1.750847636850188493e+01
1.680094884024749291e+01
1.619355290839289907e+01
1.643501915357119714e+01
1.710144890205169688e+01
1.764721800859671674e+01
1.787321728539689758e+01
1.769866641218816028e+01
1.700797482758646240e+01
1.758713118790260665e+01
1.831828198173247202e+01
1.822827084689391341e+01
1.809305848745997025e+01
1.786110817292164299e+01
1.736712221950887880e+01
1.624770107584880563e+01
1.419495222376372112e+01
1.260228982543372211e+01
1.337442614161625798e+01
1.490950684028655893e+01
1.566111212403387221e+01
1.526038609699205217e+01
1.360184601841381813e+01
1.343919354891828277e+01
1.269521364563942889e+01
1.304214358160391818e+01
1.505994480682963221e+01
1.512560286522162478e+01
1.500746743765585123e+01
1.528578607187594152e+01
1.452562637129591216e+01
1.508526993339769895e+01
1.554887859863585575e+01
1.543493257851652878e+01
1.685210280325417997e+01
1.783886462614801971e+01
1.815285204318275802e+01
1.808065559607958050e+01
1.760176287613503021e+01
1.729647940072679546e+01
1.760844693796696347e+01
1.763015580840364294e+01
1.804207862094956738e+01
1.798032745319799020e+01
1.717702127121084033e+01
1.614126223244676339e+01
1.442637900178088550e+01
1.357066566843749733e+01
1.381329309983830456e+01
1.520087517324879123e+01
1.613308883100243207e+01
1.561520913294547164e+01
1.318702842366749550e+01
1.330694458806982716e+01
1.573520138704317795e+01
1.704123771793725339e+01
1.728498555338358145e+01
1.762195743023728411e+01
1.778280266842144641e+01
1.801070754822053033e+01
1.832187532034688715e+01
1.804526365513159902e+01
1.697598227888129330e+01
1.750888004370312601e+01
1.797342720685091422e+01
1.707351661782155006e+01
1.639983165641386265e+01
1.554203769642967536e+01
1.476048168792516613e+01
1.429560048227788904e+01
1.342806649723955381e+01
1.447443392461474510e+01
1.636219387182124763e+01
1.567189289472905678e+01
1.592815561438237637e+01
1.579190950077174982e+01
1.626907268485078006e+01
1.677439860215113754e+01
1.757108266761204263e+01
1.806979421894694937e+01
1.808658621953007639e+01
1.806034345419707421e+01
1.730058973357002117e+01
1.700814047445327759e+01
1.641308297068863453e+01
1.515020569400194717e+01
1.421004437472334736e+01
1.443659397301583880e+01
1.298493487085954534e+01
1.329471031551783433e+01
1.409157860075242930e+01
1.494259984125380747e+01
1.645444704457542784e+01
1.669055367904563525e+01
1.610997156018003196e+01
1.533891804702977879e+01
1.390152545943589679e+01
1.239982330125259402e+01
1.097227368109250456e+01
1.187824391621270870e+01
1.330580958914075396e+01
1.263240590496998728e+01
1.226176479938409791e+01
1.293874485813368835e+01
1.446768857950554477e+01
1.623596702171723294e+01
1.756239710800351261e+01
1.751604329723479125e+01
1.710180738607570561e+01
1.731077490458931933e+01
1.669217543539199511e+01
1.599747840108994978e+01
1.585953387177293017e+01
1.533302999775878916e+01
1.394026447443583194e+01
1.352758444276418892e+01
1.259956395720864286e+01
1.066035841159279407e+01
1.173813407164946554e+01
1.253693024920903021e+01
1.078600442154754901e+01
9.328566346745217785e+00
1.009535736274673745e+01
1.137525732153291358e+01
1.164413257886761777e+01
1.220436256192411406e+01
1.348503548139948194e+01
1.426028231724963824e+01
1.474388192275990583e+01
1.480629661202405245e+01
1.536634593367147517e+01
1.446204917082421737e+01
1.146709988719072015e+01
1.043198674325442887e+01
1.160368392517112568e+01
1.254044890365596032e+01
1.472675907673385787e+01
1.565928716376778418e+01
1.574896044869814382e+01
1.646029908743349068e+01
1.708381824094939816e+01
1.638773016160886087e+01
1.441907148867650790e+01
1.421890282084874002e+01
1.477693033801055655e+01
1.404652987647002327e+01
1.279713400176469307e+01
1.301616094247328803e+01
1.408789457409084989e+01
1.471913661186165534e+01
1.529343857745376845e+01
1.580035935726903595e+01
1.670292715294123553e+01
1.665113384530075180e+01
1.498672154392567712e+01
1.312747704736018406e+01
1.212068842451132156e+01
1.214849555825759708e+01
1.330718602122725969e+01
1.439364554091564052e+01
1.395120410991835236e+01
1.249871584595084784e+01
1.183029628988634485e+01
1.195149587903896204e+01
1.234897611959426378e+01
1.186393260694648433e+01
1.011900890670995423e+01
8.314016722675816595e+00
9.611071218778443281e+00
1.126436294163656804e+01
1.183779996032058968e+01
1.298845768499052866e+01
1.259141263271644462e+01
1.226106309601349942e+01
1.393500968155612085e+01
1.544830200202681425e+01
1.501281284732948507e+01
1.379597129307733105e+01
1.216798140786634264e+01
1.049723051394056306e+01
1.207047470929469668e+01
1.398559416860247495e+01
1.281778301905539408e+01
1.233979716056150622e+01
1.065030477393163899e+01
7.462325835775436289e+00
7.870145742762191254e+00
1.088358638198386252e+01
1.146150699410265084e+01
1.242547299509957703e+01
1.186532759460304298e+01
9.800405126006861423e+00
7.529149733704411318e+00
6.954909972116954719e+00
1.034776050016592741e+01
1.027082586476237580e+01
8.167561385551680431e+00
8.432119209523653680e+00
6.763109968846217512e+00
3.221419617526414481e+00
3.332725365940186535e+00
6.309191902073933100e+00
9.414961398897290223e+00
1.112237298946755359e+01
1.174840530819826334e+01
1.148305673648949821e+01
1.053359272446658501e+01
1.125387290756289183e+01
1.254924085405031242e+01
1.124120882601499538e+01
1.081758009520926045e+01
1.360941593764870206e+01
1.479102016155912835e+01
1.414811318467812562e+01
1.189918002971908173e+01
9.117030661181489748e+00
7.177534354318659382e+00
7.197080551787449210e+00
7.530615400555419114e+00
6.238633498406428224e+00
7.345706800420829907e+00
1.016827429496541235e+01
9.118092966164734747e+00
7.034867635457320745e+00
6.545125188190187515e+00
7.289900962707811516e+00
9.556631754883754937e+00
1.140426201420791052e+01
1.190892126116658289e+01
1.066353004422538397e+01
1.007753320352217941e+01
1.033302701480091024e+01
9.176807566199791211e+00
8.755626389951373767e+00
1.112333621089459257e+01
1.314779857784129113e+01
1.303351689171520711e+01
1.211916930972126316e+01
1.136990704657143425e+01
1.227027807989534303e+01
1.206600002566495178e+01
1.144433354289475702e+01
1.248116344435947056e+01
1.302300299202744505e+01
1.128249192724437222e+01
9.970448654673688793e+00
1.006827247704648087e+01
9.998248096830163689e+00
1.053761379885339089e+01
1.200158758147041205e+01
1.310745274205514654e+01
1.268110729822049443e+01
1.270417822027057930e+01
1.422556976845197418e+01
1.398503128672587081e+01
1.426217091236000378e+01
1.420062244010611785e+01
1.372040834933982723e+01
1.370208112056178074e+01
1.227667012203988683e+01
1.270150765968889850e+01
1.324524931886945289e+01
1.297320039382579182e+01
1.298615948373070594e+01
1.249629198578277922e+01
1.130406037965790134e+01
1.026364484578282088e+01
9.911001202435283375e+00
1.125623795455286746e+01
1.064102394819028952e+01
9.040718057206838409e+00
1.096741850986673050e+01
1.250613940603229146e+01
1.307159934253702183e+01
1.314280605266162993e+01
1.375991677904504407e+01
1.439958161521793123e+01
1.391780945098615518e+01
1.220839653031516470e+01
1.126147135087253837e+01
1.066881565486540495e+01
1.135118240362083597e+01
1.223523735998756834e+01
1.186532156865776422e+01
1.214227074442404586e+01
1.207095534630829192e+01
1.170014486788809727e+01
1.094850611411438912e+01
9.741882978838930285e+00
8.324965064705061479e+00
8.157160228258691248e+00
9.631609920649355061e+00
1.196212705705498358e+01
1.340590301714927790e+01
1.325009509060253698e+01
1.219129697007400992e+01
1.122903481823639815e+01
1.019744167974259064e+01
8.443709143159114916e+00
8.299570039161732637e+00
9.003254681815008098e+00
9.724237387994463688e+00
1.072276558681722136e+01
9.838631439029164483e+00
8.181857261514034363e+00
6.613825651998459954e+00
5.721920626300130763e+00
5.806878260327128949e+00
5.367936104528359564e+00
3.518932252514632708e+00
4.318347953492849278e+00
4.859286877710036201e+00
3.183448530317803726e+00
3.901142644024442330e+00
6.871400897610131508e+00
9.473456407043498118e+00
9.223728108359415145e+00
6.984946764795112450e+00
5.639052067049759032e+00
5.109263403671556070e+00
7.699815206288427305e+00
1.077248489623374894e+01
1.177624934544598467e+01
1.051025595266885304e+01
1.074310759810105864e+01
1.094750847401850180e+01
1.089039898756124281e+01
1.015828221057102176e+01
1.047570702045436164e+01
1.186604139558672344e+01
1.118557363836785967e+01
9.137886207869529542e+00
8.355559039606594851e+00
7.560725134932434699e+00
5.376185394927951222e+00
2.589781908344028327e+00
2.141568121279096015e+00
3.130446473074161240e+00
-2.681169599021583139e+00
