-1.223266938948227178e+01
-1.364511974923457061e+01
-1.293687747567861557e+01
-1.208732247396981130e+01
-1.270185602064981190e+01
-1.187784074351601582e+01
-1.012595761338452682e+01
-9.693843355410820095e+00
-9.950972941884916878e+00
-8.176201340328415057e+00
-4.666104684911369205e+00
-4.084403568715382349e+00
-6.017566943555019421e+00
-7.187334864304556703e+00
-6.651847436278844228e+00
-6.546347770154386403e+00
-5.905602891945575195e+00
-6.179911821166665042e+00
-8.807950085894882264e+00
-9.666695848119184475e+00
-9.717797069774753993e+00
-9.371091674176559749e+00
-8.714833932912366521e+00
-1.010009962300527775e+01
-1.151319568449434527e+01
-1.227311457348931079e+01
-1.146762404986295358e+01
-9.365852491946778713e+00
-1.038610484540117973e+01
-9.266501556628030656e+00
-7.001051444915129984e+00
-8.419198796075448854e+00
-9.169037478712985134e+00
-8.632034403263316946e+00
-7.497434475969147805e+00
-7.758655313398867825e+00
-7.900195361219040535e+00
-6.733654824021207297e+00
-6.721905740611092028e+00
-6.768252516552444753e+00
-8.919204263985360370e+00
-1.026835029533818577e+01
-9.426784135594470371e+00
-9.598347459471902710e+00
-1.133799372774054603e+01
-1.237893936136186035e+01
-1.230414186824158840e+01
-1.186448171208134816e+01
-8.997213683343643353e+00
-4.523052301409530074e+00
-4.900371678586439295e+00
-7.647970963148813972e+00
-8.874361466109903063e+00
-9.408820113994108780e+00
-8.981288216655228140e+00
-7.318565219182326054e+00
-5.071850910840712601e+00
-4.847803667918721082e+00
-6.356205914724402106e+00
-7.891073371589659047e+00
-1.021302363987116024e+01
-1.111199421603956594e+01
-1.089829517973134010e+01
-1.100375113332399302e+01
-9.009827559915574824e+00
-6.926239348293846021e+00
-7.272798566686804911e+00
-8.082905185391796365e+00
-8.234279158631494511e+00
-7.243196570669248935e+00
-6.099689497721334952e+00
-6.090732386216730632e+00
-5.858292486646504038e+00
-9.114895928920532242e+00
-1.233646174325609834e+01
-1.274068669921999408e+01
-1.236326412495792226e+01
-1.123807075728609028e+01
-9.901348393411266713e+00
-8.683541915248392584e+00
-6.381696287030029779e+00
-5.413240296098655868e+00
-7.640266408458929348e+00
-7.489738918173490134e+00
-5.404157627327217384e+00
-3.755604374455177918e+00
-3.106037346806141741e+00
-5.653367918767661315e+00
-1.113396366872284204e+01
-1.420556040146716548e+01
-1.386004376308675390e+01
-1.340780817530452396e+01
-1.358283857116880533e+01
-1.308271322932945857e+01
-1.309968753063760794e+01
-1.287969031075215298e+01
-1.257515989171723625e+01
-1.184207126010860378e+01
-8.875516855096744706e+00
-5.765358551608414039e+00
-5.709285424209542548e+00
-6.768477380651213515e+00
-7.411263507193228683e+00
-8.012098557773807528e+00
-8.724231805845088061e+00
-7.279874272102344612e+00
-4.587328654698492159e+00
-5.301588437028216916e+00
-7.069997460906319198e+00
-7.864078108578810067e+00
-9.397806885968343238e+00
-1.123001358660263982e+01
-1.270635443750792781e+01
-1.336236010473610136e+01
-1.186075865619795167e+01
-1.070616887553286567e+01
-8.935725174982309227e+00
-5.563815426370833706e+00
-6.059714118000941063e+00
-9.569902092988332498e+00
-1.120573865722677098e+01
-9.527501936015694284e+00
-1.018260498925490332e+01
-1.281932939344149425e+01
-1.318474179881491537e+01
-1.245144752029970370e+01
-1.180905113409023066e+01
-1.095250545261570707e+01
-9.075555974455451036e+00
-8.160439258445311594e+00
-7.359014267831601508e+00
-6.531828192973748948e+00
-6.231304410041329511e+00
-6.905294172227500304e+00
-7.508978290558454560e+00
-7.811203003838515180e+00
-7.490064396252042123e+00
-8.131201623424518132e+00
-1.042776466852628481e+01
-1.035968715518416339e+01
-8.143737535206364342e+00
-1.000113891022245127e+01
-1.260634469561415116e+01
-1.316743613707737559e+01
-1.125554847599946662e+01
-9.775972514175442996e+00
-8.929668154123380219e+00
-8.193184368516055471e+00
-1.201852525515953296e+01
-1.420099989110904204e+01
-1.374963032304988531e+01
-1.250490781581590305e+01
-1.058748674875744378e+01
-9.385960464314472063e+00
-8.514818329727788182e+00
-9.051279951309325611e+00
-1.017169338606605145e+01
-8.499893298868126834e+00
-5.057835978692903467e+00
-6.389698044321575843e+00
-9.296862243416914140e+00
-4.913334403055974242e+00
-2.217291395833479228e+00
-4.008303590683199857e+00
-8.119607920711727544e+00
-7.658033092639477069e+00
-3.905739432170125536e+00
-5.664744715493418958e+00
-7.475317435793669141e+00
-7.105540998215489346e+00
-7.468447358250075219e+00
-7.954440001644508484e+00
-7.402494331564718699e+00
-7.141986568938672342e+00
-1.031527386157098292e+01
-1.235436753832447287e+01
-1.213878613595067080e+01
-1.128508121366801120e+01
-9.444753084467810922e+00
-8.508277349227979514e+00
-1.047152803436426893e+01
-1.198593623259301033e+01
-1.138149413928447728e+01
-1.094865823283372031e+01
-1.091914791019780751e+01
-1.056702369622059479e+01
-9.354634239721006495e+00
-6.544083279152993704e+00
-3.627116986016115874e+00
-3.901607016845453302e+00
-4.270561441566600003e+00
-3.959113443311084168e+00
-6.905730884925027624e+00
-9.013093768000869588e+00
-1.058328016978657793e+01
-1.168622329890515843e+01
-9.688573746293585032e+00
-5.914464528043732017e+00
-3.500808117881638815e+00
-5.477489516278894577e+00
-8.429151033393688763e+00
-7.669570186680345181e+00
-8.572774968909829596e+00
-9.332347519356094523e+00
-1.170864102599766454e+01
-1.411798287417191666e+01
-1.472424071140153856e+01
-1.406803521893903053e+01
-1.248973164825445537e+01
-1.219084463769283566e+01
-1.153968017349452246e+01
-9.754623877295671264e+00
-8.660440410437376002e+00
-7.526681372659236757e+00
-5.248966379243457325e+00
-1.987918504437871769e+00
-5.752530077760704685e+00
-6.454998607250955978e+00
-3.729851476090462636e+00
-2.827610552212242556e+00
-4.578560244434603632e+00
-7.010068080930389911e+00
-4.446311858474154555e+00
-2.051757881240691694e-01
-4.952845600000597148e-01
-1.250030214512670712e+00
-2.526482807659018892e+00
-4.920356674218847814e+00
-7.828114570809115769e+00
-9.383728629408006228e+00
-1.104137788697691747e+01
-1.205863069452379222e+01
-1.172612285654021669e+01
-9.796054784333785292e+00
-7.965903872204414427e+00
-5.675687221476881206e+00
-2.324966266251477176e+00
-2.352979307778360507e+00
-3.676835185711690546e+00
-1.394377652861849670e+00
2.505623788410262787e+00
2.055577397180204713e+00
8.377318561985572787e-01
1.249937331602131996e-01
-2.633732398551366760e+00
-5.188143787979554666e+00
-5.495429081565379903e+00
-5.286781187607004107e+00
-6.641753871928452568e+00
-4.789494809312309087e+00
-6.178351696483330713e+00
-1.031430476481132530e+01
-9.739284000836919475e+00
-9.289245202959364178e+00
-1.039813965892591341e+01
-1.161449240235442382e+01
-1.050590892987678870e+01
-7.537241336698955685e+00
-9.470536654535122167e+00
-1.026723050830982231e+01
-8.372164637717531832e+00
-9.876960435404026128e+00
-9.559407317190371955e+00
-7.573376560350047804e+00
-1.085960332666888029e+01
-1.303716328506135191e+01
-1.132991788114192566e+01
-1.224706865759198671e+01
-1.377081540545497873e+01
-1.301758828746850050e+01
-1.230658294234139305e+01
-1.022411239287647788e+01
-7.275263336545813253e+00
-7.151743321045715085e+00
-6.519347599171178231e+00
-6.105996747977676442e+00
-7.803012528113989710e+00
-9.018134015897103950e+00
-1.084404849256256931e+01
-1.203964173886978628e+01
-9.129300076927330920e+00
-5.925877393233760060e+00
-5.763289177027896670e+00
-6.120818009786430203e+00
-5.629492433014394948e+00
-6.837544812023010898e+00
-7.977569493525142441e+00
-8.737283123067395962e+00
-7.624354232525091923e+00
-7.389195493824395555e+00
-8.215923313154775087e+00
-4.799605331980778544e+00
-3.854838190592860148e+00
-5.276882926655554584e+00
-5.204271984184961397e+00
-3.306685416943699884e+00
-1.577312906252992697e+00
-3.204197996659739811e+00
-4.578156064482668874e+00
-7.429532963625807618e+00
-8.138631552988826456e+00
-3.196413425349412307e+00
-4.453102392061972226e-01
-1.281313498899763426e+00
-1.345054725890624692e+00
-1.695315867184053138e+00
-4.555795894009524893e+00
-7.236788637700352744e+00
-4.540179853024397971e+00
-4.210011488633378818e+00
-5.135039343997229722e+00
-1.739502543303071080e+00
-1.672231202574641529e+00
-4.579951961980721187e+00
-2.978563851492666004e+00
1.074896063045961414e+00
-1.253612813279807003e+00
-6.174768973766338931e+00
-5.880234072433359493e+00
-3.782929099212779978e+00
-5.133056302945327332e+00
-4.070456802539346164e+00
-2.952489412778776856e+00
-5.000277066642611068e+00
-1.075725869439266802e+01
-1.265342281058072160e+01
-1.163209293275958878e+01
-1.182646066094055648e+01
-9.810605655097084821e+00
-9.292533725847235360e+00
-8.509894852249860975e+00
-7.368328720755935812e+00
-9.385758430208309022e+00
-1.151236224402555663e+01
-9.084996339208306182e+00
-5.565693463570430488e+00
-8.269901516104816608e+00
-8.624911793871710586e+00
-6.673645231982613168e+00
-5.389882196105609147e+00
-6.902262918395004831e+00
-7.715858697386843268e+00
-7.466864696198050488e+00
-8.327079731068703694e+00
-3.729988942039400790e+00
1.213453684612529448e+00
-1.267159082532623549e+00
-4.864558801913910102e+00
-6.583075338772776952e+00
-4.717072465576823248e+00
1.692858848633428392e+00
2.986946159466238537e+00
9.996963670924861878e-02
-1.077260670023215017e+00
-2.862751704602249259e+00
-5.823284564978846056e+00
-5.014105150929943910e+00
-2.891487174366568880e+00
-4.096065635498325364e+00
-5.964952119590214430e+00
-8.872793347046252777e+00
-1.076302600274585686e+01
-1.178978912279515789e+01
-1.140583685921135881e+01
-9.106139731668777770e+00
-7.150409351335311747e+00
-4.197860973771186721e+00
-4.585287440182760577e+00
-5.547036338845322767e+00
-2.650869692422207713e+00
6.696906305475640586e-01
2.525818872521909952e+00
1.370574431318060338e+00
-6.138324729486094311e-01
-2.276603935359315489e+00
-2.943384265858547177e+00
-5.418244180802859411e+00
-4.824120982723311357e+00
-3.840729309649180134e+00
-3.410385151163951356e+00
-4.185930117139319506e+00
-7.634591476804462040e+00
-1.078852742590423297e+01
-1.194855887475106115e+01
-1.157597104671101995e+01
-1.058960290865163145e+01
-9.254746935092061477e+00
-9.773853519853503258e+00
-7.156185347472950653e+00
-4.184880588665786938e+00
-3.940166895419995985e+00
-2.757779390328943592e+00
-3.369094946703388160e+00
-4.061540329024579066e+00
-4.235218632213093137e+00
-6.405279298787594833e+00
-9.002937728978903209e+00
-9.899082037746898877e+00
-9.207998975116806761e+00
-7.353402187980621285e+00
-5.336175525535482578e+00
-2.077294108029474451e+00
9.123814581925966394e-01
5.635769612820160646e-01
-1.394062891905115897e+00
-5.631589661187875961e+00
-9.223951914124189244e+00
-1.009870976121294461e+01
-1.145719585578966537e+01
-1.097015121181273045e+01
-9.939315079086425087e+00
-1.066946172634638579e+01
-1.157396310459166955e+01
-1.105332712596756828e+01
-1.148968419837146548e+01
-1.053748872063755826e+01
-9.676370488171297524e+00
-9.892363634908168279e+00
-1.037477540788125197e+01
-8.928721122243901576e+00
-5.920821249747962867e+00
-5.755899619874618622e+00
-6.206159499284741976e+00
-5.620662417198692751e+00
-6.563263573942259121e+00
-8.048877455197171571e+00
-9.103413858823271809e+00
-1.004479182335976262e+01
-8.960496126167445397e+00
-5.442442005500347513e+00
-7.057659394608141845e+00
-8.100621721847447887e+00
-3.845871271676551295e+00
-2.779018582182452679e+00
-3.348539849514698297e+00
-3.772004701611264554e+00
-6.246442317131654320e+00
-1.006696786519936637e+01
-1.362761209754607883e+01
-1.198239772798356384e+01
-1.087895979871235497e+01
-1.225525207076599976e+01
-1.272404401809218477e+01
-1.218870643268854259e+01
-1.325356098358761514e+01
-1.429480459068695275e+01
-1.553469981687266177e+01
-1.455680332665054699e+01
-1.492002634034227704e+01
-1.586291746902152333e+01
-1.275133261714452715e+01
-9.696754643132765139e+00
-7.744551763436171576e+00
-8.258852268776104566e+00
-8.604491665621029739e+00
-9.764892363427955857e+00
-8.855185505619086683e+00
-9.098518589033210091e+00
-1.128242348671735051e+01
-8.911299546592832854e+00
-8.604946969741826379e+00
-1.177670144367236915e+01
-1.294034982369654863e+01
-7.067699054891408927e+00
-1.116742616304458702e+00
3.038633461749959075e+00
3.055078517595665399e+00
1.666775093825163090e+00
1.592088786870087702e+00
2.817508383588839926e+00
5.706481978315641079e+00
4.405851276815687889e+00
3.517676404185512418e+00
3.115976603454909455e+00
9.388439424633063801e-01
2.231601829697549277e+00
3.194622434566249503e+00
1.665018534883217161e+00
-1.338112100864768506e+00
-1.738130952811860475e+00
-9.630105067338863289e-01
-2.573002762963132017e+00
-3.473192413961978087e+00
-4.094463930473487778e+00
-3.736940516697551118e+00
-1.232742118793400454e+00
-2.430026270556839840e+00
-4.396799530181304760e+00
-4.958576151133605059e+00
-6.739559976357559989e+00
-5.572398155684230581e+00
-6.030226221777952311e+00
-8.642724732504049712e+00
-7.713081348971571494e+00
-6.651738542445130520e+00
-9.164534033548383363e+00
-1.131850431705267823e+01
-9.572848949756920689e+00
-7.130853853767264106e+00
-6.024735116318071348e+00
-8.515026936816584069e+00
-1.102101402629077498e+01
-9.742045344191726741e+00
-8.765356583908532784e+00
-9.196594803275138119e+00
-9.451189414914349385e+00
-8.321430993825556399e+00
-9.317992213345608121e+00
-1.121885970332027327e+01
-1.211795447152146288e+01
-1.303546881712939687e+01
-9.900721448002290259e+00
-6.700049439032871312e+00
-6.982394292715428108e+00
-5.688215225602310632e+00
-5.159017350581541095e+00
-5.636033283578249176e+00
-4.810349033679668374e+00
-5.332295158755585796e+00
-4.699969990811311504e+00
-6.282970292591603112e+00
-9.903281522301075057e+00
-9.826722187363577277e+00
-7.105489652302243719e+00
-2.509325496854393656e+00
6.562304568183415787e-01
3.033018778686663031e-01
-5.852905516935144048e-01
-2.227362838119509192e+00
-4.495959677093436468e+00
-2.273715710286944969e+00
1.528766060960473183e+00
3.170540357552701360e-01
-1.296356347740550197e+00
-3.341321558490897292e+00
-6.243378749923071958e+00
-9.587933126456899657e+00
-1.136848552139896285e+01
-1.128425567391128403e+01
-1.119690911942071132e+01
-1.040379868999875868e+01
-7.263585760510391509e+00
-2.949051417195413638e+00
-1.921498106651852389e+00
-3.078669280650865758e+00
-5.467379062844184290e+00
-5.992653768766313505e+00
-3.092955517548561684e+00
-1.733153037286915943e+00
-5.628253060797690388e+00
-6.563028372937609767e+00
-3.259317924887243478e+00
-4.107271790828480817e+00
-7.745285253050392171e+00
-6.925967524773527728e+00
-6.209353125557967701e+00
-7.067944566881577018e+00
-4.468192656621861936e+00
-1.301866647129817256e+00
-1.281189068039797707e+00
-1.859671534958471151e+00
-4.429351205681668624e+00
-3.841444394136404483e+00
-2.900051423710618081e+00
-6.668775888353769332e+00
-8.443027500258260432e+00
-8.292417785203141989e+00
-8.411306793512647317e+00
-7.753936623671144446e+00
-5.956959707708912255e+00
-4.000938053156089858e+00
-2.445719758033639391e+00
-8.245425315619314688e-01
-3.641063037011009751e+00
-9.961187938730702740e+00
-1.221706133064140332e+01
-1.195733897364862131e+01
-1.250498986786807087e+01
-1.193691334011352190e+01
-9.886431052005468345e+00
-1.114200505318952317e+01
-1.139067358395835683e+01
-1.074476021048017316e+01
-9.846920361998504845e+00
-4.728160661236629814e+00
-1.682727721561818379e+00
-2.975533618461477126e+00
-1.341476903039006574e+00
2.722678672862857141e+00
2.983865993561388041e+00
4.913045867742950046e-01
4.137907349392450085e-02
2.755248253343761888e+00
1.494138118426507011e+00
-7.786226400889582955e+00
-1.365066764538631361e+01
-1.403680051334617040e+01
-1.275190224593842636e+01
-1.302131532648020418e+01
-1.281381367275474936e+01
-1.198411853718717168e+01
-1.281495007621513693e+01
-1.411313660678252546e+01
-1.218153557316334101e+01
-1.170602626887589892e+01
-1.002852184494874699e+01
-5.469280320761658487e+00
-4.694824233584689921e+00
-4.192811551465232434e+00
-4.767278639767689619e+00
-6.813117979265724600e+00
-7.815124431425915397e+00
-5.420133891790446690e+00
-2.368803362605710117e+00
-1.397936315444085809e+00
1.052761526932313396e+00
-9.075531044018734228e-01
-4.896172177957608618e+00
-5.957577143152000154e+00
-6.882572077125282739e+00
-8.568307676792796812e+00
-7.077415751342271300e+00
-4.559965604725097599e+00
-3.788487415523090540e+00
-6.520970893883498931e+00
-7.434907516529942306e+00
-9.130498788698112378e+00
-1.109718314839393472e+01
-8.507365444395935228e+00
-7.564731289983943618e+00
-7.311425981925191664e+00
-8.307477496208599987e+00
-9.052584700218044844e+00
-6.579303642054189716e+00
-6.551932097011384570e+00
-8.887128633892340090e+00
-8.249728331941136972e+00
-4.778879338178977143e+00
-8.269602615100206222e+00
-1.158001121514220522e+01
-1.277172714000484888e+01
-1.122026274832974302e+01
-8.091100037497476194e+00
-7.423082710409882878e+00
-8.276636256634793298e+00
-1.026499557269681517e+01
-1.160770443276316755e+01
-1.017267926749354956e+01
-7.473061580760091083e+00
-6.344251404792037974e+00
-7.223660179765056810e+00
-9.841941680324797659e+00
-1.287096970261055695e+01
-1.337946690615503265e+01
-1.165665669762700496e+01
-9.293006268705006789e+00
-9.540763579260369553e+00
-1.019736680409597085e+01
-1.063718817072640554e+01
-1.111690119063469595e+01
-1.194634099854944864e+01
-1.267899801992470721e+01
-1.206169834346302849e+01
-8.695849530427221197e+00
-7.068943255106995949e+00
-9.338682967670331792e+00
-1.063118044319177713e+01
-1.203547137883056273e+01
-1.416158803607439687e+01
-1.422908821135592561e+01
-1.354746757765132159e+01
-1.199325888215151004e+01
-1.021925460597816482e+01
-1.070644679414454004e+01
-1.327847465707576902e+01
-1.345048037808770047e+01
-1.385300962066664354e+01
-1.450244347735037742e+01
-1.554358521906508450e+01
-1.571663647840866673e+01
-1.597653898142212192e+01
-1.445995116375179279e+01
-1.456859582533193986e+01
-1.437585671516108832e+01
-1.149841645226685749e+01
-9.638258283142731031e+00
-8.194944198253333312e+00
-6.076968901636244702e+00
-4.644143339066311604e+00
-5.205713989130616781e+00
-8.054732012788440088e+00
-9.693274263295112547e+00
-9.831201809400248237e+00
-8.909293021920072775e+00
-8.348640925454315465e+00
-8.078290002273673664e+00
-5.328810843953185383e+00
-3.522181422395174177e+00
-5.241406468366936799e+00
-8.175562213133893863e+00
-1.044915588800418149e+01
-8.075650765429667644e+00
-4.348381503332779729e+00
-6.353635492926168915e+00
-8.523007405734023934e+00
-7.667678526928310312e+00
-5.754812938673491196e+00
-4.361483317456604780e+00
-3.849950216176582618e+00
-3.859811513915458292e+00
-2.337773435643966113e+00
9.797149091201292626e-01
3.832469255130890762e+00
-1.776124676322138773e+00
-8.635025211489745445e+00
-1.133223835488095865e+01
-1.262394634558805073e+01
-1.268458627099847114e+01
-1.347152542133668973e+01
-1.427049663634105237e+01
-1.501753991220769890e+01
-1.586465796509065918e+01
-1.485665934211399808e+01
-1.176887370921024889e+01
-5.412584144044653378e+00
-3.152931316858750499e+00
-5.425183347802471800e+00
-4.219195456408910694e+00
8.709698767177991297e-01
9.492297271792431435e-01
-3.305510185904751097e+00
-5.463641203244821831e+00
-4.882788343364354411e+00
-6.881418407154183292e+00
-1.138416560561773672e+01
-1.300305073678444856e+01
-1.282554244222443884e+01
-1.245722038243775387e+01
-1.443100872277738844e+01
-1.567889526357800278e+01
-1.545825111200911728e+01
-1.489001015692599239e+01
-1.549875253494564831e+01
-1.610460692661228777e+01
-1.479253234421829433e+01
-1.312047208294743683e+01
-1.321421376457478658e+01
-1.255654773722685391e+01
-1.138790469873874933e+01
-1.066426936963099514e+01
-1.171048008442957844e+01
-1.344564913265114825e+01
-1.318123832060326706e+01
-1.072300154122171456e+01
-9.109055400392067625e+00
-6.536822952704620882e+00
-3.023360184607808421e+00
1.325708152005745100e-01
-7.160828374000678398e-01
-2.961121077325533868e+00
-3.493290720714928188e+00
-1.152619090594783291e+00
-6.208674071467375211e-02
-3.437881597911071729e+00
-7.733264006454342088e+00
-1.077982348402093038e+01
-1.193010780730306308e+01
-1.177375094364191277e+01
-1.267056945141452928e+01
-1.325115868635445437e+01
-1.121208468440122630e+01
-8.546864897115577620e+00
-1.060957910530983206e+01
-1.211487330886697045e+01
-9.973706287400418091e+00
-5.246925052681975288e+00
-4.075824263672758185e+00
-5.457854595419391330e+00
-6.026716069242838536e+00
-5.565859829764542077e+00
-3.614877478910441866e+00
5.673615197571286739e-01
3.680027553940449003e+00
-1.933442268988408097e+00
-1.019502519298970711e+01
-1.306137870049391481e+01
-1.403715609197133318e+01
-1.336591545260841762e+01
-1.189365845159046486e+01
-1.245329485789215340e+01
-1.164379024369368487e+01
-1.014757733405186357e+01
-1.235941607291181832e+01
-1.250693122784480771e+01
-1.109499587019089617e+01
-1.062912029809867498e+01
-9.046584283288527928e+00
-6.145646346256008030e+00
-4.403097774671738129e+00
-2.430044271387606702e+00
-3.346377762931952216e+00
-6.208176898695115575e+00
-7.288709930693384464e+00
-7.478180483934749212e+00
-9.739140542424779667e+00
-1.324550170359843726e+01
-1.447391186470704483e+01
-1.223816932774788668e+01
-1.135032822299801936e+01
-1.256048314358955231e+01
-1.394956768396800229e+01
-1.269809166780804688e+01
-1.134322458009225087e+01
-1.215496386097438020e+01
-1.161009094464115243e+01
-9.927203964580566975e+00
-9.062629200366513871e+00
-8.689811734995700476e+00
-9.999877078001636832e+00
-1.191961761766394190e+01
-1.199029316492208252e+01
-9.837130763715325799e+00
-1.052536386465011908e+01
-1.230932327601371945e+01
-9.929980420961724619e+00
-7.027746553704116828e+00
-9.155470953564828207e+00
-9.018967905410814723e+00
-6.042585723241284512e+00
-3.403401194003970343e+00
-2.833610643183596345e+00
-5.396593730869302163e+00
-7.539449924020255267e+00
-8.351383177173481442e+00
-7.966265994191233268e+00
-7.369346837910227599e+00
-4.972280074887130752e+00
-5.801325417887729152e+00
-5.801987805050709213e+00
-5.148689332434604360e+00
-5.251011956169525874e+00
-5.206319105160080341e+00
-4.698053172720674908e+00
-2.715038108297174180e+00
-1.857671232320709187e+00
-2.326746983448127803e+00
-6.051389783019386570e+00
-6.294193725880606216e+00
-5.963431890715829908e+00
-7.954426636598284084e+00
-7.698819308336375400e+00
-8.183821775324227943e+00
-7.695404131476330178e+00
-6.022187160236356362e+00
-5.090859372711841857e+00
-2.874950086299383312e+00
-3.260740451110613503e+00
-3.279510833584606377e+00
-4.106530760126798185e+00
-8.863702926137325022e+00
-1.081245376760016264e+01
-9.774519399532927366e+00
-9.194771643967118990e+00
-9.666209783651574128e+00
-1.070382322508322481e+01
-1.018191244187374522e+01
-7.952221344359061028e+00
-9.366572406350345048e+00
-1.176083069817863169e+01
-1.030778991598934802e+01
-5.993857228798316505e+00
-3.896971263850173894e+00
-4.239569473066278960e+00
-5.867796863476726799e+00
-7.668288645905516177e+00
-5.339305592048736671e+00
-1.271566412888303077e+00
-4.980118151206239574e+00
-8.196340654906117962e+00
-8.211441603759878305e+00
-9.830744441953452650e+00
-1.186174771677261930e+01
-1.223521949900912276e+01
-1.096358879364434813e+01
-8.682051234421193087e+00
-7.217065329534503526e+00
-5.945199925982789679e+00
-3.663544595185181496e+00
-1.219652449962927099e+00
1.612813129264878187e+00
-1.104850232917635289e+00
-2.428538407318010073e+00
1.056365543000327145e+00
-1.350343150213949350e+00
-4.833391066350859688e+00
-9.483379117641780098e+00
-1.326119284787577968e+01
-1.359330297053485737e+01
-1.247286950654134330e+01
-1.200766781088175961e+01
-1.164185642063420900e+01
-1.062306732762488437e+01
-1.084962837724206430e+01
-1.103886886501932452e+01
-9.978262652513336661e+00
-1.012637388614464662e+01
-1.128239654237915701e+01
-8.852722936840798695e+00
-7.889918419536610550e+00
-7.569743654821258438e+00
-4.286834799989847511e+00
-3.524506520012050448e+00
-5.407379226298684394e+00
-7.667660299721638317e+00
-1.124828490326061825e+01
-1.551555200595643669e+01
-1.654534165669523915e+01
-1.557666651300882421e+01
-1.645327663847042743e+01
-1.681891333142092293e+01
-1.575547879611704971e+01
-1.606372273127147565e+01
-1.624640519967769592e+01
-1.564782289796754888e+01
-1.414272651084174370e+01
-1.084234409691196177e+01
-8.159492569702354814e+00
-9.544921872641008775e+00
-1.118098879480446151e+01
-7.948927813109189167e+00
-4.757034705298498700e+00
-8.479555368565895535e+00
-1.229988985325175577e+01
-1.335560241469779541e+01
-1.344443882920358924e+01
-1.275744179208994566e+01
-9.987579631925985524e+00
-8.535476748951285941e+00
-6.763111054090737539e+00
-7.199304995296977872e+00
-8.534802666872192134e+00
-9.367445721447362317e+00
-1.165682785602352567e+01
-1.311722628283837189e+01
-1.416974177181635142e+01
-1.479179036654715595e+01
-1.548246327772519138e+01
-1.518341253368565091e+01
-1.484441868547798826e+01
-1.638775279618022296e+01
-1.593350131063805541e+01
-1.238167320167874230e+01
-1.147839360733929404e+01
-1.255169387732220088e+01
-8.635973724162424148e+00
-4.319734273218301723e+00
-7.455923156158558385e+00
-1.014617580681379749e+01
-9.058430261044618348e+00
-7.203760334912771235e+00
-2.818308817407709554e+00
2.791622203150788906e+00
9.679840604159205553e-01
-8.072203825199329330e+00
-1.276349823258886040e+01
-1.315876360987550164e+01
-1.397096053968107832e+01
-1.539512911519671867e+01
-1.437402610912240242e+01
-1.301700638979664504e+01
-1.539531552309930795e+01
-1.676343759334440620e+01
-1.710835460837309441e+01
-1.724737503117409076e+01
-1.529075330685029854e+01
-1.331390499483725876e+01
-1.288535737952850191e+01
-1.080969537018249227e+01
-1.058865612418874314e+01
-1.306544367471644996e+01
-1.201208298133316177e+01
-7.709170202561493213e+00
-5.762112959376803012e+00
-6.985005831886540228e+00
-7.804323715244610327e+00
-9.451508311975159060e+00
-1.144107082345112580e+01
-9.622957374234916372e+00
-9.068226361865034946e+00
-9.670985708537346071e+00
-6.135223697324224901e+00
-5.459567654392068370e+00
-8.781209294015974720e+00
-1.154370143203964361e+01
-1.328255234875446611e+01
-1.409739457782749206e+01
-1.398057300035774730e+01
-1.562794678049673891e+01
-1.657328054230961811e+01
-1.602411315532095060e+01
-1.473794065377612839e+01
-1.578348883217701726e+01
-1.718952289208208128e+01
-1.586905648815289993e+01
-1.128618908808393861e+01
-6.932763272563419399e+00
-6.338486578581618680e+00
-7.398121749762859523e+00
-6.007905337003456303e+00
-6.025552369257183294e+00
-5.488783543902130191e+00
-6.220388128618822954e+00
-1.041784162576963269e+01
-1.040602076896540318e+01
-8.693116009351617990e+00
-6.752771631281679454e+00
-4.420208697709727019e+00
-4.468368870406597360e+00
-5.079904230256743425e+00
-3.028084242345950639e+00
-6.914692290370071104e-02
1.552286461738739964e-01
-2.622324536204731604e+00
-4.601323385702484003e+00
-8.928779633041880714e+00
-1.094875666993793750e+01
-1.052528280392162507e+01
-1.201619240013870282e+01
-1.199906877449474685e+01
-1.204549558282433530e+01
-1.150196853366829330e+01
-1.011985789506450750e+01
-1.087228000603458078e+01
-1.250853599284921636e+01
-1.315902543425253768e+01
-1.110596573835305989e+01
-1.267000929004512599e+01
-1.379728979059607497e+01
-1.531727765854181378e+01
-1.730015687310579153e+01
-1.732985592678175379e+01
-1.650537714908964304e+01
-1.543086642276028719e+01
-1.371031177302277548e+01
-9.327530394905087618e+00
-6.074740459248278768e+00
-7.956724336969121403e+00
-6.826018986486585227e+00
-5.083222582463762684e+00
-3.456710494799315025e+00
-2.137375660092437180e+00
-2.389438523314591833e+00
-2.466056493701041852e+00
-3.198303063451409578e+00
-4.668896302165258305e+00
-7.195165265639529295e+00
-4.879439767863038568e+00
-9.701205928249330146e-01
-1.062478916164080189e+00
-1.305517225094687594e+00
-4.305022562821918974e+00
-8.203744488305309446e+00
-6.049408921040887677e+00
-5.668548820430753921e+00
-1.343491176638481654e+01
-1.432087380430681378e+01
-1.302579388895118129e+01
-1.415129985192506723e+01
-1.588788622380694093e+01
-1.662710598767034043e+01
-1.494953146883981887e+01
-1.004914030997695562e+01
-9.305078462998505273e+00
-1.211204154747721873e+01
-1.413738203538495064e+01
-1.164991945055595046e+01
-1.087075098541750684e+01
-1.220996389908107105e+01
-1.361542860729840854e+01
-1.480451950727253063e+01
-1.530604842688755873e+01
-1.511234324757746172e+01
-1.333672209213854387e+01
-1.236632632725073933e+01
-1.338952187098117008e+01
-1.420146208772232654e+01
-1.222161405660004085e+01
-8.092949682452184490e+00
-7.772995496576936780e+00
-1.131264332141718221e+01
-1.411056761649307489e+01
-1.555086837046248505e+01
-1.450008131044548243e+01
-1.319826967671076901e+01
-1.271118109927303941e+01
-1.041062337577992736e+01
-8.519039586465817493e+00
-8.448946329348524742e+00
-7.995795306795668189e+00
-1.082689774961671603e+01
-1.389887344770517430e+01
-1.460801595900290195e+01
-1.519115886961536788e+01
-1.422580704915209715e+01
-1.218396461697181543e+01
-8.001396006531308558e+00
-4.798010818859500759e+00
-5.344611052381274874e+00
-4.330324323479519677e+00
-3.298967990066574707e-01
-2.411573793369085728e+00
-5.299131883413647159e+00
-7.019516539657060683e+00
-9.619379207924708908e+00
-7.560869788993847429e+00
-2.623393005266481559e+00
-3.773766196878792556e+00
-4.405324175647635343e+00
-5.295506343058663745e+00
-5.863655701186144320e+00
-5.893210258774143284e+00
-9.143649179885365186e+00
-1.327954607475733972e+01
-1.412775349675067993e+01
-1.266652960751010859e+01
-9.823029180384155623e+00
-5.180457237927103442e+00
-1.940741312164396160e+00
3.873135520367613216e-01
3.666784939636035467e+00
3.965137810227426396e+00
-9.090400057609240303e-01
-5.175181161100943505e+00
-1.674346966628383226e+00
5.635793303527396603e+00
7.848492955035433205e+00
8.016123291332130307e+00
9.668692059869210098e+00
1.333004142670658609e+01
1.126807601110158963e+01
3.684324647738965730e+00
6.620459627878569897e+00
1.128480002444632113e+01
9.770306635046541288e+00
7.955668492846126760e+00
7.310068263641362307e+00
4.077496410916699787e+00
4.331676425944584463e-01
-3.442229612609775113e-01
-2.230562063475875156e+00
-1.342191789904672250e+00
3.432679313887322614e+00
2.462982148031844787e+00
1.640306383149028768e+00
4.338332869079117415e+00
6.080441004143046335e+00
3.494523929797842765e+00
-1.678731389765646398e-01
3.297446811967278624e+00
3.853914896947463919e+00
4.408907262555536555e+00
8.906086870353371765e+00
1.050871503440185251e+01
9.303981363076751165e+00
8.062494399319399818e+00
3.733042773315351948e+00
-2.661122414213399345e+00
-1.484040930323270668e+00
5.800049567535686679e-01
2.118047980585832324e+00
4.414746295748156690e+00
1.683137912761373256e+00
-2.780860097097744177e+00
-3.465681733953319466e+00
-4.534905993419999781e+00
-4.241258572431073404e+00
-6.233821975777361635e-01
-4.388813599224812290e-01
-1.816001317597726983e+00
-4.876814976706958404e+00
-7.580138435876612846e+00
-7.112905234242850483e+00
-7.135634558524656335e+00
-5.815207198724142046e+00
-5.761396801489704345e+00
-6.412581457458766288e+00
-5.593057632196404505e+00
-4.115254300835173851e+00
-1.622657813174321006e+00
6.078762798457881811e-01
3.421775389597605077e+00
7.076379614176858901e+00
9.578953984996312343e+00
8.118497608065300852e+00
1.911840145676794167e+00
-5.272714813693385461e-01
-2.695348787532914514e+00
-5.640910472182628865e+00
-4.974477894690934932e+00
-3.828608660743858749e+00
-6.411400668950033577e+00
-4.366511594027666199e+00
-4.071392968621556641e+00
-3.932766233275548196e+00
5.962859395896655812e-01
2.721675842456760197e+00
1.336521738131085879e+00
2.234198417754126531e+00
2.495950961345605901e+00
-3.259840137961770301e-01
9.930284645719941183e-01
2.971450860671387861e+00
1.315599043658679079e+00
-2.258866122956419975e-01
1.866649766218449580e+00
3.075025931210987995e+00
3.532554358221484225e+00
2.062931027831054198e+00
-3.720560391870835204e-01
-1.711959559202975711e+00
-3.117864154705801916e+00
-6.787527536596376088e-01
2.518240347478277741e+00
4.933869945218767761e+00
3.838622156547818243e+00
4.016125198693029752e+00
2.867047434783899007e+00
8.035261773042527977e-01
7.220603569369622443e-01
-6.293011805847363860e-01
4.872607519924971875e-01
5.646196458290781983e+00
8.566530265199451932e+00
9.336766368190266618e+00
9.475102450547598920e+00
5.935163409188035644e+00
8.065948263383784678e+00
1.140818360857407221e+01
8.421205453465049118e+00
8.324554989709456621e+00
1.226269242064193143e+01
1.568289293160018616e+01
1.256400965295054206e+01
7.158763618610129775e+00
1.276794734558802169e+01
1.217682563157330478e+01
1.265801843396411641e+01
1.549505514859930067e+01
1.315682236608026123e+01
1.042197149672422718e+01
1.005619672120761976e+01
1.155354735914083442e+01
1.318251281915841133e+01
1.287692767161004959e+01
1.195582793730700644e+01
1.431332513103707704e+01
1.604527544895015723e+01
1.361335018749204551e+01
9.390777775695557494e+00
8.720253645122239661e+00
6.574094609950622115e+00
4.263293504444448878e+00
4.429260532128668437e+00
5.809816619492854883e+00
8.876440179809890196e+00
1.104560880691831315e+01
1.064989751311754063e+01
8.144264646571166111e+00
5.156959828904736476e+00
7.643007123915344536e+00
1.126451965558131363e+01
9.062713214237190229e+00
9.585406655583124547e+00
1.218281701965647734e+01
1.328361192267980861e+01
1.405064871063278709e+01
1.503271561548977431e+01
1.744846359567242899e+01
1.834914450949661102e+01
1.819937877565708817e+01
1.794396980198596481e+01
1.770419393453180845e+01
1.837203587012475126e+01
1.761038270087109225e+01
1.520367591793183060e+01
1.325372753868800402e+01
1.081853639657447630e+01
1.000158590909100376e+01
1.125911328166116476e+01
9.951143991855333937e+00
1.224910352267107605e+01
1.541866877649280099e+01
1.296163290773883148e+01
8.067397052219796194e+00
4.000478997183082974e+00
3.618009602509920875e+00
2.804175405427881795e+00
-1.582012659514148600e+00
-4.187106365671257324e-02
3.851597821463342175e+00
9.668023320178134039e-01
-8.518052010809198382e-01
-8.778784093888515327e-01
4.686373429283302028e-01
1.866197716179232469e+00
4.375556058624769484e+00
7.781290424292923724e+00
6.883656570888233794e+00
6.562794569377668807e+00
8.834192753994216218e+00
9.112941096556964382e+00
2.890091117285399136e+00
-1.377473825842500998e+00
-1.437449096721868047e+00
-9.996645934847978587e-01
-3.375870244857128277e+00
-6.059016668641806547e+00
-4.797343581000847124e+00
-2.479790393076442445e+00
1.453487158002546797e+00
5.769033168721523275e+00
6.513074656646946181e+00
8.004993222219900062e+00
1.052286416765801569e+01
1.201775436272668962e+01
1.000988545023963461e+01
1.010490216638272720e+01
1.073631842220298083e+01
1.156176347095981427e+01
1.551874653844210528e+01
1.754440422139064992e+01
1.584337138990042071e+01
1.280301318642287889e+01
1.253120502341976916e+01
1.166346632998016375e+01
8.322141064611779271e+00
7.407534032581101435e+00
7.113472801660956968e+00
6.536199377741058747e+00
1.085033923585260140e+01
1.469211493088444342e+01
1.745910397330515096e+01
1.678588532331890804e+01
1.488725950658668040e+01
1.023814380539046809e+01
6.865273523336282047e+00
7.725074794105115217e+00
5.567754924178514919e+00
3.539502634007896109e+00
7.438506963772417713e+00
1.054455018336386196e+01
8.802828005753490004e+00
4.955417594893186006e+00
5.305601154332880043e+00
1.023895257321187202e+01
1.264513901719339373e+01
1.431461287663199222e+01
1.447300665611465043e+01
1.360076933072811123e+01
1.208486838187666734e+01
9.304321173701225689e+00
1.289847586792400413e+01
1.636932597230417485e+01
1.555929447093206264e+01
1.317473209295135383e+01
8.764448517715784703e+00
7.572333270871766331e+00
9.565077109319465976e+00
9.794507300219676083e+00
6.910077350756933079e+00
3.694786990668238236e+00
2.021146681028953562e+00
3.774923389299947640e+00
6.644034056801303656e+00
1.199128571232260221e+01
1.494983096508909703e+01
1.388153227289810587e+01
1.406490885885282083e+01
1.447583511026963876e+01
1.463607218246972685e+01
1.428317867197067059e+01
1.271894872312101654e+01
1.387607361884452040e+01
1.497381286545865819e+01
1.460218912136914327e+01
1.443045024126896081e+01
1.472506095802221004e+01
1.358623958825060640e+01
1.199282338552050575e+01
1.368400695619249419e+01
1.259867296693307281e+01
8.337598586865315298e+00
9.710502334421098780e+00
1.159701227399214041e+01
1.058217632811090603e+01
7.053206656995202550e+00
6.331238771500671270e+00
1.007775663394767918e+01
1.428243905597122954e+01
1.133800358590058188e+01
8.555008825937298056e+00
9.229512533114414552e+00
1.018201219237581157e+01
1.237377249730286621e+01
1.431928051233170152e+01
1.260246672212614882e+01
8.765995579825260009e+00
8.752447004218279147e+00
1.067217610512856751e+01
7.984772291085003637e+00
5.755020188335841169e+00
9.342321182009658997e+00
1.411047742204389621e+01
1.386418117856793053e+01
1.052113682873073586e+01
7.426607172313761218e+00
8.757360772398016024e+00
1.159783370585577345e+01
1.274308305444994538e+01
1.140080736181723076e+01
8.711447670971713464e+00
6.034977608275920780e+00
4.165280374281888243e+00
5.711404374628608949e+00
1.202913649728857237e+01
1.294226275042081475e+01
1.371713645843549401e+01
1.706289251284241004e+01
1.855737128299258742e+01
1.763068805439966980e+01
1.568202578584815754e+01
1.389800888351994246e+01
1.468963491220753248e+01
1.691142934959957245e+01
1.547596546724421351e+01
1.303272307915868744e+01
1.460072490541336698e+01
1.648370673735687575e+01
1.646054509257977116e+01
1.502613184953628789e+01
1.335186278709332086e+01
1.405950903032188037e+01
1.456472820704383153e+01
1.381724294102004436e+01
1.558623546585488739e+01
1.697288880372341779e+01
1.777095146916175850e+01
1.857558460079567553e+01
1.828789440200882055e+01
1.853948148669027418e+01
1.974562649254797364e+01
1.855108969192371404e+01
1.471095969595820563e+01
1.352562809557388235e+01
1.179576516405537845e+01
8.580518569097890236e+00
1.080193407685556473e+01
1.459894761936393515e+01
1.463077367079072921e+01
1.248112501279772424e+01
1.066838409243134933e+01
1.061405051833791902e+01
8.645579372074363889e+00
3.662976001738655452e+00
2.400181787158941038e+00
6.523226520142149987e+00
8.870097772908337674e+00
1.045366938094466924e+01
1.152492582425150935e+01
1.249297452815877207e+01
1.295800921347463586e+01
1.149653142978342935e+01
1.323780735922061602e+01
1.492889252247873522e+01
1.646863507075386934e+01
1.733740005632833814e+01
1.839792560393918208e+01
1.918414814035984151e+01
1.937606100435363743e+01
1.934690538447722119e+01
1.851152380692861854e+01
1.796968120739078145e+01
1.906228703292529403e+01
1.971030059597547535e+01
1.956231911936698609e+01
1.754519833567472986e+01
1.406696270134249360e+01
1.350842762002338837e+01
1.249558197385680103e+01
1.411119768439374234e+01
1.463276619518940080e+01
1.709864324294943927e+01
1.818004184126230882e+01
1.814739015750884121e+01
1.755105097387130186e+01
1.882711499072203409e+01
1.974026364697989067e+01
1.986265161982894512e+01
1.907602301277661283e+01
1.947236545333274904e+01
1.907217565307412244e+01
1.949413364085669542e+01
1.838077460945705965e+01
1.876290176851377112e+01
1.958116519925215115e+01
1.928038060268038123e+01
1.878501975536833157e+01
1.760484508555903460e+01
1.628633219910610208e+01
1.531027187710759208e+01
1.499774176106281942e+01
1.402634709995568230e+01
1.371416781832793319e+01
1.514275672661313266e+01
1.684266846600371892e+01
1.760292415602607363e+01
1.661728487275924238e+01
1.746814249551895770e+01
1.736660187743476769e+01
1.657984181365950960e+01
1.496811244787086004e+01
1.426840981817929332e+01
1.478897615267792709e+01
1.385135924596930401e+01
1.499899635585773261e+01
1.547887674129474611e+01
1.599346174993455705e+01
1.827107181777725486e+01
1.923238066852328032e+01
1.942331651824786931e+01
1.941254437880686012e+01
1.929208644835874154e+01
1.897189665164478001e+01
1.779647400177315575e+01
1.816235743864848828e+01
1.708532309918257752e+01
1.544437294536422911e+01
1.610263101885130865e+01
1.534349886300030086e+01
1.468023222366149660e+01
1.646047954773021971e+01
1.844052020686595128e+01
1.709631186562178939e+01
1.513856496217630898e+01
1.690212611657447894e+01
1.726200007392083435e+01
1.842438968250495890e+01
1.919970666723209973e+01
1.929778138101795193e+01
1.877714441800615575e+01
1.680996281777323986e+01
1.851014308724082014e+01
1.908161786118828118e+01
1.894324202768138576e+01
1.992014463648639477e+01
1.989263639519250049e+01
1.925572986652944962e+01
1.918365961327512892e+01
1.874842351645776972e+01
1.893502445163131043e+01
1.882159826517397860e+01
1.802280862602127343e+01
1.647513624142692734e+01
1.615247317785060943e+01
1.836214357390957375e+01
1.919608020047335728e+01
1.912095035375361718e+01
1.932096758482511589e+01
1.858966842047260215e+01
1.848786133977812440e+01
1.954588268343902868e+01
1.932645235710711873e+01
1.892772749082920214e+01
1.801744829933749514e+01
1.547680282935473173e+01
1.246391875826267892e+01
1.505725472227378781e+01
1.579759313260079878e+01
1.476027021881833079e+01
1.303872361726353724e+01
1.367064448394988929e+01
1.627325408716115973e+01
1.638683908162865777e+01
1.539496340175324463e+01
1.649048109657561056e+01
1.800642540309376471e+01
1.896448327903032194e+01
1.787706597055284519e+01
1.677846882251804317e+01
1.676141056679274399e+01
1.625191874425672722e+01
1.684770419696949872e+01
1.886066883462064325e+01
1.862108475842108035e+01
1.365923545222747748e+01
9.752848868209829547e+00
8.807779891445186138e+00
8.334064911509873497e+00
9.263752502064853900e+00
8.096212788569525642e+00
6.080346075823925389e+00
9.240164829110590006e+00
1.107475624334126252e+01
1.208955349352904562e+01
1.341630281164994898e+01
1.490649026476135042e+01
1.654010036853314958e+01
1.731511901199522185e+01
1.716031257288524259e+01
1.605956851393847984e+01
1.573029237614915665e+01
1.568410736120285520e+01
1.522178082511918618e+01
1.705087343441320513e+01
1.819846857014453434e+01
1.857043391318822501e+01
1.893647259836862062e+01
1.956992398313280290e+01
1.993399691531337936e+01
2.018790212520648097e+01
2.011905835370513174e+01
1.948810667840204047e+01
1.907393253447287762e+01
1.849015775515008997e+01
1.896165042528499356e+01
1.807241428858537091e+01
1.654700429934933581e+01
1.471644649900140323e+01
1.448815298955291020e+01
1.455107803559451796e+01
1.503343369592197831e+01
1.750927801409337192e+01
1.711326399806009491e+01
1.631235467990020638e+01
1.793387083763134981e+01
1.870923612886754839e+01
1.860445647027059834e+01
1.771489464209973974e+01
1.618443004088700832e+01
1.586284604092838713e+01
1.673937518821771775e+01
1.850821996265343827e+01
1.979063159483499490e+01
1.976556477517318910e+01
1.882179002012507141e+01
1.732974672890871659e+01
1.632542579493229340e+01
1.511047168999134449e+01
1.387791919888509895e+01
1.277952439999436507e+01
1.187744914519475437e+01
1.291816936874828237e+01
1.432947609448390658e+01
1.369272936475176827e+01
1.464285047582233368e+01
1.649197830985896118e+01
1.648488554192089950e+01
1.493607513252110230e+01
1.316073414911345907e+01
1.240148923730134101e+01
1.074935859326230414e+01
1.080753598177111563e+01
1.025633267088604583e+01
1.077354057544636845e+01
1.294171909763937300e+01
1.573220973512857768e+01
1.858812142101021081e+01
1.961210447038376614e+01
1.896217796193313987e+01
1.806997832472817933e+01
1.767833654939440180e+01
1.766070286896921715e+01
1.787411408028719961e+01
1.901967797837905749e+01
1.929368277772003637e+01
1.812809133890402080e+01
1.800488639781872280e+01
1.817287653523082724e+01
1.711427828086909386e+01
1.718180715541135584e+01
1.737921547789260046e+01
1.868700066444990071e+01
1.908269384775663369e+01
1.897627248344899087e+01
1.904701427427577443e+01
1.572809695941314168e+01
1.221093269677269255e+01
1.308134059213709754e+01
1.435446506390804267e+01
1.445212818331870785e+01
1.633864369956372897e+01
1.678511671928040272e+01
1.641910979591055053e+01
1.647627974809218898e+01
1.678288908603108709e+01
1.642220389112647183e+01
1.684737342086381773e+01
1.729130540856296605e+01
1.734651065772300882e+01
1.547012675407351168e+01
1.356833186700792382e+01
1.223542232652181738e+01
1.350092573034918075e+01
1.411055611732833093e+01
1.349965739827204914e+01
1.255740434851754017e+01
1.255830590555620319e+01
1.356743989813734608e+01
1.287194137232092395e+01
1.056288499660871594e+01
6.715443898961869884e+00
5.268567029098605303e+00
4.548387265029345095e+00
4.704789445706851758e+00
6.373767833440471264e+00
8.064404020008892005e+00
9.509562430513659237e+00
1.191640920927483727e+01
1.391180105992184934e+01
1.545391312995403865e+01
1.634728051694890283e+01
1.592999747721420434e+01
1.561617963375055851e+01
1.464972017738156751e+01
1.404458972073926759e+01
1.424164760326397250e+01
1.075625714339576966e+01
6.573992002590085093e+00
7.181701445563577479e+00
7.573345591782467245e+00
8.245260109395104564e+00
1.058150365801364146e+01
1.283501697243420026e+01
1.413952692717565895e+01
1.332977178161033471e+01
1.061388685236808094e+01
6.870502679953983893e+00
5.736566710731241692e+00
9.985221871501373414e+00
1.263777891963660949e+01
1.423447553254927023e+01
1.340761562510399507e+01
1.195726935593710927e+01
1.496930378712424847e+01
1.546001141505241705e+01
1.395232186495908344e+01
1.425564195090097996e+01
1.539623420269197851e+01
1.530610797913234222e+01
1.288150737935367829e+01
8.940237581351706098e+00
9.886953094874606052e+00
1.182846705886410277e+01
1.438864761668148162e+01
1.789096874675328053e+01
1.900471304035769293e+01
1.945376747729592282e+01
1.932731268569095917e+01
1.843930164633217927e+01
1.804093081432629120e+01
1.712160305270107230e+01
1.689855895362632054e+01
1.772200950146971010e+01
1.777898682587351686e+01
1.772601913655166328e+01
1.697490051474357386e+01
1.443693257945640163e+01
1.209555599271408077e+01
1.226647917990299774e+01
1.566279112091939751e+01
1.505419355509837409e+01
1.293855617612949693e+01
1.269094984108307322e+01
1.337951765588273823e+01
1.486854285154517719e+01
1.657786267092949117e+01
1.678539933427231290e+01
1.463847954603632928e+01
1.232542463239347619e+01
1.236937713737098399e+01
1.207967296319951522e+01
1.001262992450077505e+01
1.375550606616067384e+01
1.778395273702722790e+01
1.771032595651515607e+01
1.653938212904984439e+01
1.745664679017303555e+01
1.811776670931616451e+01
1.738723874255696344e+01
1.683216002365853825e+01
1.774813469589496506e+01
1.814920469085089749e+01
1.769790803145069091e+01
1.689603601321412540e+01
1.729228545982903142e+01
1.710351407520792222e+01
1.769803954258770062e+01
1.770062899326583050e+01
1.676432857142581412e+01
1.546725771959538243e+01
1.416831124448536805e+01
1.610000316355296945e+01
1.765857885228095725e+01
1.713951971358381599e+01
1.805891294933428171e+01
1.815033550356904612e+01
1.755233634012984112e+01
1.627299494332461549e+01
1.418582495318251624e+01
1.307817525263166303e+01
1.433522214808160022e+01
1.483423540584638545e+01
1.495685423794374813e+01
1.511627414748003240e+01
1.443339776982618972e+01
1.526037280024789666e+01
1.631367023860767773e+01
1.514506117416338427e+01
1.523905220579508679e+01
1.687675405468262824e+01
1.683437583606059462e+01
1.656801131413182659e+01
1.519647275130051511e+01
1.412770099009202518e+01
1.534939416481892671e+01
1.461310290500271947e+01
1.171655833795857404e+01
1.012569437908594061e+01
1.022591111139895581e+01
1.156900953244017671e+01
1.444240464272688840e+01
1.545806015690914492e+01
1.476876327023330582e+01
1.573319323356013832e+01
1.715342033336402849e+01
1.699605577404340195e+01
1.761026109602763157e+01
1.802285475679009963e+01
1.832259832801043586e+01
1.829079164008986069e+01
1.751698799532364603e+01
1.737216261372178039e+01
1.849573456312069908e+01
1.791495775074078622e+01
1.505639191077989558e+01
1.150965099672430902e+01
1.116210579097851685e+01
1.350162403976479020e+01
1.440532831153253213e+01
1.344698662112323362e+01
1.359658819898620052e+01
1.433558206754731223e+01
1.573185140072902932e+01
1.623541904721479412e+01
1.593109737755260902e+01
1.422387042761292619e+01
1.354705332978642041e+01
1.400758323077321599e+01
1.346274997407801877e+01
1.274035068488650069e+01
1.183310369641645288e+01
1.245162877233005538e+01
1.439352973703645233e+01
1.496312593810585057e+01
1.339312022195235841e+01
1.179675079659393688e+01
1.150684218092038513e+01
1.017374692105487810e+01
8.462820332445440741e+00
9.083615880438918211e+00
8.837001789845711386e+00
7.777592972409101968e+00
6.722491980538300993e+00
7.911933736553373286e+00
1.166002207763302678e+01
1.459390656426622002e+01
1.549437771124375374e+01
1.531645095648802801e+01
1.438763831213093702e+01
1.352746848660194878e+01
1.282617014523999899e+01
1.377505066242638954e+01
1.532708524985748255e+01
1.548330264860696381e+01
1.451214198535876676e+01
1.302804794272467070e+01
1.311641709922572474e+01
1.354039685184073605e+01
1.343971180769255191e+01
1.422286184038568990e+01
1.523790191125235083e+01
1.485160872741817606e+01
1.203986702176558943e+01
1.032524423608691855e+01
7.833888763624860196e+00
5.258278939026959087e+00
4.992691297529248118e+00
7.528059496515592031e+00
9.150770667655214297e+00
8.145669814641532724e+00
6.811145236979236017e+00
7.560896856108707098e+00
7.916929391099141178e+00
7.537301991096031273e+00
9.618254339754583881e+00
1.109979303364441705e+01
1.071214698273954902e+01
1.172511728916662754e+01
1.382310182645132812e+01
1.251373635088383018e+01
1.113227585212870530e+01
1.212444778355550845e+01
1.293117386922668643e+01
1.284205268895087215e+01
1.423288333638132208e+01
1.511646755663831243e+01
1.462626631738924310e+01
1.411657317468737105e+01
1.410172523507240072e+01
1.319805992123415805e+01
1.174404296542902415e+01
1.133044290988891412e+01
1.150125665103483996e+01
1.227307324286552337e+01
1.046398579715001631e+01
8.417505665811937376e+00
1.025481088828778020e+01
1.082810449695099386e+01
9.982326108615719562e+00
9.951920459911876904e+00
1.086937155121369791e+01
1.188306880367787777e+01
1.149913561241323556e+01
1.039041255262267249e+01
9.195937089237753881e+00
7.308406007321481823e+00
4.541108273149363050e+00
2.632547087762157734e+00
1.147487325695416693e+01
