321	0.15802031714688	-0.00784948647382952	0.230657098963526
322	0.17826191251925	-0.00101839882803817	0.191560326612821
323	0.186775450422138	0.0243780216239599	0.243929569116639
324	0.174992368932849	0.0421035645916481	0.204646458131386
325	0.134415742701908	0.0284467565122182	0.217434190768434
351	0.0642202227400262	0.0609306312275827	0.217649485751636
352	0.0642364056871188	0.0609738569268397	0.217768110871902
353	0.0641963555845548	0.060882756704138	0.217856385758981
354	0.0642361191244959	0.0609639195743132	0.217964840148636
355	0.0642929759204264	0.0610830315616498	0.217935221578804
356	0.00860178717016468	0.0864097552840384	0.217635432872139
357	0.00869073738424117	0.0865933546540175	0.217707077737323
358	0.00873217471908837	0.0866847360741654	0.217608642936473
359	0.00870077334629451	0.0866157026431109	0.217397624921088
361	0.0088155713115362	0.0852715029499676	0.214754136479243
362	0.0193641639511996	0.0944290723720805	0.227653051286673
363	0.0356025830883191	0.107764119179369	0.225075197095867
364	0.0243987242601454	0.116181055486874	0.214268731965041
365	0.022793571619265	0.110075801555986	0.198921503509983
366	0.0396490660997507	0.0971127705699347	0.201708559942099
367	0.0520092515331188	0.114784411475044	0.200013123203142
368	0.0452187720934194	0.11635719102251	0.184485935968612
369	0.0450185371842105	0.0973530653809796	0.176270938438405
370	0.0607273409667353	0.0909264881492554	0.188018803337485
481	0.0245218170998643	0.174578317657011	0.118429423326431
482	0.015601118311279	0.18940214905161	0.125872128634062
483	0.00718555465647508	0.196484908275049	0.129031444191477
484	0.0297725944561241	0.219421041828436	0.116367285051666
485	0.0499446506582221	0.194804807052158	0.103362364624242
486	-0.0089433956934512	0.174408944820995	0.0953753546232443
487	0.0221535574070561	0.189128748243104	0.0862876319465385
488	0.0117490976827174	0.192779388940881	0.0890914042150053
489	0.0157063009521492	0.202622946314034	0.0858666523768215
490	0.00978708557918384	0.202441834035501	0.0902231054000029
491	0.00921808163069841	0.199355117449206	0.0939286721030348
492	0.0357765963702	0.180566934130407	0.110760920261722
493	0.0185403939960717	0.17052671321372	0.109866998375822
494	0.00170875972859976	0.173890194247628	0.118714747944969
495	0.00580482151254583	0.177013381347987	0.122048894749812
496	0.0160557491609372	0.180517655562493	0.138929009381648
497	-0.00475327635789107	0.181753111577554	0.134812503545217
498	0.025801897549709	0.21828761582579	0.132215022045669
499	0.0046294278009969	0.217997154290417	0.132468123168906
501	0.015227688135013	0.204715732571864	0.126968845033778
502	0.0633617188750283	0.174750715125237	0.120368369154747
503	0.0386795194051841	0.185505354893689	0.091641190944214
504	0.0226137459196058	0.158078912042931	0.113516269730073
511	0.0175458421840618	0.162176326085785	0.103030744028737
512	0.00323914561779892	0.155136882801794	0.0986543066782481
513	0.0269717109885166	0.155067729788164	0.0795933199623101
514	0.0153964262069808	0.156342676712962	0.0707441312476453
515	0.00488947591317298	0.155856119166837	0.0603795281790566
516	-0.00889951087402778	0.168573432912293	0.0628462452089341
517	0.00677426014128279	0.181279454942437	0.0520078750435376
518	-0.00654534638044716	0.193390082890025	0.0613597802059789
519	-0.0212841590189705	0.195282462283176	0.0738576058751043
520	0.00475616738550294	0.205848457723508	0.0814825639242736
521	-0.000538539405903597	0.201492663975715	0.0648207985651713
522	-0.0101750649103699	0.183949256834024	0.0655397827044805
523	0.00635515580856618	0.187491151038882	0.0558072078285387
524	0.0157486656583306	0.191413587201757	0.038991328716062
525	0.00392287809382326	0.179621725740421	0.0227771310187693
526	-0.0174328541964287	0.173242096969791	0.0201334453400325
527	-0.00999274399222808	0.19162381401186	0.0125576028310839
528	-0.0200030028879642	0.208385351930644	0.0168151978499616
529	-0.0379366295606336	0.200485473354065	0.0231184860856644
530	-0.032452756373153	0.218199246020192	0.0272521134774178
531	-0.0325311181618884	0.218239089447279	0.0278221266117797
532	0.0107323645374269	0.208505436373874	0.00996381770066901
533	-0.00157644792957329	0.213667388261766	0.018645068311656
534	-0.00118828665340327	0.201189199892149	0.0299105593225589
535	-0.00990343009422744	0.191765325662339	0.0361443698471324
536	-0.00468996179272526	0.177715654079814	0.0207080660923471
537	-0.0169730607131152	0.17279233193408	0.0137958771459085
538	-0.027790547147831	0.178405913860971	0.0079803643046526
539	-0.0229672273467367	0.181859619278229	-0.00461959329768068
540	-0.0238343391663422	0.192244333322749	-0.0130420280492286
541	-0.0198901105440462	0.189881272394332	-0.0148191052126956
542	-0.0399963176339719	0.193591040302587	-0.0192705187342607
543	-0.03739341295393	0.200362094830448	0.00182995502303037
544	-0.0415766292757716	0.199000490936265	0.0115682514702361
545	-0.0617860737797716	0.186933483961044	0.00867208689170296
546	-0.0646801224943893	0.180344674728221	0.00612950091784879
547	-0.0403298005654368	0.169123787531491	0.0262780216865053
548	-0.0457590909734854	0.167546634992477	0.0276298167932267
549	-0.0524027255532524	0.149966870977116	0.00285955748817638
550	-0.0314071853661849	0.14657821377101	0.00599251021246192
551	-0.0211880469126383	0.148860751401577	-0.00267046073229474
552	-0.0167350040692794	0.156560775560376	0.00888369704565862
553	-0.0160559119792409	0.164706236715516	0.0194081642253138
554	-0.0316856138903147	0.177504725883918	0.00195794015235728
555	-0.0332661276189097	0.182903659750246	0.0155231098009114
556	-0.0570523692937318	0.179072244318639	0.00298844821864165
557	-0.0597456414027719	0.184633029693196	0.013373407539687
558	-0.071351230106703	0.159563581495666	0.0089253778352347
559	-0.069521462754892	0.158141611704422	0.0219024099573904
560	-0.0645313851610066	0.147507250209995	0.0322090478784318
561	-0.044724880215185	0.159288421933533	0.0259230045181399
562	-0.0415867131792864	0.156791513796608	0.0149608083815591
563	-0.0334567046456197	0.161499954715563	5.54953580986575e-05
564	-0.0230006321331447	0.173627210869719	-0.00130795438595894
565	-0.0138180017856664	0.184465687176177	0.00699328194473017
566	0.000968202872088545	0.157414299383733	0.00317429513603413
567	0.00652628097350156	0.165821611841494	0.00943994598116332
568	0.0106832672424611	0.170637028115087	0.0267296902743643
569	0.00699255539474129	0.159178369364548	0.0386283602199172
570	0.00558621106822566	0.142562684855237	0.0361257219213883
571	0.0101385497761192	0.153800020538502	0.0322095112213213
572	0.0235844960929343	0.176656082275764	0.0379470838475742
573	0.0192988099515542	0.169995182633443	0.00802602220891824
574	0.0219273066626918	0.176655012495272	0.00136518859771634
575	0.00268158712882949	0.192619581955982	0.0256310963831465
576	-0.015138350147289	0.169894802134258	0.0302899524251867
577	-0.0138356454361897	0.176322328630021	-0.00117816307354426
578	-0.0139442046280196	0.188266283714165	-0.00437800860825319
579	-0.0301819750451163	0.199671561788064	0.0203196716699003
580	-0.0342824829529899	0.19182050099344	0.0198788357825729
581	-0.0354991740579011	0.193026364064662	0.0113703972804788
582	-0.0224393843756771	0.204778732460748	0.0126518810873746
583	-0.0111387652118997	0.210630658796823	0.0194806444924272
584	-0.00703193035530073	0.196472548976565	0.0315139706263914
585	0.000964279288111693	0.202115103727316	0.046517425458757
586	-0.00643677132611281	0.188953231723211	0.0546968630349143
587	-0.021896506575797	0.185227198331562	0.0603426009399205
588	-0.0370094096213791	0.193428962877545	0.0625979714456507
589	-0.0446241189923131	0.208688713926297	0.0595503422132572
590	-0.0449551489824622	0.22287329825101	0.0546927326360244
591	-0.0461075388801824	0.216783215914248	0.056085232931333
592	-0.0410524835134294	0.204111919642743	0.0505217534848854
593	-0.0427991760114696	0.192640594690266	0.062461546336949
594	-0.030894855155524	0.185425678155459	0.062592511038585
595	-0.0184570008196817	0.184967846011488	0.0554833237370722
596	-0.00460777451386683	0.191060380537039	0.0597810152210055
597	-0.00307257503893699	0.195390491632649	0.0725708797088943
598	0.0020800984236576	0.213083873967779	0.0746017408089936
599	-0.00472039918662117	0.221497329416183	0.0830120992389322
600	-0.0147329011736726	0.218075949677336	0.0969703411013008
601	-0.023249528987053	0.219649035283534	0.0944503271845865
602	-0.0410203351159971	0.215358987510681	0.0875231052891023
603	-0.0438021950083795	0.207901194047411	0.0773934214437896
604	-0.0412510535903588	0.191982975633975	0.0677501850963919
605	-0.0232913551024173	0.185240803827143	0.0677948095153143
606	-0.033646299292458	0.17097213238016	0.0744280939650266
607	-0.0271765195441152	0.167002199464132	0.0910480977065991
608	-0.0216953850364431	0.167368847633962	0.102364979578669
609	-0.0213942520475251	0.171987582819145	0.113790394550921
610	-0.0394058671599729	0.173435209440517	0.117455113151314
611	-0.0430514138703786	0.173146932480061	0.114519099537095
612	-0.0533117107359833	0.185189779866709	0.112757809690433
613	-0.064557260141341	0.192731634218809	0.115625912362289
614	-0.0713752855963347	0.171379461847359	0.116544672832931
615	-0.0813593580598782	0.170190809607303	0.108406168706401
616	-0.0874402953526377	0.189523108169823	0.0986996634116207
617	-0.0908283340271047	0.18155639910516	0.0858754950964831
618	-0.0828908530335015	0.171062480984587	0.0776178376867377
619	-0.0727792914847734	0.179312776210089	0.0703086871521328
620	-0.0588097483063278	0.176387650267451	0.0647596196626806
621	-0.0524792558333829	0.178708924337848	0.0631337378465075
622	-0.0718791980038604	0.188695309392672	0.0690212819047048
623	-0.0789436219083955	0.185305348915236	0.0648118590445498
624	-0.094804181515662	0.1788070873287	0.0554097216277182
625	-0.0937736565934021	0.160891174930466	0.0622210633414891
626	-0.0952616487500232	0.152526907809701	0.0630117454194283
627	-0.0782375914691032	0.140222476977979	0.0726473903541126
628	-0.0896772451136138	0.146724876038381	0.0881549518243501
629	-0.0687191136628279	0.150242797382549	0.0979504260354458
630	-0.0848156534909671	0.165227829501468	0.108211248443568
631	-0.0818029297230187	0.163193046936146	0.0951291069832353
632	-0.0801976100670735	0.173733918859118	0.0836375111159673
633	-0.0841368802475607	0.179962683815402	0.0707435012055682
634	-0.0985139755904907	0.175927104980932	0.0641538449494701
635	-0.0993783628650116	0.160079661967531	0.0603672865286068
636	-0.0807299648058015	0.168456979000418	0.044519263596797
637	-0.0800440688201597	0.152578521168205	0.0427965853014193
638	-0.0875972314811392	0.137790025275875	0.0460277614964642
639	-0.0754462313787844	0.131094926580968	0.0537975060192014
640	-0.0611062869470811	0.136695318798335	0.0544771077407962
641	-0.0761476135813556	0.136809086589387	0.0694270065620619
642	-0.0675690786541372	0.141542790652035	0.0781526740403972
643	-0.0673873655926007	0.149312660351449	0.0904584556407267
644	-0.0898332822951938	0.159530078491062	0.102374683300863
645	-0.0911541089483582	0.155435092775701	0.100507370475619
646	-0.114549386626101	0.150190291075402	0.0959673718163173
647	-0.10486499547386	0.146663221123535	0.117835998737438
648	-0.11177522621046	0.126261387632291	0.108562960218484
649	-0.0909997601503017	0.112490112186029	0.116599092478019
650	-0.0977788373010319	0.10665920608382	0.10881263826724
651	-0.0976218987717942	0.108118762896509	0.104903789990523
652	-0.120265564840829	0.096640863807821	0.109035667967907
653	-0.11883014615628	0.110249919761782	0.124677579134995
654	-0.11972951374425	0.109200367231537	0.13218928104647
655	-0.0950052849266736	0.101376525726205	0.133763852695669
656	-0.113510815086636	0.0852079697952771	0.143482061288329
657	-0.104568547729726	0.0944671407602995	0.15791784628842
658	-0.087109734495887	0.086428906269954	0.159638215853802
659	-0.0853293583251219	0.0693024419312942	0.141923322870441
660	-0.0850131196645636	0.0684587156225269	0.141375241670385
661	-0.0860574347326874	0.0684882116160267	0.139825332353288
662	-0.0899979664847776	0.0591779446571266	0.123745340838411
663	-0.107671620369134	0.0582127353209139	0.133860926067391
664	-0.122962347245425	0.0655660831109725	0.146150895656063
665	-0.129541742566651	0.0589536858336014	0.131854682286108
666	-0.131729693859523	0.0710779227965453	0.12201224557824
667	-0.13743527262614	0.0829476881140931	0.134208916620178
668	-0.130741202083263	0.0975339379174577	0.121550881167851
669	-0.117550017684491	0.103098460583587	0.107846377946025
670	-0.111267331660338	0.110633556108989	0.122467949669775
671	-0.11879981755433	0.11145902553678	0.126514087926849
672	-0.115250535193782	0.0965930877889107	0.121589678014084
673	-0.114135743999802	0.0964671119032617	0.107322362771375
674	-0.10826933151788	0.103919690996328	0.0946752399295449
675	-0.0954364741259866	0.0944014623903248	0.090745962818222
676	-0.0798697139661397	0.102895553261591	0.092283127395557
677	-0.0839064246524533	0.116660135503148	0.0893510397051393
678	-0.0755130944373198	0.12592633852977	0.100670831144414
679	-0.0671134375112104	0.113937165946272	0.111380229488475
680	-0.0670954078589385	0.121529547464115	0.1241708143415
681	-0.0634895940845649	0.122122224900994	0.11945027942034
682	-0.0761193367673875	0.127366895926543	0.105821669210538
683	-0.0599896655830507	0.114324789464159	0.0900149179796345
684	-0.0785269281828299	0.115717633513153	0.0872869312799246
685	-0.0883808909022766	0.0986820232165611	0.0884669769661421
686	-0.0742435644887341	0.0831035824966399	0.0913867738900621
687	-0.0890162070203824	0.0808014779329325	0.104152079657115
688	-0.0689265401825808	0.0726992731766677	0.112978247852798
689	-0.0784240678767409	0.0742829359191584	0.125542465375443
690	-0.0888485093140563	0.0881281275040043	0.136363100853522
691	-0.0919400212166698	0.080290200603599	0.131170552343613
692	-0.0692171199494506	0.0827128979875537	0.123692998088708
693	-0.0784109437002151	0.0733540482713934	0.113585859493547
694	-0.0864997391788735	0.0640308372666787	0.114001150338576
695	-0.0744912711657221	0.0513376798592486	0.105067115944508
696	-0.0780453952119299	0.0379074275260057	0.115571627533371
697	-0.0790344952422516	0.0297291845806638	0.124041652919277
698	-0.0606060612813406	0.0366924403459155	0.13693066041671
699	-0.071644541701538	0.0348901414534677	0.145144772734796
700	-0.0689169874591899	0.0408148142993667	0.157562701186655
701	-0.0692892558620795	0.0319137829788589	0.159297037193387
702	-0.0700562836444493	0.0293493424499665	0.144763851394996
703	-0.0696016749064763	0.0366383410398309	0.124642492037769
704	-0.0499703925741996	0.0412453894051893	0.130627553598276
705	-0.0500588997462455	0.0551600135315401	0.128263121725045
706	-0.0519977987153032	0.0666311372903574	0.13130070847925
707	-0.0649267743601721	0.0751469302311614	0.126049021671475
708	-0.0737575768562534	0.0807776507042218	0.139017834742589
709	-0.0766160184708179	0.083086729346227	0.150167887748866
710	-0.0921305382430804	0.0785484988378108	0.147501226732787
711	-0.0953348736442377	0.0996167651324295	0.145734060250334
712	-0.0844126824439364	0.084210083909024	0.159534172919003
713	-0.0651428081995752	0.0839581282802232	0.143703625703068
714	-0.0795975713192413	0.0828381939764443	0.127884150528985
715	-0.0876475810972557	0.0783030834863711	0.127994331094881
716	-0.0789008879119714	0.058611402539841	0.147271647740867
717	-0.0747886492322611	0.0530167934552132	0.13494363052525
718	-0.0878921056319424	0.0475227323423085	0.123526099546841
719	-0.102898538290095	0.0469598397857344	0.129056226108341
720	-0.101855156609625	0.0416514307543907	0.150957919098279
721	-0.108475771613572	0.0729716801811559	0.14217359307201
722	-0.115957251533455	0.0548013199265359	0.137057767976389
723	-0.123955535099071	0.0670166407990475	0.122114563419853
724	-0.114081183202485	0.0731372782949526	0.115671200470358
725	-0.10890133388187	0.0781357329404162	0.107953357248796
726	-0.112440872333913	0.0616658341943158	0.0940964738577178
727	-0.0931501983180156	0.0722101150064449	0.0893979256741181
728	-0.079198752755719	0.0619704380388259	0.099811519382308
729	-0.0802045575447753	0.0425819629447388	0.102610823417056
730	-0.0865240356061044	0.0373871426986324	0.0945174833316333
731	-0.0780158347864616	0.0504289565671871	0.0803712571358929
732	-0.091606859636287	0.037717107262864	0.0657902932180402
733	-0.0911686552522414	0.032071398651869	0.087857642850691
734	-0.0945124373517659	0.0391838063712444	0.0958943831678746
735	-0.108956696461682	0.0540760162796925	0.0808974595876194
736	-0.114300102174296	0.0503004093764327	0.0896547734766867
737	-0.118630971965044	0.0466103542255633	0.103200849620039
738	-0.125054481671983	0.0567912900545362	0.108263518310264
739	-0.140609627710587	0.0514500661313683	0.0898880559885828
740	-0.136531894541882	0.0314193553137034	0.105204259042748
741	-0.14277263370361	0.0505398283226445	0.0887241968083323
742	-0.139663743330735	0.0517284687208768	0.091275872839889
743	-0.154262262884603	0.038711960691402	0.0977880242466907
744	-0.150969562865186	0.0347322361808012	0.115890059665183
745	-0.149944515974305	0.0226652454048968	0.109492414001363
746	-0.132557461309557	0.0183931657984052	0.10315820985396
747	-0.150217642589388	0.0065443327428602	0.0990130740660546
748	-0.139179784768818	0.00569972188780254	0.112200326107504
749	-0.127404877599313	0.00280655913489149	0.0971001796081764
750	-0.133095290883975	-0.00397861419215688	0.0805581026488183
751	-0.130020333912027	-0.00693351938454399	0.0832127261240352
752	-0.14079363464873	0.0177644280989102	0.0740775628675675
753	-0.136118028519416	0.0140781223018901	0.0994722406106955
754	-0.145268294809815	0.00221586820536231	0.117834916408384
755	-0.158974500672355	0.0259221969512098	0.097755731723522
756	-0.169911330938389	0.0131892752131539	0.115175861743723
757	-0.17143214013311	-0.0136971986237073	0.115210863277433
758	-0.183042497348044	0.0027509097475296	0.0949048424863206
759	-0.182589096855635	0.000319009749872901	0.0910965241626944
760	-0.172591158675349	-0.0242364101671342	0.0881895738727355
761	-0.183687114630968	-0.021871452798095	0.0912590053133587
762	-0.170275726387992	-0.00431236057871357	0.100735263957694
763	-0.159524681289596	0.00142416841981408	0.101255160968935
764	-0.147603026318086	0.00970554288724375	0.098078743585291
765	-0.143640472335802	0.00975579301418747	0.0799605280792077
766	-0.145135292166637	-0.0130059339559217	0.0562517339543067
767	-0.146077120592044	-0.0300877348434427	0.0621865501161567
768	-0.140102080951288	-0.0380624355749856	0.074309113775709
769	-0.140304491568497	-0.043181063121505	0.0913190609517932
770	-0.12976320299422	-0.0376808871063266	0.0982458138004848
771	-0.117327633663707	-0.0427030892029338	0.104780583343728
772	-0.126878167753718	-0.0547879746852411	0.0946598806233756
773	-0.130722159431266	-0.0537829778685785	0.0841432484930656
774	-0.128928078327458	-0.0393765847735023	0.0736379773605885
775	-0.126937517512008	-0.021906787324788	0.078272816924945
776	-0.147113427566539	-0.0296230922089506	0.0750676479961276
777	-0.163824002985341	-0.0321188573433766	0.0874128950889055
778	-0.158286008943646	-0.0170034358173918	0.0822254603730637
779	-0.158931781814038	-0.0135110818666185	0.10159939284358
780	-0.164759857867278	-0.0199543641703728	0.111640793096696
781	-0.165388212993827	-0.0266870492761594	0.108457289802773
782	-0.153741013333212	-0.0257231936965334	0.119882246014705
783	-0.138838328766005	-0.0204536114112297	0.115512956915107
784	-0.124729938567441	-0.0213450265547001	0.106295491298082
785	-0.127092050176408	-0.0194382956429152	0.0898207220503885
786	-0.118088045219074	-0.0316803891110044	0.082074916871694
787	-0.119380224434802	-0.0486916365779235	0.08815550360115
788	-0.131603262431577	-0.0557980228342225	0.0785966924664258
789	-0.140261388763795	-0.067397440075993	0.0871068759769432
790	-0.136346833757268	-0.0725849532969608	0.102084520684244
791	-0.12524384038798	-0.0459584076755921	0.101070532324757
792	-0.130390467016598	-0.0430221218844005	0.0975516061859905
793	-0.148474468186782	-0.0278978240259907	0.0810859047222937
794	-0.11141633499186	-0.0202848216990742	0.0793479857879818
795	-0.113422905858307	-0.0184831008099458	0.0785088714675846
796	-0.138294614890362	0.00319269380567254	0.0773231119852072
797	-0.121693139797062	0.0134059783531936	0.0850446929874902
798	-0.0947545469988559	-0.000976210408898802	0.106167426708392
799	-0.130589705112783	0.00777808099523611	0.116341016808162
800	-0.12621616020636	0.00572848303708603	0.121584581248427
801	-0.120660491985109	0.00536891466922736	0.126470452601485
802	-0.109881983681812	0.0117551400778815	0.113771487016588
803	-0.116375941576608	-0.00591726554984505	0.112933567355923
804	-0.117848692653274	-0.0171030808341613	0.098568149546403
805	-0.109646787381385	-0.00556542968294979	0.0874840465440222
806	-0.116816108494824	0.00208218960354243	0.0728821003960372
807	-0.13532441526172	-0.00164707337567924	0.0715118488475791
808	-0.139104810934941	0.0166693745239037	0.0709051486056154
809	-0.149756974030864	0.0229208270590004	0.0844261868805336
810	-0.160101309393873	0.0117411493636341	0.0931944639897898
811	-0.161789639321509	0.00911645458496069	0.103861939923453
812	-0.147173995860598	0.00223175439497109	0.104497396896966
813	-0.131543276820918	0.00337718619030904	0.10438691794902
814	-0.136642192286352	0.0117804769096438	0.0756449202882104
815	-0.14136670632138	0.0139766877395976	0.0703857241890215
816	-0.124001674684442	0.0327396421464528	0.0934154969754249
817	-0.12271844200574	0.0418914701663435	0.0793890679139429
818	-0.137271082650314	0.0494162404470288	0.0725583232121661
819	-0.151163554361703	0.0529009374301164	0.0809545559200059
820	-0.150104506503653	0.0583576465947214	0.0990582942316835
821	-0.146525712609388	0.0682060979447228	0.102905479672033
822	-0.1328514790157	0.0515666307752369	0.096756019969554
823	-0.130525506755207	0.0404538466789076	0.0848141447467201
824	-0.139363730350265	0.054651620953813	0.0703654288755746
825	-0.151478851142908	0.0478106953174094	0.0656040769061285
826	-0.153187029907826	0.0320461580205102	0.0676821984012106
827	-0.162832689018017	0.0262291782902629	0.077075885497938
828	-0.17863796581263	0.0422367237027242	0.0719668997406626
829	-0.182118425036676	0.0338410383106066	0.0920116721226501
830	-0.176107569847243	0.0244086079419223	0.103526708275154
831	-0.176617891867842	0.0144898104976848	0.090501109584079
832	-0.178311577105068	0.00594064097030557	0.0769997164739279
833	-0.15943410152747	0.013041277646308	0.0671476157508602
834	-0.158550260666416	0.0278869557266318	0.0716760876641057
835	-0.152274550116571	0.0422343306551136	0.0659760570954206
836	-0.164525853885007	0.0523468118617665	0.0597732991421394
837	-0.176496541630548	0.0542929250195288	0.0663737228436477
838	-0.193891529009546	0.0548228284228268	0.06361565900051
839	-0.20232890514618	0.043191112010935	0.0548955734142355
840	-0.200249225398742	0.0327326963120081	0.041832006084755
841	-0.20761080702495	0.0342240398730592	0.0429332200177007
842	-0.20193150349734	0.0239725394398963	0.0269874135818508
843	-0.184116171365553	0.0297360124849609	0.0235232854988425
844	-0.181927176179569	0.0260796310785858	0.0227918525224892
845	-0.170090679144795	0.0359400348723192	0.0358431124185097
846	-0.152529033120495	0.0274731906581322	0.0387695928925016
847	-0.155370622850844	0.00728991356894546	0.035634618029968
848	-0.169218597271373	-0.00125673794296208	0.0488708183389354
849	-0.171313780123012	0.011135618554081	0.0636724020249495
850	-0.17295011826093	0.00831399767664597	0.0658681787773226
851	-0.161335197560324	0.00680954843463267	0.0590453688166633
852	-0.143601572518868	4.17338135630455e-05	0.0515239180128574
853	-0.142399451339445	-0.0135274373363387	0.0492149026943115
854	-0.159055369268254	-0.0236120040635313	0.0567612692820104
855	-0.164315829273972	-0.032123009723495	0.0472043654723167
856	-0.153364629279196	-0.032332331680307	0.0300630336157422
857	-0.156898045572367	-0.031716072878794	0.0195239772737067
858	-0.178254352620426	-0.0267495564900712	0.0186302684493556
859	-0.179384022785901	-0.0149679140372418	0.0131981025062636
860	-0.176015516107987	-0.00204080595157076	0.00855816149844762
861	-0.172863937135616	-0.00991975178103593	0.00993240674067223
862	-0.175649651755658	-0.0204263779044188	0.00171883574669262
863	-0.175796072458109	-0.0352158199538363	0.00356544224423519
864	-0.168456353277206	-0.0471556975227558	0.00332455205999119
865	-0.153713289269127	-0.0504422337625362	-0.00282263597609422
866	-0.141050923845759	-0.0478784181875518	0.0103518891712903
867	-0.138257360012777	-0.0510768996665626	0.0248482829154675
868	-0.13349981475289	-0.0429380222271085	0.0366208840214288
869	-0.128294836434967	-0.0307298742484525	0.03475889949212
870	-0.12590322465016	-0.0196333457180886	0.0313207739087585
871	-0.129951209092495	-0.0193140742022656	0.0220158171081601
872	-0.12379622101091	-0.0153555457680004	0.00553792023493301
873	-0.133395964744235	-0.0203723217601106	-0.00734449197006048
874	-0.142562216474537	-0.0350516069333036	-0.00397127165318245
875	-0.130571370496526	-0.0367602237021068	-0.0148495225512074
876	-0.115563245002904	-0.0445684372954864	-0.014945016327702
877	-0.126958562020015	-0.0571095791776721	-0.0160728136027992
878	-0.127124313592905	-0.0691790460902972	-0.00267161757924289
879	-0.114478072542953	-0.0690915603178483	0.00844611901680397
880	-0.0995823837129415	-0.061838305433637	0.0053110433635722
881	-0.106721741537603	-0.0603265166628999	-0.0110871249628734
882	-0.112715409321515	-0.0751630907185115	0.00842981164530156
883	-0.112130935237965	-0.0696218394976925	0.0320867196625197
884	-0.117484478289473	-0.0481305256909054	0.0147402560532319
885	-0.114621336808058	-0.0473407048830232	0.0268559897137519
886	-0.100942996680648	-0.0424378701593534	0.0355048666718752
887	-0.0919946294829918	-0.0387842807207914	0.0272876471171137
888	-0.0773624085640703	-0.0420964801561704	0.0280984953748471
889	-0.069277351285432	-0.0522140853042879	0.0226777341371676
890	-0.0639303586886339	-0.0628380483446845	0.0210206122313477
891	-0.0668548889677211	-0.0576912491830566	0.0259437297055102
892	-0.083976336546923	-0.0781954320115643	0.00539969698693842
893	-0.0812532359972652	-0.077559403383922	0.0188332074418159
894	-0.0912422930733114	-0.0757044059295698	0.0315399586834963
895	-0.118729546667648	-0.0737539404574186	0.0174752387839984
896	-0.11229130097279	-0.0619059678721474	0.0473995202670857
897	-0.121938668495506	-0.0466053983107676	0.00449956991433163
898	-0.123200578724331	-0.0430123915631025	0.0214396561103507
899	-0.100168525067188	-0.0257562361963705	0.0160083074653963
900	-0.102025715625255	-0.0276368349143706	0.00409585075675535
901	-0.103787165247923	-0.0403063620459771	-0.00937710344323153
902	-0.103334958425147	-0.0404639835306564	-0.0213404120336405
903	-0.104504065438839	-0.03979114649413	-0.035973189788476
904	-0.107819882956862	-0.0454844931390885	-0.0455050296372318
905	-0.126134178406474	-0.0574357027806837	-0.0297897507428561
906	-0.120623080582821	-0.0657818335646199	-0.0276568427290938
907	-0.102339553090572	-0.0707169767116236	-0.0471518337692135
908	-0.112297112913821	-0.073611665601176	-0.0480730162420464
909	-0.113583275109555	-0.0880898753514277	-0.0247546231189046
910	-0.0870827336975869	-0.0865648613022612	-0.0244173951297147
911	-0.0889558505439677	-0.0840266924648597	-0.0260678524302207
912	-0.0972206902837971	-0.0739290182784683	-0.028080682012221
913	-0.0990241185592333	-0.0616223842673778	-0.0235951911302417
914	-0.10854708962928	-0.0516416224472987	-0.0244852845183251
915	-0.118972589734238	-0.0554036735620394	-0.0346984223541497
916	-0.13036958919142	-0.0593967049745783	-0.0437259198427675
917	-0.125299950841704	-0.0665556459712877	-0.0548826897921505
918	-0.114117130209336	-0.0613577144165016	-0.0618743992776564
919	-0.106525655583065	-0.0511485266166377	-0.0612587156639932
920	-0.0904731063929691	-0.0654718798441549	-0.0721302703226315
921	-0.0979833812869088	-0.0605246016374418	-0.0557109617608331
922	-0.0837425206554891	-0.054227248752592	-0.0330930894167885
923	-0.0893734189497326	-0.0577346702058562	-0.031603922284317
924	-0.10425579630802	-0.0392652142558112	-0.0327760411724271
925	-0.112496728143917	-0.0682803582411372	-0.0330514039836526
926	-0.106241612252366	-0.0582650089449658	-0.0103382989159996
927	-0.127403201648251	-0.0513482290764307	-0.0228020184647807
928	-0.13296860042781	-0.0484418190329548	-0.0228689944961853
929	-0.128134468768804	-0.0615925709139438	-0.00142308444285484
930	-0.119881128470492	-0.0338835430304835	-0.00466748177568229
931	-0.111935078695315	-0.0375625009842533	0.00159152720594295
932	-0.125390909436526	-0.0477061187443223	-0.000929099151835977
933	-0.131685781651521	-0.0519642806815544	-0.0171216987136039
934	-0.124234361400027	-0.0430832947913903	-0.0314637878136779
935	-0.11789499480613	-0.0268228612021217	-0.0275712684186966
936	-0.150450678233236	-0.0301271429713275	-0.0197409181524597
937	-0.149509959290464	-0.0203086628138163	-0.0341506267054285
938	-0.137463817989036	-0.00223335132340332	-0.0305856856493974
939	-0.138503465275027	0.00160298897087161	-0.0142990918276194
940	-0.156569182237416	-0.00511813433641336	-0.00318146821388856
941	-0.139798199803767	-0.0154950391549856	-0.0108280607940931
942	-0.140092222148194	-0.00849653238529168	0.00625501582886486
943	-0.148862080040151	-0.010143764954146	0.014140558323606
944	-0.17106035531797	-0.0237794499914175	-0.00694160312375899
945	-0.174252725452631	-0.0147356293348364	0.00789911937819151
946	-0.182448211089595	-0.00105374592974064	0.00318944813531589
947	-0.185135455603157	0.005726031784272	-0.00840685664802759
948	-0.172485876379972	0.0174566652611983	-0.0102167670186798
949	-0.164913255080785	0.0166347124503557	-0.0211844584301748
950	-0.155357300852258	0.0324228107710037	0.00309768894036637
951	-0.148852792602866	0.0435343846266634	-0.0250307039192984
952	-0.136222023049785	0.0351608068797974	-0.0159637832913998
953	-0.140408721809098	0.0186078231072547	-0.0145197684104809
954	-0.157173357499054	0.0155184664716601	-0.0188379530994442
955	-0.157494297361392	0.0125817075671451	-0.000725137735050731
956	-0.169006802291523	0.0109452376760461	0.0122884630677426
957	-0.178560000072604	0.0238644466492608	0.0157310192757065
958	-0.166884611413193	0.0273750611565303	0.0282255105610634
959	-0.171305178278373	0.0425631962918117	0.024582044103978
960	-0.174675482617632	0.0450612367050245	0.0220148538113808
961	-0.142316111162995	0.0512187113259817	-0.0100047434604223
962	-0.126887629054443	0.0523349216228397	-0.00378630461263091
963	-0.125539253209344	0.0702355427153256	-0.0077069522357986
964	-0.111056286669152	0.0573964732495165	-0.00932333210028437
965	-0.1019290891402	0.065441617943199	-0.021913687024025
966	-0.11464677490624	0.0707348357936704	-0.0368963154268599
967	-0.1164823473965	0.0503525479686915	-0.0430411390609353
968	-0.104633545155953	0.0519391635056122	-0.0535220328075258
969	-0.120629819993399	0.0487807894589621	-0.0596564453580705
970	-0.133798506755013	0.0602170520218863	-0.0616266812505783
971	-0.13860126028824	0.0651906412959059	-0.0579757540079172
972	-0.140953725932522	0.0536093932333546	-0.0689290149426843
973	-0.140241156808775	0.0396727639234357	-0.0617440387652728
974	-0.129076193628992	0.0317024120639433	-0.0629290506988317
975	-0.125116797655985	0.0305110533151707	-0.0773548100979711
976	-0.113761641632672	0.0294887626915338	-0.0858487147432126
977	-0.0998049356589962	0.0349058403779309	-0.0785342964018999
978	-0.0900053790648843	0.0452767624943149	-0.0698753308889211
979	-0.0883390015745493	0.0534490435918117	-0.0835154780347242
980	-0.0925974991843447	0.0682389914218994	-0.0820379975382533
981	-0.10266121609557	0.0540266835370773	-0.087433398244615
982	-0.0934619893015924	0.0513869680701197	-0.101440347093487
983	-0.0942255408475219	0.0347519958378813	-0.107507845087688
984	-0.0996781674446913	0.0294114247806685	-0.0928881208984094
985	-0.116163518123681	0.0299555633458896	-0.107840082483674
986	-0.116978432943727	0.0196536256985938	-0.0915876548231243
987	-0.127749500086651	0.011688799802932	-0.103883050200368
988	-0.141824195372138	0.0273521983561889	-0.088819314447543
989	-0.147717772471273	0.0150686086295258	-0.0906687735308135
990	-0.144598430729485	0.0144026614869931	-0.101723577707547
991	-0.115997362488096	0.0254967873057966	-0.105946477105076
992	-0.0948724822595497	0.0138040578806496	-0.11428799115425
993	-0.0859775203910761	0.0148997581495742	-0.10826439902035
994	-0.0918107601570117	0.0314374323845082	-0.0864442491121716
995	-0.0927869653132428	0.0377004205384648	-0.0949898425798753
996	-0.0669096937963118	0.0376256814326519	-0.101748879416985
997	-0.0799247529246549	0.0583884702669579	-0.100057703489122
998	-0.0802048782014504	0.0647043757064551	-0.11155680124191
999	-0.0879972463380502	0.061758290781307	-0.124542068976937
1000	-0.0842233130104755	0.0563387132400728	-0.138284891008293
1001	-0.0809146767412214	0.0551606903513485	-0.137166944481323
1002	-0.0706143852333747	0.0645910052343749	-0.141814405507031
1003	-0.0613873389956332	0.0739717525343605	-0.135935556803798
1004	-0.0469135480100003	0.0726348085904571	-0.131262606303863
1005	-0.0421551760015259	0.0726372912965355	-0.116525825576587
1006	-0.0408703818840858	0.0646746231418673	-0.104594150572175
1007	-0.0393790415731048	0.0480394480461924	-0.103037902064704
1008	-0.0446908659383723	0.0336593910753386	-0.105285448375529
1009	-0.0411640335038525	0.0266048014469098	-0.117673734425059
1010	-0.0351762989338822	0.0271884726616164	-0.130710321882082
1011	-0.0336656114758827	0.0166694143640342	-0.12090731951296
1012	-0.0292441091066812	0.0352925297646507	-0.121007557707232
1013	-0.0235472821496086	0.0456736248382846	-0.113392763750194
1014	-0.0130099249406223	0.041236444238741	-0.130325815886377
1015	-0.0264048157733613	0.0352560957332575	-0.14201470370001
1016	-0.0311776924030746	0.0573088942510214	-0.141545371581191
1017	-0.0264517301393904	0.0618761707766788	-0.153398920833721
1018	-0.0287686827800486	0.0477133402422657	-0.16877515761476
1019	-0.0465679528042222	0.0409575598286599	-0.164503119135095
1020	-0.0577068245491651	0.0555071034810202	-0.15762063998861
1021	-0.0526539134180539	0.0388326009766748	-0.141444153203107
1022	-0.0664685055908937	0.0332757190287925	-0.137708423075766
1023	-0.0468309224372403	0.0514273379413246	-0.117633700993662
1024	-0.0752877749007605	0.0224701328887753	-0.109726629999571
1025	-0.0420075035990837	0.0309509951338256	-0.1047842647932
1026	-0.0463459107849985	0.018316033554743	-0.103218359029935
1027	-0.0481038296007282	0.00345886028656944	-0.111958914082247
1028	-0.0435045357198753	-0.00284463934129457	-0.131054264831806
1029	-0.0282636465894619	0.00596048971886111	-0.143313390369286
1030	-0.0163051071146839	0.00750950647880125	-0.1308187076928
1031	-0.0300534643937993	0.0088180761377894	-0.125976639441331
1032	-0.0343320575708874	-0.00411775434329378	-0.125603382043158
1033	-0.0539470029884992	0.0162555392972158	-0.139617541345677
1034	-0.0583134366272507	-0.000236951531350543	-0.137591772522072
1035	-0.0657847567753037	-0.0161219982328517	-0.118666039897448
1036	-0.0782557679188371	-0.00477104214438471	-0.117003543023174
1037	-0.0817964560235386	0.00826614721221371	-0.107094398976386
1038	-0.0725197865382575	-0.0046187150933566	-0.0901101883249735
1039	-0.0633821147980696	0.013190595999776	-0.0841729167250403
1040	-0.066332926186526	0.0278301127149715	-0.0895787965356502
1041	-0.0670897850464081	0.0251073797452812	-0.0972802563829877
1042	-0.0760293975458037	0.0189059544595086	-0.0920960793155193
1043	-0.0747412139804516	0.00814104763586657	-0.0936413470056954
1044	-0.0711367442385492	-0.0077771447944736	-0.1036366374088
1045	-0.0735452487984227	-0.0162974014978897	-0.113553298799539
1046	-0.0718158016399486	-0.0113351862636167	-0.133634541570728
1047	-0.0781916267270121	-0.00222000308385403	-0.141143650614171
1048	-0.0822809472228828	0.016478146364285	-0.146619075927741
1049	-0.0939694194809414	0.019164475507477	-0.142222396535295
1050	-0.109627191501657	0.0185642515621831	-0.130941010751793
1051	-0.101244841866612	0.0208951892015955	-0.119908135131768
1052	-0.0968589544968027	0.0309624984830578	-0.106084636064187
1053	-0.082720225643423	0.0372848529054676	-0.117706803623079
1054	-0.0722364001323888	0.0315827355366619	-0.114587627386249
1055	-0.0694168459077153	0.0289177053816282	-0.096628535424724
1056	-0.0620040914325792	0.0133615286790446	-0.0947978470120394
1057	-0.0567620619123634	0.00743566820143403	-0.10966116902512
1058	-0.0631688674270879	-0.0069126056802036	-0.115113847967671
1059	-0.0742286006243848	-0.0107438154840216	-0.0951417402642452
1060	-0.0852633132030536	-0.0192965198285535	-0.104088129829397
1061	-0.0829438759374348	-0.0100422210945018	-0.107475490592399
1062	-0.069527038676436	-0.0134184261134388	-0.110236975223334
1063	-0.0592683013037714	-0.00826778697942355	-0.119276657218326
1064	-0.045295335993942	-0.000927150651772323	-0.12419366784425
1065	-0.0589878673069984	0.0131853667026549	-0.129651747550973
1066	-0.0455789829865913	0.0212743547705101	-0.119875861539943
1067	-0.0355023592114457	0.0180403589979311	-0.103891964362551
1068	-0.0493972790708201	0.0281519469637285	-0.0994220801895982
1069	-0.0562044548109883	0.0340013259786978	-0.0925815398634471
1070	-0.0625994959366998	0.0274818624186572	-0.079545959685567
1071	-0.0597954766320784	0.02748314076189	-0.0885422268287739
1072	-0.0601968335580982	0.0400288189373869	-0.0972374416894515
1073	-0.0684903246202725	0.0279853439921078	-0.113818785711415
1074	-0.06251790616748	0.0414033334305619	-0.130073217601727
1075	-0.0503618315057997	0.0393098954099622	-0.121256791070973
1076	-0.0437691221676932	0.0292225140797105	-0.12756249908989
1077	-0.0483272326656996	0.0226468784565274	-0.14188975181716
1078	-0.0359027382753142	0.0060358061525668	-0.132657415467647
1079	-0.0202358225726561	0.021835543208171	-0.127573235222419
1080	-0.0184785365063771	0.0100057728603486	-0.118777465504803
1081	-0.010023623822588	0.00156452920189147	-0.119292728398865
1082	-0.00454631960499937	0.016301862562214	-0.123803423111384
1083	-0.009788578771547	0.0270621912769308	-0.138540760699878
1084	-0.0228955508366817	0.0213640133682716	-0.139642370144764
1085	-0.0361108748018621	0.0180719805877513	-0.146928441460975
1086	-0.047935966049174	0.0263491790082046	-0.143305601701845
1087	-0.0481793145803705	0.0460200296013394	-0.125200741596146
1088	-0.0597579203582409	0.0260645797258876	-0.119563584059535
1089	-0.0581651233467517	0.0183662972628365	-0.107128742184786
1090	-0.0442983872488538	0.0321486062945118	-0.0945747643604706
1091	-0.0259061804314303	0.0165744373171846	-0.096086056485774
1092	-0.0200189893835162	-0.0021151979576096	-0.10189084291502
1093	-0.00769277733003109	-0.000657559937605225	-0.110627641418103
1094	6.56922333273618e-05	0.0132558260840757	-0.114064418814922
1095	0.0029984791366047	0.02372122105385	-0.123025420653753
1096	0.011160002859934	0.025362941396156	-0.134473180797645
1097	-0.0180604603298764	0.0049161765193125	-0.150672183082338
1098	-0.0156182760384046	0.0318011607439339	-0.146988440025636
1099	-0.037637548570723	0.0287834437444995	-0.144000842336493
1100	-0.0406063633869115	0.0169892159778786	-0.149616626772247
1101	-0.0263695464680431	0.0190489446813206	-0.140807365187869
1102	-0.0300858036674837	0.0210012717183312	-0.120074409859606
1103	-0.017707400398311	0.00985550499574436	-0.106861093143254
1104	-0.0163973855099931	0.00553739269463977	-0.125440653519913
1105	0.00115961270491023	0.00634524417858993	-0.121319390414728
1106	0.00209529561857591	0.0252762893615136	-0.120379012065254
1107	0.0187198616229858	0.0140628395341901	-0.116992410769176
1108	0.0118096000170319	0.0214580466036588	-0.137211255484813
1109	0.00990620875820394	0.043014489777288	-0.127311285457893
1110	0.0173119163787145	0.0403022887389947	-0.145004933032186
1111	0.0132833187184818	0.0377428635513435	-0.148413669524387
1112	0.00672129516243307	0.0291713595075175	-0.139061788519012
1113	0.00610913815420374	0.022391330944822	-0.128079504230997
1114	0.00609415809726853	0.00218354304309714	-0.124374561680403
1115	0.019257977728174	0.0172746167738967	-0.110985323252024
1116	0.0291734144786871	0.00500991658572367	-0.12453791834162
1117	0.0250399689222231	-0.0158312091864732	-0.127199810389721
1118	0.0307051919756712	-0.0159250479589408	-0.146961996990888
1119	0.0473175044834081	0.000256982361235175	-0.139799852569978
1120	0.0402336139888134	-0.00280779217148251	-0.158923694806441
1121	0.0219075141082253	0.00861995374329058	-0.166113835666835
1122	0.0293738236298887	0.0096671935930028	-0.14813718538529
1123	0.0396541154271565	0.0065272778915644	-0.131047929549922
1124	0.0410251420199238	-0.0107251363974752	-0.139628863908629
1125	0.0457937495316698	-0.0232420463387576	-0.152409322170044
1126	0.0621014800232881	-0.0200133540189106	-0.147435290577232
1127	0.066897335745354	-0.0147171330949173	-0.153410381882597
1128	0.0682847054488319	-0.0161907710843856	-0.16940702026345
1129	0.0728867920264575	0.00763195357953535	-0.17046516779859
1130	0.0645494086014354	0.000417307543385661	-0.181429971647099
1131	0.0525898680307414	-0.00282621568807578	-0.181158156475577
1132	0.0453840330680821	-0.00052300580419725	-0.160542075111339
1133	0.0270773436908936	0.011867427136381	-0.173851535892842
1134	0.0310308048531822	0.00313936858846192	-0.193793595063955
1135	0.012782723142521	-0.00646996866950787	-0.179052479065944
1136	0.0191323281475212	-0.0225828622490922	-0.168264588424899
1137	-0.00266265523737597	-0.0178047117721381	-0.186190905344036
1138	-0.00201148786840449	-0.0321601282910139	-0.168881705526291
1139	0.0158407788805984	-0.0468551005827489	-0.175321075100969
1140	0.0114530528737078	-0.0383522170242889	-0.198683080910808
1141	0.00954228995230971	-0.0434617686778716	-0.201074095493872
1142	0.00577827682824134	-0.0289094660889386	-0.212438808613801
1143	0.0215911198492008	-0.0215129434767691	-0.209921931149524
1144	-0.00139136841403969	-0.0193564756486844	-0.192648976932243
1145	0.00413484517273831	-0.00506545217030742	-0.195604026286512
1146	0.0154155214083094	0.00106165314351469	-0.1962023034929
1147	0.0255995335073127	-0.00892386742937792	-0.182795830600374
1148	0.0235467242724203	0.00467310000619854	-0.172809654139343
1149	0.0233861894457827	-0.0102211751898668	-0.158269735447328
1150	0.00705263027802043	-0.00584762920480833	-0.155276610457663
1151	0.0180696086571306	-0.0108439298997643	-0.169912321013932
1152	0.0102618616559073	-0.0108820403611588	-0.191474862373741
1153	0.0431040083514651	-0.00156910622688763	-0.1552717836488
1154	0.0297421747753861	0.00637939971364341	-0.173852135084844
1155	0.0359800841201783	0.00519462182951403	-0.202382750606556
1156	0.0526919235516235	-0.00414415968824833	-0.212623486912925
1157	0.0607263660744826	0.0063133860956009	-0.197582842339123
1158	0.058907853914744	-0.019310613969088	-0.202362926299263
1159	0.0491404480103345	-0.0418381800402589	-0.193501377044828
1160	0.061698420233431	-0.0348870118997103	-0.181359884508988
1161	0.0768904649518485	-0.0292019026385188	-0.180963857588152
1162	0.0649959170988182	-0.034034978612844	-0.170990831052555
1163	0.056868135709337	-0.0464706727296892	-0.185269504011764
1164	0.0413394918237967	-0.0476965907187927	-0.17566984259711
1165	0.0294691712639645	-0.0399933237970144	-0.187431974306907
1166	0.023535966176909	-0.0257976422391134	-0.1769535825383
1167	0.0261869853734083	-0.0137535513006813	-0.192160483118703
1168	0.0338175697055609	-0.020395582166963	-0.210808389702905
1169	0.0398488423732817	-0.00388651163044326	-0.21113792193584
1170	0.047332144639775	0.00293459219336608	-0.198214591351534
1171	0.0553300780347227	-0.000892330152119699	-0.194782568765298
1172	0.0296939402399529	-0.00464099639258483	-0.191324828823917
1173	0.0352638058564747	-0.0156180364974224	-0.196707794743834
1174	0.0433476551789462	-0.0220045342391589	-0.201955191984812
1175	0.0317979949839228	-0.026086815313524	-0.176266085733169
1176	0.0278747028955097	-0.0332622549762502	-0.163823542642823
1177	0.0528700204051737	-0.032436569985432	-0.163939376533658
1178	0.0374840928900724	-0.0524784793009917	-0.171880840287791
1179	0.0617492673968143	-0.0516840803288344	-0.178526520690584
1180	0.0556843514862665	-0.0614225538863817	-0.186144629857313
1181	0.0619256220044862	-0.0336519763786303	-0.187918471145962
1182	0.0607545956562901	-0.0186874655951691	-0.170161721915567
1183	0.0553007105838227	-0.0015568836264843	-0.163131192741098
1184	0.0426431065426398	-0.010110226912448	-0.19304106261468
1185	0.0403982710736334	0.00685931995987647	-0.183804003824679
1186	0.0474827360904143	0.0213671111156106	-0.181404973066826
1187	0.0548563890019559	0.0107711098092745	-0.208274569619931
1188	0.0674514483883654	0.00850799948083684	-0.203002254496026
1189	0.0798305237070869	0.015515971028034	-0.194260166850158
1190	0.0838565545345233	0.00340744870170066	-0.199442488480524
1191	0.08641326849961	0.00640362093016438	-0.195382976673291
1192	0.0763709156304646	0.014960697843651	-0.192995065616315
1193	0.0587431664131428	0.0113997740087625	-0.196048604270417
1194	0.0480671109383114	0.0210708332666923	-0.198599449355255
1195	0.0482364045328132	0.037649332034113	-0.203416544218042
1196	0.0622253350234425	0.0478573684765202	-0.205382096346683
1197	0.0695734011845382	0.0435670909574179	-0.222840220472153
1198	0.0547809342258424	0.0385929700888584	-0.232637434791722
1199	0.070018664838593	0.0185653943915691	-0.241879388465557
1200	0.0794793743321711	0.0269584318572672	-0.238209104590895
1201	0.0814992344022425	0.0276591413946856	-0.226192021013442
1202	0.0806332844844368	0.0117886082533524	-0.218597906458515
1203	0.0712556384155616	0.0150927458077619	-0.205337000095831
1204	0.0763899454969821	0.0348480259503493	-0.204203102251228
1205	0.0755622910920328	0.0345065016028754	-0.193258768630653
1206	0.0832405068821946	0.016199940042884	-0.18172882454565
1207	0.0859121751218315	0.0238974049285282	-0.172709712154677
1208	0.102033611578664	0.0341109340572145	-0.178433433069943
1209	0.112248160042681	0.0282554341175942	-0.193313310739412
1210	0.118277154221399	0.0148674108459114	-0.181567652787049
1211	0.118442029028977	0.0140081422659625	-0.183224352002731
1212	0.128727547010511	0.00827414190816569	-0.183966489613701
1213	0.142237494623312	0.00692286702866088	-0.175014472366339
1214	0.149379049289888	8.48990687310329e-05	-0.166829573850886
1215	0.136803099979824	-0.0203635886334424	-0.160306545987378
1216	0.142995624494952	-0.0143542867767817	-0.147142830030794
1217	0.142979910084279	-0.000449522597381821	-0.138295623300227
1218	0.109612745075375	-0.0138715238696466	-0.141570077504506
1219	0.113712582907762	-0.00280312896773075	-0.133739399947859
1220	0.11533196195363	0.0211028401530775	-0.134354763955801
1221	0.114774477959651	0.0211411118956152	-0.131176915235016
1222	0.134459448221775	0.026164661181846	-0.128505819531963
1223	0.136663150515669	0.020118735896027	-0.111957266794745
1224	0.116630373991557	0.0147594372221199	-0.110438662130904
1225	0.132483484119442	0.00920264810200183	-0.100573607747992
1226	0.134182420526316	-0.00822902172488642	-0.0982125250815823
1227	0.144636578357542	-0.0180786109132914	-0.109928308895817
1228	0.130229088315084	-0.0281444685283757	-0.119623724199277
1229	0.135774328136453	-0.0287313202577897	-0.137012358763106
1230	0.152209015838291	-0.0204241352497948	-0.139295866518699
1231	0.14743974212783	-0.00956149383009593	-0.120116110070676
1232	0.127348862662403	-0.004267353084409	-0.109420155512572
1233	0.13221491118821	0.011530917743932	-0.126207500896835
1234	0.120790206080824	0.0170853854719985	-0.10705012343561
1235	0.139789662095424	0.0210456017930983	-0.103660087379333
1236	0.13082491459946	0.00609088593418256	-0.0879879439024547
1237	0.151523185711459	0.0174886798298942	-0.0869940221759784
1238	0.154445347283852	0.0164483094092617	-0.0814949255984208
1239	0.141135715626714	0.00506490944439612	-0.0674700057753158
1240	0.138698328262593	0.0270917297358476	-0.0657898429840819
1241	0.131136014252656	-0.00366714353772974	-0.0920773490712002
1242	0.127803543486018	-0.0267467373047551	-0.0861776616404333
1243	0.122480124737792	-0.0465299487967194	-0.0980037385862995
1244	0.136645291129919	-0.0322475060016842	-0.106350695045087
1245	0.133969861162155	-0.031983233385984	-0.109387830588475
1246	0.116851098633137	-0.0381857254509487	-0.117302218576928
1247	0.128025440808537	-0.0393303529279767	-0.136658616617854
1248	0.133662512537139	-0.0185414780237299	-0.137015264306799
1249	0.116334092380065	-0.0205452546183498	-0.139538327987757
1250	0.0993985525896823	-0.0155256164229794	-0.133412437123737
1251	0.0863238432634355	-0.0328377289033218	-0.134212646014693
1252	0.0743643594140243	-0.0386446492447438	-0.142301092701676
1253	0.0656083587744334	-0.0323593236145209	-0.141413405800984
1254	0.0733361050534232	-0.0494930428201515	-0.152327586049063
1255	0.0784237667438115	-0.0603558495224731	-0.147362294684388
1256	0.0563591934726978	-0.0662217633012062	-0.143439279608262
1257	0.0506653411057986	-0.0612372096921005	-0.133656428711655
1258	0.0711587646904602	-0.0716761169479672	-0.128968236788969
1259	0.0706818695797851	-0.0737401094184132	-0.115832622369966
1260	0.0569783787816913	-0.0598539160755248	-0.102625395728854
1261	0.0579090183096554	-0.0532871883531289	-0.111337401564447
1262	0.0676881700377629	-0.0421386187573817	-0.113090081592902
1263	0.0807639417550445	-0.0371710281878778	-0.120687556543917
1264	0.0837351792771542	-0.036450655282468	-0.136216073365328
1265	0.0790043733126172	-0.0302200184903234	-0.149104742254057
1266	0.0651204610086101	-0.0350263066745933	-0.157882477532787
1267	0.0520297136824436	-0.048421616767326	-0.158834435838397
1268	0.040674259808851	-0.0390651583974857	-0.152701798947178
1269	0.0358886709267509	-0.0214105212839551	-0.148548818728185
1270	0.0371439425206403	-0.0106517380616321	-0.133581339516061
1271	0.0621277221330335	-0.0185146321932177	-0.136899768708426
1272	0.0683604405436942	-0.0125579954665121	-0.149981285181273
1273	0.078034047005533	-0.0188085030855418	-0.162022719137364
1274	0.0798520320241186	-0.0338140996229624	-0.161767105283539
1275	0.0993446110343488	-0.0404416493499974	-0.15765933377642
1276	0.0964756834172224	-0.0486118479194095	-0.145791354911518
1277	0.110349834210143	-0.042922471104466	-0.140907397500769
1278	0.105004070169865	-0.0369026141180618	-0.121604463522304
1279	0.107881790994172	-0.0207072711550224	-0.115633857444609
1280	0.114316425600029	-0.00578073712572793	-0.128868583729937
1281	0.121215262408286	-0.000615284419621859	-0.135779147269878
1282	0.122054795497362	0.00199256051554059	-0.132365973161109
1283	0.135551364263035	-0.00925445790590698	-0.112672184271247
1284	0.122801113020389	-0.0293245143857544	-0.13512422363111
1285	0.0935111459873883	-0.00846494596190509	-0.140321162726518
1286	0.0990241846429274	0.00471690943103916	-0.11208108220114
1287	0.107547886003374	-0.021417081299869	-0.111802750435918
1288	0.0915156307755055	-0.0277122135010981	-0.126374369100911
1289	0.0774427318185478	-0.0143867419755693	-0.110294993373458
1290	0.0912681234584562	-0.0225798302744791	-0.0919846687871115
1291	0.0871431665776432	-0.0222868716102859	-0.0945410004850478
1292	0.102806594550022	-0.0216909715824241	-0.0999661353553175
1293	0.099186469891864	-0.0049320850044551	-0.0969944805241386
1294	0.115426594496089	0.00141146864810967	-0.0964927958062535
1295	0.115178844325616	0.00875306198744874	-0.0808515376088008
1296	0.10149234617676	0.00389155782141133	-0.0732084020686297
1297	0.108857302722101	-0.00159143305982119	-0.0605909737920661
1298	0.121029598417794	-0.0113111356656867	-0.062133534880485
1299	0.104387691629876	-0.025268235976806	-0.0551297974372418
1300	0.104461987522785	-0.0390297745505077	-0.0583681590313422
1301	0.0949949640168797	-0.0431450668315267	-0.0537691067328827
1302	0.0797088601906381	-0.0502113455939927	-0.0566568998869602
1303	0.0782745285788282	-0.0677986918219914	-0.0560696094595149
1304	0.0806647726680499	-0.0748778893773683	-0.0394823417435194
1305	0.0760152040696087	-0.0603615352133598	-0.0342511282603592
1306	0.0604588373651408	-0.0676889694733713	-0.0328642240754174
1307	0.0463083974096408	-0.0626533263692933	-0.0405957760479757
1308	0.0503219413440719	-0.052979963573307	-0.0237777855590362
1309	0.0524071595843136	-0.0340318558518865	-0.0238636172450527
1310	0.0444441561831603	-0.0398854866962552	-0.0399908392909886
1311	0.0363353185752288	-0.0493284290668	-0.0438817024781955
1312	0.0331454869597746	-0.0621708139006597	-0.0321952157248789
1313	0.0215557391992465	-0.0542949865449204	-0.0364234579841194
1314	0.0169023268100702	-0.0696381796210177	-0.0270145569832059
1315	0.0153802776225794	-0.0859626569503928	-0.0334852312714948
1316	0.00282617097524083	-0.0898124102573841	-0.0451267103699076
1317	-0.00690743889666901	-0.0816045859196252	-0.0578121700255139
1318	-0.0148324895791119	-0.0648459905319555	-0.0549511407687959
1319	0.0261704959693039	-0.0906768010860845	-0.0753100248248861
1320	0.0126553678426706	-0.0838897054642572	-0.0804026446350801
1321	0.0252888800953051	-0.0693521018188773	-0.0694193923766628
1322	0.00899870884864877	-0.0655384385359069	-0.069937364714623
1323	0.000749506723580033	-0.066849857461131	-0.0858585875907907
1324	0.0123760134037953	-0.0734531129282837	-0.0976177875526734
1325	0.0193890772265126	-0.0832893703578091	-0.102245136170195
1326	-0.0110529847922266	-0.0911706287438251	-0.0996184407795509
1327	-0.000260788187823562	-0.102056564541896	-0.105159712103878
1328	0.01038026772891	-0.111863197907432	-0.0975767280940864
1329	0.0105599944776348	-0.117795573439723	-0.0824012672391065
1330	0.00247696092403404	-0.117478553180521	-0.0687684761038799
1331	0.00187609904092881	-0.112591206116332	-0.0579762382731238
1332	0.010389324712718	-0.115124281818733	-0.059202924508297
1333	0.030826051966987	-0.115551892231718	-0.0720368982949856
1334	0.0311334934654188	-0.108702461927786	-0.090982117350994
1335	0.0220408148198929	-0.106696046882263	-0.0932428355537081
1336	0.0168026676203448	-0.124325664372618	-0.10470655809737
1337	-1.60320595454667e-05	-0.117198461208527	-0.112280064215823
1338	-0.00593708892569477	-0.136893304964954	-0.106348246608486
1339	0.00603150422122509	-0.152632120252171	-0.100052010014838
1340	-0.00670620653824811	-0.152700239972039	-0.0899548207093315
1341	-0.011097335636018	-0.151397784557443	-0.0811149833050272
1342	-0.00327058553422205	-0.151893971309964	-0.0793638466890412
1343	0.0111818801925792	-0.157293434171819	-0.085025860560176
1344	0.00139041634525255	-0.155244296765025	-0.104509423773402
1345	0.0160331660309893	-0.154064967452478	-0.111640768132368
1346	0.0348537103272499	-0.140683835043273	-0.107701496903157
1347	0.0261422259028268	-0.130822093573736	-0.117818180150448
1348	0.00916275602092509	-0.115212852219224	-0.116604175715231
1349	0.00256271651708081	-0.10529999691052	-0.105027584873045
1350	0.0162579724180004	-0.10384305309768	-0.0932355388970945
1351	0.0136870110953677	-0.113191679943705	-0.0874163128779364
1352	0.0115957333854346	-0.128889799398318	-0.0915280905862035
1353	0.0121146498683862	-0.137108478094962	-0.107126425171238
1354	0.0194189487886468	-0.134225644969516	-0.12147599651439
1355	0.0317707631046739	-0.11966999532822	-0.122395573264985
1356	0.0456605996006889	-0.120320128344054	-0.128519319826831
1357	0.059908123619058	-0.125493604879387	-0.117216944784717
1358	0.0610389454532538	-0.123448238554098	-0.100840378676719
1359	0.0600889818517422	-0.13705793757937	-0.08601227041771
1360	0.0555565941954679	-0.15413430068781	-0.0912374543928493
1361	0.0521010891524195	-0.141747774177985	-0.0756192244969487
1362	0.0523930902195936	-0.121074277032608	-0.077740910253971
1363	0.0502840065413913	-0.103740945899434	-0.0720380770618215
1364	0.0382939578710123	-0.126572310304436	-0.0630437928639083
1365	0.0379802095281408	-0.109948356000556	-0.0552787461817066
1366	0.042003345101525	-0.09985201174924	-0.0360058340518657
1367	0.043561129171509	-0.122947108100969	-0.0354034064334234
1368	0.057816746211925	-0.116054576780608	-0.0246274014130815
1369	0.0687573148337852	-0.125401441355496	-0.0360836681127377
1370	0.0780834085833303	-0.109683375258677	-0.0401359734000334
1371	0.0637782344145171	-0.116518310922739	-0.0231974987601901
1372	0.0683401888900048	-0.120978170565954	-0.0121885858494872
1373	0.0677611126866744	-0.124926923028595	0.00104129444783924
1374	0.0621783014912105	-0.120223970326167	0.0125863774072694
1375	0.0516657129853892	-0.11725064015605	0.0205912472661588
1376	0.0418994803287937	-0.125215139292371	0.0134800620780551
1377	0.0331184771429283	-0.131079355998656	0.010334692336701
1378	0.0179645078142885	-0.123870715613554	0.00962444708427014
1379	0.0227915490519721	-0.0967496825613541	0.00766269988830124
1380	0.0143146241139375	-0.111344349580719	-0.0110945894359215
1381	0.0293622103912066	-0.111559737715724	-6.96526772764709e-05
1382	0.0460328503387988	-0.131624641026995	-0.00263962153444925
1383	0.0448187157395995	-0.133548345174054	0.0125916782542967
1384	0.0394678684084817	-0.124072592929721	0.0240955271987756
1385	0.0504488458203401	-0.122408012361412	0.0369863277106546
1386	0.0672072293240874	-0.122466136266014	0.0309490045429783
1387	0.0702043590781408	-0.109048706881284	0.0402996711422156
1388	0.0647684393220875	-0.0957241975355416	0.0324661133634074
1389	0.0754976838962821	-0.0939081523183778	0.0209344118394543
1390	0.0777167251687985	-0.0908931771350772	0.00667961696557428
1391	0.0744556394196562	-0.0931515445090356	0.00889182189398221
1392	0.0530766655966834	-0.0993188297851216	-0.00324920906550998
1393	0.0445764492578784	-0.121815021043387	0.00113898661228384
1394	0.066184141112272	-0.114597392804765	0.017137800581337
1395	0.0558864898840345	-0.128800444618084	0.0178703622972845
1396	0.0335898399043692	-0.12395887387467	0.019796132559226
1397	0.0383461907959441	-0.121907708350895	0.0390503609933118
1398	0.0524821623025869	-0.111493887585401	0.0475523985822412
1399	0.0445919709043894	-0.105123065938663	0.0466184074221532
1400	0.030396330067542	-0.0888708414679785	0.0391007333441253
1401	0.0248755165441043	-0.103897963341254	0.0298053040692546
1402	0.0210390002130525	-0.115133763151391	0.035985759398291
1403	0.00244730795883483	-0.114161521581781	0.0236691380353756
1404	0.00214543126216654	-0.129005846163492	0.0283380051274184
1405	0.0134000099387479	-0.144383648056188	0.0283062508634132
1406	0.00958495659208814	-0.151655576395701	0.0104630488920002
1407	0.000940008366386807	-0.138787542535211	9.16762665077401e-05
1408	0.0129687622645311	-0.148607185112249	-0.00796194434022578
1409	0.0314453777531146	-0.142690498694438	-0.0101678085962752
1410	0.0317913353635242	-0.125086105702646	-0.0153575641886219
1411	0.0317837979960427	-0.128229318456203	-0.0145328204604215
1412	0.0213793227202187	-0.132034492166075	-0.00810341457435823
1413	0.0240479482015618	-0.152758935679511	-0.0167574325477016
1414	0.024468346778519	-0.161380194311115	-0.00415231224243283
1415	0.0228621598004332	-0.162028757285906	0.0109207235483671
1416	0.0337738114869655	-0.16041341065423	0.0205130236024454
1417	0.0461346388289228	-0.173764127057523	0.00849573065725905
1418	0.0576100743686129	-0.169251484880158	0.00943257399329826
1419	0.0613509559210717	-0.151457270870093	0.0212045303383487
1420	0.0715918728407999	-0.145329827398347	0.0113083175018794
1421	0.0731887226708114	-0.141947013419726	0.011687560861052
1422	0.0545429947798394	-0.159321008968452	0.00285644289844875
1423	0.0524936217431341	-0.159414091276722	0.00888081208378729
1424	0.0490770726032237	-0.171348901079393	0.0312021357114916
1425	0.0545080328692275	-0.172017722631563	0.0337699092162419
1426	0.0573719165709692	-0.192571926581723	0.020455712883194
1427	0.0754300297153164	-0.1834964234317	0.0447076144563402
1428	0.083727186987576	-0.196524251515109	0.0238331103934943
1429	0.087074885275889	-0.192719680123704	-0.00137489142146189
1430	0.102162398130238	-0.179418001860198	0.0135743642926858
1431	0.109305628414294	-0.173136167402514	0.0156135047167821
1432	0.108933142840256	-0.165420823888214	0.00342268704112064
1433	0.0753053431853993	-0.161546705916056	-0.00106473691944271
1434	0.0715638969944363	-0.168483777189246	0.0127448495725513
1435	0.0593075865874026	-0.176742400510428	0.0148330974406374
1436	0.0660670224319158	-0.188667404317323	-0.00919969983206232
1437	0.0687439436001523	-0.200898145542235	-0.00162342968343904
1438	0.0746338462628642	-0.210334190622518	0.00783379155666033
1439	0.0889357679267445	-0.208458815258981	-0.0164322896860905
1441	0.112985660641115	-0.176055166464883	-0.0178419024566891
1442	0.119630408151774	-0.174637915167281	-0.0303292888931129
1443	0.121166758784652	-0.161990588878044	-0.0393768492431919
1444	0.1161991618364	-0.1482024025922	-0.0302420153429124
1445	0.12207482189986	-0.132929877919468	-0.0341385181600893
1446	0.124001422179869	-0.124924263148464	-0.0217588819447996
1447	0.130256881285056	-0.128942612471262	-0.00926580051057287
1448	0.147585954502029	-0.147841613850042	0.00637541216160378
1449	0.157883163819253	-0.15625021564729	-0.00094220344912312
1450	0.164813512676391	-0.156389387016917	-0.0141695086601815
1451	0.163362124032622	-0.161753933502347	-0.012832645666161
1452	0.155683966691373	-0.150896554841223	-0.00862338439165943
1453	0.170541614485999	-0.138566238683092	0.000622341240733879
1454	0.159055859881464	-0.133620451725278	-0.0204394525318916
1455	0.167998014862866	-0.123852281232172	-0.0172543536777663
1456	0.172551282315533	-0.108940442880815	-0.0182318887096909
1457	0.161367920046754	-0.114776957523904	-0.0384983147574016
1458	0.181741388481572	-0.11778996987444	-0.0380065875967593
1459	0.194290682596428	-0.118854581686445	-0.0306694034499355
1460	0.193885482453279	-0.136683265758454	-0.0481038864156383
1461	0.175584230044327	-0.147608920899995	-0.0357588156360289
1462	0.172115495305882	-0.144785152881476	-0.0244945899238062
1463	0.165157386178435	-0.142591440846441	-0.0105624687030561
1464	0.166497215810657	-0.156765365052915	-0.00508943528629024
1465	0.157914226557206	-0.169013149380136	-0.00594613398104447
1466	0.14272753078096	-0.166400943395528	-0.000925818230403053
1467	0.135195210598579	-0.156389790242315	-0.00702648310066125
1468	0.132978797431269	-0.173554745774166	-0.0236197669559345
1469	0.139225220297163	-0.176392240000723	-0.0343846392951645
1470	0.124916297343713	-0.152008850670364	-0.0391927850835989
1471	0.130767426582138	-0.151973439975706	-0.0266283599310976
1472	0.138633751163218	-0.136250190459895	-0.025624552893584
1473	0.132090471762568	-0.125950101230932	-0.0110026421099336
1474	0.123994511527833	-0.141293909750519	-0.0052756649768677
1475	0.130101236123241	-0.13931642789751	0.0126914562280415
1476	0.134545003991744	-0.155911733490355	0.0142477479733803
1477	0.155057754086753	-0.142000649029015	0.0209662570134803
1478	0.157992328540456	-0.157722675477476	0.0162568858249221
1479	0.159301005787793	-0.169510204820538	0.0154141023908732
1480	0.166934508060267	-0.173191346570985	-0.00217081882663025
1481	0.152973409483025	-0.155813326069892	-0.00266862266589146
1482	0.152800747218049	-0.15654578107339	-0.00265161592981533
1483	0.148092122279676	-0.143085358274611	0.022304696439235
1484	0.151284618109854	-0.12879862197712	-0.00489578357476527
1485	0.141407078605847	-0.125630503564578	0.00178724552975635
1486	0.128849844158719	-0.135143279495206	0.00353883871964379
1487	0.123801041832367	-0.144825018604513	-0.00210545760342
1488	0.136168257156837	-0.141458154567448	-0.0264976297448212
1489	0.118513871788352	-0.116877498012743	-0.0190667455984906
1491	0.119690904527577	-0.132170468780996	-0.0197817745645748
1492	0.109068364374715	-0.142655755541659	-0.0122321547021581
1493	0.104151975499872	-0.155465632629911	-0.0016009558341363
1494	0.122064804097424	-0.158254850052106	0.00177321360239326
1495	0.127906375597685	-0.175330932616722	-0.0044460663463752
1496	0.144547888086342	-0.177442116976979	-0.0136755833400692
1497	0.138567682364921	-0.177331559776624	-0.0276547848299361
1498	0.117595839793437	-0.189641605518152	-0.0297237996584663
1499	0.124320681609819	-0.181109696702887	-0.0461011020577333
1500	0.117542142710077	-0.167633578295205	-0.0543412467231051
1501	0.124382955713021	-0.16552174246155	-0.043359276382771
1502	0.149287599438578	-0.161091277401327	-0.0430173234147466
1503	0.143921756361626	-0.145734462177292	-0.034136063143334
1504	0.133629530840341	-0.142915623958862	-0.0156346920008812
1505	0.163644479848455	-0.144003020420024	-0.0149588923199001
1506	0.118750837458812	-0.160944446751796	-0.00015727707496159
1507	0.141048129680194	-0.163504852389896	0.00671128680187436
1508	0.152474376912156	-0.181295890103937	-0.00068204028737822
1509	0.153190145690344	-0.193005663907277	-0.0175350290197023
1510	0.131592663345644	-0.196435556206688	-0.00682689702111324
1511	0.16335865483164	-0.156520556007781	-0.00504363502639066
1512	0.163606172704967	-0.142681834261305	-0.0231655196560795
1513	0.169823057765268	-0.126258487374608	-0.0305615972913906
1514	0.164669814613294	-0.115029785830103	-0.0103921976110348
1515	0.170205057021397	-0.121716498931011	0.0018457619427103
1516	0.190475003552115	-0.131632071152162	-0.0141187745718429
1517	0.196033277143553	-0.111643369416677	-0.0106288123549402
1518	0.197109754899566	-0.116596273393903	0.013931940984614
1519	0.203281443540615	-0.140264440435725	0.0163914267338671
1520	0.216057631421096	-0.137279012215666	9.7532850170101e-05
1521	0.218527158775552	-0.141298364958077	0.00301272029984146
1522	0.21832593552233	-0.140538462993484	0.00296225183411151
1523	0.187273842949402	-0.148971074985091	0.00936184814871662
1524	0.190937920834265	-0.13111803371409	0.0126726945713208
1525	0.198317893915696	-0.141172577197303	-0.0188350014106569
1526	0.170336847578878	-0.137838102206903	-0.0155658672083422
1527	0.186637665976911	-0.0971262873104954	0.00612726083518067
1528	0.189901852417192	-0.105422046489921	-0.0122047954402516
1529	0.191362641249747	-0.122908286249972	-0.0396482397030155
1530	0.172633970252177	-0.110154626042682	-0.0243541722846538
1531	0.176177839406537	-0.135807526847176	-0.000412233585035074
1532	0.194757954446814	-0.140347204268847	0.00863026174182691
1533	0.185816665830922	-0.144691342005493	0.019524159965193
1534	0.173622537258089	-0.141384066702217	0.0358819197906866
1535	0.17686744478853	-0.157763489903088	0.0377207455444616
1536	0.17227554831341	-0.163478490796596	0.0255638212246776
1537	0.165304194329431	-0.174083982136185	0.0253366164315629
1538	0.153157604665053	-0.161727377340434	0.0125268284208936
1539	0.161988303245206	-0.170511282997876	0.00384268338403514
1540	0.179549500288169	-0.181380259259508	-0.00697006470398135
1541	0.168044622062024	-0.173020830316295	0.0144116647009343
1542	0.173189750408843	-0.158521932453559	0.0198639976965264
1543	0.169695154648289	-0.146431208661297	0.0327866625691781
1544	0.151060375014938	-0.142418783103091	0.0341905960802038
1545	0.142680147221677	-0.153406556388823	0.0352911523254146
1546	0.136136370505693	-0.165572675121972	0.0423629855082192
1547	0.13709645133336	-0.158515132737538	0.0588696904893026
1548	0.150225563354585	-0.16083524091041	0.0685741308320577
1549	0.148212026195501	-0.187487542469933	0.0626620731222406
1550	0.161677173214482	-0.188558580761551	0.0649382793204047
1551	0.158942819465917	-0.184402598882221	0.0625002698077353
1552	0.167223635271669	-0.171910191641074	0.0519226128441404
1553	0.161564873102001	-0.173352499173506	0.0387454062909593
1554	0.150964459846758	-0.184432635568646	0.0362718604557124
1555	0.140793762676691	-0.172893571068817	0.0306039682474613
1556	0.14543589392124	-0.158128982450104	0.0287092861456026
1557	0.134752155348868	-0.151266750471445	0.0337571875132166
1558	0.124510099995374	-0.157477980145673	0.0434463904351201
1559	0.126984561119661	-0.149058060543707	0.0579492204953275
1560	0.143254382549392	-0.133024261590889	0.0589816178391094
1561	0.137850564488937	-0.120280781026487	0.0571965466446008
1562	0.126346774512217	-0.134387766461251	0.0646193528221614
1563	0.133910762125716	-0.142653480558607	0.0811957536162766
1564	0.154958179373139	-0.137519881827873	0.0820686488773077
1565	0.162563066138495	-0.140832705081778	0.0653141175683266
1566	0.161957781804178	-0.163127620554125	0.0733127444617402
1567	0.176739223245478	-0.152328028697095	0.05887957321917
1568	0.161589518465033	-0.164349512858412	0.0447269239627373
1569	0.155534686202225	-0.165555727155493	0.0404410911443071
1570	0.142237122995341	-0.179548884647569	0.0472861577596933
1571	0.14372744816597	-0.173072207457939	0.0531437163885484
1572	0.136583958294408	-0.15561893646198	0.0478864768108751
1573	0.132399444968556	-0.13682691744005	0.0552350696417721
1574	0.149827937564546	-0.13894291992154	0.0658012391133901
1575	0.15987521602786	-0.147461724558002	0.0783556166687769
1576	0.137556177778568	-0.134114912452783	0.0777262731037237
1577	0.129557817078601	-0.132526348658088	0.0960021334600803
1578	0.133362948372631	-0.154321681814514	0.106150301845492
1579	0.129849389700295	-0.167240088058341	0.10162275131689
1580	0.110164700107755	-0.164939695647504	0.0925579464293758
1581	0.125281120951841	-0.154235725661493	0.0816455095907618
1582	0.135912956384528	-0.14452133487166	0.0912008608619508
1583	0.130258348324314	-0.131848311665925	0.0789760050341902
1584	0.140659902493044	-0.124201438380723	0.0770961443426896
1585	0.154197884146064	-0.13655176177925	0.0770253927140663
1586	0.158096097708446	-0.147324636371169	0.0631786671506786
1587	0.145422695235863	-0.134773360566527	0.0573620939444156
1588	0.159960945161104	-0.132131969115832	0.0440994810470351
1589	0.153908365594158	-0.14760369459996	0.0376956845086674
1590	0.143154492756548	-0.16241801381843	0.0378166322267307
1591	0.163985369770911	-0.122837767001795	0.0380735763351315
1592	0.156312752485144	-0.106178845284724	0.0254975015061369
1593	0.162771492827668	-0.089844581962304	0.0137977882303964
1594	0.176649313707598	-0.100739384085339	0.0234899594808921
1595	0.194917272187126	-0.10480856713333	0.0335883439086837
1596	0.193211179829525	-0.0817994455113693	0.0289005010870493
1597	0.193960723280834	-0.0754493762444229	0.0447523320626258
1598	0.194038315284838	-0.0874388942557257	0.0601976796993052
1599	0.180105602532254	-0.0830151903760863	0.0723084195542
1600	0.161890573383714	-0.0776920899173828	0.0665814898543602
1601	0.113127189224427	-0.121087357857246	0.0984153265943329
1602	0.111039728790334	-0.159469337531776	0.131238172140492
1603	0.0741243102673076	-0.159742231069352	0.0963715404352709
1604	0.0649196525237769	-0.123100858261742	0.126072823492336
