321	0.0050466622263624	-0.134749168698405	-0.205360620308107
322	0.00705078755500759	-0.111480222623726	-0.249719288883366
323	0.00341392546189392	-0.175937105171926	-0.235190846139581
324	-0.0276193108629345	-0.146652143061187	-0.261685748797287
325	-0.0448106442590309	-0.134887809833925	-0.215885109407874
341	-0.104567535054245	-0.124454039555982	-0.184371297796297
342	-0.146445947770123	-0.132635763080393	-0.181960091098573
343	-0.171058167040393	-0.115202943981066	-0.152302215372222
344	-0.130004154675459	-0.102159084000004	-0.148287763883479
351	-0.142085536192969	-0.0954552669779175	-0.152135487662721
352	-0.142435703523633	-0.0953742131236098	-0.151023843019967
353	-0.142747872166945	-0.0963096302150622	-0.151666987262076
354	-0.14310912142885	-0.09622856695066	-0.150554473563318
355	-0.142808848983151	-0.0952895135012621	-0.149917658391733
356	-0.198964017058127	-0.0626436638229538	-0.172836074847249
357	-0.199250532529108	-0.0624146465692661	-0.171718224721067
358	-0.199910830277474	-0.0631778788829752	-0.171114604281885
359	-0.199635823623402	-0.0634026757603377	-0.1722296455902
361	-0.208856306908747	-0.057679231401034	-0.173797883213179
362	-0.192404657533598	-0.0502585033676117	-0.180994155707311
363	-0.178456292325822	-0.0661275535630781	-0.179557651706424
364	-0.178905768882619	-0.0554899593277656	-0.162021526362753
365	-0.162473073016218	-0.056571032607796	-0.164267575392945
366	-0.165763837082497	-0.0762274505015982	-0.168695822291579
367	-0.157567401556478	-0.0796510665186632	-0.154535711444469
368	-0.161675007799353	-0.0747933955892079	-0.137230029286347
369	-0.172836224205388	-0.091341554107504	-0.137943919730178
370	-0.174168886671121	-0.0955643266514433	-0.145537343862726
481	-0.226844342670323	-0.00847185464087962	-0.0447192465739692
482	-0.224764968772289	-0.0064459330916183	-0.0475711398912135
483	-0.227414928661726	0.0385800990332644	-0.0451255311477303
484	-0.207284977457219	0.0223400716153744	-0.021072482259889
485	-0.262942804777025	0.0139468620872681	-0.053559308847143
486	-0.214505181162479	-0.0134270595882558	-0.00385415376410122
487	-0.254666076571901	0.00616210388687225	-0.0129147586534147
488	-0.250301192435452	0.00783324547500283	-0.0128615487393152
489	-0.253632069941473	0.00148163230479934	-0.0105334229579065
490	-0.250439559600672	0.0133758687082305	-0.0113035585174094
491	-0.249640965989209	0.0141731895519554	-0.00904673215388955
492	-0.221136222476458	-0.0251335268075671	-0.0249104725878469
493	-0.237278061621074	-0.0163956104878845	-0.0299765585332439
494	-0.235344491739118	-0.0150706655287743	-0.048988796430512
495	-0.237823012914883	-0.0107523668076418	-0.0564622210676581
496	-0.242914203283859	-0.0019649859454237	-0.0573706277109173
497	-0.23586506536436	0.0154341136636248	-0.0574395634873044
498	-0.200626249495884	0.0191323097860292	-0.0282418559316545
499	-0.208952951801617	0.0267115569374317	-0.0381871557223047
501	-0.218664036040133	0.035531065549378	-0.0252640045716624
502	-0.202408154185791	-0.0139742301264228	-0.0664357455813578
503	-0.179982929299619	0.00888484867214345	-0.0399061693443061
504	-0.189997438817396	0.0341252012011581	-0.0715500226746226
511	-0.174382023938609	0.0254146417809546	-0.0557056904843228
512	-0.164989762234764	0.00494419724675664	-0.0570570181405997
513	-0.180387087313433	0.00987200348596972	-0.0407456007367491
514	-0.166371504046507	-0.00868549222622895	-0.0376961705626811
515	-0.163145800392891	0.000239643458456031	-0.0173471320580045
516	-0.157808572339386	0.0222457917943671	-0.0119903844361113
517	-0.143777181317799	0.0076944684393662	-0.00821755606421147
518	-0.121658406835149	0.00189382805127645	-0.0201351175627282
519	-0.115733223495987	0.0245942527537702	-0.0264003683943764
520	-0.127563104218215	0.042212678585971	-0.0238724039582455
521	-0.1306096891828	0.00321853406653955	0.0055535582329862
522	-0.13307034853123	0.00674180117901395	0.0296639515140796
523	-0.145992530168984	0.000242921348921551	0.0268264480715003
524	-0.160351074674551	-0.0190754493536715	0.0284578570701959
525	-0.158798415199485	-0.0243085855722869	0.0349699855234313
526	-0.143585127621574	-0.0405824499255004	0.04279924290806
527	-0.132493802777321	-0.0565409706300303	0.0248737282918983
528	-0.118596305578045	-0.0496474761911042	0.0416290154918616
529	-0.0994922509630328	-0.0436665071212582	0.0297204569583333
530	-0.104160555800257	-0.0481886168985156	0.0225093078314144
531	-0.0981343395330104	-0.0478894094422523	0.0248149226588618
532	-0.112096186334855	-0.0374534577920205	0.0262542862903574
533	-0.119142486451236	-0.0324526606120743	0.0105980436377663
534	-0.123599230565366	-0.0472257709430225	-0.000725420147477878
535	-0.123128321286063	-0.0628257429215243	0.00242762741768218
536	-0.14261515877977	-0.0468219736733502	0.0226169983549497
537	-0.136228373007715	-0.0595136423588835	0.0279343165421833
538	-0.153815526392053	-0.0669830028619181	0.00298924287998252
539	-0.16149504086615	-0.0716845275910122	0.0162838856912111
540	-0.167468168431602	-0.0652439794231601	0.0304402347759466
541	-0.166157424127012	-0.049305218802988	0.00965936641480022
542	-0.164178553232839	-0.0585142784830172	-0.0078069035485215
543	-0.190856174629043	-0.0340101139314623	-0.00321927484843823
544	-0.180145363658421	-0.0418512743799096	-0.0209739192472135
545	-0.169382725857366	-0.0387032131427207	-0.0226912073371073
546	-0.168531863830488	-0.0215226117146401	-0.0125867701696558
547	-0.163926139536684	-0.0136305116191444	-0.0190919487418131
548	-0.157408849685017	-0.0151809421803785	-0.0357378434698801
549	-0.136591819145502	-0.0202404347976298	-0.0232577974984205
550	-0.135762937217458	-0.00317497112734448	-0.0120639167186703
551	-0.136745947001806	-0.00273253284228222	-0.0146121273881919
552	-0.149032868622555	-0.0125235813177335	-0.00608601387867913
553	-0.166019290258943	-0.0231120172501629	-0.0118513193653616
554	-0.168865315141921	-0.0230474286113866	-0.0318279125397264
555	-0.174490636823584	-0.011453055683656	-0.0487792740913269
556	-0.190829294911923	-0.00936160966929435	-0.0413077642091598
557	-0.191962823409193	0.00702747761664742	-0.0365873038934714
558	-0.181095847893927	0.0188328151229025	-0.0464639120289285
559	-0.178766530221237	0.032773640453997	-0.0321083547943023
560	-0.184649133880261	0.0319971214303821	-0.0148149924305832
561	-0.187401700257595	0.031348678061827	-0.0162255578746471
562	-0.18844408864949	0.0259684952960259	0.00119582918752652
563	-0.184998640738982	0.0243040640776238	0.0184750814430694
564	-0.159051600401959	0.0422670982698711	0.0144595058466196
565	-0.152416800076796	0.0279054080892354	0.00979284296015798
566	-0.147559019731406	0.00717018811211059	0.0169884130251263
567	-0.131960356089227	0.00766192876044086	0.00541516460152495
568	-0.135948080028728	0.0103915392290962	-0.0150481228168811
569	-0.144469135558067	-0.00561416130829369	-0.0212394838903986
570	-0.15254814781044	-0.0205069225860649	-0.0126081621342262
571	-0.160996691834939	0.0344647396722563	0.0448733651207048
572	-0.154068845582146	0.0355973038288924	0.0500134940784641
573	-0.136151659599915	0.0434618256107896	0.0643359846579484
574	-0.140421436424772	0.0334012793459524	0.0789594169292827
575	-0.156848655736427	0.0494504082215466	0.0880285225867488
576	-0.166572687672447	0.0722777320015686	0.0970699975761459
577	-0.184702285312356	0.0661124810673182	0.0831257719099761
578	-0.17914702677958	0.0790770039379521	0.0703219050601409
579	-0.175529245725236	0.0875077052230621	0.056337366946469
580	-0.159553535630992	0.0904758470476787	0.0459556937910623
581	-0.145801811994452	0.0765844097589103	0.0454743535797901
582	-0.150187010322476	0.0883425340051003	0.0566021031390294
583	-0.160972243220126	0.0765108666309629	0.0552506590882237
584	-0.171887067001614	0.0932984330158028	0.0598902284303657
585	-0.188079808458573	0.104603996300371	0.0580679737041982
586	-0.189171520042586	0.116297469148761	0.0469603656601929
587	-0.193664209466425	0.112447599724856	0.0316221980664205
588	-0.192990118141281	0.105786756839889	0.0165621743892559
589	-0.179131808766627	0.109496984499066	0.00806891586209817
590	-0.163595099466771	0.11316284452095	0.00384312996139254
591	-0.155975230274619	0.118563163177153	-0.00069853233928303
592	-0.162333414953098	0.121485588699999	0.0026171594187692
593	-0.189286222154976	0.118270717271452	0.0125155216768187
594	-0.194231498204615	0.11350191776817	0.00900315388492366
595	-0.20527115295571	0.0977967614470119	0.0131157428888809
596	-0.199497406305235	0.0804530049486154	0.00794694025907797
597	-0.183977690966928	0.066896296808644	0.00853316885713211
598	-0.168205693488173	0.0641288746168372	0.0178215707234143
599	-0.159806074862306	0.0743093063945086	0.0377200160560763
600	-0.16164273224472	0.0866210692933775	0.0495551661584769
601	-0.15433020831808	0.0941757070149333	0.0614311017116263
602	-0.162941586468713	0.107698701497252	0.0449664088068699
603	-0.176995892081751	0.107045903804014	0.0512233556186423
604	-0.188183699694578	0.0948636202384124	0.0587988017679916
605	-0.205562969662471	0.0896470691697841	0.0441404644016643
606	-0.200346122766504	0.0687033016602623	0.0527820915344425
607	-0.196426111576839	0.060415164091421	0.0299068625138322
608	-0.185599018236429	0.0485859801132773	0.0319621533553185
609	-0.178519805374838	0.0595100200073763	0.0104112222434719
610	-0.165526372137448	0.0537342221843417	0.0156145393752775
611	-0.156476860472465	0.0735202052503722	0.0543100910958763
612	-0.170147147722968	0.0858274416114316	0.0473021062974903
613	-0.182004299846347	0.101561155796214	0.0469110679481431
614	-0.186318406629111	0.0858637286311654	0.034065952290404
615	-0.203658751437452	0.0860524982851034	0.032130888948896
616	-0.210761147533691	0.0766691544318333	0.0437393657659229
617	-0.212649141569132	0.0595485217466614	0.0454189461091897
618	-0.207672235805875	0.0535875401201788	0.0636997139675815
619	-0.210515219280988	0.0667118368691903	0.0735791777901344
620	-0.206120147094711	0.071990282694789	0.0890961484850359
621	-0.207083631752132	0.0740609961341986	0.0632560283281453
622	-0.199716954143772	0.0655137252999272	0.0681930651699569
623	-0.187645570368234	0.0509212186288028	0.058318029236932
624	-0.172282883543786	0.057367185152923	0.0737716918083166
625	-0.165747320064273	0.0707313089130247	0.0778881063138155
626	-0.148159134662443	0.0741600720948515	0.0685408353044928
627	-0.151681186993226	0.0962812039581124	0.0676342237772121
628	-0.152796212522199	0.0987767858935816	0.0546225007067285
629	-0.156634590141608	0.0940735095178602	0.0353352905186111
630	-0.166282314080948	0.097970101944925	0.0271524593237653
631	-0.168344431601198	0.104602869090544	0.0369294432111976
632	-0.148579552704266	0.115731689073553	0.0329900768779565
633	-0.132359828612234	0.112967563214598	0.0175855034074626
634	-0.149662742034653	0.0987249903836481	0.0189982341859976
635	-0.142561878703253	0.08878873960006	0.0181571774491868
636	-0.124030098451913	0.0946519220336398	0.01215277689903
637	-0.124893838556375	0.075968586585338	0.0239509477663554
638	-0.113331393370351	0.0784476756301231	0.020894011016688
639	-0.110869235011949	0.0818718676359359	0.0412566577704203
640	-0.115509488027408	0.0811101206498459	0.0525504607650593
641	-0.129603525481036	0.0983318989080326	-0.00401453148986958
642	-0.126055036149328	0.090127132106886	-0.0128138291767855
643	-0.123453411321652	0.0831107676558145	-0.0259058180012621
644	-0.152586543486347	0.0888907472574576	-0.0328495652113799
645	-0.140210000393511	0.0846243062363193	-0.0471937605431612
646	-0.142085762361502	0.0997582845918645	-0.0638728436826319
647	-0.128522244378106	0.112889201267569	-0.0652671984970885
648	-0.147920481815196	0.131644601646813	-0.0525405095217513
649	-0.137185696802955	0.135483844923316	-0.0531672951892685
650	-0.122564942962967	0.142560065890528	-0.0454336016893314
651	-0.136355856320799	0.120281073926322	-0.0506561474240623
652	-0.1504217646444	0.120025964837999	-0.0375095245962537
653	-0.169383859634868	0.10960730606426	-0.0461996874313452
654	-0.164090252999073	0.111326646068709	-0.067700261137816
655	-0.171117653890904	0.0923889134747814	-0.0818389717780885
656	-0.174239698679037	0.0804861903744323	-0.0634271773065934
657	-0.163570525060835	0.0633338467466527	-0.0591967358034794
658	-0.147794208380948	0.0612929361225046	-0.0740519533684987
659	-0.132979989962924	0.0641381216734021	-0.0648314590392644
660	-0.133999990411632	0.063217004729402	-0.0445213574875763
661	-0.130490710908089	0.0597067276842964	-0.0465126127764378
662	-0.128197951432066	0.0803488173340585	-0.035322691955744
663	-0.1411074575771	0.0750713481944694	-0.0572413356102675
664	-0.158955812686937	0.0895850565942502	-0.0676128175380768
665	-0.16434281543511	0.0980676856521945	-0.042339260202225
666	-0.169243836546019	0.0953045869475665	-0.0265429326196665
667	-0.186738734024195	0.0820228211351898	-0.0358635432117205
668	-0.190661899083109	0.0786301810567568	-0.0339785628988994
669	-0.179817179910491	0.0675178114818804	-0.0125722587429178
670	-0.184574064601234	0.0503763301814133	-0.0309784347295268
671	-0.170501577192503	0.0659810444467047	-0.0475784719970826
672	-0.149707818502585	0.0662314727375716	-0.0504906117103614
673	-0.147566869126749	0.0646880684762359	-0.0666510596352317
674	-0.144824965834884	0.0744796492942097	-0.0799741564447211
675	-0.135217623313909	0.085931388238479	-0.0831453691694909
676	-0.141110510271345	0.102545351173135	-0.0828936395455351
677	-0.158384970848055	0.101584732172579	-0.0900920012860716
678	-0.168080563015189	0.113709985166672	-0.0818356523435985
679	-0.162893093031713	0.120794799828596	-0.0676356959372108
680	-0.162035141722367	0.123242572760432	-0.0535909899429624
681	-0.162124725793526	0.122744446362599	-0.0536085612782542
682	-0.152149720430037	0.114697554552521	-0.0517117022179191
683	-0.153064426442493	0.091440181834227	-0.066513810682046
684	-0.14254403426495	0.0952556142104322	-0.0706919300429008
685	-0.165651282317634	0.104606680735462	-0.0855833849985114
686	-0.140378042022126	0.105308402003931	-0.0972529990158472
687	-0.139007395741787	0.117898430354388	-0.100670322422901
688	-0.151604444326394	0.126243977403248	-0.112855618318012
689	-0.153414375751163	0.139419020444943	-0.111471279407549
690	-0.151441380345909	0.15288039962407	-0.0982957760335815
691	-0.15060184970413	0.136875344926851	-0.0511941034761049
692	-0.172397803124724	0.138612070751726	-0.0376181065999221
693	-0.160466881587638	0.117451217286975	-0.0384024283050272
694	-0.174474041404181	0.121255399261209	-0.0163508276671678
695	-0.155589039939425	0.105395027083579	-0.0187512929792276
696	-0.157258493874156	0.118602697974839	0.00213159861721418
697	-0.133875202604611	0.112028521277266	-0.00118164050863295
698	-0.136354272632564	0.134475938456754	0.00817990634218405
699	-0.133174098398907	0.134063484565198	0.00788617015450634
700	-0.132384363715175	0.158850260964482	-0.00192121423734891
701	-0.132926294353653	0.156780873713143	0.000101472300658792
702	-0.13702463844887	0.150800906028024	0.0223523005207913
703	-0.154443260835194	0.142500780379647	0.0302251040576448
704	-0.16357406521372	0.145036378401091	0.00875198634377391
705	-0.172725029690722	0.124688890214275	0.010421117425926
706	-0.166691790671799	0.111351395296821	0.00840188319342371
707	-0.156865102997359	0.104466859777949	-0.00765640042711693
708	-0.144834147894706	0.100369464205493	-0.0101400273912786
709	-0.126508499959672	0.0998886835220961	-0.000763940606483006
710	-0.125898024457155	0.0930828759708206	0.0168142774989521
711	-0.138307220491668	0.107382215240361	-0.00360198166515047
712	-0.149417173699019	0.0973087387315552	-0.0172657163824592
713	-0.142699916664546	0.101895374613068	-0.0401518343499916
714	-0.133094904014443	0.121818887875043	-0.0385455748307793
715	-0.138855066895766	0.133376266409595	-0.0236795956276378
716	-0.169281194129842	0.122310730857895	-0.0299279888742402
717	-0.166273087857614	0.127712302245382	-0.0502758472371275
718	-0.156654705896335	0.148630696473342	-0.0491768232236429
719	-0.160826687008422	0.159408716212571	-0.0282694669849371
720	-0.182459974812455	0.151691157462248	-0.0241759915687219
721	-0.166147045748739	0.142956652712854	-0.0340687278056638
722	-0.151485787505561	0.148567630568524	-0.0423279780185108
723	-0.149479329681826	0.127399141369772	-0.031365072068067
724	-0.135252705057197	0.128978273404697	-0.0377765954098016
725	-0.146218573939606	0.131197876550546	-0.053737249256077
726	-0.142837546170579	0.116196780395212	-0.059767665278013
727	-0.123684018446237	0.117814673860127	-0.0560136626237152
728	-0.114939447427475	0.114346497897619	-0.0574382195638974
729	-0.118741435851783	0.133145640814974	-0.0752257075360303
730	-0.117272658353146	0.112374122554545	-0.0790940294605877
731	-0.135116553758689	0.109809501913223	-0.0893481432277755
732	-0.119063691396014	0.0926570278530791	-0.0896532311465132
733	-0.103996967612844	0.0991578958742681	-0.0963353101292277
734	-0.105210339984117	0.123495139400609	-0.0911175191329923
735	-0.108879432300026	0.11869243013401	-0.0714074186440261
736	-0.094145581374924	0.107940686385893	-0.0665575619414912
737	-0.0792405419293807	0.118608116990307	-0.0703122846156486
738	-0.0860764191566603	0.139101901860526	-0.0595203169410556
739	-0.092754330963435	0.132182918111847	-0.0431184327997171
740	-0.0938958285583293	0.115190074883767	-0.0365701587148737
741	-0.086222765428694	0.121013621211495	-0.0425459991099059
742	-0.0783873175822861	0.111771243411535	-0.0516680373252119
743	-0.0621475822209939	0.116149536306314	-0.0651504329410962
744	-0.0649672957743576	0.133559096942938	-0.0658068132158395
745	-0.0747548705593529	0.144211502450658	-0.0717232076585184
746	-0.0729222719459532	0.145200492533125	-0.0936007686778115
747	-0.0890726999086068	0.158682453254958	-0.0890323390269052
748	-0.102473308736942	0.149435603823964	-0.0891772375622188
749	-0.109399035721575	0.130596352541136	-0.0961525987717988
750	-0.104817890014814	0.121005044885677	-0.107287189677916
751	-0.0844859931061672	0.148695743683831	-0.0969081758386615
752	-0.0989875032090589	0.146395502440357	-0.0747987369910309
753	-0.0923179191184764	0.170123053856747	-0.085246473117934
754	-0.0804851702170856	0.188467382982539	-0.0875016002709829
755	-0.0974314404200772	0.185880918472011	-0.0659965749231897
756	-0.0777615497266807	0.185690771939481	-0.0492840777859242
757	-0.0518433105471126	0.181864970167163	-0.0583119911616326
758	-0.0528708218602411	0.181714397161861	-0.0584998402883484
759	-0.0662614125332541	0.165415232491273	-0.0442046629067363
760	-0.0433679748804982	0.157301440781637	-0.0547652407486354
761	-0.0425910994585202	0.158259111247406	-0.0576056070303662
762	-0.0624145475504643	0.160996647803439	-0.0767677712604929
763	-0.0669392246626175	0.165755644573018	-0.0732690738749237
764	-0.0554848519983301	0.182244536615175	-0.0572309966770565
765	-0.083639475463952	0.182994413704485	-0.0634632614796333
766	-0.0968597458417037	0.180242442451877	-0.0370408371518352
767	-0.0792234507221077	0.160232873615033	-0.0194163960867896
768	-0.099163724737753	0.153144673713493	-0.0321989426711875
769	-0.0834503425219201	0.133984612500272	-0.0354811941514746
770	-0.102446812803436	0.132479267731911	-0.0542273844822435
771	-0.103526208532126	0.147050593573453	-0.0391808258443784
772	-0.0952864713231737	0.133300864395449	-0.02584626505691
773	-0.101577507097395	0.14297568192151	-0.00846435074896408
774	-0.0878446280577263	0.136363106165328	0.00274369958330944
775	-0.0709278885630471	0.140405145110085	-0.00813550932333651
776	-0.0735859485362916	0.159811947212165	0.00287208820444695
777	-0.0799356570705547	0.179238288933533	0.0117952039305623
778	-0.0843606878537953	0.184131288251738	-0.00707992167815913
779	-0.0633433753302086	0.185206449865666	-0.0128042589469553
780	-0.0692856188888972	0.189094680177593	-0.0320197147396573
781	-0.0813477950324031	0.175865717438492	-0.0110111900712352
782	-0.0923335218212688	0.167274431170169	-0.0133565504054586
783	-0.105457644652673	0.164272881866332	-0.00745001390981831
784	-0.110095041770423	0.169452854094441	0.00617346333739869
785	-0.121565789123491	0.160496396526144	0.0218729447323946
786	-0.11231044682756	0.167100947556283	0.0384811362914136
787	-0.0946027962797495	0.158669882493328	0.0441852556164007
788	-0.0807436101524841	0.163515575658542	0.045829292899962
789	-0.0729519076618492	0.142002456384297	0.0367596915222203
790	-0.0703535223209431	0.131094929085762	0.0267452126970502
791	-0.0721227539952208	0.135106962888882	0.0165972912774054
792	-0.0611666664907088	0.151063388152841	0.00968021628017797
793	-0.066527245903418	0.170255359978035	0.00365182339296381
794	-0.0877892026607773	0.174415563713023	0.00223855970953023
795	-0.103166863833366	0.163491519563499	-0.00175301472997538
796	-0.0743896541741905	0.171384344027786	-0.0335079408817063
797	-0.0921796495821862	0.168777779529377	-0.0385806574370542
798	-0.113833161861778	0.132639668055051	-0.0277846099273429
799	-0.094510761282148	0.131643281671586	-0.0365765148950862
800	-0.0760917611554866	0.13230497564886	-0.0430042641042275
801	-0.0668693381730945	0.144384071271928	-0.0477703394062542
802	-0.0594932496547017	0.156063208939527	-0.064154936041012
803	-0.0641879308632986	0.165048565561042	-0.0431919917231492
804	-0.0665463965136836	0.176391001509717	-0.0622098701517245
805	-0.0583871663600752	0.176943475888395	-0.0724042429890608
806	-0.0526655602741854	0.189472940862483	-0.0735828810140809
807	-0.0378925920286598	0.194965838259472	-0.0576897193089508
808	-0.0248766602538498	0.18929592730452	-0.0753181278522093
809	-0.0209669819224467	0.179532484521851	-0.0565781512501934
810	-0.0182428002348898	0.173061389710285	-0.0521266789755119
811	-0.020479986613864	0.170009579697299	-0.0507321586438487
812	-0.0283317190562206	0.185181978925176	-0.0365861584338136
813	-0.0512981279871225	0.156828895672585	-0.0463084048062124
814	-0.0600171161105051	0.169845554519277	-0.044112068533078
815	-0.0641966890800864	0.191238554374146	-0.0434555167321142
816	-0.054751165058874	0.204727291495441	-0.055470657690579
817	-0.0747778523133397	0.193502087652016	-0.0711109000490178
818	-0.0669114524526129	0.197122029493087	-0.0837788072661967
819	-0.0467955959413129	0.200728849939449	-0.0916493522046964
820	-0.0343066735620719	0.188445248107534	-0.0967031202152072
821	-0.0345836159777135	0.191244967517632	-0.100068494898203
822	-0.0223116425151134	0.191400407002072	-0.0837433336987187
823	-0.0191617302720476	0.190417249655635	-0.0666642914248418
824	-0.0391440621106209	0.195204583476083	-0.0649091503600768
825	-0.0514202562635589	0.181255289960101	-0.052806154814587
826	-0.049853916510488	0.161069072033428	-0.0488675020761253
827	-0.0654682931181864	0.1645152818535	-0.0621196097642245
828	-0.0594701388498902	0.145864385843988	-0.0650706277717757
829	-0.0577148484388215	0.137925387307895	-0.0832730448620458
830	-0.0405804527231286	0.132681371592236	-0.0751099268853548
831	-0.0437716073029332	0.130693537319297	-0.0725740468605606
832	-0.032872522927524	0.134132792148275	-0.0656434616501517
833	-0.0300104680443089	0.14811828279566	-0.0561502091421482
834	-0.0249500368589971	0.157026233602248	-0.0630877801276779
835	-0.0292640956250176	0.17681329243213	-0.0695377112546715
836	-0.00827188836786252	0.170090461729215	-0.0814599001319204
837	-0.013890959305797	0.169563833129942	-0.0911246057836663
838	-0.027254980115906	0.167262639612305	-0.107876334715623
839	-0.0255670152747183	0.156643414468275	-0.115377840536137
840	-0.00330887806966922	0.134062344949532	-0.108078618709134
841	0.001009789955284	0.154929902330068	-0.0978322263896548
842	0.00642833797073479	0.14685376366776	-0.0835068620592005
843	-0.000218828924417054	0.142038844140534	-0.0686325625968716
844	-0.0187725112069648	0.13900486640413	-0.0654762696182015
845	-0.00554914381636995	0.142774507663341	-0.0539885766074698
846	-0.0140799418382124	0.157264932749232	-0.0419507561594343
847	-0.0215464541629658	0.175259407015551	-0.040052482452676
848	-0.031883369601374	0.181987836323231	-0.0537252798491362
849	-0.0231958604657875	0.19540929132352	-0.0626711421247083
850	-0.00572154720039427	0.198268526895074	-0.0583368538421661
851	-0.00338299554931324	0.197636978704583	-0.0611837080104653
852	-0.0143553815999418	0.191697217861263	-0.0499561818015132
853	-0.0138109834366692	0.176010887342227	-0.0433781806770306
854	-0.00462329435647063	0.163687353879163	-0.0436987878884868
855	0.0123933591396701	0.163125549742144	-0.0421758192792832
856	-0.00105941071570187	0.169470046309597	-0.016108688710699
857	0.012775804378569	0.163207751492128	-0.0148222329402804
858	0.0279624983986462	0.177030505846446	-0.0206601525092168
859	0.020662625859152	0.189196913917807	-0.00812437514481622
860	0.0299245179495214	0.202890946679802	-0.0119578616608725
861	0.0376547165094356	0.217238134536432	-0.0114386868959067
862	0.0125336416994891	0.219255990093831	-0.00541046276256408
863	-0.00426966025031607	0.210410681306488	-0.0191887596530422
864	-0.000904006195506787	0.1965045469438	-0.0277866532910489
865	0.00201538558362293	0.182258146309976	-0.0417942490715517
866	0.0180409081275366	0.172384373945136	-0.0386445275968937
867	0.0244369474309474	0.164679197724785	-0.0231875086118701
868	0.0371005179713672	0.160529843572509	-0.00937890669476119
869	0.0198600999244774	0.16781360049017	0.0139448014334144
870	0.0149102236492706	0.166328949243553	0.0185179558037862
871	0.0174768288908513	0.164295559572181	0.0161445702219324
872	0.0239999990674829	0.175471747752725	0.003245261038548
873	0.0190358193929035	0.168763344014369	-0.0199157410821592
874	0.0134205717617542	0.146912915082198	-0.0153495830263566
875	0.030392090057566	0.140310070806961	-0.00128933981795132
876	0.0470708172790042	0.155267998407429	-0.0144969789545245
877	0.0465091615783807	0.144875038824539	-0.030709343157579
878	0.0439779824241425	0.126783970641959	-0.0306169031806609
879	0.056742191104457	0.120150699301746	-0.0122664317409289
880	0.0731347778457516	0.134841924028614	-0.00941221823564687
881	0.069922367732225	0.126623848062704	-0.0113435278139752
882	0.0597778863491834	0.116513479858633	0.0123065824043242
883	0.0409517125727244	0.111492725067934	0.00321087964332657
884	0.0503137650321674	0.104112700264272	-0.013149582528744
885	0.0380576314249847	0.0881671238405846	-0.00242770523103337
886	0.050407137939585	0.0781680027144243	0.0132152775079789
887	0.0563363573803643	0.0743936358529961	-0.00688315973530905
888	0.070409250880831	0.0726570334309878	-0.0186431881566971
889	0.0827906095744613	0.065682548964585	-0.00272828701920795
890	0.0877159952388546	0.071597703497614	0.0156750023084819
891	0.0876031193491959	0.0746157856881637	0.0186187038080479
892	0.062755728525911	0.0763079510547071	0.016847602244389
893	0.0748190927331709	0.0601778996049725	0.0024494352954875
894	0.0865178825532681	0.0627595411125436	-0.0207526123545839
895	0.0778008789398253	0.0577261501146637	-0.0203309955028352
896	0.0725509389926512	0.0679137710325749	-0.0224245323447206
897	0.0660786290211019	0.0718765896289404	-0.0352013616324658
898	0.0789318364263943	0.0779733001886918	-0.0376486644880549
899	0.0881763275402208	0.104204626374703	-0.0291456832872057
900	0.0659461757988738	0.113257993100088	-0.0195053338044882
901	0.0649542081778697	0.11793366276034	-0.00427012299871603
902	0.0550533396592965	0.103481022265091	-0.0127430025465446
903	0.0633733305267683	0.0829436073018348	-0.0121529148057709
904	0.0825120159376314	0.0762253461976278	-0.00685057779907156
905	0.10064154468463	0.0925793409715225	-0.00809489206218529
906	0.100708617549853	0.0777663640960041	-0.0293723628756442
907	0.107088615975461	0.0861219467741502	-0.0320647471374295
908	0.114607958699812	0.0989251055728303	-0.0292318671961162
909	0.10283980719652	0.114543855733082	-0.0463058031807129
910	0.0851024417014255	0.104261574460419	-0.0614038934464279
911	0.0780181766953499	0.10715549342741	-0.00350410778099822
912	0.0901857859423015	0.102073150608341	0.0131136205652934
913	0.0878809009637857	0.0948382139292903	0.0319874788601859
914	0.0661436876310224	0.088278182590255	0.027206694820592
915	0.0509643345361757	0.0975273117587257	0.0409692498943308
916	0.060329620391508	0.110751994238096	0.054310232538355
917	0.0424721386394282	0.115173302073793	0.0421450483987724
918	0.0444375205892078	0.132310761540757	0.0366647242070891
919	0.0627252967811248	0.136928963478983	0.0455944122116629
920	0.0627682053358891	0.150189100577529	0.0291089379192805
921	0.0547073672759737	0.148028724440426	0.0430385598000326
922	0.0339668376265677	0.137923447336204	0.0414883197506518
923	0.0419813716066028	0.124247902895718	0.0583599416582857
924	0.0265086977186867	0.114032330574634	0.0713035283225689
925	0.0285040956224077	0.133015500418034	0.0707050693822633
926	0.0109706203538124	0.13760757604466	0.0779093507616738
927	0.0226808618061686	0.141151789790328	0.0939379913727128
928	0.0447526071893413	0.142717996017599	0.0971100044882656
929	0.0368294390777738	0.165048042485585	0.0945121921570548
930	0.0223975170536931	0.171332143933251	0.0855141253617807
931	0.0195363646831963	0.176840449597742	0.102412915481913
932	0.0369656758104018	0.183680120631757	0.0972982047223911
933	0.0349573918443619	0.195668369692263	0.0680192261197994
934	0.0147469940187196	0.191738635357447	0.0674276965226203
935	0.00849045154616893	0.174502186565541	0.061924117103631
936	0.023514515533913	0.168618220249328	0.0454945840377289
937	0.0160298901646698	0.150796162458982	0.0468296336426289
938	0.0169177541574533	0.138560660153464	0.0617232293917844
939	0.0355910169907813	0.136286535109914	0.063955516442191
940	0.0544209574947243	0.140379877866092	0.0631619587989126
941	0.0418553289092092	0.149958675103778	0.04720404563797
942	0.0537636559766231	0.153161213502934	0.0288593328812852
943	0.0418701738918126	0.171076567072431	0.0421724692620609
944	0.0267360686269662	0.190066874292644	0.0360798933786261
945	0.0337179863526431	0.187464338379576	0.0120923752538004
946	0.0130984962365811	0.179301152110683	0.0156651827299872
947	-0.0040784416242897	0.172134480379373	0.0152581470922941
948	0.0107353586822192	0.156167918765772	0.00341839177253184
949	-0.0036769474337826	0.152435960026757	0.0173989969955187
950	0.0057620612356829	0.131911351919484	0.0107249110032755
951	0.00359895807543962	0.122769868196489	0.0143554203372693
952	-0.00532355759992579	0.139537108328882	0.0223554088876282
953	0.0012153935376751	0.156751827371073	0.0313536518685023
954	0.0198005110873313	0.148415995868469	0.0243624466968879
955	0.0265231062666362	0.166859562164676	0.0204430268766206
956	0.0222181098304909	0.178678972271723	0.00627564649242925
957	0.0368356681251534	0.169734690305323	-0.00603209051467519
958	0.0345410594290568	0.160663889696348	-0.0214935603282144
959	0.0150925863214626	0.161454408962809	-0.0305669378180964
960	0.00273026761203091	0.168180135611488	-0.0291547247492079
961	0.0120414768055596	0.166863093023747	-0.00263470668009555
962	0.0148833702956143	0.152682737044746	0.000701025077155908
963	0.0170468041125799	0.140308688937152	0.0100401607006394
964	0.0058760983370432	0.141248553628761	0.0296619774118459
965	0.0050621778169712	0.159683992716079	0.0304984593690902
966	0.0319684382369007	0.160892651127689	0.0346796256375479
967	0.0158827751531866	0.168554743424681	0.0578109277229335
968	0.0270211982299789	0.182665283336199	0.0602224104118604
969	0.0469749314222371	0.176563583399001	0.0580375084188841
970	0.0486845368963816	0.159070182240565	0.0576637816885233
971	0.0505731582598534	0.165904547656261	0.0545239805433844
972	0.0447453875261811	0.168768409850175	0.0724750577676995
973	0.0600606169118562	0.156500210614103	0.0841491112184622
974	0.0406399880205792	0.15548674856081	0.091564788409814
975	0.023313355472603	0.160525653740381	0.0859326094489703
976	0.0209901499046081	0.141943422289638	0.0955002753995299
977	0.0245752378014902	0.126214627546599	0.0871219317868229
978	0.0170937544994287	0.120762038565284	0.0702924960489085
979	0.00535924678393689	0.128012599024408	0.0583994428265923
980	0.0209272689666121	0.118388522376612	0.0484297223308149
981	0.0282420655717014	0.120319131264138	0.0648236367813947
982	0.0284764221891991	0.137738184749124	0.0690977426705399
983	0.0460509818477072	0.142894419753418	0.0755447990458658
984	0.0561433880180064	0.128756961104906	0.0773609213267867
985	0.0640432551002283	0.140440334499955	0.101688029715351
986	0.0672075219613097	0.123110737685774	0.105627141560467
987	0.0514941321054622	0.105801325844708	0.119309460477327
988	0.034150586672767	0.106832262057571	0.123937292775204
989	0.0228122018205169	0.110546612001971	0.125258417675997
990	0.0158742008793609	0.126522665263075	0.127379972710034
991	0.0288859131893107	0.128132651944107	0.106057477049905
992	0.0467047665311725	0.133906922687191	0.104981904733719
993	0.0496713752279592	0.148600621232448	0.0983351754207394
994	0.0694433751981266	0.140995755470631	0.0898645955431111
995	0.0629967510332226	0.132911132794641	0.0770084125908905
996	0.0667149578841059	0.139900973746107	0.0602916446705913
997	0.0505427295177214	0.139923012033162	0.051289287444387
998	0.0556337383631039	0.112688894807903	0.0529387209156886
999	0.0370338117280953	0.112886419646673	0.0491568385458828
1000	0.0259652036516788	0.121165867571356	0.0487363032157954
1001	0.0257924856659153	0.121180681169078	0.0524163912145114
1002	0.0490225576947888	0.131323749469751	0.0549566074394953
1003	0.0350844614959726	0.143897672683303	0.0647114794967582
1004	0.0465944110137095	0.149341112891229	0.0750740536129785
1005	0.0320041012048241	0.150215962603958	0.089496011780498
1006	0.0485947695404172	0.141737569909051	0.0996042768198737
1007	0.032726904197303	0.133204931748344	0.111776035797044
1008	0.0464208229615662	0.117053863997187	0.112643657855325
1009	0.0360110015642267	0.10557943523141	0.110061466065093
1010	0.0437140639589606	0.0949271572054887	0.101993293276367
1011	0.0519056631449342	0.0858638902222114	0.0941893570486203
1012	0.0411190890074198	0.0770290307835985	0.112592674982431
1013	0.0219342894517035	0.0902468233338655	0.11694776912244
1014	0.0202130308354878	0.105302339278536	0.10000817302098
1015	0.0187604131953773	0.110924273787993	0.123130710562237
1016	0.0384968131566348	0.121127216234939	0.131151004950048
1017	0.024325864774306	0.133210508310494	0.122830520922699
1018	0.0455342256834114	0.132625897290059	0.127774923438202
1019	0.048339043643814	0.13564993896395	0.116833975558005
1020	0.0586878768126371	0.131376784422203	0.128671843228076
1021	0.0581408886592079	0.128220644329393	0.125463696615029
1022	0.0694498450083791	0.115218719978721	0.124668577164157
1023	0.0751158654722889	0.11266325752942	0.10472715826905
1024	0.0614226263116004	0.122276761313876	0.095576809076886
1025	0.0585957672940316	0.105380232004513	0.101696523064886
1026	0.0540370661507637	0.0938003180087901	0.0874563039645982
1027	0.0409603436075296	0.106733910864448	0.0779712558284023
1028	0.0292311963403014	0.090253712405281	0.102620937563726
1029	0.0240334826678913	0.0864515341201435	0.12248727282018
1030	0.010550577654828	0.112235113012774	0.110427656120496
1031	0.0271437440871398	0.114812742441989	0.113697694733663
1032	0.0336386767435884	0.117560069037697	0.0987054219230853
1033	0.0456791963218917	0.135783926746579	0.0906192344401112
1034	0.0462382417851213	0.0790096303596346	0.095683047305488
1035	0.060204501483665	0.0942707704028617	0.0841439253483161
1036	0.0777302638828747	0.0895274700632236	0.092912998601759
1037	0.0872391133926543	0.0930251888926759	0.108428583331822
1038	0.0922180518933652	0.114319262512445	0.113937806029413
1039	0.0840941852769661	0.116975166301428	0.132452248646846
1040	0.0748650821536043	0.104361464082565	0.142462440463607
1041	0.0708098659649883	0.111306977305829	0.153453103363715
1042	0.0608871131921263	0.115266256691318	0.150002032062447
1043	0.0359670657193812	0.111432019907986	0.140342446507534
1044	0.0360262518096481	0.0895263214241422	0.137652393148121
1045	0.0547768280830032	0.0771529083160899	0.137611418463978
1046	0.070838886846022	0.0873141145100865	0.124210722714937
1047	0.0367778555755321	0.0918588984283597	0.101642440841923
1048	0.0483177538145675	0.0729117788791262	0.0976838979756333
1049	0.0747575700408463	0.101519441001656	0.0891711618922125
1050	0.0686398161340077	0.108674481675021	0.0887131023776894
1051	0.0528460586462458	0.10658918327976	0.0936892874695569
1052	0.0473489954968986	0.120647837018256	0.107227692811226
1053	0.0330655185782925	0.120776411753368	0.124179266257983
1054	0.0180540089359451	0.104404029867781	0.125566490736091
1055	0.0210613682275323	0.0887545198654445	0.10927806711682
1056	0.0252084394101285	0.0795526623501825	0.12548178980616
1057	0.033697800616864	0.0859887462424755	0.142426752892267
1058	0.0465166870972243	0.070543902114067	0.138710309479508
1059	0.0632978316563807	0.0677283346815479	0.128362543022519
1060	0.0724304349275972	0.0803104356294537	0.142420819764229
1061	0.0678825453243049	0.0861147087824311	0.11341552912228
1062	0.0547057809750506	0.0898225295782017	0.103670549830728
1063	0.0427686005529347	0.093115966372964	0.0918028908137567
1064	0.0363614833447534	0.104906181558129	0.08299401991355
1065	0.0505884584192808	0.0727518818443233	0.0708737023193026
1066	0.0509317801426972	0.0898648514567968	0.0580646421630784
1067	0.0592050337389424	0.11025491973734	0.0607304983174067
1068	0.0742698378552555	0.0950184175619573	0.0583190223412328
1069	0.0896363933611278	0.0988043733521482	0.0595955361377208
1070	0.0930887272879796	0.115639678161026	0.0688306698661295
1071	0.0899705857900046	0.10910847485813	0.0541715859253788
1072	0.108769416976274	0.104715765211773	0.0373305895333032
1073	0.102874277125624	0.114434162570849	0.0249813468245791
1074	0.0898800443808657	0.123420415397288	0.0178092922827381
1075	0.0897314226813041	0.114637048193098	0.00425251967403559
1076	0.0802870577637283	0.100546391480806	-0.0040979925649762
1077	0.0611199271014027	0.103328793440369	0.00242394215023701
1078	0.0583251390844669	0.0903205173930506	0.0140453681627889
1079	0.0638553370356277	0.0738981470503711	0.017557901935905
1080	0.072991318215473	0.0689589549937249	0.00988206010924744
1081	0.072252201530457	0.0676271979599728	0.0100224970214041
1082	0.0844719043933455	0.0516297303170325	0.0063330397850915
1083	0.0849928175823486	0.0316197323203253	0.00781831936717763
1084	0.0672438301452672	0.0198422345556181	0.0129373944361056
1085	0.0532994530149339	0.0352114335018112	0.0171493095903293
1086	0.0617905685079981	0.0180662437737658	0.0329843674240263
1087	0.0499747261866848	0.024634386501693	0.0479505121339537
1088	0.0510150211294506	0.0448073048246245	0.0525572385115595
1089	0.0680804535467663	0.0427598897589587	0.0633673202462261
1090	0.0878027662724181	0.0462576816028221	0.0632422899938002
1091	0.0823878051684842	0.0325227655572398	0.0590691143210953
1092	0.074067990422592	0.0109373374347754	0.0732894857311406
1093	0.0567501869292807	0.0063143433248083	0.0699239637860205
1094	0.0578775348139515	0.0168882213275555	0.0417043288482866
1095	0.0560208789429477	0.010594465192753	0.038416892081815
1096	0.057894814085515	-0.0171871692231458	0.0507696467703756
1097	0.0550069677265046	-0.0114845560128398	0.0307068111028212
1098	0.073166128409271	-0.00781043507204824	0.0181271220725988
1099	0.0857179371392918	-0.0074301884165002	0.0209787554561021
1100	0.0995292676242416	-0.0230616272735845	0.0429651983836334
1101	0.0989970903726123	-0.00663544231171677	0.0365824130493976
1102	0.0916430367251305	-0.00214276106833761	0.0238345653883824
1103	0.0842718850704263	0.0131657213040398	0.0110068857322157
1104	0.0778652719547597	0.021646763620231	0.0310123890044768
1105	0.0797712113574106	0.0338914627574064	0.0306309046114397
1106	0.0827410003819527	0.042650579089239	0.0113804712174049
1107	0.0976819929921496	0.0549601235552564	0.005483055583439
1108	0.107332867850107	0.047611486976058	0.0351793153319147
1109	0.129222982838267	0.0410465090946942	0.0350660087232187
1110	0.136491999591119	0.0322336169250335	0.0210605716839985
1111	0.152771780869593	0.0296411878643683	0.0419953381929381
1112	0.153745748169047	0.0411140574485258	0.0249244417942679
1113	0.152712683748955	0.0456290973400865	0.0129968164517788
1114	0.134050317020025	0.0588265014295085	0.0180552381275998
1115	0.119266165963272	0.0444557029084737	0.0174031796721979
1116	0.117998083435082	0.0406172298863866	0.00151043825208631
1117	0.121407688038984	0.0335489797407027	-0.0103086218968335
1118	0.102259117815195	0.0157574614858835	0.0100615085511702
1119	0.11003004589589	0.00456592822803007	0.00547355927557102
1120	0.126934538844546	-0.00167166417404279	-0.00252762950428049
1121	0.142166170438962	-0.00124199020760231	0.0136181148552742
1122	0.161777080897484	-0.010229113007319	-0.00567182735086907
1123	0.15755743270359	-0.0113603194105788	-0.0378142361061574
1124	0.1425005066149	0.0024773284448993	-0.0231105455019164
1125	0.161305178587123	0.00958934282729082	-0.0224852821262401
1126	0.1729253445965	0.0240689254596832	-0.0279908541282865
1127	0.149677964254178	0.0367478392294082	-0.0320520976567255
1128	0.144431466207735	0.0435422099622069	-0.0191590851058387
1129	0.165949976139329	0.049061111143958	-0.00685847739345981
1130	0.16817892221526	0.0470996208002817	0.00788152384711016
1131	0.173179091378271	0.022652664015713	-0.0295437779248283
1132	0.156921690961479	0.000915079478685796	-0.0331317889391685
1133	0.151225887081698	0.00652266246526104	-0.049003687423659
1134	0.151818017813233	0.0118295631126156	-0.0665841077872673
1135	0.166092444275585	0.0111793285622547	-0.0765798129573959
1136	0.172157715869778	-0.004209412699194	-0.0836812927701456
1137	0.190240486167562	0.000780910246627573	-0.0820289702429197
1138	0.20668011676931	0.00866125828488836	-0.0785436981441339
1139	0.211570906683846	-0.00247450572356915	-0.0652750831664236
1140	0.204394184473109	-0.0176400946556104	-0.0600281240501072
1141	0.195002506185846	-0.0141221739182533	-0.075681087236742
1142	0.203311288876776	-0.0181055079224218	-0.0961501586422499
1143	0.191507229971228	-0.0241257778945373	-0.11173046409977
1144	0.1778378986338	-0.0271258856865668	-0.0983665941013959
1145	0.16249508160388	-0.0244270764336333	-0.104806709360989
1146	0.16371390106857	-0.0268663480401092	-0.126311196663989
1147	0.159088238540813	-0.00515059386135746	-0.125886691030295
1148	0.149485147199658	0.00845220889110027	-0.111016108549016
1149	0.16264625726638	0.0265642371500546	-0.105045752365532
1150	0.181135435829389	0.0237130452378301	-0.120082112784112
1151	0.180907104148264	0.0205326131945268	-0.117262588849929
1152	0.187929441997909	0.0120501154279491	-0.0843715062843446
1153	0.167710648041895	0.0149617003805201	-0.0867500775024361
1154	0.1769500401721	0.00163084745719967	-0.083175821799577
1155	0.165779585815414	-0.00988386260001646	-0.095454971747585
1156	0.158962581369158	-0.0174539454086227	-0.0900808703384061
1157	0.130760780557399	-0.0158868426824101	-0.106720222517193
1158	0.153955380264424	-0.0218681144083331	-0.130291022082349
1159	0.15814665407261	-0.0466308229563827	-0.111126670509074
1160	0.175739492812378	-0.0436072919507017	-0.105413007253426
1161	0.176254614167979	-0.0401656725290424	-0.0928708298786113
1162	0.181112806120822	-0.0502363794294755	-0.0814370760250045
1163	0.1866712496695	-0.0614608376691613	-0.0643113030325304
1164	0.162716644776828	-0.0525084114889418	-0.0565487614138262
1165	0.150274283157715	-0.0285044874168472	-0.063735778226022
1166	0.157987325502442	-0.0218561919513808	-0.0446634542618868
1167	0.179995470369943	-0.0260787931585678	-0.033385677481709
1168	0.198124752173652	-0.0155671461791099	-0.0459199721204447
1169	0.201707585077599	-0.00521260719573162	-0.0654036742116866
1170	0.187162942042489	0.00627002401016327	-0.0721528152307774
1171	0.18862453333233	-0.0173426960348856	-0.0634731509873376
1172	0.171258860050738	-0.0273361728561189	-0.0526396794930782
1173	0.178233993201327	-0.0311194198119047	-0.0347002737427553
1174	0.172725129392018	-0.0461214224082956	-0.0620151375307851
1175	0.17230288680463	-0.0610411444364448	-0.0499798482254754
1176	0.192554160110694	-0.0576325880770935	-0.0430426067606117
1177	0.199100781112685	-0.06267235811674	-0.0665730724627228
1178	0.199048781833757	-0.0846080919568954	-0.0599127259788806
1179	0.215215726545458	-0.0751316019526837	-0.0471357877440183
1180	0.217850736615753	-0.0770024540896068	-0.0474492166797711
1181	0.205029920672965	-0.0781094856534051	-0.0558118170889745
1182	0.197966959653508	-0.0747658626446365	-0.0703439820007364
1183	0.192788533566336	-0.0871512748786889	-0.0787588535462496
1184	0.183480334795531	-0.0933101693604879	-0.0598042989175518
1185	0.170252345912095	-0.10063074473274	-0.0750895325540361
1186	0.165927585754359	-0.0936144124563472	-0.0793691379595164
1187	0.149445272280488	-0.0830130933840961	-0.0693001042805562
1188	0.162642034043266	-0.067028474572497	-0.0781984783415526
1189	0.142995593863596	-0.0631029281449503	-0.0860290777965798
1190	0.153833521209615	-0.0691610048936915	-0.103826269217264
1191	0.163246208632407	-0.0507871634068989	-0.101721395829093
1192	0.141932448331722	-0.0582816574923791	-0.0928552917579547
1193	0.137930413856212	-0.0610604168562389	-0.114623080414891
1194	0.136324657991364	-0.0786210342579649	-0.0975577931188033
1195	0.144262030807784	-0.0831258049162686	-0.117224575662733
1196	0.128377013573771	-0.0972395601838847	-0.100542287112328
1197	0.134550102829541	-0.0999603242156866	-0.121958742333987
1198	0.158135808550187	-0.104345008272342	-0.122611480892449
1199	0.168646541289327	-0.110436985449531	-0.102645118402576
1200	0.165946622526976	-0.11043646759843	-0.100067105847764
1201	0.16995832561263	-0.11810423679797	-0.0955046637518667
1202	0.162706986293657	-0.113466392346218	-0.0930268420458734
1203	0.149676690133591	-0.102513772222847	-0.091605176485167
1204	0.137338686905824	-0.0921467978603717	-0.094377418604468
1205	0.13725670340569	-0.0654399873105241	-0.103103166781598
1206	0.153130769385229	-0.0632526572609736	-0.113905722650182
1207	0.166607103262035	-0.0630735603798871	-0.120640184604861
1208	0.181136535932786	-0.0693551972677452	-0.12968992284904
1209	0.162275423728308	-0.0903772638876014	-0.149274777263272
1210	0.157807105696921	-0.0969743139256465	-0.151311353941432
1211	0.160065712239096	-0.0933543929999424	-0.145842643699655
1212	0.151316554940848	-0.0788365085280282	-0.133797201230572
1213	0.150378561344738	-0.0830595338525421	-0.113885202132475
1214	0.157261405189681	-0.101134279298844	-0.120255706583835
1215	0.169062733901754	-0.103444049531697	-0.106595532233924
1216	0.174495143921437	-0.0970577674928552	-0.0881363887272582
1217	0.188987186879954	-0.0867130110894311	-0.100916543867878
1218	0.195844596241209	-0.106754487971365	-0.101178073549416
1219	0.209087525000199	-0.096391342056443	-0.114080941223325
1220	0.210946548768073	-0.0752380867609207	-0.116771816914951
1221	0.213175632710935	-0.0777182382581535	-0.106093584726533
1222	0.211316800460684	-0.0844185036934553	-0.124449090235614
1223	0.195029608589769	-0.0959743181370942	-0.128545036960888
1224	0.182672265372866	-0.0974918786780244	-0.111891294275066
1225	0.167494733560972	-0.0909287157866846	-0.108284880739594
1226	0.168931039253095	-0.0720462892462494	-0.0929393116919662
1227	0.154557510838287	-0.0746650471659701	-0.110921570052427
1228	0.156051158344323	-0.0575421331747557	-0.11825131855366
1229	0.169422615811618	-0.0420501881373802	-0.1164367305931
1230	0.177547031583591	-0.0406796540119407	-0.1351052620645
1231	0.163436474131547	-0.0503302706159464	-0.13042951097361
1232	0.155302925981465	-0.060038776018227	-0.138661957739588
1233	0.145034765234262	-0.0712044179001274	-0.144429702269717
1234	0.137457603222805	-0.079695577150752	-0.147779716584696
1235	0.124713462023259	-0.0781835049136265	-0.120397801903768
1236	0.140306817977434	-0.10013497964832	-0.127246914055818
1237	0.139749995336106	-0.104125839047419	-0.116013526345675
1238	0.143482343230188	-0.0942576023595819	-0.0918868833885364
1239	0.156269888907186	-0.0939027835344356	-0.0923140438655036
1240	0.178662410584918	-0.102661689688721	-0.108247304586859
1241	0.15267217980013	-0.101920111638723	-0.115450686474642
1242	0.151159847930345	-0.103931214231511	-0.140979557709505
1243	0.131954630862868	-0.1187690853318	-0.143461334031594
1244	0.121356315129532	-0.121797519843062	-0.128415563107116
1245	0.119661719471407	-0.122727142377225	-0.103010860848449
1246	0.0992498094478232	-0.119847274367469	-0.114271056735904
1247	0.0958273554500413	-0.100423572864094	-0.127168600985403
1248	0.0976336436228122	-0.0887733913099204	-0.106895576054978
1249	0.102030609741474	-0.0795652036650145	-0.118455177263697
1250	0.108712135155568	-0.0655664404452204	-0.120926025992031
1251	0.113753067665171	-0.0662044813634649	-0.120056289144884
1252	0.128664932377045	-0.0755574296339791	-0.131542342217738
1253	0.114924099641753	-0.0906539218067742	-0.140729080243394
1254	0.101640485057757	-0.0933318902184295	-0.124226763213472
1255	0.0958212466506213	-0.0992528519251281	-0.102640821743893
1256	0.11167681346874	-0.111894486918896	-0.114371394017858
1257	0.112330181428459	-0.119206009027548	-0.0907549394031739
1258	0.138716281195052	-0.121746456246039	-0.0992296778452484
1259	0.13960101046969	-0.107185894541853	-0.0794112414873189
1260	0.156288557373751	-0.0995969096121667	-0.0941644523475398
1261	0.158816366070599	-0.113881164705718	-0.0964190713070461
1262	0.159238918524031	-0.106521444565978	-0.10796100983621
1263	0.159457004255927	-0.0930444116567639	-0.107639708457013
1264	0.162089861747171	-0.0779829768405729	-0.103736395024765
1265	0.16504228090742	-0.0693063794869042	-0.0943810124153781
1266	0.160616804107959	-0.0616187242688949	-0.0795179275514918
1267	0.148802409056728	-0.0677675859824611	-0.0687636856439077
1268	0.139002382400185	-0.0775682681578771	-0.0650718137922607
1269	0.132527101550654	-0.0883251110973302	-0.059237625752287
1270	0.111679919793277	-0.0809903536852345	-0.0903708989791548
1271	0.132684569891807	-0.0875916933900814	-0.0682053054122885
1272	0.142475392419741	-0.067415980438126	-0.0500348062426777
1273	0.129868528920081	-0.0843742483003595	-0.0361998734704129
1274	0.134856658506354	-0.0908072023979911	-0.0306399857268145
1275	0.1519201426738	-0.0918757095530358	-0.020772777886117
1276	0.156808586558263	-0.117904693916826	-0.0371935123651147
1277	0.16072175609509	-0.118288018326981	-0.0324445758804921
1278	0.183046496813918	-0.0975645906540542	-0.03326548253716
1279	0.186447812099107	-0.109241758161537	-0.0498825992990023
1280	0.18922240326178	-0.0796355182308511	-0.0553002408109033
1281	0.162191623188564	-0.0946658540484452	-0.0141080339021366
1282	0.138453612603674	-0.0838653543539697	-0.00476721985487826
1283	0.142123505991243	-0.10018975184098	-0.0126408504012415
1284	0.132033181305297	-0.116104689031782	-0.00656916133235374
1285	0.130535855654765	-0.119882472162009	0.0129524138243301
1286	0.123718641029981	-0.101800968001256	0.023648651550609
1287	0.135850352431703	-0.104638570742549	0.0372479168615118
1288	0.145909681775822	-0.127998988065519	0.0329148862460081
1289	0.156666818028841	-0.111147382413404	0.0424029467387154
1290	0.170031085453128	-0.0927960881429254	0.0399446296635276
1291	0.167716074522807	-0.093045145546701	0.0389258348820055
1292	0.146214462588937	-0.0871655377460497	0.045398283983615
1293	0.141026367317646	-0.109706418009017	0.0423028440879797
1294	0.142203614468283	-0.110755920326034	0.0222016655620252
1295	0.124215691209149	-0.0899018691431447	0.0200307312126434
1296	0.121951957749425	-0.0951744669627622	0.000304678469194462
1297	0.132898645334366	-0.111228799588604	-0.00978895177076636
1298	0.138241807040653	-0.0732987647051642	-0.00835879531293369
1299	0.156286193967786	-0.0696373901432528	-0.000186811784098094
1300	0.163817291968618	-0.0900399625773874	-0.019091528574801
1301	0.158894468681283	-0.0888934173824226	-0.0201640505227013
1302	0.149482647484391	-0.102849741763731	-0.0279882755177999
1303	0.13400684333955	-0.0993674066983164	-0.0407503524657247
1304	0.140867482521332	-0.0888339493505906	-0.0609771686886819
1305	0.138586568187637	-0.0731435462356165	-0.0649764062608501
1306	0.118927413008403	-0.0676621680050967	-0.0607043055545499
1307	0.121964084955273	-0.0530327895162883	-0.0459235716822986
1308	0.112371597376792	-0.0562474008827713	-0.031144390265495
1309	0.103328106647011	-0.0749894656362863	-0.0308571364901857
1310	0.101025624251677	-0.083994568782582	-0.0198079204867439
1311	0.102246236102137	-0.0824240791470359	-0.0353369111977762
1312	0.0903584487155309	-0.0840898480317228	-0.0471027153678515
1313	0.0910857857179827	-0.0762654606618428	-0.0622433633903786
1314	0.102500912573546	-0.0637038139502003	-0.0647701701172283
1315	0.109531300384207	-0.0767074709834328	-0.0749220502104593
1316	0.113774388786329	-0.0838683884293825	-0.0905013672607782
1317	0.125184099907814	-0.0970367448993716	-0.0912631754581774
1318	0.140891755314743	-0.090731823126728	-0.0810821436892753
1319	0.148431199594382	-0.0785291016985934	-0.0721714098829418
1320	0.145295521893479	-0.0693918122284638	-0.0866920847147074
1321	0.139010266993226	-0.0731791600944086	-0.0759063834057149
1322	0.118319055967452	-0.0705725003354126	-0.0875988088291145
1323	0.0940658715755338	-0.0724976968398427	-0.0869365577370546
1324	0.108375468511423	-0.0887110514153105	-0.0851949970139447
1325	0.0946492814042636	-0.0952436088105094	-0.0736546133004172
1326	0.0998415384731683	-0.111059504763186	-0.0635323747276271
1327	0.0868204324003286	-0.100255728755189	-0.0521441947265885
1328	0.101853889123642	-0.0966367116728262	-0.0412424340901035
1329	0.105988599625736	-0.0905737095650348	-0.0338159659446725
1330	0.107020412496827	-0.0698445225171457	-0.0323057772711416
1331	0.10615680867633	-0.0678398470703408	-0.0448620466899046
1332	0.0888647622493002	-0.0658563077537039	-0.0392193517255164
1333	0.0934157021018957	-0.0494946698135636	-0.0184721207683922
1334	0.0750332436224283	-0.0629763581792538	-0.00994817305218099
1335	0.0714881092618293	-0.0846867910672124	-0.0179778697035054
1336	0.0852555815231336	-0.0870779891366266	0.00298212168488812
1337	0.0928370939611506	-0.0778544185003808	0.0172465983874611
1338	0.0948843236717141	-0.103345030030642	0.0037868171910656
1339	0.114315191086404	-0.103660394934209	0.00163256284253996
1340	0.126143094179152	-0.0913198863531041	0.00295864897062771
1341	0.12592084832653	-0.0985788128033243	0.000415043241231119
1342	0.122644703551624	-0.0825414808055766	-0.00703118752821309
1343	0.111170299239209	-0.0721509215291507	-0.00592357662285247
1344	0.100433308059324	-0.0653822606121043	0.00738418848567416
1345	0.10473725867758	-0.0488594201264387	0.0132469056263489
1346	0.115411359677473	-0.0465959659515877	0.0272848137435539
1347	0.108278341684428	-0.0585530898051692	0.0379264451867558
1348	0.120021137125351	-0.067195895718654	0.0499084858565369
1349	0.137917012012561	-0.0635872999412196	0.0449475040305032
1350	0.15281431711688	-0.061661187095899	0.0360214567665286
1351	0.16912469601895	-0.0760661312065337	0.0481384017820624
1352	0.15897795334855	-0.0820859972946019	0.032353993077657
1353	0.144355095342764	-0.0747417966372172	0.0205136789804445
1354	0.13154907742469	-0.0702776080421355	0.0347949245902366
1355	0.133662959650771	-0.0525682308584528	0.0463321889841942
1356	0.121308637143097	-0.0442245973080993	0.0362748487362255
1357	0.126891550458454	-0.0392295277092259	0.01934883395544
1358	0.144062597933948	-0.0288107105604028	0.0254708126804703
1359	0.156830229996308	-0.0256261425749045	0.0256322991616108
1360	0.158551401185388	-0.0340165726021384	0.0146099179055498
1361	0.151905124877921	-0.0355997964191066	0.0359734816403579
1362	0.162968757713249	-0.0232901955098168	0.0559400748627652
1363	0.165651337109761	-0.0272491356906706	0.0678242753954154
1364	0.155200903089256	-0.0583114567492644	0.062288119496188
1365	0.148645842485885	-0.0348239786964609	0.0948923007661917
1366	0.138854766144831	-0.0230279116378946	0.0958226379177453
1367	0.120997154035035	-0.0546010086319155	0.0852808163160124
1368	0.115413980572847	-0.0520186873377999	0.0807224238174625
1369	0.108792727911737	-0.0235852836909478	0.0712373152199582
1370	0.107018066945408	-0.0207163181068668	0.0644398243043115
1371	0.107408197051331	-0.0217975993304426	0.0625670035166939
1372	0.113577186477064	-0.0260985418701363	0.0760189665606961
1373	0.115751940301916	-0.0356156231081896	0.0894208357104239
1374	0.107728628107077	-0.0441739218385774	0.0993531852488498
1375	0.0988619242983917	-0.0579364048995522	0.101262927077853
1376	0.121119120227962	-0.067450589487103	0.0827989764882568
1377	0.109568806637251	-0.0795046435262655	0.081969215840962
1378	0.102327582299057	-0.0842744690597689	0.0666596308611483
1379	0.109195923141631	-0.0796774665356726	0.0539675693664124
1380	0.0794766491391887	-0.0702098296810018	0.0532597440976767
1381	0.0768165008182092	-0.0736853296294253	0.0606416216805645
1382	0.087381486741869	-0.0889861230575549	0.0641221943306402
1383	0.0755070070908667	-0.102597751915437	0.0716117733272435
1384	0.0579553500681695	-0.095573438075719	0.0700722906758565
1385	0.0471777581482203	-0.0929734442011351	0.0847958631168468
1386	0.0552742542647276	-0.104950252754525	0.0994883880703724
1387	0.0532558545777696	-0.0919689314790707	0.11214526274275
1388	0.0536303946460702	-0.0729072422645825	0.10961877337308
1389	0.066615497804143	-0.0617231494385133	0.113855628311259
1390	0.0843058947556808	-0.0679405648854829	0.119173120140998
1391	0.0882939179223326	-0.0682903016422853	0.117333867045324
1392	0.0689392665585662	-0.0552941579839039	0.113510720183558
1393	0.0437045633226253	-0.0479084482776045	0.116936224626742
1394	0.0389588744891139	-0.0687165605477056	0.123880699475373
1395	0.0448025777176804	-0.0875923205684229	0.119120557757748
1396	0.0340272755005233	-0.0814691083658563	0.137835165788186
1397	0.0434927407059	-0.0706107068448427	0.153728379823588
1398	0.0557497567475981	-0.0886380882502097	0.155505586750402
1399	0.0617180821972477	-0.068803169920901	0.16401199996438
1400	0.0752376742672266	-0.0865259887842551	0.164249530853118
1401	0.0776485621133477	-0.084245910727531	0.161996294505719
1402	0.0773838055715476	-0.0818553874065708	0.138308556164785
1403	0.0564774543794237	-0.0713558412668907	0.137342438292311
1404	0.0602688264277274	-0.0638372515877925	0.154313923980832
1405	0.0554379679568932	-0.0426905748061513	0.146051070947941
1406	0.0657698635889498	-0.0378580945445674	0.161207726193126
1407	0.0713198388367414	-0.0282285933144789	0.154706354967619
1408	0.0774368018353404	-0.0248825646302258	0.140176432139456
1409	0.0934155780715276	-0.022377301128542	0.150829458299677
1410	0.0986329316937863	-0.0241492641030127	0.155432393153965
1411	0.0999647719000896	-0.0388720824129632	0.148571942989542
1412	0.0858581200796101	-0.0398515770374578	0.135040205579508
1413	0.0738383481758528	-0.0543000065106481	0.124826796337354
1414	0.0868192776099932	-0.0567256268512371	0.110428668964857
1415	0.10228186676375	-0.0647905538439764	0.113210340232834
1416	0.0854552364811747	-0.0781051463570982	0.116908542660234
1417	0.0939820790899032	-0.0938791834241761	0.120522844699671
1418	0.112477312353802	-0.0926192214546621	0.127652675100125
1419	0.109403041251838	-0.0963727754896902	0.144420031467614
1420	0.0930908703481898	-0.0992612303888506	0.151967253923761
1421	0.0965006325591264	-0.102264177669271	0.147457736477261
1422	0.109986938525072	-0.105089052977849	0.141808329792497
1423	0.12462973540004	-0.118322339164189	0.136589255134043
1424	0.11546120008351	-0.135831783732028	0.131213198850038
1425	0.104783478056975	-0.141227379396137	0.120786826628552
1426	0.0909479870135919	-0.132790844029052	0.1179475394689
1427	0.101682482092068	-0.131735380147881	0.107772312336572
1428	0.0914271803133808	-0.135197650235884	0.0972014185335466
1429	0.10461673891554	-0.128485900515418	0.0922436980445438
1430	0.0982914790327652	-0.110200967207142	0.0823200475108989
1431	0.0977937221152263	-0.109343535789039	0.0832383998246773
1432	0.0974892721833439	-0.111466751426971	0.0997784654978478
1433	0.0895824405712627	-0.127328732876062	0.124415065491269
1434	0.0687899235499057	-0.132324495664659	0.108612028394186
1435	0.0996216465803131	-0.145483712296633	0.111522277991303
1436	0.0875118596065265	-0.155642715633216	0.11237989208166
1437	0.0749787131210348	-0.158484247104952	0.105087451949869
1438	0.0790402770618756	-0.164256448120338	0.0840813753591816
1439	0.095405917615854	-0.167869080790739	0.0859110386761537
1441	0.0943212535682221	-0.174961236754276	0.0919430786302916
1442	0.0955292171579012	-0.15607698310782	0.0909788367715311
1443	0.0673908408185735	-0.158267785443686	0.0860380027172316
1444	0.0638721140693754	-0.150424188542147	0.0796677322439958
1445	0.059414656974195	-0.13699025043623	0.0646690005451403
1446	0.0588549595384999	-0.150259418150663	0.0524311237316096
1447	0.0574743240347513	-0.168224862006908	0.0490327735161346
1448	0.0741383685559282	-0.175017752903658	0.0364315137680994
1449	0.0933269971541279	-0.168759262208495	0.0387859698476992
1450	0.104461242095517	-0.154029179939867	0.0366703713258128
1451	0.131118932502697	-0.158317550561147	0.0714210099745014
1452	0.113059184912812	-0.168860108984825	0.0857110089086036
1453	0.0983741334331993	-0.167675770867022	0.0743925778409496
1454	0.094438428862986	-0.148571084321758	0.070245663311184
1455	0.0860856814406909	-0.159752188378651	0.059120542434956
1456	0.0789479419864288	-0.172409893232087	0.05696812800601
1457	0.0840570297462036	-0.167852903064092	0.0388830499034383
1458	0.0856491098524147	-0.176372094899604	0.0376882631998277
1459	0.103538918675773	-0.185902899699865	0.0313480633744585
1460	0.103025912652712	-0.200849273629298	0.0456425523144378
1461	0.110423999099528	-0.194717014946189	0.0588326301782698
1462	0.106751029145721	-0.1938631622112	0.0734593847519584
1463	0.120190412549731	-0.194964653297414	0.0779553903856181
1464	0.135112572990146	-0.187468852062372	0.0810101428014527
1465	0.123510816304381	-0.183297401241107	0.0952970344413664
1466	0.129987454165854	-0.168676477315531	0.0992479196896653
1467	0.136438897557105	-0.158750807904089	0.0860020276634995
1468	0.123442819517573	-0.144695302270831	0.0837644803507789
1469	0.125998397145926	-0.140447096974174	0.0683698631735903
1470	0.112500343552525	-0.140683130648544	0.0565757277877756
1471	0.114600790696948	-0.157201758931161	0.0837676791674739
1472	0.121076477065606	-0.178039436886789	0.0767258033323313
1473	0.136781235978424	-0.191502815937544	0.0872653019014689
1474	0.135936901732795	-0.174087398455727	0.103699612346499
1475	0.1405154334512	-0.190755299603576	0.118838143156968
1476	0.131126430223079	-0.182533473692563	0.133724573535589
1477	0.120388215662023	-0.166655363244943	0.131077882847455
1478	0.102826762515061	-0.185935581600768	0.130399108359459
1479	0.0853418673596775	-0.198656484628977	0.121735514758988
1480	0.0833789324183274	-0.177199222729381	0.124766306242118
1481	0.0878071619950742	-0.174798263423474	0.116447655699492
1482	0.0881060111663559	-0.19115465358462	0.11804160823991
1483	0.074358142274095	-0.195946918323476	0.124148796695832
1484	0.0897417098220984	-0.191885738194887	0.136294388910931
1485	0.0820166092028835	-0.180622209741757	0.140084069338645
1486	0.0676412387553109	-0.19291560267972	0.144463246398151
1487	0.0770404729056825	-0.199804497889179	0.156087401390659
1488	0.0778507359754339	-0.184252110524573	0.162467438411275
1489	0.0502283699563321	-0.15968649482796	0.146080661865023
1491	0.0413230909054073	-0.17592676942861	0.131216152428589
1492	0.040509856473931	-0.17281358511557	0.116064015263455
1493	0.0544387608262428	-0.191474315482996	0.102492311755702
1494	0.044029057531269	-0.207664202156246	0.114141196234907
1495	0.041970324547442	-0.222334903292265	0.117597505047526
1496	0.0337552390163264	-0.218147536950223	0.092351581417541
1497	0.0175817394920513	-0.219654102079885	0.0924090714927624
1498	0.00533121282327057	-0.217820657564248	0.112123814381985
1499	-0.00942382099218649	-0.2021847524741	0.106873828455278
1500	-0.00479396049803497	-0.191440655444956	0.0888247696944531
1501	0.00198966664477005	-0.178019815171219	0.0938876429182841
1502	-0.0257478401521403	-0.172042808927689	0.0864813010310707
1503	-0.0394491174357559	-0.193148145144008	0.0663563369210513
1504	-0.0195548663811396	-0.212950035922641	0.0656864864972891
1505	-0.00413393265450817	-0.200922463878009	0.0804325597388836
1506	-0.0276471202287573	-0.213664552031025	0.0612283055387086
1507	-0.0230319932376982	-0.227200410607	0.0899159971050309
1508	0.0003289497694918	-0.231781556124046	0.0615663647043728
1509	0.00106014744010702	-0.203658385517384	0.0484482897912604
1510	0.00642262950359067	-0.22342802247937	0.0805644983540825
1511	0.004379802446178	-0.223879042874888	0.0796472794222571
1512	0.00620848882113755	-0.221780701924979	0.0945192601692546
1513	-0.0235818778662575	-0.23142886126121	0.0801167444921914
1514	-0.0280794669759494	-0.217997416861393	0.0886282340748075
1515	-0.0233625413989631	-0.212278881747989	0.103714238912543
1516	-0.0216282087715746	-0.190458248146265	0.0811409159706628
1517	-0.0513080058128828	-0.20280110577245	0.0910988156783372
1518	-0.0503200441097976	-0.187626056486149	0.0848012912167544
1519	-0.0406267376792555	-0.176674598127737	0.0992787915744303
1520	-0.0321213220071481	-0.176617243489229	0.115855780011522
1521	-0.0331097458050187	-0.172751898779088	0.112123594387789
1522	-0.00496924251294558	-0.187147466242185	0.137653822283012
1523	-0.0192968934833302	-0.165381342528973	0.132353427511632
1524	-0.0208544703490077	-0.166167623728193	0.136181653388811
1525	-0.0149340302499579	-0.193486516415717	0.116066756490891
1526	-0.0496592226593687	-0.197278737817036	0.110447198944612
1527	-0.0579064497033258	-0.19511368698677	0.111333900969334
1528	-0.0355188867417325	-0.218948906997914	0.118912414368502
1529	-0.05669490561908	-0.210204735678812	0.138171629778654
1530	-0.05250309988482	-0.196078516817921	0.160677504023894
1531	-0.0511742902360463	-0.200134711364465	0.165909872294699
1532	-0.0527497419391043	-0.201105106797085	0.162069410740391
1533	-0.0304952162233749	-0.202058236815633	0.156200491553879
1534	-0.00955911848806865	-0.192200019201549	0.160562589433692
1535	-0.0526808275936472	-0.19118887090264	0.118578785975847
1536	-0.0318868496710068	-0.18419069461584	0.119645240632099
1537	-0.0189132965865619	-0.165877738088411	0.124735577360995
1538	-0.031078725880902	-0.148358867780037	0.138116500480847
1539	-0.0516515019181632	-0.143194550680229	0.149371276022691
1540	-0.0356020224229838	-0.141192803124471	0.159013541353479
1541	-0.0205083855458909	-0.160092534819224	0.152595157848386
1542	0.0040871342470457	-0.154168580096002	0.143369869755011
1543	0.00734601331779502	-0.160019112751152	0.147642700047606
1544	0.0276686142959413	-0.18365539567058	0.146784125178941
1545	0.0185443539153996	-0.189287494297635	0.155469712548435
1546	0.0226702684003268	-0.201541264007203	0.148406758003522
1547	-0.00624196845801933	-0.213920915279449	0.148000019760353
1548	-0.00123573812158599	-0.216390653106553	0.134385915278616
1549	-0.0193614596667957	-0.203571617896307	0.116142310005724
1550	-0.0113026123490857	-0.200133157893047	0.108359862176697
1551	-0.0140177150977181	-0.207647780776007	0.109189860645115
1552	-0.0124579983829611	-0.206566812266177	0.111967646492971
1553	-0.00806758931465651	-0.191738358260405	0.126398327713011
1554	0.0105816052466694	-0.180857265153773	0.11399781873883
1555	0.0161507745958652	-0.194485403033527	0.1263984939582
1556	0.0240971466463489	-0.209694946850219	0.130016825365951
1557	0.0294532974243204	-0.196631295861298	0.109072618003806
1558	0.0307363907414675	-0.214128425275525	0.0923423146574449
1559	0.0482705962152513	-0.208036372213962	0.104799134465371
1560	0.0421686402489118	-0.230869557615637	0.10286713697139
1561	0.0200238023564119	-0.231138024268946	0.0968611615253212
1562	0.0112458152461974	-0.218371591846345	0.106402483516381
1563	0.00298289613000834	-0.203893245407318	0.0998489033181458
1564	-0.0140250629208313	-0.197194339346932	0.103333583324734
1565	-0.00589662889244635	-0.199076270604473	0.0700459143518559
1566	-0.0219827063703761	-0.196906984598507	0.0755834498949239
1567	-0.0343602614157402	-0.211428947723295	0.0717417697291014
1568	-0.0264876755244538	-0.224189969848491	0.0618752236853041
1569	-0.0297833786281114	-0.244232720563389	0.0712786762506885
1570	-0.0347078578726024	-0.247251240556314	0.0834615887362132
1571	-0.042490004131598	-0.250498791899711	0.0877764590902757
1572	-0.0572880298844427	-0.243516192952485	0.0835817250281777
1573	-0.00317240952707456	-0.240000588729004	0.0841593756263468
1574	-0.0232597981169818	-0.221373131032765	0.0891363741160202
1575	-0.0340155509862467	-0.217054822222708	0.0808019108195026
1576	-0.0280958721839253	-0.238065592035208	0.0601472565685076
1577	-0.0098557324079336	-0.220006747434852	0.0550350492537452
1578	-0.0283693406119565	-0.201115317177378	0.0507963826084434
1579	-0.0407150894684656	-0.215071944708352	0.0369869679064439
1580	-0.0286175746399204	-0.234787732992348	0.0279649757853987
1581	-0.0354390379447293	-0.227019313174739	0.0176133741513397
1582	-0.0358638097412064	-0.215634035653069	0.0356375057840485
1583	-0.0237329387469135	-0.235751195885985	0.031828279378512
1584	-0.0393136842258887	-0.251220399832327	0.0245597498834267
1585	-0.0380033835731522	-0.252478207481993	0.0454405793112045
1586	-0.0426648626737431	-0.250196679205903	0.0655290660360439
1587	-0.0376170313347802	-0.271132537100727	0.059243222766077
1588	-0.0198434239750183	-0.26158500251483	0.0639943836767902
1589	-0.022857104544757	-0.262294292945065	0.0807905589909345
1590	-0.00659585844073413	-0.243556280979643	0.0730705382880209
1591	-0.0162473577936886	-0.252123422040794	0.0660892911046804
1592	-0.0119852958558879	-0.263634241969051	0.0671917800918069
1593	-0.0124080490845796	-0.263383423257264	0.047922668967004
1594	-0.0153454900802588	-0.267495356788732	0.03328381960941
1595	-0.0276562746579665	-0.274145482301916	0.0213886525691962
1596	-0.0279295273635684	-0.29243124259804	0.0291423588557029
1597	-0.0501671548789269	-0.280902024950054	0.0368385310335391
1598	-0.0665232265942362	-0.265100621963671	0.0446207268684018
1599	-0.0674899846762459	-0.278659689235254	0.0583413634089082
1600	-0.059804812677809	-0.294436302739914	0.0679302854901895
1601	-0.0734523747506667	-0.254116953565489	0.0632047475748208
1602	-0.0707036211507786	-0.212950110721714	0.0551919776197647
1603	-0.113662581078245	-0.222954864413663	0.0625886737236263
1604	-0.111042441026292	-0.239779287864254	0.0169973516793714
