321	-0.115233462670585	0.0845696905406587	0.243715827653681
322	-0.125098443438838	0.106171872993688	0.205542483270253
323	-0.139658463630535	0.0516087391146644	0.223818818819846
324	-0.116413873700069	0.065150382726241	0.187639406552861
325	-0.0825614978046824	0.0665040852456916	0.217390456036024
351	0.0299651299283216	0.0365620197856284	0.223593988008636
352	0.0299354212825328	0.0364642358803366	0.223671793699552
353	0.0299406147735232	0.0365034378945636	0.223800070592088
354	0.0298970573158673	0.0363756518865368	0.223845548107925
355	0.0298698643569263	0.0362816136095434	0.223750422047467
356	0.0889378912132231	0.0184673128052294	0.22598313511572
357	0.0888727840371468	0.0182642398869697	0.22593698603178
358	0.0888681919910504	0.0182297117758172	0.225799492793535
359	0.0889250759113437	0.0183969680431334	0.225658115174337
361	0.0765448989068805	0.0302333195261987	0.222836464273255
362	0.0591542793597594	0.0250845147598552	0.216577782696818
363	0.0424194781841754	0.0370788798197862	0.210884168707876
364	0.0543610276607541	0.0452042967267542	0.200384447010486
365	0.0642299291632067	0.0566394247773776	0.207613387163745
366	0.0522451718274143	0.0564219004435474	0.22563085204855
367	0.037208510267694	0.0674905195467679	0.214323258383274
368	0.0493974461990723	0.0794531251130714	0.212509029806177
369	0.0586771493646642	0.0812526554644465	0.2311411787279
370	0.0418640046116961	0.0744725534618698	0.241398161932499
481	0.083267114677805	0.154535396613074	0.133712006005193
482	0.0744491905593445	0.153069298026842	0.116940349937312
483	0.0721463696697178	0.149943608131031	0.106064403167321
484	0.0651668439990366	0.184086593678056	0.104062606461104
485	0.0783245848078565	0.190284755628602	0.135559137400181
486	0.11552944323014	0.145786435905815	0.109959487043165
487	0.105568770694697	0.178788230455305	0.120012387729332
488	0.105687357381987	0.172672432028115	0.110297098747312
489	0.102996465124712	0.182463674446803	0.105597188447414
490	0.10162641836226	0.176207538657516	0.101853002894086
491	0.101404797292357	0.176895990419609	0.100622206024455
492	0.0777271527879254	0.149416064377477	0.107720700809571
493	0.0722922450600491	0.16683580382438	0.116263762849442
494	0.0805935750313079	0.176823149006307	0.130791229538932
495	0.0828591232345139	0.171093932882502	0.131406988123272
496	0.085037162623387	0.153616379434795	0.141378673156312
497	0.0912181257535402	0.173508976268684	0.146458946089944
498	0.118733224249818	0.140995803630772	0.124042915221092
499	0.123882381685658	0.159469520464492	0.133467101151397
501	0.0985116631478801	0.160484093391438	0.133381984270005
502	0.0457562175202336	0.139312509370985	0.142680255863341
503	0.056338791517383	0.163381553807629	0.112895865175901
504	0.0563264491612389	0.182835579253743	0.146623533923416
511	0.0678919958457802	0.164770812107646	0.115869387844671
512	0.0833360854939514	0.168384755364266	0.110692668167169
513	0.0594246233760896	0.171229788261802	0.0916238009970321
514	0.0704109841311979	0.16674937575507	0.0828459024844192
515	0.0806543751851755	0.164058957805924	0.0723638837207165
516	0.0918273593150043	0.149047494239963	0.0761461155459028
517	0.0735460558638106	0.138563112433977	0.0666578259376819
518	0.0845382825394827	0.124952477677588	0.0772866104754709
519	0.0990367776649184	0.121434419820362	0.0899873235747546
520	0.0713640858232685	0.117031571940852	0.098830000171859
521	0.0899206238962137	0.140810591770667	0.0658147383973256
522	0.0965086936310906	0.158405647367832	0.0732635359341559
523	0.0825771388412343	0.156216060099838	0.059531107561684
524	0.0769657328805738	0.156450225036394	0.0405072320236128
525	0.0896108001204395	0.173709930831297	0.0308174353677877
526	0.110034746040568	0.182737389766883	0.0346014715120684
527	0.10695175887928	0.166568423523395	0.0208930177953311
528	0.11862906008848	0.15021852840807	0.022593468319383
529	0.133867390979559	0.157739334886058	0.0345400314162577
530	0.130516271042501	0.138969596295467	0.0325418124225197
531	0.135036669543846	0.136630916304186	0.0375887307514221
532	0.132150526671242	0.157146127941302	-0.00597622699955804
533	0.134025529847331	0.147076419100607	0.00640237145225625
534	0.118350565634187	0.140600882739883	0.0058623266905357
535	0.107217999862591	0.137821323782498	0.0145617785712949
536	0.0991337445288535	0.157283970890419	0.00935101894593039
537	0.096708170965675	0.165453422914281	0.021774273461334
538	0.10393626063365	0.169017308303705	0.0327621093974018
539	0.111523904837767	0.179849249930802	0.0280093757393283
540	0.124242144322948	0.184329523632767	0.0290004584910416
541	0.12763646704822	0.163636333406173	0.0221360606382416
542	0.110739400646238	0.151031658313019	0.0233362836106427
543	0.12835306688884	0.137586051180514	0.0273255694731809
544	0.132821045596373	0.128386511106353	0.0239083086076668
545	0.11693468465652	0.118041710310878	0.00930361559154516
546	0.113038125163184	0.118998827601243	0.00272967059011281
547	0.144529045544433	0.125967185945209	-0.00752241997708799
548	0.141866921783688	0.121429094277651	-0.0101161832386463
549	0.118714280519699	0.136632859451433	-0.0248538685777187
550	0.135225310170495	0.150690840116618	-0.0254065627383006
551	0.124983990421472	0.131676089693059	-0.00065371141329049
552	0.122276518497488	0.139883091898857	0.0112548710206504
553	0.118652878937288	0.144234931557095	0.0234510280740684
554	0.0996338568455015	0.12641545798219	0.0166429412808655
555	0.0996611229698512	0.12897640233351	0.0312387551973022
556	0.0978130762418934	0.102299647694146	0.0252402581145183
557	0.0964552619837226	0.103010199384888	0.0373373805396309
558	0.117882125197284	0.0873682685878356	0.0276697392761241
559	0.124166770430121	0.0921923840862357	0.0383550835370639
560	0.138151782107208	0.0982043757635345	0.0424721950713618
561	0.111780915010775	0.107968496768697	0.0417063139682906
562	0.109058978616301	0.116743498371575	0.0490771973962547
563	0.102106494263729	0.132884465680639	0.0517667267288765
564	0.0926223289441103	0.14079715558196	0.0412589702703229
565	0.0837670789838805	0.139435259531102	0.0272813109820327
566	0.0670325621799737	0.131170149188571	0.0524656874377186
567	0.0617453281395984	0.130131001820064	0.0417713153590529
568	0.0569590981773261	0.117503020388732	0.0289953404670043
569	0.0590996728569238	0.101181226574068	0.0335502584004425
570	0.0593652832059124	0.0953302764740722	0.0495254820598553
571	0.0660795487136986	0.115259633942143	0.0451703093719662
572	0.0838676349704169	0.122586337301447	0.06464986393369
573	0.0934147693787585	0.125151172399056	0.0350227528785717
574	0.102120536061117	0.129450642932778	0.0332624097359934
575	0.0838523605638292	0.150240349492373	0.054949348168186
576	0.0575681931683829	0.144253119228786	0.0429249729162578
577	0.0783949245622649	0.153167407186418	0.0197108400704068
578	0.0860093857567269	0.162675577041309	0.0224154134644492
579	0.0673196378606045	0.178005784278693	0.043337191100952
580	0.0607586094305473	0.174906173632046	0.0380999592941959
581	0.0837320702326963	0.166672392588335	0.0457884223292001
582	0.0955959494144221	0.160681872330622	0.0339839737714572
583	0.1070257321368	0.152457970674351	0.0302268532716121
584	0.106993352476828	0.140054034807918	0.0448853145781273
585	0.123350975146106	0.133216351925071	0.0484085283895978
586	0.118588703719332	0.131982850075942	0.0650246701918295
587	0.116534214045428	0.142720662245049	0.0780798429336358
588	0.120197927629277	0.159436626291945	0.0817403294548613
589	0.126575271644752	0.173892479630511	0.0742591406937028
590	0.132614886979318	0.181791102448757	0.0628508706387912
591	0.134419752280374	0.176427210288611	0.0663790008184113
592	0.122780254926417	0.167466063580642	0.0640877342930098
593	0.113792035775261	0.167546036124981	0.0782816196082389
594	0.110422523880167	0.154140067217819	0.0807813659569646
595	0.11216347101518	0.141139471516349	0.0746859378635839
596	0.122776472657782	0.129938425121561	0.0784016841472759
597	0.129857730142596	0.131193442683175	0.0900781264984571
598	0.148491713503688	0.131216007471984	0.088411164044683
599	0.156163860588729	0.141070327464359	0.0943462405706547
600	0.152811537449946	0.151533856776938	0.10819055703543
601	0.157413863852176	0.16187797289425	0.107676435393919
602	0.154238121707721	0.16224073448789	0.0882097458410661
603	0.158030279706997	0.153370182952283	0.0794959450351552
604	0.159652760141476	0.13524183241713	0.0741985813222643
605	0.163504599119396	0.122819252533104	0.088536296250026
606	0.147629430555105	0.116043468556774	0.0805760878568598
607	0.134796877817873	0.115554674017541	0.0938057333960161
608	0.127866738348097	0.117554265733672	0.104251427817743
609	0.120772940701934	0.125220166841527	0.111007862734653
610	0.111479879102564	0.13416652234772	0.0976007350965248
611	0.138579805109196	0.119456699352803	0.0947278311881254
612	0.151593041239678	0.123542848363429	0.0862430974632443
613	0.159738652253757	0.124211960321977	0.0749176341586927
614	0.151966978692085	0.102956855523505	0.0754202357616296
615	0.162343088112346	0.0950396194070036	0.0752253482893955
616	0.182112578470121	0.105982598285034	0.073336642340261
617	0.188524038251905	0.0951658330502598	0.0825923114127101
618	0.184316756543322	0.0892545189227849	0.0964874505438599
619	0.187859076886006	0.100252622574496	0.106198909039659
620	0.182370635944243	0.104401517429158	0.120035122239258
621	0.176394595838207	0.0979655977182295	0.106792249927434
622	0.166222065770811	0.0777884739580635	0.103714061514853
623	0.158150389651258	0.0784899662153533	0.0998517692405334
624	0.140054765609296	0.079344877344905	0.0920428771518157
625	0.1456602549763	0.0871020290968029	0.0752034374342809
626	0.145176296491684	0.0910357059603125	0.0675600666627106
627	0.164410562712416	0.102371252462606	0.0608250625764633
628	0.166770071756497	0.0831212505762477	0.054112996691221
629	0.18888911548256	0.0866659457686396	0.0615794986407067
630	0.184139145866052	0.0626453409525669	0.0619440419890089
631	0.181466554726104	0.0614408618879234	0.0597417179531841
632	0.168223831001659	0.0630855799117384	0.051247323208736
633	0.158086278757629	0.0711811991399878	0.0437447837283711
634	0.16162912979791	0.0868336912335626	0.0400405913861494
635	0.163774751520475	0.0961177147878394	0.0534677842253452
636	0.138620116889873	0.0894170234914284	0.0553811014576059
637	0.141611357515127	0.0963760612286566	0.0696237409779709
638	0.152638444859899	0.105616332637258	0.0788126023532006
639	0.154431401076181	0.0951115101680546	0.0908079927334192
640	0.145687688951712	0.0824569548134767	0.0930893392313377
641	0.137260375470891	0.0866910120162253	0.0919534777265094
642	0.137263221604699	0.0786345571480716	0.102459293452212
643	0.141726301754453	0.0651664082851489	0.106253085299385
644	0.154167147484293	0.0476197288533543	0.0888966768973247
645	0.155675323380386	0.0519274952461577	0.0876434838437607
646	0.165292112816737	0.056485733216704	0.065438354447112
647	0.178958022139012	0.0477387810521753	0.0836555704329331
648	0.186634140162223	0.0691498790154655	0.0771243692081112
649	0.191322111721797	0.0779272454252961	0.101605944666566
650	0.19184752152549	0.0865250430963034	0.0933021960487654
651	0.170287278908858	0.0583097761702155	0.110006560223129
652	0.183417387382905	0.0407611593657415	0.123908801574233
653	0.174418662171283	0.0292869113545995	0.108836134951088
654	0.170194112136705	0.0228622769243455	0.109363576057344
655	0.14897265091454	0.037544397011463	0.113987983720366
656	0.154673913633859	0.0183433214357903	0.131591441951176
657	0.140005935050884	0.0126679759203799	0.120034726197161
658	0.124261097647148	0.0225942145793128	0.125757517410655
659	0.131571852514917	0.0377895542561428	0.144117741526092
660	0.131550047517521	0.038430837783347	0.144966774626768
661	0.133982071185308	0.0377419979588982	0.141540986659987
662	0.130140931281829	0.0424229978033509	0.123355981982129
663	0.149823393211319	0.0365190118495945	0.122383904642436
664	0.166503337782515	0.0244923267767799	0.127290195760563
665	0.164908925706595	0.0257786650869935	0.110187090948198
666	0.157022824549775	0.0127831766591945	0.105483533000599
667	0.165051864306356	0.00101426319641849	0.11666889790839
668	0.148035711064445	-0.0105189186178185	0.114978416113404
669	0.12820535545561	-0.0111714418406229	0.112471286741477
670	0.129940568290498	-0.0133795193246018	0.130015887501558
671	0.132061578049336	0.00858640102912943	0.117726303913946
672	0.122503452422091	0.0112514405710129	0.104916551850137
673	0.114362844821281	0.0229244648065349	0.107371054116788
674	0.11424012406928	0.0379290787614968	0.112785264644582
675	0.113582875553438	0.0466774206059603	0.0986893679820966
676	0.128155701834726	0.0568743806133899	0.0961844341339557
677	0.132018400488739	0.0597360391400063	0.110154372550512
678	0.148965132705006	0.0581717765269163	0.11019685534856
679	0.153315678949912	0.0523586538203221	0.0933959236321732
680	0.165488328958361	0.0441769060406941	0.0965846192769799
681	0.143142611379211	0.0404931888078065	0.100251965814413
682	0.13966485223515	0.0240231526897404	0.110060294586711
683	0.129831675809704	0.0403895238547965	0.12817055338646
684	0.123489008881873	0.0227633670366814	0.125247366584472
685	0.104761457270925	0.021603341675058	0.118634227204417
686	0.0967217591258523	0.0414588149149399	0.117975180287529
687	0.0924367113085202	0.0321993825337468	0.100962250933573
688	0.0948757206830806	0.0554352545486445	0.097604485047964
689	0.096006209101371	0.0491375363311103	0.0829687345163306
690	0.107402265990483	0.0363715777999815	0.0714698385694203
691	0.102436796955696	0.0213643231104843	0.0958866013052748
692	0.0841082521152089	0.00548746491958157	0.0950765883911164
693	0.0986671895707041	-0.00153097763295975	0.0993255847443336
694	0.108353784369301	0.000333849007171212	0.106941343326802
695	0.104357824252053	-0.0154413025992829	0.118226006683955
696	0.107394590754866	-0.00742588559264893	0.133569299779084
697	0.107425720721896	-0.00120666853526516	0.143741417082579
698	0.0842104707617965	0.00381596322871302	0.144144662393238
699	0.0916018501670916	0.0154673339625586	0.146531322033157
700	0.0829491785120366	0.0265854274171169	0.145168644735071
701	0.0898496779869435	0.0350619241664109	0.154447869535318
702	0.079181382848329	0.0368723051807624	0.144187537581263
703	0.0656199366505431	0.0284052845993564	0.129662868623195
704	0.0841972500852146	0.023314699876533	0.120747793198733
705	0.0826174733805508	0.00917868625687703	0.120020470655607
706	0.0834078654061899	-0.00212536152853725	0.124357028678944
707	0.0703683435569415	-0.0104733800652065	0.130050646094758
708	0.0729468680331235	-0.0150745825397754	0.1460234568802
709	0.0786093481205044	-0.0166700498188856	0.156306106009917
710	0.0653512122891808	-0.0116297257110492	0.164798653345485
711	0.0683672198697475	0.00273638874506633	0.149315908514886
712	0.0853459490905202	0.0155781404150819	0.159509145900369
713	0.0705888608934433	0.035912435372603	0.158061253517037
714	0.0659038243259541	0.0296804876721552	0.137860549059752
715	0.0716541912374659	0.0256202805180789	0.131745929630902
716	0.0958004927078808	0.0373632744569686	0.143156369319193
717	0.0914400182086385	0.0473536453739199	0.13393556931392
718	0.0923561214453557	0.0432200521103624	0.116036290044683
719	0.100312953626711	0.0298331086831691	0.111764826968585
720	0.117290556916348	0.0269257703554677	0.126649406126962
721	0.117494488398215	0.0284029677358072	0.127776990954156
722	0.131996455101191	0.0378505934542691	0.116810328130186
723	0.12731950629102	0.0214341908908035	0.104437722109656
724	0.114246191956824	0.021675121068778	0.10148241674875
725	0.105156072137926	0.0198402004299193	0.096246349590751
726	0.11307754478224	0.0292282519572888	0.0779816561659264
727	0.0905826435541253	0.031792482069641	0.0794021234467201
728	0.088138652269123	0.0496498541513204	0.088916550643743
729	0.100440620030174	0.0649280574191176	0.0862666147885854
730	0.106004127130233	0.064310117039551	0.0760927807730303
731	0.11544892510901	0.0343508402755549	0.077540419915693
732	0.130618936338638	0.0241516970621573	0.0928688929890617
733	0.110714068885826	0.0135159806310746	0.0884886978634501
734	0.107962174570144	0.00996034943367005	0.0780748864056057
735	0.132020757181015	0.0091326372648759	0.0687055809689563
736	0.126511235438731	-0.000332783149988215	0.0673902804346688
737	0.116594936941585	-0.0108545217544245	0.0641085741545252
738	0.118758827314499	-0.0147159375609471	0.0516963357055038
739	0.140204105462166	-0.022390972875772	0.0617184999000081
740	0.119712460448386	-0.0323581663379074	0.0737642660826732
741	0.118411113044399	-0.0330303277411395	0.0702722428636525
742	0.118069630904914	-0.0319457211494278	0.0743486632266883
743	0.122011200907415	-0.0516200749062146	0.0688627502236453
744	0.122750390551791	-0.0621667370962482	0.0846441878926875
745	0.135376730235123	-0.06330062027919	0.0791390085963926
746	0.147922481987742	-0.0499840834458283	0.0848434164769956
747	0.152002206858487	-0.064743688174699	0.0692377017557462
748	0.154336999570136	-0.0657423889634475	0.0864253135037327
749	0.165327642113837	-0.0502365072545837	0.0818808165483989
750	0.172787032633585	-0.0472564322335763	0.0647354740030695
751	0.163143380053327	-0.055968577396657	0.0611372258208671
752	0.178355435047755	-0.07903522371859	0.0533395611412595
753	0.154664634313255	-0.0746005232784216	0.042764212724238
754	0.131591693012078	-0.0759089805151631	0.0489129922565517
755	0.155880071115529	-0.100062842762747	0.0480548104282998
756	0.132986094874178	-0.102223880232801	0.0562450749124541
757	0.122796709223575	-0.0871667008557416	0.0764414096894011
758	0.145066196047662	-0.105224103512075	0.0796973282164838
759	0.147763342224939	-0.103152324180613	0.0827685786898032
760	0.143493803850652	-0.0800559090357005	0.0959097273110508
761	0.141255368132526	-0.0846664979143157	0.0809031263992149
762	0.12287262381631	-0.0969595442649089	0.0709285227747894
763	0.11789447766386	-0.102074449219947	0.060901841847929
764	0.11498004033543	-0.111068370932046	0.049263867047444
765	0.130489075621105	-0.118643155997087	0.0420288556844597
766	0.161388229631172	-0.107520549319608	0.0371579066675036
767	0.163148173344436	-0.0893404408754571	0.0376762052995717
768	0.154234186394733	-0.077008448366807	0.0332931282033007
769	0.141012877163605	-0.0652483175171552	0.0361630514441445
770	0.130396824703872	-0.067489396335748	0.0274979505238164
771	0.12673482356697	-0.0734484144408574	0.0348938513066439
772	0.121476113594653	-0.0898584763475277	0.0278979823032111
773	0.123179758130329	-0.100289806045325	0.0320183976370888
774	0.131634704070986	-0.104324094488811	0.0474852573479506
775	0.13352921558456	-0.0942201060996506	0.0626837290686998
776	0.116217541088504	-0.107765453306492	0.061129307684939
777	0.0953223376122394	-0.104799961470051	0.060446252905664
778	0.104665681027504	-0.102440215413886	0.0745320596176175
779	0.095422355995559	-0.0848523724693016	0.0740092357929831
780	0.0846876719529756	-0.0805163536399188	0.0672641676219113
781	0.0860990252631706	-0.0704159815714714	0.0663053329953158
782	0.0744979006653582	-0.0807114481209814	0.0719097120290199
783	0.0787453329648628	-0.0921371249141791	0.08310219928771
784	0.0879892967059583	-0.105423609179093	0.0883956083886297
785	0.104591886813709	-0.102415625347099	0.0894260836162862
786	0.11256270322643	-0.115817144246962	0.0821381092105842
787	0.106713204139621	-0.121826009307009	0.0658995616211404
788	0.116535117865505	-0.113599360676969	0.0543911566530272
789	0.108182367131127	-0.110578353886933	0.0399625641966101
790	0.0931363310619989	-0.116390397341213	0.0366059834969144
791	0.0961086232052714	-0.105525772878259	0.0463343174002242
792	0.0909408994577954	-0.101960355240673	0.0493245894320022
793	0.0727748811916882	-0.083804050720485	0.0628276700025213
794	0.109296852677925	-0.0734713868992128	0.0583727612672313
795	0.107556543577309	-0.0723165524662902	0.0603118134655989
796	0.0881676970686441	-0.0667224894835794	0.0868169259643077
797	0.108123109162529	-0.0672695680975646	0.0938203923521324
798	0.136064257711011	-0.0880338029969338	0.0799636100244411
799	0.106327319085881	-0.099589952049465	0.101716702818771
800	0.111381806347546	-0.104517362741737	0.100329538714571
801	0.11041488618921	-0.0955165290851848	0.10592980564254
802	0.102538285610148	-0.0997205720679143	0.0902991361088786
803	0.119942420191179	-0.0920644934711015	0.0906885054416146
804	0.12912728312421	-0.0831065917513527	0.0774544022524817
805	0.116264465448773	-0.0862019087958474	0.0650401607681943
806	0.106464435378816	-0.0736389645579473	0.0563723024739383
807	0.109589587454826	-0.0562032765655124	0.0635216897165987
808	0.0911138499910331	-0.0540885398071937	0.0667955805244387
809	0.0864737292139293	-0.0514402602048572	0.0844858419673977
810	0.0986142619175152	-0.0453854458658138	0.0959076612220316
811	0.109411261275142	-0.0491104360565015	0.0897190601411835
812	0.10348613223058	-0.0469441073225614	0.0743200040861601
813	0.103639308509623	-0.0531642895120998	0.0594383953000592
814	0.125290102315303	-0.0701952221844777	0.0672076589884573
815	0.130524182164867	-0.0704447282261355	0.0727511956667946
816	0.132437844453422	-0.0459138420121665	0.049805649691127
817	0.14822611863772	-0.0543719277293233	0.0483404460633975
818	0.158061322536642	-0.0559061509626229	0.0640940701551048
819	0.157592197073484	-0.0408675720789516	0.0735157571969979
820	0.152334166465149	-0.0233374736073728	0.0671525582895561
821	0.149207027040795	-0.0208520667143576	0.0694262115351257
822	0.138730339287557	-0.0388294425295925	0.0604155858847951
823	0.141845386383416	-0.0539205226878559	0.0543549701871241
824	0.159080805594048	-0.0556124515879429	0.0683179045312026
825	0.170730801932273	-0.0568968364350725	0.059368438679055
826	0.168852323353237	-0.0607090243247766	0.0438370123568669
827	0.17104367474787	-0.0511299477271579	0.0328712646350405
828	0.189315603671841	-0.0417148107215902	0.0437940095707833
829	0.180374499619558	-0.0273751481064094	0.0293280384228902
830	0.167769221244135	-0.0247088690973053	0.0195090348799908
831	0.169585558324489	-0.0352775739884917	0.0276317453365091
832	0.160773678348435	-0.048370375312928	0.0239051170316193
833	0.148449754829801	-0.0486220308052641	0.0429076598743969
834	0.158717261286333	-0.043885221697773	0.0537812502603941
835	0.161329254608904	-0.0459539549891548	0.0702642530471124
836	0.174263634751176	-0.0569085744871224	0.0732371008411984
837	0.186257077281547	-0.0563212534445275	0.0661700787313461
838	0.197998790372203	-0.0666508176222727	0.0577100018250808
839	0.193679225594842	-0.0785243188084857	0.0463943248801944
840	0.18113630409901	-0.0895515970220382	0.0431346874784695
841	0.184658845663695	-0.0925752961624215	0.0394091455509319
842	0.192785889733379	-0.0744624390441886	0.0372549516052883
843	0.180608342684669	-0.06248062993633	0.0460507669857194
844	0.180163706183967	-0.0591504205235076	0.0432670477304628
845	0.160915220024324	-0.0635157922916198	0.0483213899006843
846	0.147554014417514	-0.050474337497465	0.0414543396558606
847	0.155657580821565	-0.0426567509079964	0.0239544059554486
848	0.159064756592494	-0.0573167136195111	0.0090709543473258
849	0.148586788892954	-0.073099506590441	0.0140754883660126
850	0.148932804516147	-0.074556418743096	0.0104011888011167
851	0.145507611163052	-0.0562874392195206	0.0150239042271913
852	0.148404770971071	-0.0682270824581243	0.031562272081723
853	0.139607508068978	-0.0788772597477308	0.0334505461599865
854	0.123907301184919	-0.0778971530662456	0.0194302573861497
855	0.122256855605624	-0.0902103957741333	0.0130585436180013
856	0.13486894235411	-0.104638260706713	0.0204153926745805
857	0.141203174411198	-0.111993978684555	0.0147612131241115
858	0.141439348387582	-0.107326201775243	-0.00688372125484473
859	0.153679882191917	-0.103792752948735	-0.0101041945303036
860	0.167185722871899	-0.0993641332647844	-0.00883292849976756
861	0.151960549783417	-0.0889794782966102	-0.00364789607735326
862	0.144095188528316	-0.0784472717433011	0.000378143567743557
863	0.133508234617812	-0.0767920650675946	0.0109323341511585
864	0.119810358704335	-0.0779522038282748	0.014263873161961
865	0.106576325230479	-0.0799241069177072	0.00468401481812798
866	0.103239649040577	-0.0981349289446018	0.00270302613422826
867	0.10219177890088	-0.111019645226701	0.0107795922583175
868	0.107790736988448	-0.125061020600595	0.00901512725480498
869	0.113200986443024	-0.128831682454278	-0.00279111331191414
870	0.119238930522481	-0.129568078097924	-0.0130985009904761
871	0.116169361886786	-0.126096886734099	-0.0130555258746968
872	0.103839442922616	-0.124715456199656	0.000251371517102379
873	0.0876289878809419	-0.126847057750171	-0.00434515148768031
874	0.0842541303580694	-0.121663374446729	-0.0210273190578035
875	0.0775892999544904	-0.112243780247216	-0.00933435949102995
876	0.0803844730606646	-0.0964221125300062	-0.00356308433457005
877	0.0726522262841745	-0.0942325872614392	-0.0186987460641122
878	0.0820676222819449	-0.0853951104378078	-0.0315236708372129
879	0.0964149738871563	-0.0774441458657017	-0.0270907857394971
880	0.10002845363852	-0.073182927958244	-0.0110192374955305
881	0.0904047548876557	-0.0914776530797605	-0.00492623852709254
882	0.0665313774860947	-0.0826295593991798	-0.00432722335078581
883	0.0478340208824587	-0.0907314816015507	0.00931999432739038
884	0.0736111205459705	-0.0939198304655608	0.0207768307980868
885	0.0629160639837705	-0.099163184587462	0.0248481845895642
886	0.0564553711580326	-0.114952556395234	0.0245127833457612
887	0.0648666013660152	-0.122738547195831	0.0188108452856071
888	0.061594160700981	-0.133495787646837	0.00864111694681938
889	0.061243372254694	-0.133960975930435	-0.00551435743457585
890	0.0574799584418432	-0.132611327392909	-0.0169534321596417
891	0.0567222762428559	-0.129856700870948	-0.0140673568284181
892	0.079677322742584	-0.131487372072029	0.010967797794603
893	0.0798291333418923	-0.129076190520033	-0.00266594639289858
894	0.0842461912366853	-0.115671305583769	-0.011051288011621
895	0.0923230724692549	-0.0963125592726378	0.0120710974157742
896	0.0830936443148636	-0.0865383371414918	-0.0181982756464924
897	0.0673870602283147	-0.0856035731298886	0.0260688793061126
898	0.0670810036030263	-0.077355574494385	0.0106141571302581
899	0.0408459816805274	-0.0906902410413372	0.00790907888178172
900	0.0416589396508066	-0.0938921387313711	0.0197706655991577
901	0.0568561761784299	-0.0938491230548582	-0.0264565277929914
902	0.0592115169983966	-0.102515169210594	-0.0345385317793621
903	0.0638000660916107	-0.113376702860815	-0.043530288997723
904	0.06917083830377	-0.115833810879668	-0.05362152700862
905	0.0832185444087919	-0.0929218090474404	-0.0496022127600636
906	0.0771410325396436	-0.0867706851642253	-0.055233899262784
907	0.0636653427894708	-0.101021372269319	-0.0744043308998288
908	0.0735936922348203	-0.0978705909062734	-0.0757680083966603
909	0.0690991326622301	-0.0709212649748951	-0.071042016580764
910	0.0430458981238559	-0.0766706114900014	-0.0734411556075717
911	0.0362290688779156	-0.0726662994845661	-0.0740643077073351
912	0.0459852732941526	-0.0801695964671264	-0.068963215994371
913	0.0481367537287322	-0.0876812891141596	-0.0581483162500848
914	0.0588231800454768	-0.0942088793508064	-0.0520022670974389
915	0.0710021355479012	-0.0938897425451194	-0.0611055553382599
916	0.0838035723496426	-0.0925350728078729	-0.0692153866268252
917	0.0807566155291204	-0.093537217796083	-0.0831729553147173
918	0.0722608523023152	-0.104130990584235	-0.0876696438043799
919	0.0659892109160674	-0.114117841692001	-0.0825581044570953
920	0.0513325038065298	-0.111598101418006	-0.10180573835366
921	0.0611669943739281	-0.10475621450007	-0.0863978702588865
922	0.0650655397986492	-0.0786863203894693	-0.0778566319972389
923	0.0706264003213995	-0.0825541201889612	-0.076766949772218
924	0.0627335459039303	-0.0927606134562915	-0.0565727686169975
925	0.086124377433886	-0.102743071711288	-0.0732968663800812
926	0.0905758671594604	-0.0824150755113258	-0.0579920396741242
927	0.0863137375296753	-0.105966658431971	-0.0485031289467965
928	0.0863962373632526	-0.110015434744097	-0.0436301794835304
929	0.106877312660022	-0.094288719385867	-0.0448188739249826
930	0.0822426167340923	-0.0866613705954896	-0.0307889085874553
931	0.0908250458171603	-0.0894140775254333	-0.0328739933862999
932	0.0887423049326652	-0.089715495298159	-0.049937886535099
933	0.101086280163697	-0.0962041857229183	-0.0613974354501993
934	0.11759399467342	-0.100784213078036	-0.0541298521607187
935	0.122030843488973	-0.0914843559355235	-0.0393175430644735
936	0.115612626837959	-0.0712998172628208	-0.0658535813046368
937	0.133067999335867	-0.0714634462947341	-0.0634501486821647
938	0.138345406753839	-0.0643805080718736	-0.0430697466637416
939	0.126172855181431	-0.0538646102329047	-0.0378327001268224
940	0.114241152395479	-0.0430338664406674	-0.0534696094011631
941	0.126538996711916	-0.0482995205429552	-0.050030106643442
942	0.123726081133958	-0.0515813692677481	-0.0319072839697902
943	0.131686710560671	-0.0493166477366165	-0.023195598032639
944	0.15823931620698	-0.0429812873099672	-0.0431574876167129
945	0.158280990193882	-0.0490768618258892	-0.0264012777329798
946	0.165017673454589	-0.0644280567713478	-0.0271407115465079
947	0.168132164833375	-0.0738332460757387	-0.0367806721568667
948	0.154130804747149	-0.084245335396096	-0.038172862560852
949	0.148090318604816	-0.0848805095967138	-0.0502009290157735
950	0.133366661428824	-0.0941130438737015	-0.0248009884726079
951	0.145601138318287	-0.0971026506943492	-0.0243923451817521
952	0.144822165451953	-0.0904663953886298	-0.0409122781972753
953	0.160453163793815	-0.0845709089410638	-0.0453720563698095
954	0.17140675171801	-0.0832227513638301	-0.0314763693462825
955	0.16847578673565	-0.0654007821533536	-0.0355673851263912
956	0.170629326094948	-0.049452109872866	-0.0284167705299409
957	0.162321369686686	-0.0460483068142616	-0.0144761235986156
958	0.150577309251835	-0.0382829635714819	-0.0250634175778821
959	0.140372866417637	-0.0435141200397587	-0.0133668428655235
960	0.140397977508288	-0.0454777854160342	-0.00880893062259544
961	0.140104683601285	-0.0426550665744194	-0.0223954963585686
962	0.152819311881035	-0.044500275349699	-0.0332564402972322
963	0.15125642827175	-0.0271384019696626	-0.0395736759783282
964	0.155475311531046	-0.0427494256256402	-0.0506458577662075
965	0.1489647875516	-0.0368496710516331	-0.0659738959557698
966	0.130112213094825	-0.0293727028116243	-0.0627375975072836
967	0.122244983824171	-0.0492859181508787	-0.0601938855875802
968	0.118388705655538	-0.0502750676477348	-0.0757349648848666
969	0.105337410644055	-0.0503352066842879	-0.0639584189333905
970	0.0984002538524567	-0.036442119864696	-0.0554398538714049
971	0.103120273006062	-0.031318215150056	-0.0679079384110673
972	0.117906847228274	-0.034927291725479	-0.0736267158723589
973	0.12671611550833	-0.0217647221006903	-0.0735835680681982
974	0.129273114987528	-0.0148874477992498	-0.0853824115212063
975	0.13397408728419	-0.0245141110319071	-0.096084637332397
976	0.133290996317288	-0.0270037219432664	-0.110196899765711
977	0.120262957995676	-0.0192660306278221	-0.117483966370582
978	0.104273579005018	-0.01438633462845	-0.119528036113829
979	0.101730653467458	-0.0289639148562986	-0.125955342748008
980	0.0904640298524859	-0.0368069251644758	-0.118540866842242
981	0.0784067490459202	-0.0498787848583367	-0.122130856210264
982	0.0908329090054105	-0.0566777670077495	-0.13174366627152
983	0.103000974080829	-0.0448139856296111	-0.137315256269852
984	0.0925308316888798	-0.0322536656058487	-0.134221958324596
985	0.108636525307594	-0.0333453549489998	-0.118598709345143
986	0.0978698734246842	-0.0174690985942903	-0.12171801859679
987	0.113952185566526	-0.0121656897241577	-0.114654063787092
988	0.0962514972883816	-0.0143295810914922	-0.0955596931657537
989	0.103664231758064	-0.00263434366124526	-0.0946851406381662
990	0.113572622994602	-0.00778530690852158	-0.097861667132073
991	0.117345419458759	-0.00566534843979786	-0.107842527688263
992	0.102812434737023	-0.000680497966467356	-0.1285407571137
993	0.0922076950169969	0.00112250746131989	-0.126802449402314
994	0.0868698023324328	-0.00171725375284007	-0.0992092005040475
995	0.0897820272381874	-0.0115123506311558	-0.102502620439642
996	0.0682706512452388	-0.0159662406528522	-0.118180767549074
997	0.0761310333289802	-0.03256295790451	-0.101533786856962
998	0.0794569660395521	-0.0439551419468457	-0.107407284413974
999	0.0918760855424962	-0.0477899847879141	-0.115975935264825
1000	0.0942832272524088	-0.0503339938360319	-0.130957820249048
1001	0.0845106998696126	-0.0403519979744192	-0.120440511709027
1002	0.0895550206763605	-0.0300446702678838	-0.111012160396596
1003	0.0973121809340781	-0.017764035351008	-0.111720264181167
1004	0.093260413759815	-0.00298535117011832	-0.113315073929043
1005	0.0954448649147474	0.00572314531552721	-0.126105015888717
1006	0.090384966689162	0.00875906178081945	-0.139386073479469
1007	0.0746473392024189	0.00731093417767953	-0.145447528187588
1008	0.0619723040883893	-0.00121861262803017	-0.148767947021446
1009	0.0514575374581391	-0.0028092700487176	-0.138447006894175
1010	0.0473397050922831	-0.000735899193042888	-0.124711876880454
1011	0.0476329405234073	-0.00158915396920322	-0.119981346088035
1012	0.0400238893567151	-0.0112511066982346	-0.134874868360155
1013	0.0310891262992932	-0.0217154941934907	-0.138409084066115
1014	0.0250596794704892	-0.00314395336118959	-0.145028485286594
1015	0.0415160641620171	0.00582511110446898	-0.147671035371169
1016	0.0421185163612293	-0.00876606330696952	-0.165145542018449
1017	0.0391026972985061	-0.000982359265667031	-0.175979442637203
1018	0.0469962649777691	0.0186300416548812	-0.174107761653861
1019	0.0646474663120586	0.0144913656674986	-0.166429176718019
1020	0.0714851142256141	-0.00238290409654366	-0.174086292425779
1021	0.0561834425074745	-0.00059484001384604	-0.162272139412146
1022	0.0426382836603852	0.00510344614829142	-0.167174974946689
1023	0.0489061721949175	-0.0273778714961996	-0.160526834429733
1024	0.0138921505034236	-0.0047358675385785	-0.158677200319527
1025	0.0351967590735571	-0.0252026423092792	-0.139885459192175
1026	0.0263443945054955	-0.0168160055332926	-0.13392572203904
1027	0.0251848324805519	-0.000656832631359657	-0.127350013268106
1028	0.0384514564914965	0.0151873440962621	-0.124850783468901
1029	0.0599309771149641	0.0129536377465848	-0.123387734594877
1030	0.0597832232572222	-0.00101692764819352	-0.112812828612086
1031	0.0633636292089605	0.00242137881644474	-0.10320869030604
1032	0.0560286330663522	0.0119612514466441	-0.109869116185602
1033	0.040212604639682	-0.0146151283262421	-0.102256768959134
1034	0.032595661470198	-0.00202962513131981	-0.111429938194838
1035	0.0331845427797059	0.00764094684256816	-0.135609168380054
1036	0.0289980987830598	-0.00840345408256305	-0.139783662494378
1037	0.0369095346242801	-0.022241964214428	-0.14541611378038
1038	0.0495618728830355	-0.00733700870545325	-0.158384044888231
1039	0.0659449738594969	-0.0193101265568693	-0.152716995063196
1040	0.065537828087186	-0.0334668520220588	-0.145215522625475
1041	0.0543595551727104	-0.0298527564761824	-0.144552204250962
1042	0.0498162009841231	-0.027991462228561	-0.133425887533212
1043	0.0578918917053107	-0.0261141496556141	-0.126119821931998
1044	0.0741569130277855	-0.0180962878772857	-0.119476329506662
1045	0.0817146495265521	-0.00755495860988389	-0.116052451249969
1046	0.0880830641030371	0.00704640587424883	-0.129653163346243
1047	0.0811728095489633	0.0157053983168511	-0.137443068318884
1048	0.0691877352537315	0.0201400432221036	-0.152943066907607
1049	0.0576487055701788	0.0231135485979307	-0.148028290370963
1050	0.0425480794083015	0.0232718723083013	-0.13571785866763
1051	0.0601781711382603	0.0230885788012599	-0.133148800491246
1052	0.0748143572714143	0.0304993667697798	-0.126204205258839
1053	0.0835712932208256	0.0233160499073049	-0.142126231211725
1054	0.0895673319908351	0.0128739843721878	-0.138973109185836
1055	0.0979974736064871	0.0128741340633616	-0.122460201631543
1056	0.0958761709947849	-0.00302851482742117	-0.115504459625497
1057	0.0900968655868939	-0.0139903982576166	-0.127128786444291
1058	0.0753029348981833	-0.0214223385679966	-0.124370587970065
1059	0.073772062609286	-0.0126756741659318	-0.102764683225666
1060	0.0571763958700095	-0.0135468883885375	-0.104712827616882
1061	0.0424813801450614	-0.00350165598027503	-0.0980840644548468
1062	0.043193176200076	-0.0109489211052049	-0.110196076560582
1063	0.0436809087564341	-0.00746897905217794	-0.12451514403797
1064	0.049776048158878	-0.00586649421903605	-0.1399610459519
1065	0.0498774709132266	0.0138028153139811	-0.133866066357624
1066	0.066625357957706	0.00950773424225431	-0.14079998841247
1067	0.0794863252392193	-0.00490391549437061	-0.139756020898172
1068	0.0840282568681341	0.00720291723110867	-0.127352649112554
1069	0.0901012589549587	0.0116973693403086	-0.118832733448529
1070	0.0929566800213026	0.00356917632359163	-0.105278046860393
1071	0.0785629314385731	0.0165887682278378	-0.123626040196693
1072	0.071499292013262	0.027024353821145	-0.114759161575568
1073	0.0576004239168239	0.0111357177131014	-0.107543702568822
1074	0.0412947178912095	0.0245915469146407	-0.10108276287662
1075	0.0453647122153546	0.0288301731178036	-0.115208888666541
1076	0.0363301215514266	0.0221658737409602	-0.123103249191564
1077	0.0237559761251373	0.0130538065415808	-0.117353282778227
1078	0.0269292516598849	0.00435431388877166	-0.138310176484049
1079	0.0277565201935119	0.0259929935079112	-0.14615396466417
1080	0.0345163571826375	0.0168154070828644	-0.155874905252367
1081	0.0268786997140629	0.0119034100089298	-0.151895754652268
1082	0.0115315882532168	0.00757069981765375	-0.147639750267117
1083	0.00476448239381295	0.00219216034936925	-0.130542605820754
1084	0.014921110191027	0.00913129320721359	-0.122932247660227
1085	0.0234659697150283	0.0120358934976227	-0.110225061777094
1086	0.0195904061186834	0.024089659136831	-0.102150461184069
1087	-0.000548625680934025	0.0410647094111508	-0.10799017102623
1088	0.0217722452730457	0.0493706090209679	-0.110663870361509
1089	0.027202556101229	0.0560500353705534	-0.122758225831566
1090	0.00806752366816794	0.0584559227871228	-0.136090786263996
1091	0.0112747807623003	0.0623693277062932	-0.132066149996976
1092	-0.00529992331001133	0.0587196681029469	-0.143781099288757
1093	-0.0165963733277259	0.0538815254323317	-0.134638890338439
1094	-0.015968942921276	0.052668755900242	-0.118250751059738
1095	-0.0147647842204166	0.0447495463088133	-0.106508373714952
1096	-0.0232914379027535	0.0360705403642439	-0.0990260452188795
1097	-0.0152250819001693	0.0121118251483644	-0.129410815823806
1098	-0.00132792096588653	0.016056235392389	-0.106018560077553
1099	0.0154511927090031	0.0125203215266071	-0.120784022163987
1100	0.00987533485604843	0.00637191709330953	-0.131453481897342
1101	-0.00595563894592765	0.0175784801761983	-0.127434353612275
1102	-0.0265230466490805	0.023267670770332	-0.127944854810438
1103	-0.031014260346924	0.0434080916166491	-0.133817563978197
1104	-0.0128502436154319	0.0375041568974362	-0.136546530137633
1105	-0.00962900861642289	0.0537312944713098	-0.128921706935648
1106	-0.0141490772897682	0.0484744902717556	-0.111070844667537
1107	-0.00807070827335868	0.0676952689379146	-0.114911594026541
1108	0.0057354569760492	0.0501968295080929	-0.110036244601453
1109	-0.00855281144334588	0.0457629770945335	-0.0912523085600442
1110	0.0109359761869785	0.044791955452544	-0.0900861135081925
1111	-0.0093474867500861	0.0481756643746509	-0.1049782016563
1112	-0.0162545982184842	0.0357773794520584	-0.107485476064511
1113	-0.0205149302669712	0.0261747285717715	-0.115208189879858
1114	-0.0395026455082192	0.0209899082664112	-0.12171744669139
1115	-0.0205646928123215	0.0209556648443385	-0.136956993818409
1116	-0.034719050196725	0.0363349445227995	-0.138810821645714
1117	-0.056108142945006	0.0333034994951946	-0.138352101344759
1118	-0.0600886744316727	0.0521087425175638	-0.130549491889731
1119	-0.0411588513910606	0.0592028238195416	-0.144377467407288
1120	-0.0490419296784286	0.068948170847959	-0.127765897683631
1121	-0.0507442108118844	0.0620254180936003	-0.130658575239211
1122	-0.0676484467982092	0.0528869492222563	-0.126454513697541
1123	-0.0844515031689233	0.0413745997764455	-0.126840837601022
1124	-0.0798747722667095	0.0422619681569883	-0.145767950880241
1125	-0.0698774599439131	0.0396985313582407	-0.161340100735137
1126	-0.0729513575640063	0.0226496239632176	-0.158792593934433
1127	-0.0655697903945792	0.0179043680736068	-0.1554265174842
1128	-0.050124160506467	0.0180405641055416	-0.160540087749053
1129	-0.0433580773407663	0.0114372042235052	-0.137930281629262
1130	-0.0347933677168798	0.0213761502284047	-0.146536482649178
1131	-0.0327103260922165	0.0219863244502211	-0.141095824292132
1132	-0.0220724239815298	0.0347326113549818	-0.155773078395103
1133	-0.0180104944756425	0.0109546646969652	-0.16557424240606
1134	-0.0344009291378256	0.000140515790308167	-0.15495173956528
1135	-0.0379190493741858	0.00858171492022172	-0.178841733966946
1136	-0.0473119729098313	0.0268943174878486	-0.179426916611346
1137	-0.0524211490546968	0.00115888689876845	-0.191499298780811
1138	-0.0577610025366758	0.0216314503639879	-0.199727844169109
1139	-0.0726263198474322	0.0301597789906814	-0.182613017250364
1140	-0.0755133734578107	0.00570679933173963	-0.176079642894459
1141	-0.0754524254128227	0.00431993707370381	-0.175501852889958
1142	-0.0743383347453072	0.0194572535737522	-0.164047758280926
1143	-0.0722760640331092	0.0308478104358411	-0.177567005454454
1144	-0.0515402493860427	0.0146529589714952	-0.165152279452848
1145	-0.046699971795012	0.0296236934191815	-0.165783484286512
1146	-0.0465429081807892	0.0395364872035754	-0.174142882312466
1147	-0.0451006583867879	0.0297758745272086	-0.191254360813784
1148	-0.0287413897687907	0.0349162005823099	-0.19145090599942
1149	-0.0265698693004542	0.0163499197381453	-0.201030105813427
1150	-0.0172041537423633	0.0114104076660529	-0.187313729200935
1151	-0.0457125731878329	0.0157027727625231	-0.180135790546137
1152	-0.0520302414241018	0.0339026750323819	-0.19295592965298
1153	-0.0596287687057287	-0.0075793359387923	-0.165703372622491
1154	-0.0629901265916326	0.00485030682803821	-0.186484760407839
1155	-0.0833953634150798	0.0253166643131239	-0.192372051745922
1156	-0.0983572352609349	0.0344526633662091	-0.17923236631508
1157	-0.0996944149771194	0.0145683509811319	-0.176028687709785
1158	-0.0917028707604749	0.034622114902836	-0.160889663391538
1159	-0.0711414391992941	0.0446060752081142	-0.14779740984376
1160	-0.0762441790915981	0.0279009832804469	-0.140395330723977
1161	-0.0751754606415223	0.00869967717507913	-0.148446801655148
1162	-0.0757822355567607	-0.00494737741336088	-0.139363059963556
1163	-0.0564286168961141	-0.0104032900818382	-0.144655378134519
1164	-0.0593725794726054	-0.0275804328174805	-0.138557403252346
1165	-0.0575228528775379	-0.0371761997504534	-0.154345783488205
1166	-0.0745907738498846	-0.0449671667989148	-0.15525636393377
1167	-0.0758247745155345	-0.039513394696316	-0.174205475978457
1168	-0.0603330207624475	-0.0285195121766906	-0.18407678430304
1169	-0.0742579680978165	-0.0224448389519698	-0.193234813251797
1170	-0.0881695062962195	-0.0173889003950468	-0.185793948784951
1171	-0.07858731901539	-0.0211906269349222	-0.178501466109461
1172	-0.0541388596059538	-0.0113393941618512	-0.177543631903544
1173	-0.0574474713429659	-0.0167241050953596	-0.165549973707708
1174	-0.0643840619180664	-0.0211356832497415	-0.157271516744304
1175	-0.0421001515583832	-0.0338130568267035	-0.170213185771775
1176	-0.0309518129751606	-0.0436440689760501	-0.17240603331329
1177	-0.0524164731788322	-0.0568939166143842	-0.173172861060504
1178	-0.0360326307625674	-0.0538894031607857	-0.152272648451479
1179	-0.0596985000158817	-0.062467579147465	-0.148881205201724
1180	-0.054559467252279	-0.059317240348286	-0.136359850407332
1181	-0.0544450944548684	-0.006688939307022	-0.168017314874355
1182	-0.0504714481062396	-0.00304984995878244	-0.190852493676373
1183	-0.0449064980152785	0.0087968925881843	-0.205278788590452
1184	-0.0385980091949381	0.0194968937181612	-0.173746618759321
1185	-0.035664688797003	0.0294549673682475	-0.190403941344167
1186	-0.0432271696878026	0.0391189140380303	-0.20139035186116
1187	-0.0556961385905234	0.0427255044718009	-0.174254411260052
1188	-0.0666623072919264	0.0356943328659172	-0.179289971544057
1189	-0.0773736730177402	0.0347309646483829	-0.192259342523511
1190	-0.0815230604911569	0.0264354068046512	-0.181909926407252
1191	-0.0735067913759666	0.0511575393074204	-0.188975461628019
1192	-0.0631700817402664	0.0596401943897795	-0.186913156004705
1193	-0.0637705167076135	0.0744279644455291	-0.175968889765991
1194	-0.0554444567535856	0.0865820805506732	-0.176904371142081
1195	-0.0456421412644546	0.0931925850666203	-0.189700332178968
1196	-0.0421527570056417	0.0857831503408818	-0.205263968977846
1197	-0.0577830793635084	0.0893044368660629	-0.216549593341887
1198	-0.0642323198084379	0.105512288043277	-0.210111021647795
1199	-0.0887747409299528	0.0942961245904435	-0.212032558112668
1200	-0.0822161733694415	0.0866876729493006	-0.22073205820365
1201	-0.0840645225872628	0.0920054618824443	-0.207649614858264
1202	-0.0755403505401613	0.0851545646145171	-0.193636691508558
1203	-0.088174393945857	0.0830547804372058	-0.182880504701928
1204	-0.100043552347591	0.0979117620464279	-0.190876735206355
1205	-0.104088747817415	0.10019179098183	-0.180815969922681
1206	-0.0900418743822416	0.100139525519965	-0.162395122064357
1207	-0.097246469331742	0.108929063480341	-0.15778343105707
1208	-0.0931558564814817	0.125757461105349	-0.167995979936774
1209	-0.0775823739895659	0.126737052944468	-0.179091640800788
1210	-0.0682140543878301	0.127983656540473	-0.162639206468745
1211	-0.102478997039808	0.106717894503552	-0.148925015358082
1212	-0.112268663229754	0.112955263605043	-0.146275412801852
1213	-0.128433611171139	0.111472945184099	-0.148685446189939
1214	-0.140136816344828	0.10851167408273	-0.143992324484347
1215	-0.137551408505703	0.099855203636115	-0.120571766952986
1216	-0.147738852830294	0.0902033582008081	-0.128009682738657
1217	-0.148634068049393	0.0803680853169626	-0.141390258344965
1218	-0.121897461383046	0.0697600298130669	-0.119014596288958
1219	-0.126492977337527	0.0631353429105818	-0.130816914083914
1220	-0.121771050633058	0.0609978823409952	-0.15444143198758
1221	-0.122200783826898	0.0670721719987354	-0.128580749697865
1222	-0.136263388432751	0.081042614291146	-0.122698321749158
1223	-0.142388168922379	0.0728527757013938	-0.107986676819955
1224	-0.130295483956388	0.0560458905474238	-0.111381941636054
1225	-0.139260990896128	0.0628698114570075	-0.0952729456441081
1226	-0.129187673721569	0.0633310475159495	-0.0805644154059915
1227	-0.120492897507519	0.0791956826888439	-0.0758158392068935
1228	-0.101365643614988	0.0739166809128006	-0.0798819269542081
1229	-0.093689748632838	0.0890362095448076	-0.087094837392247
1230	-0.10575863306339	0.103337603519837	-0.0877429530735927
1231	-0.105380665104711	0.104111924625606	-0.0882805005024372
1232	-0.100093151627254	0.0924502361475008	-0.0684792383563125
1233	-0.0920811937968874	0.0806735674103192	-0.0875141974514794
1234	-0.098981866003052	0.0698122514999092	-0.0682155284921063
1235	-0.114683200487412	0.0703395885356679	-0.0803987263172198
1236	-0.119147922875954	0.0804120719939464	-0.0594638172824026
1237	-0.134769532375821	0.0744999100383107	-0.0765089727531237
1238	-0.140762947036943	0.0755030406633359	-0.0745953908579059
1239	-0.141319292794926	0.0812423406834249	-0.0527009432327392
1240	-0.142540747012639	0.0590904829684987	-0.0559818336902025
1241	-0.144258004433124	0.0607983114915114	-0.0498275777857894
1242	-0.12139466173981	0.05908437183422	-0.0577944201104978
1243	-0.1110283463981	0.0533698353383779	-0.0785228598880116
1244	-0.128959742669736	0.0660727584916307	-0.0782572157359054
1245	-0.130628694648983	0.063059910048572	-0.0804684625508762
1246	-0.12826935036466	0.0453359053408475	-0.0895044219311302
1247	-0.139229417523978	0.0545585070062298	-0.106963206084852
1248	-0.157294358671384	0.059265002078268	-0.0958250215987492
1249	-0.1553923429323	0.0417131916671978	-0.0979795624677347
1250	-0.154533082376445	0.0251562157102168	-0.0889770963026535
1251	-0.150925113966012	0.0268896682912495	-0.0896191301705378
1252	-0.135464478235235	0.0287463350052398	-0.0875906693255254
1253	-0.133263999054632	0.0379384681595104	-0.0821355418824215
1254	-0.123799206911474	0.0196406698955381	-0.0896610419783797
1255	-0.124131158139194	0.0149715450270927	-0.101896423096842
1256	-0.108004633979229	0.0313470478647542	-0.106164715630112
1257	-0.11185296104436	0.0431223750977675	-0.107679388412827
1258	-0.12279087633224	0.0271661278595052	-0.121344932869903
1259	-0.128231963655014	0.0345876918157971	-0.13112134965028
1260	-0.133095580458861	0.0574569844003245	-0.126818420143342
1261	-0.141040145533109	0.055854562885546	-0.12955475395906
1262	-0.129801865152623	0.0658893250426895	-0.129818193436758
1263	-0.1210990894593	0.076314196099891	-0.12124012855963
1264	-0.112909335037134	0.0740221603879168	-0.107722407857267
1265	-0.10147937547574	0.0660271772362793	-0.101647471033923
1266	-0.102279775838416	0.0493900167109425	-0.0970842400704012
1267	-0.114395112165751	0.0350458494839284	-0.0947195553648998
1268	-0.109590786626081	0.027539613815836	-0.108110299884251
1269	-0.0961363516636784	0.0266077022740822	-0.121390637862068
1270	-0.0936472471644083	0.0341318605348414	-0.138265914062042
1271	-0.108021051896862	0.0416324533446689	-0.131206323300816
1272	-0.120208844616655	0.0327922051938991	-0.126385267970399
1273	-0.136079158380812	0.0362446093224444	-0.12203489520655
1274	-0.140777311984587	0.0504337963789511	-0.125085199555486
1275	-0.145114746597576	0.0623943596707826	-0.108146015449479
1276	-0.135741628483438	0.0735664821936585	-0.110810579776627
1277	-0.134017398504491	0.0733109920287369	-0.0949923672581526
1278	-0.112951464850616	0.073720302340029	-0.0937829846551787
1279	-0.103707061270493	0.0617994494786414	-0.0846046146602319
1280	-0.113494346753719	0.0447683385050142	-0.0767602349765011
1281	-0.119069168616468	0.0424502737867321	-0.0716448968427736
1282	-0.117424252656547	0.0408488738340874	-0.0754178079132559
1283	-0.0958187434973035	0.0534123533928378	-0.0846141560867103
1284	-0.112859479190237	0.0686495097814312	-0.0608142726023705
1285	-0.145133930957513	0.056036830220493	-0.0727895656447636
1286	-0.131532441712415	0.0509196264283712	-0.101228180922728
1287	-0.119457871753591	0.0726959533321484	-0.0890008556203768
1288	-0.138738767041436	0.0785511460594358	-0.0784060999681545
1289	-0.14780757569502	0.0750816548135575	-0.101889204566125
1290	-0.126894928624769	0.0843209365167675	-0.110926201009184
1291	-0.12758387828532	0.0802300890264546	-0.0776635367886973
1292	-0.136332801719027	0.0704132320274211	-0.0673079588177222
1293	-0.121404515890104	0.0614102208354198	-0.0694092859344583
1294	-0.122628580943897	0.0506068402720651	-0.0555681850440319
1295	-0.107598298073016	0.0543902750274554	-0.0475784221946033
1296	-0.101174314979081	0.0677906678200988	-0.0548894383477465
1297	-0.0998205284382086	0.0760966807233512	-0.0415805096362519
1298	-0.11207406086891	0.0773977031757443	-0.0316988258719837
1299	-0.111330672485501	0.098211119834643	-0.0415254127554659
1300	-0.123021858275075	0.106302121507376	-0.0426970578590171
1301	-0.118260250328028	0.0776131607687934	-0.0354212490422584
1302	-0.11517777228192	0.0618419712566623	-0.041668927343419
1303	-0.0983371447473096	0.0560660698746378	-0.0423316623088974
1304	-0.0907465742280846	0.0532450253213949	-0.0258564660576657
1305	-0.106077046608877	0.0512583726457152	-0.0208087811208142
1306	-0.102787957625364	0.0342919881141652	-0.0228996296998012
1307	-0.111275901983866	0.0235440712484039	-0.0330492955325128
1308	-0.119659025905912	0.0263096404799285	-0.015111423037126
1309	-0.137665539545323	0.0329378710672323	-0.013750723794942
1310	-0.133999510289137	0.0271787261220665	-0.0315744356767083
1311	-0.113237715806427	0.0257519069921254	-0.0404944604000597
1312	-0.108980559056075	0.0251919211656224	-0.0577839992578226
1313	-0.101847741365485	0.0352581317853237	-0.0496640390014901
1314	-0.0943499320266856	0.0328916950867763	-0.0666959650434802
1315	-0.0828389034999418	0.0202632093584629	-0.0716318937803387
1316	-0.0664869217405665	0.0198354622419455	-0.064849473630662
1317	-0.0577774037946645	0.0248661460644868	-0.0497575711114212
1318	-0.06054355760483	0.0418016386374431	-0.0417699313300795
1319	-0.073287224768922	-0.00968129123673939	-0.0410619703121354
1320	-0.0637589121158158	0.000449078674863379	-0.0329444904613806
1321	-0.0685476993514322	-0.00505085230740008	-0.0640474040311835
1322	-0.0738445152506163	-0.0208856185671161	-0.0665969751930386
1323	-0.0882126194516738	-0.0231846899943922	-0.0774333479715737
1324	-0.0927845397424603	-0.00716472728336039	-0.0841641185873279
1325	-0.0904540427315323	0.00293740486975112	-0.0920961938736999
1326	-0.0896296826815185	-0.0246507084414623	-0.107974646781879
1327	-0.0868672006823376	-0.010507739346531	-0.115904060481131
1328	-0.0735011480620691	-0.000954602867515912	-0.117268615328327
1329	-0.0575121183697139	-0.00441957908988667	-0.11562191651894
1330	-0.0475026450652049	-0.0164129232053115	-0.112180107176337
1331	-0.0649262354210308	-0.0275043888942599	-0.109765264312467
1332	-0.072730958225953	-0.0229627840835065	-0.109196134042241
1333	-0.0945639712210291	-0.0189583459946376	-0.0991725916534228
1334	-0.102501757037896	-0.032332931204984	-0.0860786101747935
1335	-0.0965157261102052	-0.0399259343316709	-0.0860235209644224
1336	-0.107302687296525	-0.0536446921742439	-0.0992018648595883
1337	-0.0966288425436126	-0.0699198735603487	-0.0948031304978612
1338	-0.0979482125753989	-0.0712384434630758	-0.116320926508531
1339	-0.109820935484519	-0.0599553219614855	-0.129366609365207
1340	-0.0951672401855568	-0.0609083540798343	-0.136673515779475
1341	-0.0967309762757845	-0.0507567151175125	-0.130699409619063
1342	-0.0931467812504595	-0.0495662248081375	-0.12352406024164
1343	-0.0837716464360676	-0.0389074055933577	-0.114950094173686
1344	-0.0923088770419243	-0.024135367286696	-0.128997853855039
1345	-0.0892007733538509	-0.0121442840651313	-0.118131477631517
1346	-0.0941484193900874	-0.00929265773472698	-0.0951926043548957
1347	-0.108064464413419	-0.00309541603461829	-0.102153770820596
1348	-0.128534319803512	-0.0106657214396977	-0.110329170119551
1349	-0.138307547658985	-0.024137896191626	-0.108363875005364
1350	-0.13281664866187	-0.030317861490986	-0.0920423004526976
1351	-0.131693159210027	-0.0298175145068685	-0.0930735922864744
1352	-0.124017758659836	-0.0227325708950786	-0.0802872846146048
1353	-0.107574300938162	-0.0161566155436048	-0.0785060752809477
1354	-0.0963264554232019	-0.00990522199263087	-0.088843579801813
1355	-0.101577674807936	-0.00711517265554765	-0.10718991316348
1356	-0.0991358690400371	0.00569646025632108	-0.115249941277979
1357	-0.112494152703025	0.0192908829966125	-0.114370078011225
1358	-0.128835471049461	0.0173311718205976	-0.111582555737746
1359	-0.139959992208587	0.0221567138768063	-0.0952617303542723
1360	-0.130317466607768	0.0280326658094469	-0.0804922225470143
1361	-0.121735243385303	0.023536807152678	-0.0714384458253074
1362	-0.136148887926032	0.0126802038725089	-0.0607498254031078
1363	-0.141961669471686	0.000113305179037066	-0.0484267313211924
1364	-0.11829708283564	0.00121893073185126	-0.0625090114260715
1365	-0.122498694070093	-0.00991494544371439	-0.0483216759590593
1366	-0.114840659314194	-0.0162499513671087	-0.02832853714448
1367	-0.100521653615221	-0.00222082061292081	-0.0403331137396635
1368	-0.0997291805466379	0.00332725618225198	-0.0218361094320282
1369	-0.105245346467387	0.0198258726538639	-0.0283051828101828
1370	-0.120138814431556	0.0194961165947389	-0.0166893394603601
1371	-0.114392507548648	0.02546305746056	-0.0275201008883412
1372	-0.111782819072791	0.0352286039183003	-0.0119980168665891
1373	-0.128073541231307	0.0350497963017694	-0.00920196040120876
1374	-0.135802642809303	0.0184214586795356	-0.0140253881522741
1375	-0.144607591566138	0.0173006912032465	0.00313027657903499
1376	-0.125760892811282	0.0185498190775182	0.00980560743031949
1377	-0.132107629462211	0.00123733110353135	0.00296646847829994
1378	-0.124270263264736	-0.00900362962706034	0.0153348777384798
1379	-0.115132525435091	-0.0165852397283556	0.00183860405798046
1380	-0.0976893934955229	-0.0055068771065764	0.0135751779914476
1381	-0.0995177392207717	-0.00429331021190594	0.0106744065629716
1382	-0.104155536944471	0.013855053172477	0.0293502074761747
1383	-0.117866126328271	0.00688835654603354	0.0315820988565505
1384	-0.126226080215759	-0.0034091824742056	0.0226709161457325
1385	-0.14248672381659	0.00151879092255153	0.020197674457954
1386	-0.143484434619706	0.0194040804359212	0.0187114292569762
1387	-0.153044502723802	0.0173391190419861	0.00507939431455094
1388	-0.143324874828568	0.0142617717640213	-0.00793657751632207
1389	-0.136801746173582	0.0285781563536174	-0.0108475379696646
1390	-0.12436920255611	0.0359956304345664	-0.0142521390166647
1391	-0.117948077736883	0.00197213054155894	-0.00109826428825641
1392	-0.127466323938205	-0.0121241488515807	0.0180047864836695
1393	-0.128582084683319	-0.0364011957155675	0.0137766771845922
1394	-0.115138016021669	-0.0219665965506351	-0.00622316506112177
1395	-0.116887223825948	-0.0394672974739366	-0.00407876985012872
1396	-0.109609994540792	-0.0471165864584229	0.0164733737440977
1397	-0.0916268637628861	-0.0462908468906364	0.00748796700722018
1398	-0.0829722403028036	-0.0316589724267349	-0.00243727235708218
1399	-0.0805196165738938	-0.0301188265618559	0.00742277874259722
1400	-0.0801837089273308	-0.022251223695051	0.0290950182761962
1401	-0.0786252613518681	-0.0569546856174615	0.00197357040590198
1402	-0.0880785807715486	-0.0574041720610434	-0.0104170452169712
1403	-0.0961639736526372	-0.0717193826135953	-0.00727143193571194
1404	-0.0965222611874375	-0.0836766791324181	-0.00733302310917884
1405	-0.0915888508675134	-0.0806583688379446	-0.0386159629201064
1406	-0.0836529454385411	-0.0928638743852001	-0.0409120466807904
1407	-0.0793424699792261	-0.106392323627927	-0.0153938828102929
1408	-0.0649461495054523	-0.107219589986156	-0.0235373796178494
1409	-0.0520567860348145	-0.0986652692994723	-0.0258035574923059
1410	-0.0442303158748582	-0.0881298936025083	-0.018763453036228
1411	-0.0830425406531591	-0.0877379321750282	-0.0244105124684356
1412	-0.0889178231030453	-0.0832461899815191	-0.0138100445490884
1413	-0.0992626896482593	-0.0674771942241625	-0.0266621175741974
1414	-0.114112117261531	-0.0699397229826272	-0.0233330578375184
1415	-0.124299332841932	-0.0773937225808412	-0.0146694916108223
1416	-0.130650223899574	-0.0901918921939638	-0.0183381869557576
1417	-0.134342287638878	-0.0824007183995823	-0.038581507127264
1418	-0.132887656799525	-0.0922077181326682	-0.0461594717215379
1419	-0.127562702641757	-0.111734742207172	-0.0379064588520628
1420	-0.117634734953929	-0.115492755878802	-0.0493980729803346
1421	-0.141953768424004	-0.0920657508157737	-0.015733202702447
1422	-0.133996479039236	-0.0730339369295196	0.0020223297417469
1423	-0.135241918478449	-0.0774345870672713	0.00653055405848694
1424	-0.149193148419974	-0.0861543710261789	0.0263696690850744
1425	-0.154629916187877	-0.0878618982204298	0.024195055735813
1426	-0.161980857840135	-0.0641826412980147	0.0262683913423878
1427	-0.180888541880069	-0.0892739688889974	0.0210022986635126
1428	-0.184711304713351	-0.0651432222654362	0.0115305318726997
1429	-0.173855882813441	-0.0488043218249411	-0.00545161791881976
1430	-0.184175849126224	-0.0695852456422321	-0.0155096351298204
1431	-0.184160211773621	-0.06914665089174	-0.0189603735614258
1432	-0.196305575226291	-0.076189147933621	-0.0150904099557665
1433	-0.194780943856628	-0.073983939758098	0.0192617475064149
1434	-0.181754636280046	-0.0646164733820656	0.0191781851459463
1435	-0.171012767878362	-0.0651130424100179	0.0297240422733163
1436	-0.172561340547984	-0.0928197830293555	0.0266609961620504
1437	-0.158957289238161	-0.0922814919284224	0.0209420786206667
1438	-0.14764608324256	-0.0891738722733149	0.0120280783831682
1439	-0.163029596099511	-0.111516250323698	0.00333227907380904
1441	-0.18413143776111	-0.0798039674752037	0.00449964153755733
1442	-0.180280329510804	-0.0692382771294278	-0.00440655121338664
1443	-0.189269641267663	-0.0601136925246167	-0.0136024695792152
1444	-0.205901148433921	-0.0624051431869164	-0.00893101735072939
1445	-0.217354639664465	-0.0502508219187185	-0.0119660080927857
1446	-0.22738594960691	-0.0497702327605855	-0.000819975615343652
1447	-0.224978598872464	-0.0500291456016603	0.0136489789492947
1448	-0.206243369704942	-0.0472234465512856	0.0373070194540025
1449	-0.193490214032743	-0.0388802169556701	0.0358117882675471
1450	-0.187918059583038	-0.0283950214331314	0.0265331421256075
1451	-0.193744729681358	-0.0309712583395738	0.0244070508854186
1452	-0.193940861651516	-0.0442003470725131	0.0196050969787632
1453	-0.208430276700037	-0.0532930343574384	0.0327965677831515
1454	-0.211848809048336	-0.0486176260365443	0.00876765412736508
1455	-0.22298648937778	-0.0543984244539114	0.0143752486418158
1456	-0.236049505802551	-0.0630740960141932	0.0127640609971926
1457	-0.232422946420185	-0.0508705787022569	-0.0076855082799151
1458	-0.244089816815527	-0.0415472717413449	0.00677496291810977
1459	-0.249111149139698	-0.0405487176107496	0.0205633505186676
1460	-0.243978838245883	-0.0173277076432323	0.0123301806590349
1461	-0.244916174582369	-0.0234509415316174	0.0128203503222631
1462	-0.238744975791441	-0.0318313045274718	0.00639729290940613
1463	-0.228863564555771	-0.0426873398261336	0.000368145859030673
1464	-0.232535799577543	-0.0544867347774443	0.00954338831841227
1465	-0.227419280079262	-0.059237621334736	0.022950718424721
1466	-0.211235854297699	-0.0615905912400557	0.0230840727951951
1467	-0.202742256847923	-0.050935429450305	0.0196130569386494
1468	-0.207943488603945	-0.0445324723511827	0.0423579120900735
1469	-0.216691125531303	-0.0367466350332514	0.0477231450039789
1470	-0.197959652155013	-0.0198767782165671	0.0335116976160229
1471	-0.186931556305346	-0.032917685912499	0.0322865624175133
1472	-0.196343850490251	-0.0462004931122272	0.039410020836998
1473	-0.196869138649792	-0.0451360227399697	0.0585912193185679
1474	-0.189810671918258	-0.0282091844817135	0.0567128776136345
1475	-0.202450751659412	-0.020203261138382	0.0688289122330835
1476	-0.205356200793977	-0.00643963267686773	0.0585758136335479
1477	-0.228480344076147	-0.0166877807089405	0.0642075202394258
1478	-0.227725705213867	-0.00707192538604419	0.0504230391867469
1479	-0.227339342652941	0.00182754587996953	0.0423856625387782
1480	-0.227439290435508	-0.00649027526127881	0.0245304082054361
1481	-0.209216609149373	-0.0355521764168424	0.0386277571939415
1482	-0.20969737381804	-0.0355236512924535	0.0392151122272284
1483	-0.216950982693529	-0.0553154489299088	0.0192922020048324
1484	-0.188629097591117	-0.0425734777386744	0.0219566345062677
1485	-0.189022860384873	-0.0550050735315504	0.0213688883618663
1486	-0.194129209276883	-0.064067557667167	0.0335191100584255
1487	-0.195760129844879	-0.0630780458467468	0.0457748594438486
1488	-0.178926116925921	-0.0413173190380341	0.0498007826473866
1489	-0.16338775759307	-0.0659815407582106	0.0380081597899493
1491	-0.174282027414549	-0.0801087405491739	0.0193983357991121
1492	-0.183045182133152	-0.0945288514939327	0.0190099223173786
1493	-0.186320800157442	-0.111271097521656	0.0150408709035648
1494	-0.170573551277071	-0.111001467972708	0.00513165513256576
1495	-0.173885709729428	-0.113427645421254	-0.01368830461804
1496	-0.164790092636895	-0.102757176216238	-0.0269805340083558
1497	-0.176214828853449	-0.0927120413458592	-0.0289765259781128
1498	-0.198682509564849	-0.102795551589472	-0.0291636381416387
1499	-0.197871975767398	-0.0831304966786486	-0.0315950734445596
1500	-0.203128172936137	-0.0709512304678832	-0.020419860804928
1501	-0.201433005620148	-0.0741378435617191	-0.0186824245002709
1502	-0.176239671895784	-0.0746094692870834	-0.0145906096419149
1503	-0.181596060197947	-0.0719408016602121	0.00312826023736423
1504	-0.19357907677035	-0.083951969618787	0.0164189566528744
1505	-0.163619615033119	-0.0885810273903985	0.0163027126501171
1506	-0.211084834515982	-0.105490888721077	0.0109477042638541
1507	-0.18956155108807	-0.115098491476347	0.0132715792419185
1508	-0.178419698040856	-0.121114740651524	-0.00545177486337281
1509	-0.176722210635167	-0.114657351600483	-0.0250673763808074
1510	-0.199634627714327	-0.122850299513689	-0.0216617105345352
1511	-0.202925993888662	-0.108369449077059	-8.11684894275952e-05
1512	-0.195366687730081	-0.118945012723742	0.0189051436007624
1513	-0.194364385206312	-0.118695190296246	0.0381051041576222
1514	-0.217369609523681	-0.112470032673884	0.039394832877576
1515	-0.221007651262981	-0.100671609702131	0.0306318517273602
1516	-0.194676114682552	-0.0919137816928161	0.0334520108024193
1517	-0.203936447111227	-0.0863822764871373	0.0517372694224719
1518	-0.219883407608375	-0.0716064779123868	0.0387846210719809
1519	-0.207924120942401	-0.0637699854165875	0.0185135343737781
1520	-0.190833700191157	-0.0622000087915666	0.0308048294355077
1521	-0.196516735672572	-0.0915182425001163	0.025140805585365
1522	-0.197192931833245	-0.091928713461315	0.025062783189837
1523	-0.184187238943911	-0.115758115698396	0.0440088722625681
1524	-0.202851671994425	-0.116254748888667	0.0431292320598036
1525	-0.187379762141243	-0.117256612079587	0.0126518673574692
1526	-0.185573245486044	-0.142587538451527	0.0258622894621197
1527	-0.233069153689278	-0.131762261320392	0.033887730786534
1528	-0.221507146419331	-0.132606769673363	0.016895650706121
1529	-0.198628050049829	-0.135590719298654	-0.00651495029718914
1530	-0.21057290538804	-0.151085557496902	0.0129324008327737
1531	-0.209163314772164	-0.152091327336762	0.0202416098260813
1532	-0.193726490004153	-0.166556454340299	0.0173726469480569
1533	-0.185221238566105	-0.154609995937883	0.0199040776073562
1534	-0.175812107755937	-0.136862183102521	0.0142922347030795
1535	-0.166954029108488	-0.140815118925446	0.0281938932197714
1536	-0.176919379152887	-0.141567703989977	0.0384575086662995
1537	-0.175233435051077	-0.136174995666907	0.0499529570339993
1538	-0.194984377033331	-0.128345864219742	0.0453273193566861
1539	-0.196577162080599	-0.140656264425434	0.0543094215407541
1540	-0.19656063755902	-0.1621111936736	0.0639557424999946
1541	-0.202268318052979	-0.162536991831888	0.0574247849392387
1542	-0.205810818812899	-0.147912314223076	0.0507276985947688
1543	-0.197763808815039	-0.13231657572626	0.0458953796529549
1544	-0.186368639246332	-0.12529036392022	0.0597797826410666
1545	-0.17704889378948	-0.134306688931926	0.0650263700420912
1546	-0.164117451529437	-0.143139453317224	0.0649741916603974
1547	-0.154682040723775	-0.132095965083898	0.0541060717482807
1548	-0.154988382290119	-0.133707922643775	0.0375469593253733
1549	-0.150071087198528	-0.160611509040932	0.041426098480199
1550	-0.156432020212491	-0.163053123806411	0.0293994369078485
1551	-0.143979177859466	-0.166893116136451	0.0329507474320832
1552	-0.152766801717033	-0.155302056231537	0.0444000587747717
1553	-0.156239642297516	-0.14359127914384	0.0365051394542728
1554	-0.151851595320948	-0.142986350288648	0.0214705269717899
1555	-0.167664578221771	-0.14039053613681	0.0173675347575336
1556	-0.178777453981532	-0.138277843536711	0.0283042113654719
1557	-0.189016812560154	-0.14605680999941	0.0233277404423603
1558	-0.186813648529337	-0.157570639100274	0.0131164596820551
1559	-0.190759430151694	-0.171695193221116	0.0219211799456566
1560	-0.197077675426949	-0.169858275424844	0.0440369043365599
1561	-0.19240929675983	-0.177153785001614	0.0451022258887839
1562	-0.195374275202736	-0.159729811196944	0.0541083549753514
1563	-0.179727791356372	-0.154054305291694	0.0655362340083811
1564	-0.16241378980689	-0.165958520624618	0.0594365735206004
1565	-0.16130750353866	-0.165686276464448	0.0406055997888258
1566	-0.151998994641899	-0.144099418417122	0.0449661861884684
1567	-0.147909608753742	-0.159612604193263	0.0277622201072656
1568	-0.163180210241491	-0.143392042838019	0.0183540905830334
1569	-0.169826622089716	-0.140306770758239	0.0163991814263754
1570	-0.174630528160875	-0.1224032707572	0.0255388217012626
1571	-0.185226299435841	-0.137690955639026	0.0394961838080416
1572	-0.181898581663794	-0.120334603223287	0.0483259300762151
1573	-0.168167151622245	-0.110343782855488	0.060327380206208
1574	-0.153827849602088	-0.120091973819597	0.0490626010781357
1575	-0.145710985638379	-0.135521220426919	0.0432980982196465
1576	-0.149475615839934	-0.123227595555727	0.0661830091551222
1577	-0.140792791830242	-0.133286605758815	0.0813895865714303
1578	-0.145217744774241	-0.15691550165862	0.0763486175913281
1579	-0.157539659701132	-0.163660676299757	0.0738893742738891
1580	-0.171939638173954	-0.154581485727465	0.0878115888529363
1581	-0.1678743310034	-0.153147433119822	0.0811242220760843
1582	-0.160703300911391	-0.165601437470579	0.0712430908763824
1583	-0.171974898422126	-0.157695524926128	0.0586447517289631
1584	-0.16537765402507	-0.158529021048267	0.0472830026004649
1585	-0.148121731977344	-0.154929840865107	0.0528706100924029
1586	-0.141804390208679	-0.138377123228643	0.0567406365799754
1587	-0.158919582722493	-0.136412218805706	0.0488910165987142
1588	-0.147717763218708	-0.12486296875174	0.0369509617175938
1589	-0.148137727546296	-0.113744461685802	0.051057903771446
1590	-0.152528406336313	-0.108977501370026	0.0683564526777319
1591	-0.150217717766941	-0.121809777145124	0.0655673803536625
1592	-0.130277959114734	-0.131154342776788	0.0612477893943495
1593	-0.119792616064564	-0.149647707432885	0.0625088191762378
1594	-0.139325173254083	-0.14923613359584	0.068070797232516
1595	-0.15922621472349	-0.156639220166907	0.0711775874574602
1596	-0.146047752479904	-0.173027904138286	0.0601248195827204
1597	-0.155166189574271	-0.174953530266959	0.0456112069934864
1598	-0.170635145609501	-0.163269238293625	0.0419395962457662
1599	-0.16881920086036	-0.15462066452188	0.0249442404820245
1600	-0.151529035722472	-0.147285718180165	0.0180637274516124
1601	-0.123957271344213	-0.143331539840605	0.0804657785231291
1602	-0.0787469234525185	-0.13033595200704	0.100179945500065
1603	-0.109767418579961	-0.15476795439521	0.132835393810031
1604	-0.128685275300423	-0.110665782961168	0.125853117273104
