321	0.056342108786106	0.0798797923758995	0.265698225651723
322	0.0507168234680789	0.0940896988941793	0.225942179990609
323	0.0134451859856189	0.0759174213559686	0.2637519701297
324	0.0226095557934491	0.061452425678772	0.224814095891418
325	0.0540651039495101	0.0416704876825581	0.24567655029426
331	0.0753770721785659	0.0505192472218748	0.237058735629707
332	0.099398969824851	0.0578540527920167	0.224413265572279
333	0.115846692834684	0.0507362096496462	0.202269205786621
334	0.114862415843963	0.0861400676213379	0.242449763560565
351	0.197935867474335	0.0697049132807259	0.053948044580255
352	0.188406010641144	0.0564540085426548	0.0620647324070322
353	0.201277522410793	0.0579393197330025	0.0675066659920509
354	0.183283675494852	0.0476228017971206	0.0742544348982288
355	0.196224456482972	0.0486033077651547	0.0796269338223576
356	0.203437142343834	0.0871355796239761	0.102468411221209
357	0.182648921495905	0.091142319529751	0.097377972360534
358	0.164114704885432	0.0912400333669218	0.0871753199716742
359	0.167422922244859	0.0933843714513692	0.0882544516803801
361	0.179686390441315	0.0832300448444963	0.0778178076369421
362	0.198567084921884	0.0856995971025715	0.0787960734809379
363	0.211427779946763	0.0858744549818825	0.065143626274456
364	0.195367640212844	0.0838899311243257	0.0525469233771154
365	0.204003423450407	0.0748038334693047	0.0412386386265123
366	0.217506711137462	0.0680067002456022	0.0528675419693184
367	0.207542872221817	0.0557691809831347	0.0459904981351818
368	0.194198513782869	0.047844063691446	0.0480555489421766
369	0.194836943305251	0.0423349966533687	0.0580790837507382
370	0.199788805199498	0.0400208957855196	0.0692270890917052
481	0.200469380524214	0.0349422594576707	0.0496597435265797
482	0.20080549671426	0.0502846028154461	0.0437515908890399
483	0.206650408682816	0.066006220875621	0.0342844971573431
484	0.221255568333823	0.0705939980941751	0.0613524295872359
485	0.21124682508061	0.0450537722248003	0.0819052757883512
486	0.230358913820862	0.030281954606752	0.0248316973237244
487	0.238991465945216	0.0396097651885765	0.0615094341011565
488	0.234764749611494	0.0377640759046911	0.0442614494685028
489	0.234900119843106	0.0307456739568856	0.0592517686555103
490	0.242600209984289	0.0465722983955365	0.0530868356281052
491	0.228465304316335	0.0377569847199026	0.047493574445347
492	0.23444111359834	0.0392564233956292	0.0895594946650614
493	0.229087618305508	0.0280969021039267	0.0892007810818614
494	0.217796176115496	0.0201637894589852	0.0849397013085142
495	0.213284154546972	0.0197874930997736	0.0826627249734256
496	0.207307935814137	0.016529198652419	0.0777339309364108
497	0.201064981390635	0.0174859888781721	0.073322203847899
498	0.203620656141467	0.0613736115837412	0.0729715720529405
499	0.195484924560223	0.053837874152921	0.0689778107366748
501	0.193966097030078	0.034647324315711	0.0785920627589661
502	0.185786636301018	-0.000455519500545975	0.119482437549754
503	0.174361300544787	-0.00499828793617696	0.0835818754662974
504	0.210337990594305	-0.00846180133893623	0.0856280269700993
511	0.184695888869359	-0.0223524592243383	0.10056053094043
512	0.183031223607963	-0.0318249094670234	0.110298779834896
513	0.175808163713276	-0.0218497981454903	0.126312523039457
514	0.174614076666137	-0.0393865558657904	0.133284817520659
515	0.169783429478116	-0.0488925145704203	0.123396226097792
516	0.150242600183175	-0.0348151272361039	0.129556736899261
517	0.145783520803094	-0.0431666716481633	0.123710495150883
518	0.145016957226881	-0.0537984646313713	0.110979842440313
519	0.134911152425235	-0.0432406278868936	0.104865599197379
520	0.139545142458394	-0.0321150650356913	0.0973812536751804
521	0.138898583140252	-0.0336720806181041	0.0997428386779917
522	0.149379482104158	-0.0257128323973259	0.111051302868199
523	0.140751348634649	-0.0232624029044425	0.125615535502703
524	0.125475115149381	-0.031358062533751	0.125676678583125
525	0.124575118820408	-0.0385420404940342	0.142522738128256
526	0.140062956852188	-0.0432590656557912	0.148770532137197
527	0.138594954556406	-0.0638817876269675	0.144818934365285
528	0.155005970516761	-0.0661170821317127	0.140825127106652
529	0.158355974732514	-0.0733497583150924	0.126366759211471
530	0.144106247999394	-0.0783633861785154	0.1179651009246
531	0.143946370849677	-0.0782219621814507	0.117891565981773
532	0.132435312929133	-0.0561857405954782	0.118544905069905
533	0.13833534728981	-0.0570610529677148	0.122484143612297
534	0.14148406537682	-0.0641332668454099	0.136288254362199
535	0.122758216999317	-0.0759091284271341	0.135178285673677
536	0.11847530912562	-0.0536977254265566	0.141845897556846
537	0.118120324736695	-0.063639573983299	0.1527828413349
538	0.13124467547648	-0.0651142591070709	0.161698038286347
539	0.134099641647196	-0.0491945658990813	0.166570445780547
540	0.127630431413423	-0.0377419028831485	0.160384339932118
541	0.130542011564372	-0.0526551946311198	0.152206852651797
542	0.131505751482678	-0.0524310816081039	0.151192747748512
543	0.154800403145468	-0.059368099808494	0.1334933745427
544	0.124165310187412	-0.0682602438521951	0.12502516611659
545	0.146540327792383	-0.0839553144606302	0.113973483427967
546	0.147943739140754	-0.0843084051893246	0.114588038890546
547	0.125858526364926	-0.100265021996868	0.131941329651279
548	0.124683911672997	-0.100448471551294	0.132513819141807
549	0.14273420077128	-0.102550114955604	0.158709241963728
550	0.140527211616921	-0.10204149606275	0.161604659068104
551	0.137003667797611	-0.0921051309634569	0.144281167728583
552	0.152172954224031	-0.0869345559870084	0.120952174238564
553	0.139251267922511	-0.0938435645410512	0.119430523370226
554	0.125251057144082	-0.0868254804960139	0.117840186343674
555	0.131290682171966	-0.0738411877964525	0.1069115221033
556	0.121165232585486	-0.060913169171152	0.108900578675048
557	0.111337952718024	-0.0601369741539576	0.120910328867183
558	0.11586427584301	-0.050246652999359	0.133535125660661
559	0.129547193190424	-0.0422733219423458	0.130449256283935
560	0.142263791131494	-0.0423942324977127	0.138602692959745
561	0.136566160706147	-0.0409921755426227	0.113132063820068
562	0.139091353680416	-0.0360927555608292	0.108412103566923
563	0.105364051230684	-0.0314779268136052	0.114454327742783
564	0.160363864412981	-0.0417430542507325	0.114841977486769
565	0.109200054278803	-0.0468651215704791	0.0980502135690088
566	0.134266473578515	-0.055074641920374	0.0837541055339493
567	0.132602594428659	-0.0311278713583896	0.130965798341073
568	0.143364474475448	-0.0695040648594612	0.10287477492499
569	0.143199915867972	-0.032451048836703	0.0852638200939539
570	0.143259315114444	-0.0165357968761344	0.086385158286313
571	0.138970733085573	-0.00291162941850836	0.100460700991448
572	0.15557708944	-0.00828293093059632	0.103206315877897
573	0.156745069239867	-0.0234170747120256	0.111137016342004
574	0.130829055522024	-0.0307468545957637	0.120446546271689
575	0.14693680814231	-0.0412033563030981	0.11158239223611
576	0.160937661568509	-0.044961750414206	0.0940044649550859
577	0.123389786977316	-0.042944212815311	0.0860743567151546
578	0.140327765640279	-0.0483654871295214	0.0781117058116538
579	0.13448312443215	-0.0356982627765976	0.0672465102086181
580	0.150992639568333	-0.0325170862581718	0.0617953505282662
581	0.14941821762444	-0.0171003660955778	0.0714890377769737
582	0.135649094751239	-0.0210689513358726	0.0806964136005257
583	0.133819431388198	-0.0285095150308459	0.0921808599639922
584	0.146911612667814	-0.0368855095565379	0.0985569808701222
585	0.161558500970925	-0.0448287890223208	0.100908256158562
586	0.145199202646789	-0.0593837105645833	0.0974343026581018
587	0.153785141152041	-0.0677969013985482	0.0873456811439756
588	0.163973918592813	-0.0662371181522841	0.0754608343855666
589	0.151426006996284	-0.0679448205399333	0.0654536744929776
590	0.141983714050516	-0.0655450509800302	0.0568262284660046
591	0.138621875447733	-0.0587808850180673	0.0541355142821438
592	0.136861858872103	-0.0724447739296331	0.0575854495156602
593	0.140133482006454	-0.0752342465421759	0.0728618966814352
594	0.149692422034211	-0.0783568223325004	0.0795733595047017
595	0.154022673524186	-0.0911605484775315	0.0657025048214964
596	0.165282598488189	-0.0913195556415391	0.064945102149981
597	0.177800921590085	-0.0803848571064138	0.0699952932026171
598	0.183406120393768	-0.0801778674420679	0.0510802418121546
599	0.185082439980863	-0.0708523003531848	0.0469889963751591
600	0.187125919633537	-0.0559034110563223	0.0567110778375941
601	0.185708935403319	-0.0697291630250391	0.0604058321522892
602	0.178611931295086	-0.073733414293543	0.0744247771202747
603	0.163153502417647	-0.0656111336045932	0.0757228616387524
604	0.147681521457453	-0.0680464652122128	0.07304816940311
605	0.139179042406391	-0.061877622697161	0.0537514567410591
606	0.146677194131138	-0.0728290081029551	0.0417999117983558
607	0.137229426387834	-0.0920724801262057	0.0553345745710692
608	0.144281553054456	-0.0988847525620054	0.040059844575399
609	0.157316459466693	-0.0986735950556551	0.032167472115097
610	0.158360161293232	-0.113358441798739	0.0528146373292586
611	0.159589806673246	-0.100193358509227	0.0503809278312558
612	0.163091999873183	-0.0912568235108548	0.0326180926646046
613	0.159403703144327	-0.082795798361992	0.0243819760902686
614	0.142696681783835	-0.0790837535137671	0.0360822208130406
615	0.142235904606251	-0.0686143895656955	0.0447769803502995
616	0.153282773243958	-0.0547531861908127	0.0344880598160728
617	0.159326227776342	-0.049487815397468	0.0462302314441883
618	0.164462461200609	-0.0517599808211297	0.0582084585195673
619	0.176998310473554	-0.0549366482306251	0.0619432670628025
620	0.188363915263155	-0.0546631722354132	0.0543979962497121
621	0.185026359717822	-0.0437291501203304	0.050563886700603
622	0.181820536305615	-0.0494106890086655	0.0567711850407706
623	0.175071043321696	-0.0632540543683717	0.0673353480192416
624	0.169947467637117	-0.0746430558069351	0.0533238491258947
625	0.166752424678508	-0.0662467454672134	0.0360544067540072
626	0.151777774877932	-0.0754367542889694	0.0457201743357167
627	0.149116735418011	-0.0665587581243604	0.0290438685452579
628	0.136943340549008	-0.0630135002496394	0.0447046595118933
629	0.139266704209356	-0.0442621345518199	0.0419733605017022
630	0.136391667442266	-0.0390946195700109	0.0609512772600099
631	0.138576885285292	-0.0525423345045373	0.0543593548760268
632	0.13671601783149	-0.060230255436097	0.0387076019100926
633	0.137360353793654	-0.0523171539497463	0.0216688800377309
634	0.144346290364026	-0.043453373921341	0.0235658813788303
635	0.161195246513832	-0.0460278577907405	0.0283146065355022
636	0.161089945009034	-0.0521184197658119	0.0133548314387758
637	0.165937869951319	-0.0669108345707544	0.0142338935542403
638	0.176649016671391	-0.0644490370922654	0.0248752169618677
639	0.173878208803746	-0.0765299707858987	0.0361878093404127
640	0.165131651236945	-0.0867719373002135	0.0262179612832697
641	0.165167218440784	-0.0798642139241573	0.013879548414874
642	0.156591040539236	-0.063708284584542	0.00355396925296558
643	0.163385796982019	-0.0565980357799915	-0.000467382710186023
644	0.184911883261639	-0.0623662993599254	-0.00242339580930325
645	0.18435580622577	-0.0603535967704964	-0.0131894899112405
646	0.176325857120454	-0.0591863249327896	-0.0279075319265285
647	0.182747608016204	-0.0680338454240572	-0.032201110816279
648	0.187329357037388	-0.085028914449287	-0.0311519829829893
649	0.173367870425173	-0.0850000623323926	-0.038708385959055
650	0.161568928861684	-0.0935300807731369	-0.0339858097776201
651	0.160584071170415	-0.0936114190472962	-0.0296717537395604
652	0.153987780013237	-0.0780964281693327	-0.0280558450003772
653	0.17545169157051	-0.0807048035020222	-0.030691013846144
654	0.171587556395752	-0.0614578127299169	-0.0388265624578589
655	0.18809725223191	-0.059307044237248	-0.0522819422391045
656	0.169126265541951	-0.0570337300205694	-0.0604390739210973
657	0.185134190238482	-0.0693889230914446	-0.0694237559861052
658	0.175021628335858	-0.084312507405613	-0.0814184866755579
659	0.155231818503006	-0.0802956308398277	-0.0803896700318289
660	0.153565373796589	-0.0887381960832203	-0.0802037780455227
661	0.149396227898735	-0.100162371968596	-0.0772162469785181
662	0.131996147095814	-0.0821912701436573	-0.0740003566135492
663	0.154810564899113	-0.0827575892965625	-0.0622530706598697
664	0.170683154186703	-0.0839091222535128	-0.0603584403058909
665	0.161669035462024	-0.0599467351220744	-0.0670871919383779
666	0.169368794812303	-0.0601547261631269	-0.0652398348194875
667	0.173113795239996	-0.059610922960072	-0.0883899167731892
668	0.167743792441289	-0.0602772240440845	-0.0944613844498061
669	0.163859916951897	-0.0690229695888188	-0.107511093158306
670	0.185033392867197	-0.079729805917223	-0.101460975678135
671	0.167872159124556	-0.0854789427316174	-0.0824036526317203
672	0.154574302626238	-0.0900169074364562	-0.088801609584323
673	0.153310103697601	-0.105181535951823	-0.0871147207948417
674	0.159303231350496	-0.109056336316685	-0.0735960244631352
675	0.14729550088676	-0.119010173341729	-0.0689853894457048
676	0.141102574698319	-0.112947357874852	-0.0553608962411176
677	0.154108961042652	-0.106730058449405	-0.049835360671765
678	0.148344391781952	-0.0964890817861602	-0.0388836731987469
679	0.134215071484073	-0.0922835010439006	-0.0450830152133345
680	0.135235511701133	-0.0769172189528621	-0.0450503225367702
681	0.126735535976171	-0.0707010369949799	-0.0423332113621817
682	0.143230110567802	-0.0663751496805608	-0.0445295601523278
683	0.151720755693385	-0.0731309672340266	-0.0579229213858608
684	0.139219756045056	-0.0852975929190659	-0.0672345227345222
685	0.153289357792437	-0.0931687605061853	-0.0571512235473472
686	0.160667993443522	-0.103173090588317	-0.0554950728453733
687	0.146048357851499	-0.113253460415983	-0.0550460812843632
688	0.152532023428297	-0.118642343226253	-0.0417143842600191
689	0.157132897304766	-0.114615422073896	-0.026196879235171
690	0.138859098953674	-0.117433839548476	-0.0247097430826247
691	0.139309197603552	-0.0799155071085839	-0.0521187706250937
692	0.124306483090111	-0.0690855523251469	-0.0611764420119456
693	0.139963478666839	-0.0584567054232475	-0.0552988604220298
694	0.14981838132047	-0.0530470850900126	-0.0579898265428981
695	0.137520415239691	-0.0444997411144523	-0.0726172177325896
696	0.157896151636527	-0.0448722869174106	-0.0770894197134935
697	0.163283792403471	-0.0487061840796265	-0.0871120247492084
698	0.150801122071159	-0.0608424973404877	-0.0994106059747937
699	0.160462848641553	-0.0671010642186859	-0.0980847662794431
700	0.159578015267307	-0.081566292030126	-0.0981066724888616
701	0.160785203075996	-0.0889057349369488	-0.0965946273155996
702	0.160452952057194	-0.0850656792774357	-0.0801763204468629
703	0.146404566894629	-0.0784274056715544	-0.0765061847986258
704	0.136588454246824	-0.0771634912646704	-0.0896052809177908
705	0.136106919650916	-0.0629625124691992	-0.0808040059580423
706	0.137438893834964	-0.0497083976179147	-0.0907336137652077
707	0.147709048902125	-0.0394951935451177	-0.0821983591793434
708	0.160058174081359	-0.0363542348382879	-0.0872762051892259
709	0.164810938567922	-0.0365666626929311	-0.103067271437804
710	0.17608957071043	-0.0385301387050783	-0.0967026788390067
711	0.172430673479241	-0.0493339815178683	-0.0757487880913894
712	0.160623271687809	-0.0556868150798967	-0.0706606695489564
713	0.152020963993696	-0.0611937336122164	-0.0601403247184796
714	0.153487707324904	-0.0580260465657033	-0.0444893298934654
715	0.165490198689773	-0.0516760282738806	-0.0379292784458812
716	0.167931896782027	-0.0681870930567362	-0.0339226758267925
717	0.167404758517558	-0.0847905648334316	-0.0358390938621393
718	0.185964530693774	-0.0749060596901527	-0.0305026820473847
719	0.199754691123084	-0.0716710987105651	-0.0404079156187458
720	0.197588812497875	-0.0861645143798471	-0.0507124205535686
721	0.185642093386682	-0.0805847200970679	-0.0518293717287233
722	0.17682041400483	-0.0899221340934176	-0.0446823993454201
723	0.171329944550019	-0.0979782646896568	-0.0347677368379738
724	0.174771347769759	-0.0708410577952002	-0.0283372006537067
725	0.163007701572642	-0.0791823914532364	-0.0212852746997858
726	0.149011993041343	-0.0732803827452864	-0.0205408754767135
727	0.137574819314348	-0.0739939363667263	-0.0309495837057821
728	0.13795858559999	-0.0587653430244358	-0.0393204263478878
729	0.13751882042544	-0.0621139544027544	-0.0547283549335364
730	0.131204839322038	-0.0767848226441301	-0.0565272350281395
731	0.130264873473749	-0.0595153545247878	-0.0650527766919369
732	0.121360714228412	-0.0666485512909521	-0.049313449698479
733	0.116858918223708	-0.0824425579268618	-0.0637339721973216
734	0.116146499791565	-0.0894385165104471	-0.0583411280428579
735	0.1262498023391	-0.0926042027175958	-0.0415383309758711
736	0.130413274659312	-0.106989577697211	-0.0560965962953934
737	0.138948448771085	-0.106847572642878	-0.0574222013253999
738	0.150294968194775	-0.10498802065215	-0.0405005321500817
739	0.163071190246683	-0.0982264173550855	-0.0621331961151284
740	0.16614557202407	-0.0874870752343576	-0.047546174445259
741	0.157596746922962	-0.0955569002036784	-0.0450223821656812
742	0.149049230943143	-0.0970706493382597	-0.0344506332652589
743	0.138558701482592	-0.104068124759714	-0.0303548700610859
744	0.142668696090434	-0.11906380543032	-0.0450181510740713
745	0.12298987723072	-0.121623056748784	-0.0432224949578717
746	0.115090344075154	-0.122725286345708	-0.0484429868949763
747	0.119485159597088	-0.120368461685345	-0.0690369439881317
748	0.116009116937497	-0.109131536606054	-0.0682319112188168
749	0.106676550011511	-0.0992378979757146	-0.0628408871402564
750	0.115804158115509	-0.0835630868744429	-0.0698756288999018
751	0.121019750631667	-0.0864680732830263	-0.0692930580066163
752	0.110397197982002	-0.0963557363131065	-0.0530167586693709
753	0.12458958921097	-0.109186311078813	-0.0657565978818513
754	0.129134408916342	-0.119310037495953	-0.0765691705924053
755	0.112493959955987	-0.12768002019505	-0.0585727779963958
756	0.0978050715916802	-0.135295415051724	-0.0658736447759417
757	0.102275389904287	-0.131566031693796	-0.0931353144118499
758	0.0943223904888953	-0.125398420604778	-0.0827518723862582
759	0.0841865856113544	-0.112762629797425	-0.0841556463022716
760	0.0904553490218549	-0.106682351819528	-0.0959838698905741
761	0.0876620875039992	-0.109609117769404	-0.08580581224756
762	0.0959879985667248	-0.116345508273109	-0.0985478298094792
763	0.102623446930121	-0.116174946431261	-0.111368815721468
764	0.112542787236702	-0.110816813688982	-0.124793333975509
765	0.10418021433186	-0.0969664071370865	-0.13660408198798
766	0.0889801340632773	-0.076925951303559	-0.130202381741008
767	0.0788457961195539	-0.0731973987301838	-0.112567532076387
768	0.0945110544572101	-0.0677226238641641	-0.104489020979906
769	0.10963080200834	-0.0699797286594286	-0.0975162866533657
770	0.12419271222405	-0.077561918674466	-0.0958073613963763
771	0.120661431841038	-0.0766759938804782	-0.0980814769616538
772	0.104329860270379	-0.0821830865760824	-0.108029627153898
773	0.118746564546498	-0.0859649342173745	-0.11727408741925
774	0.106134568982148	-0.0884716679501855	-0.132009366448686
775	0.0975316189080947	-0.0730483614780231	-0.125474949752839
776	0.114622166562398	-0.0725644800971324	-0.136100558036958
777	0.129216975238877	-0.0584611297472026	-0.137462920056366
778	0.112159247544683	-0.051885907815948	-0.138189498777977
779	0.117407333881843	-0.0392234702999165	-0.131979371205742
780	0.116995093755961	-0.0340711744294449	-0.12748082398552
781	0.118272136167543	-0.0391179908808065	-0.132093397410837
782	0.107981685024089	-0.0444476531732348	-0.138139130191403
783	0.105983958945185	-0.0527893395830469	-0.125477975788892
784	0.104690290543471	-0.067306324302523	-0.122975470045504
785	0.101057511802708	-0.0791616288365815	-0.131099272200887
786	0.10935956997806	-0.0902864727408988	-0.135512962967277
787	0.124027746774701	-0.0916859681130862	-0.135921516797192
788	0.132999373526181	-0.0882985404302594	-0.148912041211976
789	0.145010598192142	-0.0794055278724877	-0.147616641060995
790	0.152344077065402	-0.0747534270774741	-0.135608497264876
791	0.145746511317897	-0.0773635894827083	-0.131541772571564
792	0.14699655784817	-0.0847157065668793	-0.104814497964465
793	0.135527173698783	-0.105959407036156	-0.117665451310643
794	0.125833325432209	-0.0974784705674945	-0.122764299599853
795	0.122475298409432	-0.0870084387622192	-0.123458172458519
796	0.119784411564662	-0.0922161951652141	-0.0950112297983688
797	0.100895413409174	-0.103033538818273	-0.11205894913082
798	0.0961039706365549	-0.0861926773994066	-0.135250263086469
799	0.101223895475926	-0.0709542149068896	-0.112198476451118
800	0.0981207225101327	-0.0766334424313524	-0.107728400132682
801	0.0975464633550571	-0.0911711746739242	-0.105813335246669
802	0.106813374681059	-0.0907995671939934	-0.0923851302992039
803	0.0970480239229687	-0.101274261721978	-0.0852368077458728
804	0.111625992688197	-0.0995478944184652	-0.0749580140618752
805	0.125247248250494	-0.0941931244814471	-0.0800365738434989
806	0.13108838568229	-0.106301474878386	-0.0734169298687155
807	0.128110676257294	-0.123406710708958	-0.0785909891360508
808	0.140749065209104	-0.118426876946802	-0.0898490503476021
809	0.135446284687196	-0.118810815707354	-0.106345860136518
810	0.124080018723701	-0.130625706981472	-0.100627028894227
811	0.137228424727951	-0.135003480580625	-0.0979273176858215
812	0.123573334297687	-0.128037359171141	-0.102860612279846
813	0.118935440380183	-0.113712009846079	-0.104596162457489
814	0.105087007727464	-0.108103820834278	-0.0984313147555598
815	0.095397392672061	-0.11506760173106	-0.0892735170109382
816	0.093264944612248	-0.124269027396986	-0.0768324267591139
817	0.106893553679092	-0.135771972709528	-0.059048623986162
818	0.114992723701609	-0.122593815197859	-0.0554079125927142
819	0.129243984291657	-0.114376533327218	-0.055232844098213
820	0.134565481135328	-0.100950201675505	-0.0614308164555662
821	0.116667253225809	-0.119845606440895	-0.071225006795886
822	0.121993312616134	-0.12935731577371	-0.0785118563129343
823	0.119511177031961	-0.14124478159852	-0.0834315115302942
824	0.110358364153626	-0.150544678181466	-0.0797045441993741
825	0.0991096643594793	-0.15308054444422	-0.069964409474726
826	0.0911518935147244	-0.157048746517953	-0.0781188005683301
827	0.0851767107875656	-0.147331623452456	-0.0848069321069159
828	0.0786478286241511	-0.140199410536703	-0.0728887747079865
829	0.0734176456765249	-0.13084970080576	-0.0905441726975265
830	0.0785580893329558	-0.120987910986227	-0.100109796522082
831	0.0803542480234773	-0.130252955494538	-0.0985585879009698
832	0.0796851114799541	-0.133607772170157	-0.111612984584464
833	0.0624367218259352	-0.145081900299886	-0.100373250916487
834	0.0696360976997163	-0.14994406916173	-0.0842075093866127
835	0.0640319413813072	-0.166129318252508	-0.0908682926154048
836	0.0796578610820425	-0.173341256052348	-0.0875091661936071
837	0.0843967643785772	-0.178104329116847	-0.099494183393677
838	0.096590555518165	-0.176845096749258	-0.107601297312791
839	0.110761241166481	-0.16601527346215	-0.102334347609665
840	0.11524435012841	-0.156905285744358	-0.0874070448906112
841	0.106944304883811	-0.154014536565413	-0.0892298366690812
842	0.0983744956588405	-0.145837965222124	-0.0798168017823777
843	0.0859219884639127	-0.153386909709498	-0.0784169838517919
844	0.0842736018802699	-0.159252311357847	-0.0922797507378784
845	0.0673872682787804	-0.155857549963554	-0.0902342622026075
846	0.0585361053467026	-0.141524078690584	-0.0975851449832539
847	0.0605150808686191	-0.125755502670204	-0.0937893929220207
848	0.0663526614161387	-0.1202172930686	-0.0958398633807358
849	0.0774051665974972	-0.117558914990453	-0.107256402189643
850	0.0764605079478275	-0.126307865708144	-0.121547429015651
851	0.0765113707860083	-0.119988190938141	-0.118627574227879
852	0.0632029093484096	-0.118770975494801	-0.111196086715542
853	0.0648113179781531	-0.105794154203778	-0.0914147859678563
854	0.079026523102103	-0.111691091841593	-0.0970174820536976
855	0.0838715870284042	-0.0921633814959819	-0.0898371672602271
856	0.0629430010790727	-0.0831383389141126	-0.0905944702580725
857	0.0730106580983159	-0.0726281059133627	-0.0957392700059303
858	0.0729099353915654	-0.0717723373791129	-0.111288735933067
859	0.0822432557708401	-0.0719907006942363	-0.121891172272495
860	0.0612094158897578	-0.07412227876083	-0.130473880744843
861	0.0660241361350745	-0.0672671334765468	-0.140300794808092
862	0.0729171734464873	-0.068506200488249	-0.12785341063472
863	0.0725641433805087	-0.0712697502818692	-0.112235694392763
864	0.0670627866453818	-0.0775914633302527	-0.100246506756751
865	0.0553206429211989	-0.0850417497194435	-0.0942713688849499
866	0.0380318528837829	-0.08336059518905	-0.102371175855069
867	0.030410765705211	-0.0897845250094921	-0.112820096449761
868	0.030973460692972	-0.0997078950465317	-0.127988127365335
869	0.0451270769339623	-0.11139376864468	-0.127356024256215
870	0.0562555918814515	-0.115466231128787	-0.132468957860634
871	0.0325802477292015	-0.120168558287316	-0.0941034422040639
872	0.0235596822689601	-0.106914587614511	-0.0902702643827252
873	0.00568924645089516	-0.103555778629255	-0.0847574247768603
874	-0.000933977397315086	-0.120767296598211	-0.0840885809544601
875	0.0110587950683442	-0.137547995074697	-0.0808580340849143
876	-0.000713574204945385	-0.124360558221943	-0.0578587143574661
877	0.00510293887480755	-0.141231936973513	-0.0546473659584417
878	0.0219586566641124	-0.138213929586005	-0.0445324997826072
879	0.0328389613703917	-0.125584490571287	-0.0403935582162492
880	0.025581717085752	-0.111585712792071	-0.0382927604627669
881	0.0276817525290814	-0.111206293539931	-0.0354537242020115
882	0.0303265939913138	-0.114190904240571	-0.0501564308907647
883	0.0285276982709258	-0.119224224510467	-0.0634629227743602
884	0.0124073435500012	-0.133626876342732	-0.0535436071943624
885	0.00417874519031341	-0.136898810344739	-0.0575762701910213
886	-0.000340584041135013	-0.12274211794955	-0.0756003240431501
887	-0.00978582557826409	-0.116771812769772	-0.0702329885808433
888	-0.0212127416377832	-0.119376588196527	-0.0510082662118874
889	-0.0169504426277725	-0.0993845653547786	-0.0601630156608043
890	-0.0142015805879397	-0.0913999165245824	-0.0531224359837467
891	-0.00711261464712228	-0.0917010897247416	-0.0675134162961658
892	-0.0177099857715579	-0.0762605022936199	-0.0845780921897462
893	0.0134338332898938	-0.0873667860342714	-0.0822118170286172
894	0.00596469057124888	-0.0729512854263629	-0.0888428253436176
895	0.0179506251067887	-0.0781945019110369	-0.105178509507232
896	0.0148332185782262	-0.0842944897835947	-0.111563289311725
897	0.0153450598604983	-0.108086450147456	-0.106734154922168
898	0.0221331729640767	-0.107213307168868	-0.107167905921563
899	-0.00472572546896977	-0.122692101279157	-0.105215519747278
900	-0.0159613809297615	-0.111281618155279	-0.115860161861206
901	-0.0183572607154148	-0.11538574813003	-0.122301695371603
902	-0.0035072636266845	-0.107771548794362	-0.120768540394693
903	0.0032124471582293	-0.110992898614515	-0.104052106508083
904	-0.00783489155537541	-0.120669082469841	-0.0969193323897956
905	-0.0116899896871029	-0.124091017877275	-0.0821130053936556
906	-0.0124318036982487	-0.107296340339383	-0.0770713758335249
907	-0.00906594548650389	-0.0939787897528468	-0.0808223232530595
908	-0.0277143718952319	-0.102982954024882	-0.0787229384195488
909	-0.0343012339469747	-0.0875097430418697	-0.0897847648765098
910	-0.0243821958713065	-0.0740459856431371	-0.100812359692484
911	-0.026444058851361	-0.0878428687984801	-0.107838613980588
912	-0.0339493444854371	-0.0993043197441228	-0.112026535405858
913	-0.024669053610421	-0.112235788647363	-0.111328261514711
914	-0.0424690336131243	-0.124443289948619	-0.109419338670411
915	-0.0176590177760416	-0.132614031747475	-0.102013469242217
916	-0.0261094135086048	-0.137728956118779	-0.0988758065157629
917	-0.00644679674536846	-0.126136217085958	-0.0833201140370867
918	-0.0149922773204962	-0.11132492851148	-0.0674522506949565
919	-0.0283535789696791	-0.11389556726677	-0.063659562501945
920	-0.0391971754091284	-0.107361490484733	-0.0633824689265185
921	-0.0481389919396153	-0.089631057150256	-0.0860115008806577
922	-0.0434088978340643	-0.0899349796679837	-0.102463568078161
923	-0.0322887014155152	-0.0951285170239825	-0.113321947017732
924	-0.0170597153589649	-0.0945419521455959	-0.107113022480159
925	-0.0153615164510309	-0.0968972576029967	-0.0888355783794013
926	-0.00572527613668322	-0.113016287166556	-0.088279158511658
927	-0.0117880924940889	-0.126066252401987	-0.085124984421415
928	-0.0275297683412164	-0.13242850537762	-0.0814286902644071
929	-0.033309759418207	-0.137687339459362	-0.0958707168540211
930	-0.0293134384116541	-0.13970949473301	-0.111641729248051
931	-0.0114079613420799	-0.132491037364459	-0.0896993057044779
932	-0.0196448474753088	-0.127491031336669	-0.103449751469105
933	-0.0297423158138776	-0.113107529773515	-0.0992382800301973
934	-0.0267312398545742	-0.10354205855053	-0.0843192148745884
935	-0.0121673848702478	-0.101896943389399	-0.0775397920815358
936	-0.0154217291309394	-0.0894095792449676	-0.1069912171149
937	-0.00806180978641697	-0.0806842737091681	-0.0957689324124495
938	0.00766864001474059	-0.0843513713312275	-0.0894575702699611
939	0.0187841392553417	-0.0928901636578946	-0.0983262650405978
940	0.0173670443027277	-0.096046581519929	-0.115333695659149
941	0.00468677993465133	-0.0886198460845942	-0.113638724578256
942	0.0182096824066697	-0.0956072114253856	-0.119764576645539
943	0.0300776260768664	-0.0923079992395606	-0.103372452757137
944	0.0168030209615692	-0.0882851781872108	-0.0831868090014645
945	0.0288321520197113	-0.098319626673216	-0.076848083845075
946	0.011437817583282	-0.106246674872085	-0.0733568101362957
947	0.0219063886110992	-0.122975940044161	-0.07763264026221
948	0.00293899029733579	-0.120179687072064	-0.0807512331722267
949	-0.00426444089291717	-0.126083207614646	-0.0898135931677926
950	0.00903353205113415	-0.138626030881877	-0.100364225642309
951	0.00964521869454335	-0.134238940540503	-0.0862521573730998
952	-0.00548201984386902	-0.139491224251718	-0.0815039848707012
953	-0.0112209822674885	-0.131347907200496	-0.0682254113594858
954	-0.00438102064906024	-0.120170346217718	-0.0599314267443099
955	-0.00046679742576404	-0.119518808624663	-0.0443333255422995
956	0.0151897985696631	-0.122028126805083	-0.0397156321181307
957	0.0179307882346089	-0.138263751744704	-0.0339733175235701
958	0.0345660990728291	-0.138361246336578	-0.0411950312254248
959	0.0313184042871373	-0.154450427729273	-0.0460616978273266
960	0.018522393268373	-0.166337321214123	-0.0449765375815385
961	0.00223648822673582	-0.162328355129752	-0.0360956707145766
962	0.00507194316060008	-0.154447149575479	-0.0214188304731913
963	0.00066461532170501	-0.15337437864926	-0.0144597717254166
964	-0.00438402895762284	-0.150767433772763	-0.00101317764373737
965	-0.0164795870450122	-0.165389858909558	0.00226704982966994
966	-0.0303588661288855	-0.153191407436893	-0.00182954766566095
967	-0.0421361160796545	-0.155752240794029	-0.00685846111599826
968	-0.0461399306470313	-0.164781569681966	-0.0159176982883674
969	-0.0463153145204473	-0.151470562693133	-0.0283368280941717
970	-0.0446724911690132	-0.146969302169118	-0.0348981309719868
971	-0.0392052633172351	-0.137309661665375	-0.0242681957135964
972	-0.0431242479586662	-0.141752620044489	-0.0131647260143083
973	-0.0525066048114803	-0.146749923599304	-0.00626889378220435
974	-0.0672244969058301	-0.146351578443849	-0.0103983888553963
975	-0.0808554458134327	-0.147256887667404	-0.0229929832179085
976	-0.0754256955952335	-0.168900337373591	-0.0130187131447449
977	-0.0781774598324972	-0.169872465487687	-0.0310856315210387
978	-0.0723701218986567	-0.173420768501019	-0.0420163092590372
979	-0.0613331739388958	-0.178610636722853	-0.0462859948549723
980	-0.0501470369754774	-0.183731051501709	-0.0430827811296031
981	-0.0475782932223688	-0.173271656577253	-0.0438008163366385
982	-0.0604766824289366	-0.175882968873323	-0.0354629404216461
983	-0.0676379510148898	-0.168811993825465	-0.0238300671313793
984	-0.0497353115552462	-0.160679081808703	-0.0197827483924192
985	-0.0634230694912386	-0.143399157477122	-0.0171780648674545
986	-0.0716707159924606	-0.131827518989791	-0.0244164309430868
987	-0.068386101937356	-0.122232386298996	-0.0345101987636772
988	-0.055614835756289	-0.121079748287036	-0.0451051691051691
989	-0.0606759939211729	-0.125655905773373	-0.0597361305171245
990	-0.0756127221990076	-0.129391170951599	-0.0605333206205269
991	-0.0613261908613718	-0.133691786724642	-0.0368754595524689
992	-0.0663610761783742	-0.122038425511174	-0.0181425909478119
993	-0.0540424302217306	-0.120907022579831	-0.0250001278012981
994	-0.0336772105211277	-0.115490823730654	-0.0224051584688696
995	-0.0477770059254081	-0.119849842868905	-0.00569001552591661
996	-0.0382311150073303	-0.134959490855007	0.00549692655598828
997	-0.0251327569731296	-0.144711394061236	-0.00699038957439913
998	-0.0392047491917724	-0.156294260458423	0.00196016635997669
999	-0.0405349256729093	-0.15598263369171	0.00276381786766248
1000	-0.053993662196675	-0.168424387500559	-0.00734020119686718
1001	-0.0554141364463318	-0.149534411724998	0.00106565548713745
1002	-0.0512158304796359	-0.142349689251468	0.0163698827657157
1003	-0.0389830885267763	-0.131709553411444	0.00917080955047605
1004	-0.0495608963590152	-0.122379607159512	0.0243780554953296
1005	-0.0544706179020436	-0.113559555258803	0.026981771168302
1006	-0.0576176633473612	-0.103500268027616	0.012329507493594
1007	-0.0567876335974528	-0.0975756560102048	-0.00318910621461986
1008	-0.0744216063518958	-0.0991744652491799	0.00157134130258624
1009	-0.0870168702744786	-0.111282105859811	0.00355926755867159
1010	-0.0812162232679468	-0.111749598167504	-0.0130793778455905
1011	-0.0784044135872671	-0.0953642647321585	0.00850995066998115
1012	-0.0679777476725729	-0.0983132072387392	0.0205767001351351
1013	-0.0556783292120487	-0.0735034568373487	0.0171942836174387
1014	-0.0690533020014464	-0.0719134947085908	0.0146552066670203
1015	-0.0560163335438159	-0.0729958069794112	0.0412356505095205
1016	-0.0774776686984383	-0.0555910395776409	0.0332805743454158
1017	-0.0748045990881032	-0.0563252650882018	0.044660104347697
1018	-0.0899469669227621	-0.0688792793709113	0.0487879220269763
1019	-0.0877769819058988	-0.0770679014922803	0.0562585976326689
1020	-0.1048821302628	-0.0654478222134056	0.0387197149836232
1021	-0.102386867609206	-0.0660831610276284	0.0386568113848708
1022	-0.0972891668415907	-0.05505873833514	0.0464959752534379
1023	-0.0856054869621473	-0.0454048974090898	0.0409175094947441
1024	-0.0788278256802593	-0.0533125061775379	0.0286279993671068
1025	-0.0705144624914027	-0.0663002332134914	0.0319094121591486
1026	-0.0710668072529427	-0.060407317681636	0.0593233766503737
1027	-0.0585516268789096	-0.0586708769571241	0.0518070797637649
1028	-0.0732288051149849	-0.0850659931488224	0.0448639901827433
1029	-0.0707412319577401	-0.091016955115298	0.0598443525463575
1030	-0.0560662411676612	-0.0866610908432672	0.0620070960485472
1031	-0.0643748612315396	-0.0862121197945709	0.0596971366777447
1032	-0.0870495093998222	-0.0930548035760802	0.0651828374787092
1033	-0.0675980934333266	-0.108060360609075	0.0519131553112274
1034	-0.07724896439573	-0.117735147983145	0.0531788005694386
1035	-0.103919281201066	-0.103664517559074	0.045742772768146
1036	-0.0922312188098807	-0.106423001707003	0.0332047025636666
1037	-0.0858661915888144	-0.101020061443854	0.0191688919140452
1038	-0.0976115415762204	-0.0904627806442723	0.0167177316389587
1039	-0.0944526188593931	-0.0759864984011761	0.0189716921775012
1040	-0.0800080567525498	-0.0717922750676372	0.0164149114618395
1041	-0.078948806986065	-0.0868380193341056	0.01654675210229
1042	-0.0925458981335355	-0.0939305613915754	0.0208679396782641
1043	-0.0994112169511892	-0.104190756633868	0.0159683873925439
1044	-0.0781294256507604	-0.111338769585407	0.0317113517184598
1045	-0.0890258578801547	-0.12078964727462	0.0322163427447179
1046	-0.0938486443853361	-0.130450302349887	0.0209136555354483
1047	-0.0784738966521081	-0.137546819177205	0.0179938489088132
1048	-0.0806840264907613	-0.14100134177733	0.00198207088567846
1049	-0.0733850035112343	-0.133261789151582	-0.00643330208513872
1050	-0.0577716022321635	-0.13133030618786	0.000207021731042169
1051	-0.055364582863766	-0.140637561272549	0.00625342842150613
1052	-0.076100664560597	-0.136102607666406	0.00730155351994657
1053	-0.0744442723780578	-0.145806171503572	-0.00569584480007526
1054	-0.060262878920166	-0.143164237941099	-0.0191062911466562
1055	-0.0778015987051037	-0.134237259138964	-0.0263947701407079
1056	-0.0844567644106597	-0.120333557853454	-0.0223000856899809
1057	-0.0690411720805797	-0.113018806915372	-0.0305917241653498
1058	-0.0549814077158517	-0.103069840937992	-0.0245874591696796
1059	-0.0675929710073439	-0.0948690900950582	-0.0126516337302237
1060	-0.0663279843825465	-0.0905022461981042	-0.00692315611001538
1061	-0.0670281422620378	-0.0954285388995539	-0.0292567840867962
1062	-0.0549958536468118	-0.0936511264084191	-0.0395699510123694
1063	-0.0563770285673781	-0.0889929461373145	-0.0527863341773001
1064	-0.0542676335759803	-0.0854471489166875	-0.0673211966214103
1065	-0.0663967185720129	-0.0767792403915042	-0.0703761861464347
1066	-0.0661933193619901	-0.0940878785725144	-0.077349299650766
1067	-0.0737280927646159	-0.111885380975648	-0.0777189471517583
1068	-0.0873557493327596	-0.109982254313225	-0.0740217196563114
1069	-0.0947345755111952	-0.112363621348061	-0.065261689621851
1070	-0.103734473835551	-0.102801638872823	-0.0580650831951755
1071	-0.103573190152841	-0.0995787125234596	-0.0633553238943664
1072	-0.117732236521932	-0.0861980788591224	-0.0596164352867262
1073	-0.100229084883986	-0.0782784750888849	-0.0586192064242601
1074	-0.10194165157027	-0.0617473928823452	-0.0662546380403984
1075	-0.111567357985941	-0.0757081663618946	-0.0780274967131161
1076	-0.102790456218804	-0.0757782355120662	-0.082682430675196
1077	-0.0849348124757036	-0.0679914246089152	-0.080944422533799
1078	-0.0856621723795425	-0.0801863438478417	-0.0957629894928329
1079	-0.101441697319522	-0.0747816951318654	-0.10567296011948
1080	-0.097435461321008	-0.0554245829917918	-0.104763365517717
1081	-0.108532021203495	-0.0588381204858616	-0.0737179708443168
1082	-0.0952183329835132	-0.0501638377684095	-0.0588483330822899
1083	-0.11029200588703	-0.0385070816286786	-0.0487819771081747
1084	-0.125439880326398	-0.0422540636125267	-0.0431324343848015
1085	-0.132529156436272	-0.0530797311911594	-0.0544604842797355
1086	-0.118031910926423	-0.0574883270641858	-0.0301623242922545
1087	-0.133492538685923	-0.0643307428832546	-0.0227505133652883
1088	-0.135529404242167	-0.0752088430558212	-0.0397026343951947
1089	-0.129196175492185	-0.0871613073195225	-0.0386246267801258
1090	-0.109735834462144	-0.0903816395270529	-0.0329192133687914
1091	-0.112638107405225	-0.0878036104644644	-0.0304840350359919
1092	-0.101440314881014	-0.067737410478368	-0.0348863411272581
1093	-0.104599825102498	-0.0585752631956261	-0.0406819809236095
1094	-0.129107918958526	-0.0626103151081443	-0.034117650455207
1095	-0.130104251504426	-0.0502699358108143	-0.0362306102709126
1096	-0.113746076039616	-0.0409420656909713	-0.0170802670599609
1097	-0.127503441354224	-0.0413995089259113	-0.0120007087105195
1098	-0.134286768970067	-0.0533358083537288	-0.00427869634252111
1099	-0.122676687632822	-0.0604477344774544	0.0064195311518673
1100	-0.109300117410612	-0.0557076997612981	0.00859804011966239
1101	-0.101061743685107	-0.0525950488145693	0.00652678370263286
1102	-0.100264540888066	-0.0683300567798338	0.00827685109381296
1103	-0.108010647696827	-0.0700611572455164	0.00160309177375724
1104	-0.113182059107442	-0.0838748641626359	0.00833082375391879
1105	-0.120993154690491	-0.0819278981024421	0.00387846751344429
1106	-0.129204095485679	-0.0739497066297826	-0.00610815293173058
1107	-0.141648998730823	-0.0791557989435836	0.00932305509770275
1108	-0.137330694339875	-0.0644807876059033	0.0078807366551382
1109	-0.141433878874594	-0.0620877564522126	0.0234321998819875
1110	-0.133484317545676	-0.0545131264681245	0.036860342765486
1111	-0.132586872889749	-0.0500512485730813	0.0222147835442718
1112	-0.146863553612082	-0.0524217623274867	0.0332058465284967
1113	-0.147511374203567	-0.0670728187054587	0.0481427586440717
1114	-0.128223731467604	-0.0721151541995872	0.0495149714205906
1115	-0.115835929139336	-0.0663938008155503	0.0447212797784623
1116	-0.133487690654529	-0.0601728523124458	0.0606246375122319
1117	-0.125733071070208	-0.0590269630057796	0.0776904498589578
1118	-0.105765511913967	-0.054455548660862	0.0729380157826777
1119	-0.108301285698775	-0.0393286004716035	0.0612767815053922
1120	-0.122446579403364	-0.026363658565661	0.0671543066803152
1121	-0.124363811878183	-0.0235465365226063	0.0557886830917899
1122	-0.136234707235694	-0.0100831492605667	0.0649722640376005
1123	-0.153336241682236	-0.00516133587810014	0.0738474380616896
1124	-0.148386692211597	-0.0244470652555267	0.0685537430386654
1125	-0.153097475158803	-0.0369622970308718	0.0798008488960593
1126	-0.153425917667718	-0.0279563753557763	0.0936798575853993
1127	-0.139578954986555	-0.039701626512447	0.0964007423999251
1128	-0.138310141562328	-0.0256524046868307	0.108948219035629
1129	-0.121538192050289	-0.0298924835993498	0.100715173093442
1130	-0.121853466051606	-0.0130411863959594	0.1044380095493
1131	-0.110891013869037	-0.00869814475884169	0.106237430922052
1132	-0.119667866197022	0.00675559571799603	0.0941865588400204
1133	-0.124549555639878	-0.0114364606751641	0.0820759660617455
1134	-0.141755509710895	0.00128235415362863	0.0813722043219391
1135	-0.149488828925133	-0.0191835213707616	0.0861079403726381
1136	-0.152834223793582	-0.0214561659355343	0.0854080473377671
1137	-0.151744547096923	-0.0392314460852568	0.0987681157858517
1138	-0.164456742621035	-0.0228020517528727	0.107979849622069
1139	-0.15580776241554	-0.00972992564884464	0.127873759270271
1140	-0.147531880933714	-0.0315750099013629	0.12626705088578
1141	-0.146058407552864	-0.0271523656231172	0.122729044163731
1142	-0.157940641404676	-0.0105097737115335	0.107000558981803
1143	-0.130512259749018	-0.0163900110108607	0.100984097377148
1144	-0.127888671539435	-0.0152248394404155	0.101594363846822
1145	-0.139704968302825	0.0102224966573596	0.0950923173265255
1146	-0.136723003454055	0.0117432548663646	0.0952022604266111
1147	-0.114895857249033	0.010163576436873	0.112518788977626
1148	-0.134823074006741	0.0274579322303861	0.119877672994926
1149	-0.125873184597953	0.0140571640061381	0.140797199143571
1150	-0.127150187697571	0.0122352605320443	0.142338468655087
1151	-0.131014757585611	0.00707909943247406	0.141826343281057
1152	-0.128342739052254	-0.0129578811535176	0.130331675551264
1153	-0.148506984645595	-0.0115703593150277	0.130279665419817
1154	-0.133868957892133	-0.000841723789737097	0.118781135020346
1155	-0.146623694591975	0.00782324592287459	0.119756120060469
1156	-0.15524699904056	0.000193629550617335	0.104494532797529
1157	-0.165660700601747	0.00940793089194174	0.10796722948661
1158	-0.158845203272892	0.0288561584177218	0.113785743943658
1159	-0.167705185760935	0.0198068486838965	0.137987583474001
1160	-0.133097797709987	0.0256364023082001	0.0973084114053987
1161	-0.156898633921201	0.000250593474261762	0.0922698491379224
1162	-0.160935004824712	0.00257662154784023	0.0921275629864894
1163	-0.186309404169849	0.00153448086947163	0.086373841376026
1164	-0.169873060232783	-0.0148572388185679	0.0677521543561268
1165	-0.165749685118332	-0.0176194086214589	0.0691981683521065
1166	-0.17091893187634	-0.0232927273256501	0.0982962410716967
1167	-0.189549482518523	-0.0350312004867604	0.0787201747569486
1168	-0.184356407522328	-0.0420977261058588	0.0781408764173487
1169	-0.199551378835244	-0.0282680815561875	0.105060083480874
1170	-0.181193458102428	-0.044610945368092	0.108389339328098
1171	-0.182831276441313	-0.0458321099381417	0.111255163169616
1172	-0.199587737648248	-0.0443807356719668	0.0978847822539632
1173	-0.186839669849653	-0.0578224329711848	0.0911659018332571
1174	-0.17494030697077	-0.0595828621288139	0.0767313146515991
1175	-0.185381863934446	-0.0393476811175619	0.0848532129326281
1176	-0.186941568561894	-0.0298965377055291	0.0654900943881336
1177	-0.167828934074826	-0.0396222870496277	0.0683124723842795
1178	-0.170890418263215	-0.0259167729848654	0.0566554340977724
1179	-0.154792817321056	-0.0200568233915087	0.0726328652257999
1180	-0.145883070682229	-0.0376097975243061	0.0769333878729894
1181	-0.13979926467575	-0.0379240257945131	0.0724958254374271
1182	-0.156691659145843	-0.028629710998966	0.0622143795417458
1183	-0.165429551807139	-0.0123582436365431	0.0750846729832496
1184	-0.150358708331917	-0.0239637725151392	0.0959403130851241
1185	-0.16880711331339	-0.0212894015178282	0.0983353764477974
1186	-0.166883925566088	-0.0327248140847491	0.112484427025281
1187	-0.179757273916863	-0.0449568789250251	0.108019662277252
1188	-0.190897506833767	-0.0387651056016329	0.0904045870248596
1189	-0.186182512387435	-0.052051682274352	0.0759816091217588
1190	-0.177623089707369	-0.0638281288498591	0.0879693813043637
1191	-0.182550241240583	-0.0488866417418176	0.08622752338336
1192	-0.173859786174833	-0.0377637238982356	0.0869483251137824
1193	-0.168809253453021	-0.0240946024173356	0.0837190595538295
1194	-0.183372540854406	-0.0131275966654036	0.0998218229453028
1195	-0.190907567663364	-0.0200700067641779	0.107453519489386
1196	-0.185563878557495	-0.00118028653865876	0.0786587303211937
1197	-0.200011155564964	-0.0043567305928585	0.0690174797043689
1198	-0.213128692210915	-0.011222748184699	0.0845291693718313
1199	-0.219410698847082	-0.0255665865803571	0.0739409403919939
1200	-0.203848046580518	-0.0247433010376274	0.0522370344817643
1201	-0.20561524823055	-0.0223297004065151	0.0565624476486626
1202	-0.210071407946528	-0.0281695223442495	0.0762551782916906
1203	-0.214915547135369	-0.023859913702642	0.081707007637042
1204	-0.232552486068081	-0.00905713152850136	0.0700907867771085
1205	-0.231738566696833	-0.0101207659379192	0.0923675974725794
1206	-0.231357076716924	0.008694217352877	0.0913189796203989
1207	-0.21095963733936	0.00706630169393417	0.100114785476558
1208	-0.219412617576256	0.0194913387188265	0.0783223282421025
1209	-0.196873937783428	0.0183383984858246	0.0818739977714477
1210	-0.192467000256252	0.0188448360735719	0.074036577645964
1211	-0.182677979640443	0.0214772719665951	0.0662089114483329
1212	-0.201720843328813	0.0275021525395756	0.0679245977206673
1213	-0.220820595850711	0.0251246793262971	0.0665584970313101
1214	-0.215126595388839	0.00795657314257255	0.0611985186866936
1215	-0.201728604460675	-0.0099611352797649	0.0650195339340762
1216	-0.215183723713466	-0.00867855668259612	0.077876902699584
1217	-0.229582422811028	-0.00627452498483699	0.0907303906929093
1218	-0.211085433338272	-0.00567762362442012	0.100297648998004
1219	-0.192165587694914	-0.00743980080823909	0.104264899090723
1220	-0.197904949508788	0.011316960590527	0.108731145238682
1221	-0.200715928918869	0.0103085149757416	0.11357191497028
1222	-0.208701194734249	0.0024270492144061	0.102454490880546
1223	-0.211527154477685	0.0127402990195293	0.0897753827386806
1224	-0.209079262825038	0.0271895847365272	0.0854047215370994
1225	-0.208242366922424	0.0178591918640914	0.0733294675810448
1226	-0.192999732711447	0.0161162202938523	0.0660394281382218
1227	-0.180944956079413	0.0196251954466428	0.070753720599748
1228	-0.168125348757384	0.0214218237054798	0.0782194792619217
1229	-0.164300632941217	0.00700773916286576	0.0779549699006696
1230	-0.164990792770063	-0.00659577698712523	0.0837053009719321
1231	-0.179382127201711	0.0133114525919763	0.0733707242046236
1232	-0.185564515577741	0.0117986521857676	0.0595678418713799
1233	-0.198689476936809	0.0144602271068024	0.0526325902213901
1234	-0.210668372528902	0.0188277603881654	0.0609888021068183
1235	-0.211083558782618	0.0320840729305461	0.0711616681408524
1236	-0.206920847553234	0.0409392822166626	0.0452758014962929
1237	-0.20550944963887	0.0521914423290752	0.0540908309298144
1238	-0.201037945703745	0.0576114730344985	0.0677797182697245
1239	-0.187947612117013	0.0591258241096062	0.0725951672807864
1240	-0.172572356522898	0.0550332838881296	0.0495023659797274
1241	-0.181591698727785	0.0492256856017999	0.0378083280038093
1242	-0.202275739534365	0.0523742303974401	0.0363753749975818
1243	-0.191989560294617	0.0615267012550062	0.0212419055736981
1244	-0.21228491922465	0.051563234919056	0.0205445191424661
1245	-0.207298449762266	0.0524538303709558	0.0126269147090563
1246	-0.216207244398515	0.0425575608198247	0.00121760141823784
1247	-0.198518947955214	0.0363024642859386	-0.00756130350675171
1248	-0.206916885857758	0.0193044355823634	0.00229050693649102
1249	-0.189824106916967	0.0178227069542852	0.000346241801648188
1250	-0.189569705394983	0.00834117856850416	0.014819839950412
1251	-0.189104972436851	0.0183504135877772	0.00288286695118095
1252	-0.170077403523111	0.026787736301538	-0.0411765270504602
1253	-0.176107224460294	0.0253802115580637	-0.0160152933424762
1254	-0.165918789122512	0.0372429185881799	-0.0222946015602707
1255	-0.172458940475578	0.045970315789931	-0.0102794884799976
1256	-0.173222623786094	0.0584489271622576	-0.0190823639378939
1257	-0.188636581272884	0.059169021499774	-0.0181709533223729
1258	-0.193582923635285	0.0561576292406977	-0.00783612219677735
1259	-0.208632037819656	0.0522008363244358	-0.0243056733312185
1260	-0.214631703866245	0.0420478609644853	-0.0313881030963366
1261	-0.187126703648672	0.0415450828339798	-0.0135677758092376
1262	-0.177315106348997	0.0556172145724731	-0.00561138490968561
1263	-0.16660535992908	0.0609028227352979	-0.00899624769097229
1264	-0.154231860239203	0.0608658188706863	-0.00116551449821136
1265	-0.147966672752432	0.0409658637879676	-0.00662156977723688
1266	-0.142521954587254	0.0364274847258076	0.00366936881512266
1267	-0.153564816832445	0.0186201811519976	0.00599107445586094
1268	-0.159897433931037	0.0184430600218912	0.0157937363616913
1269	-0.154458005121013	0.0316288539842536	0.0337148780372108
1270	-0.167458118605908	0.0348113567985812	0.0340477871347622
1271	-0.175527178988465	0.0391141437624009	0.0280644048706745
1272	-0.158749365923713	0.0399711240463818	0.027118783321583
1273	-0.142681644835511	0.0379446824183275	0.026886453731212
1274	-0.153350965575151	0.0170177087491633	0.0232059171284063
1275	-0.159370051147152	0.0116181476452193	0.0381849659024187
1276	-0.144702440232832	0.0105493741296351	0.0425935366328691
1277	-0.142794451714103	0.0158331729974466	0.0549300672329552
1278	-0.158505714663793	0.00715049150738621	0.062155106652297
1279	-0.168777870757047	0.0182917636394239	0.0737792718525745
1280	-0.157133625175043	0.0357332195342973	0.0751449505221286
1281	-0.160894267474649	0.0532104188475645	0.0834000241139073
1282	-0.166433581155368	0.0544837180263623	0.0623687879184028
1283	-0.183746627136016	0.0429482693610541	0.0559566432154354
1284	-0.176691317133725	0.0333935548813673	0.0815651390687743
1285	-0.164365283341495	0.00758657239948735	0.082945742893642
1286	-0.169914069879282	0.00638267617121655	0.0550503258667894
1287	-0.149616993558093	0.0142983646293847	0.0567611093820944
1288	-0.133273059537732	0.0226172298727155	0.0735188753653611
1289	-0.133193435429133	0.0224425131167188	0.0510793394178937
1290	-0.137150264517678	0.0292135259983338	0.0389452022902947
1291	-0.13319518389846	0.0210530718820508	0.0416938026798832
1292	-0.131779284427004	0.0326425043636325	0.0526863621771404
1293	-0.145051375246274	0.0401425400406369	0.0558969946158298
1294	-0.156971224756143	0.0339394735430153	0.0470463206823747
1295	-0.160869292907782	0.0476297465762667	0.0464679002058102
1296	-0.163598429856282	0.0515598400946984	0.0363729423940131
1297	-0.1636142726596	0.0516871580493014	0.0225385624048235
1298	-0.148563852344773	0.0568877684867995	0.0148372544293868
1299	-0.134302123721408	0.0541858911297936	0.0112181205145362
1300	-0.122898785845845	0.0596222036548449	0.017347528590397
1301	-0.12029310070995	0.0555687514938626	0.0192312528395399
1302	-0.125077391128855	0.042640281973125	0.0103912806604425
1303	-0.136073350759863	0.051267458992664	-0.000128588063131688
1304	-0.139050164697356	0.0568329624716368	-0.015341673497832
1305	-0.12686359305728	0.0622417387725035	-0.0114492772765249
1306	-0.128625984540413	0.0466082782398188	-0.0224229347753671
1307	-0.125456613240907	0.033986093198044	-0.0308839691131426
1308	-0.111152451644243	0.0443718443074951	-0.0364448150080787
1309	-0.0958636083225975	0.0445654826643407	-0.0155276952052353
1310	-0.104582107523245	0.0291350513492003	-0.0168814697162421
1311	-0.112374573603243	0.0432085663622167	-0.00809429210671531
1312	-0.104209941639147	0.0470416810454612	-0.0225724384346636
1313	-0.109727080967461	0.0372812512352361	-0.036099430489539
1314	-0.119272444186618	0.0246817979152192	-0.0292978979646065
1315	-0.106799027862215	0.019130715339073	-0.0172337881956936
1316	-0.0996056130362745	0.00943922625805318	-0.0335687668866718
1317	-0.100029982334187	0.00253992691590941	-0.0359179988112816
1318	-0.0910155064648948	0.000933862257565102	-0.0217820359681279
1319	-0.0790624546153349	0.00909254878776762	-0.015308841765247
1320	-0.0742051212839705	0.00866109254886557	-0.0427452074649206
1321	-0.0841011925839395	0.012351767356583	-0.039725482561975
1322	-0.0959889820506409	0.00380223972363658	-0.044902643683818
1323	-0.103076512701126	0.0305213574953612	-0.043148982955694
1324	-0.114066549166821	0.0236702410514197	-0.0430940572159959
1325	-0.122415845814565	0.0136847487562625	-0.0337463930875428
1326	-0.128520944836446	0.017286854904433	-0.0226627372036585
1327	-0.127067215363597	0.0309841142949284	-0.0132731052169148
1328	-0.120034345753494	0.0276784892557614	-0.00202598335903701
1329	-0.114864638620365	0.00287968000500589	0.00193423476871966
1330	-0.101185795691895	0.00898392619231449	0.00631828575905926
1331	-0.108268829845299	0.0226494880922146	-0.00261009395415633
1332	-0.114418102380278	0.020555472833704	-0.0135755320095971
1333	-0.128429471727247	0.0429261758610019	-0.00439323648356711
1334	-0.129408672838112	0.0353239635347986	-0.0326188550273333
1335	-0.132461077844932	0.0509204971155139	-0.0287696912551288
1336	-0.120839093823564	0.0626776699498621	-0.0262807251638745
1337	-0.101580155948046	0.051285681054646	-0.0486630302694049
1338	-0.0971948024932155	0.0595445515281258	-0.0387141964052085
1339	-0.0844415203603652	0.0596617358753124	-0.02815365256568
1340	-0.0863451844243723	0.0653792839009407	-0.0143491324638995
1341	-0.087839639030308	0.0637704637347783	-0.0258549153207868
1342	-0.0867623804617574	0.0605318953913593	-0.0218476322116555
1343	-0.110241964259376	0.0666195678659117	-0.00489697593005197
1344	-0.100293831478785	0.0580810367540512	0.00318958593575616
1345	-0.0877155459179509	0.0541335351159437	0.00919590127520695
1346	-0.0964216510233188	0.08283252277089	0.0185748973748007
1347	-0.0944134240520575	0.0749367128855974	0.0283306514734834
1348	-0.0671281388143976	0.0716056659828907	0.0211101331003844
1349	-0.0661818371206131	0.0852488454215805	0.0184130066276606
1350	-0.0717580816603747	0.0991102722448061	0.00951258992706996
1351	-0.0528986633758065	0.108462006826591	0.00834295733046362
1352	-0.0530298653190373	0.0931804351419262	0.0036576539148991
1353	-0.061577597442642	0.0828062140157861	-0.00699393610837985
1354	-0.066143467273037	0.0772346977196074	0.00822562667142389
1355	-0.0807476671578346	0.0804209694561996	-0.00603406239595753
1356	-0.0893838175234643	0.0777416753881756	0.0117398718010927
1357	-0.0958963823709269	0.0780531121226406	0.0168640115866385
1358	-0.099973624991857	0.0949683735598541	0.0183308581418817
1359	-0.101804804665562	0.108918450777074	0.00593952830400462
1360	-0.100130014475636	0.107937170370237	0.0081746088964168
1361	-0.0875570831159315	0.106176858982359	-0.0113542194214678
1362	-0.0932756427920459	0.113068563732407	-0.0334557621346058
1363	-0.0964318883359392	0.108568542671037	-0.0481661284545813
1364	-0.0900559240861494	0.0963748899147181	-0.0282562699012524
1365	-0.0932262252096916	0.0919506668549464	-0.0429366432320314
1366	-0.0745893120206363	0.0781967196807981	-0.0448342491598064
1367	-0.070883271621055	0.0832184820680588	-0.0456183455249077
1368	-0.0532564187783317	0.0872983238374173	-0.0396466356629546
1369	-0.0570442994575629	0.106779022002854	-0.0476257146416105
1370	-0.0587554790773405	0.0977842498461962	-0.0657597229231181
1371	-0.0596174533972436	0.100540542628664	-0.0568713894331307
1372	-0.0703044839944329	0.0865582793604637	-0.0582205001103118
1373	-0.0822443589912441	0.0890839776873191	-0.0617103941694363
1374	-0.0927682698258439	0.0937015988782576	-0.0693411357720041
1375	-0.0956522041711336	0.0910237580252647	-0.0862586809289743
1376	-0.0809026552063108	0.0744773399738699	-0.0849351322718895
1377	-0.0759741378549503	0.0818082351138178	-0.100934215198576
1378	-0.070376533674961	0.0913539059306634	-0.104878720320376
1379	-0.0572652529219909	0.0961598481782309	-0.1026302468561
1380	-0.060523386327353	0.116550595875447	-0.0984762320443629
1381	-0.0624693148999075	0.106968292905629	-0.0981462903615282
1382	-0.0673219887108693	0.109617773975755	-0.112315411237998
1383	-0.0556896138968402	0.10019678964951	-0.121558963666724
1384	-0.0525321284871792	0.0915363799934916	-0.113091594954299
1385	-0.0719934060514127	0.0905357752576425	-0.128006314318437
1386	-0.0647785301702793	0.0766925801204198	-0.124535993694057
1387	-0.0661960840328828	0.0636667694926403	-0.116788810401749
1388	-0.07854638984178	0.0640854706818522	-0.114887930597796
1389	-0.0805595028506932	0.0655651056571859	-0.0982606029549417
1390	-0.0985434201815008	0.0692220377454294	-0.10973754887523
1391	-0.0843225324539206	0.0726139624817459	-0.11024630994735
1392	-0.0742349821727516	0.0827848276748363	-0.124240607658528
1393	-0.0582043844157767	0.0940712263367409	-0.128935116233614
1394	-0.0671044038982085	0.0971073135912759	-0.103056795430581
1395	-0.0536153394498264	0.0987928770312013	-0.106968709029029
1396	-0.0403597583451043	0.0937481540193139	-0.106072226100846
1397	-0.0432424279946463	0.0874044650358617	-0.0902162423769287
1398	-0.0371571335817741	0.0739797075492194	-0.0951380256900664
1399	-0.0342398523980235	0.0642622812190753	-0.106397864181488
1400	-0.0401183511389061	0.0525070500459714	-0.112857589631548
1401	-0.0459889099512619	0.0560328747643246	-0.110153042133026
1402	-0.0402439252450441	0.064992698810979	-0.105668268179108
1403	-0.0529967708693722	0.0792147034906036	-0.11191537202732
1404	-0.0614227115070534	0.0865445851219609	-0.114764543540122
1405	-0.083564040719988	0.0913951361114278	-0.111548429641422
1406	-0.0860136343793218	0.0812692076678698	-0.0972233515009514
1407	-0.0762164196441416	0.0888834617656031	-0.0856017527037468
1408	-0.0670659325001234	0.082756088958628	-0.0656734410104734
1409	-0.073243771050415	0.0689431263011393	-0.0688927821501042
1410	-0.0814203833971216	0.0564695934031019	-0.0775691557530774
1411	-0.0815101039897526	0.0705899770342084	-0.0811972159029818
1412	-0.0784025570052729	0.0730067167734876	-0.0954826847890095
1413	-0.0714008441271869	0.0837641001194418	-0.110462615960536
1414	-0.086545658285608	0.0930634244681845	-0.108197167661787
1415	-0.0985640499681067	0.10270717789111	-0.101331575010026
1416	-0.085906184262135	0.114706722145039	-0.103906097458608
1417	-0.0850303177563499	0.120419285948156	-0.0932345478467407
1418	-0.0885005244428971	0.119734799090634	-0.0813004196909218
1419	-0.0727330628505628	0.119884487337895	-0.0724972553435557
1420	-0.056194202706331	0.112859744699773	-0.0743537408742668
1421	-0.0597444035485634	0.11662257159639	-0.0800011180263044
1422	-0.0779235557779699	0.118676003415139	-0.0704916218455487
1423	-0.0840002655373182	0.120074206458443	-0.0900071879890951
1424	-0.0844871416901231	0.128838672378211	-0.104082826903027
1425	-0.0985772812574199	0.138107326960271	-0.088518907943848
1426	-0.0997817180014058	0.149451027825861	-0.0821878776841444
1427	-0.0948941005448898	0.156614079525735	-0.098835940672695
1428	-0.0771479933736333	0.16550992122072	-0.0863405099000859
1429	-0.0615117055742516	0.159811788054971	-0.0695061010990323
1430	-0.0549708111154057	0.162410293679998	-0.0912844268091019
1431	-0.0652794217607476	0.161128655116043	-0.0840580133868831
1432	-0.0756265544399537	0.153198865881245	-0.0908866416640981
1433	-0.0971621083769992	0.148975478644936	-0.0740822282403362
1434	-0.0887620440884723	0.154649238055663	-0.058013613303918
1435	-0.103892384918691	0.160369905833592	-0.0509553814639396
1436	-0.110114067525036	0.170339440727642	-0.0608242803396304
1437	-0.104857796647444	0.183596569489532	-0.0638829696770751
1438	-0.093953665425683	0.193088484281798	-0.0577344895605488
1439	-0.0979877393838972	0.197260126436979	-0.0843810280872941
1441	-0.0974092420222712	0.198551342787201	-0.096248846145814
1442	-0.10321958467838	0.179840653994025	-0.0851427784463154
1443	-0.108391724236299	0.175799008707557	-0.0608943260880677
1444	-0.104033190441125	0.199961791307027	-0.0692515334017135
1445	-0.101643719512153	0.197794608920581	-0.0492511987228869
1446	-0.0899583570124239	0.215638023716571	-0.0551927568133465
1447	-0.0801710065332331	0.209670751572923	-0.0570775949628405
1448	-0.0587411901270918	0.194709019361622	-0.066699694613551
1449	-0.0607624696243389	0.184100588493029	-0.0543824632738603
1450	-0.064825598075411	0.170506569152704	-0.0672756291881001
1451	-0.0690290588365499	0.174405833472307	-0.0645733112611266
1452	-0.0716834976852647	0.186984544525401	-0.0444284747690077
1453	-0.0862154960475061	0.171624570515751	-0.0378119573177518
1454	-0.0994669904051844	0.168305796701495	-0.0534240235822371
1455	-0.10225887810604	0.175632553522354	-0.0523752441131791
1456	-0.102523084956853	0.195316131297713	-0.0339557402471263
1457	-0.11928710014669	0.196590162075612	-0.0502728262912716
1458	-0.108340869175328	0.196783680274486	-0.0757228062151416
1459	-0.10182373683569	0.206929076999501	-0.0706488414740304
1460	-0.0974294173241159	0.218551055572291	-0.0538818366628988
1461	-0.100461659728615	0.205748493782929	-0.0423666895063254
1462	-0.111244710309894	0.207721290232414	-0.0320480623905608
1463	-0.0997528066194912	0.210709596247641	-0.0190591051189576
1464	-0.104182114773668	0.204949833407744	-0.00842242597000455
1465	-0.114332723425919	0.192991101078699	-0.00898344199623646
1466	-0.10493401300106	0.182642025373259	-0.000392235757886279
1467	-0.0915167799790407	0.175459630407664	-0.00406153064458836
1468	-0.112320639887142	0.162551518429642	-0.0150344945559746
1469	-0.102187265749797	0.160073760926514	-0.0276824521361475
1470	-0.084298330975323	0.161987345215324	-0.0296868486055424
1471	-0.086476445461509	0.165376975384755	-0.0219370453568598
1472	-0.106642837715391	0.171353817275899	-0.0156589649175767
1473	-0.0995165271992255	0.172409516560448	-0.00174585776052535
1474	-0.0913059087458465	0.180003243748257	-0.0018244788825437
1475	-0.0970827934415219	0.196279707008858	0.0062356714103064
1476	-0.081608946522839	0.197970251393365	0.00433947692255078
1477	-0.0798759460038809	0.211811955495857	-0.00249933538276224
1478	-0.0879034677131173	0.215869597151129	-0.0109027604084145
1479	-0.0690336750531583	0.215971884895896	-0.0238340765471396
1480	-0.0865732579617164	0.211503463012147	-0.0376742401137743
1481	-0.0855377679283034	0.213712776372936	-0.0417797313229218
1482	-0.075317746027629	0.21564067163223	-0.0323895865921757
1483	-0.0760833977032502	0.210568297279978	-0.0148307704826378
1484	-0.0901014460056619	0.210551734007634	-0.0259072241184118
1485	-0.0904772266075923	0.204490762527129	-0.010973223356002
1486	-0.0932990676713249	0.192992631158851	-0.0236845068241278
1487	-0.102153807124708	0.192346994026011	-0.0100923148687737
1488	-0.110386469412048	0.191086235279107	-0.0265235783415574
1489	-0.0732983947793425	0.17358072514409	-0.0340760005036157
1491	-0.0677156691398446	0.185375175735959	-0.0582582965021648
1492	-0.0600819691581512	0.174096273345291	-0.0386500647119742
1493	-0.0546738305537062	0.193842830952478	-0.0329636626470541
1494	-0.0726683930803195	0.202060461683311	-0.0413934921672397
1495	-0.0840940165225969	0.197869322391398	-0.0409300811608693
1496	-0.0825716397217348	0.173601562957904	-0.0279688254174891
1497	-0.0781281311121519	0.19778514356038	-0.0104908301101524
1498	-0.0931751879977671	0.195527457303772	-0.0171340866446974
1499	-0.0975720598614299	0.174550612785971	-0.00830118796205156
1500	-0.084045324019342	0.170012563327165	-0.000508880335979421
1501	-0.0813847218174893	0.159739072196385	-0.0103560364275656
1502	-0.0594766607012199	0.161436277596549	0.0146270923847606
1503	-0.0784296523457267	0.191204511054353	0.0151971706428577
1504	-0.0837158285916596	0.198623672275799	0.0021075233665988
1505	-0.0519657147377401	0.186846549496155	0.0123125447362529
1506	-0.0426607936852369	0.200378161479044	-0.00593248619970659
1507	-0.0444706888132232	0.196231174602543	0.00439647990893247
1508	-0.0704932316215938	0.19621390615229	-0.0214690854206423
1509	-0.0505317697496847	0.17844956593991	-0.0285898674242035
1510	-0.0407103053994789	0.167502909733061	-0.0242655771396688
1511	-0.0502320802479253	0.187840113220481	-0.00722959425587621
1512	-0.0357085433162924	0.188149076518086	0.0122287973951912
1513	-0.032196247293622	0.212960340192684	0.00260835395380164
1514	-0.0513729051954924	0.209310680415531	-0.00035598897314466
1515	-0.0498051331359073	0.211909981939557	0.0276636282597909
1516	-0.0568840277702414	0.207246995902937	0.0247759284629371
1517	-0.0646668013588682	0.231151316064376	0.0201050754724626
1518	-0.0766632825958703	0.229587732443403	0.0259540638269987
1519	-0.0860020516125327	0.21017560832996	0.0224240825320258
1520	-0.0856554232493289	0.219544385195324	-0.00296490302411112
1521	-0.0868728095489505	0.220152050768737	-0.000419067288640693
1522	-0.0966214739686778	0.213704670812609	-0.00625534200485963
1523	-0.0951435522414278	0.203782680796705	-0.0238731855312173
1524	-0.0833486239707484	0.191451144328288	-0.0284984733609113
1525	-0.060674644853443	0.194181386063147	-0.0120652519680365
1526	-0.0770961017174262	0.226486260941887	-0.053078725522944
1527	-0.0454261871228168	0.229327622299866	-0.0105098822569593
1528	-0.0462221917306154	0.216476431351769	-0.0253223340152324
1529	-0.0550072570056448	0.213008205903175	-0.0441199638501577
1530	-0.0522103315524033	0.225836168858615	-0.0387591339514211
1531	-0.0585312593798777	0.238680522147778	-0.0331320985607848
1532	-0.0455879294738324	0.240664808000508	-0.0255364193752505
1533	-0.040242161395745	0.227096136592463	-0.0203958349004251
1534	-0.033223444347722	0.215886588844312	-0.0164367013304091
1535	-0.0599759454897908	0.211834040165742	-0.00810878748781415
1536	-0.0574433729413997	0.204449744956553	-0.0218300742554095
1537	-0.0572514203901018	0.191555593752254	-0.0272051248913567
1538	-0.0441645925081225	0.197273238043235	-0.0387148996554748
1539	-0.0367615384452575	0.20256946982965	-0.0506334813173243
1540	-0.0628165372938455	0.203679728799456	-0.0579741564117741
1541	-0.0301876364059575	0.216996556695725	-0.0268977515902714
1542	-0.0176410793160745	0.210871321892416	-0.0280427309031387
1543	-0.0184878572335241	0.209574842876454	-0.0135733664939098
1544	-0.00734971106740711	0.209843777683901	0.00529804389384997
1545	-0.0116448694849377	0.219031872455701	0.0125220740605603
1546	0.00735767834437752	0.223798401608018	0.00625157402784338
1547	0.00166412657162393	0.236854853721617	0.0102941785488809
1548	0.00860692251342574	0.249877013852003	-0.0068550539199873
1549	-0.00271112052455818	0.25838992035169	-0.0111701956803574
1550	-0.016472323992519	0.260646095287745	-0.00933215082219685
1551	-0.0186335921901913	0.272891922069668	-0.0145755451991968
1552	-0.0249067211161979	0.271232254131432	-0.0040542460537717
1553	-0.0265845201524993	0.248485129412801	-0.023202154355546
1554	-0.0327301677458384	0.246842811429084	-0.0125105933789488
1555	-0.0309185516158182	0.232323496041297	-0.00646470696143755
1556	-0.0181278880272198	0.225770714655865	-0.00163726004940086
1557	-0.00334629290668252	0.223794318445736	-0.00289688389247229
1558	-0.00337543090864343	0.236375092036799	0.0232229895256816
1559	0.0163005303184292	0.241147892863691	0.00469825863218453
1560	0.0199937279527726	0.241135344225477	-0.00652463202276908
1561	-0.0035597457426224	0.23710049915551	0.00656195587535829
1562	-0.00662085343791235	0.246096255221641	0.0163779968936928
1563	-0.0115505797143002	0.243119652367512	0.0287873745517563
1564	-0.0269568561605226	0.259133818877043	0.0270748615519509
1565	-0.036514702369028	0.252401152383176	0.0190226117098954
1566	-0.0425750029421669	0.2454804219461	0.0317123442075322
1567	-0.0477591397366263	0.234210631978601	0.0264401633545403
1568	-0.0506658050780803	0.23353416633363	0.0122291738566634
1569	-0.0456487107468897	0.217455003527962	0.0112644221982975
1570	-0.0430944687284301	0.207618270347715	0.0245140620914018
1571	-0.0431227515494535	0.202408670970729	0.0279505687454291
1572	-0.0467381972718896	0.210898444751668	0.023839579228905
1573	-0.0343624733855406	0.219351721531109	0.0307427608304899
1574	-0.0346744286761665	0.225722369565798	0.0234035591157565
1575	-0.024634939392221	0.235119490427852	0.0209748051292633
1576	-0.0365876205243956	0.235640883902338	0.00305547988977003
1577	-0.0241488826922551	0.235643431829555	-0.00806989158687449
1578	-0.00934315046877672	0.22584249869396	-0.0078217805634236
1579	-0.00642965455190768	0.209316760204589	-0.00361589633938242
1580	-0.0194927118007747	0.197540032307182	-0.0122342670341664
1581	-0.00946073802449838	0.204693570741357	-0.0313263378886124
1582	-0.00349894792379051	0.203885234053353	-0.0196125016498234
1583	-0.0131509352400086	0.197170878579275	0.0013764474959644
1584	-0.032828633892972	0.189765670132449	-0.0120668914054484
1585	-0.0388892702690573	0.20251446551975	-0.0180916263304936
1586	-0.0389915693866683	0.212871573037032	0.000268150520468202
1587	-0.0439228743034581	0.214130007597792	0.00987908952776612
1588	-0.0551047558582857	0.229870733827949	-0.017882506204799
1589	-0.0436702831199896	0.239618744474041	-0.0117049581754147
1590	-0.0312676605358835	0.245058918541153	-0.000834765098285261
1591	-0.0265779379026025	0.233843750950854	0.0121115366362064
1592	-0.0392775723296132	0.238985182700011	0.023864916803736
1593	-0.0569005079305842	0.238243260385534	0.0232355672178406
1594	-0.0542197895671183	0.22949408630468	-2.83015987049828e-05
1595	-0.0467890885520836	0.218175766765101	-0.00338396630255149
1596	-0.0640855182658288	0.212364053819629	0.0188093575990825
1597	-0.0706646257628143	0.206018587013116	0.0154874084517187
1598	-0.0614343877563869	0.195124859954458	0.0029279052332502
1599	-0.0458900302157289	0.187752194068495	0.0316321963086307
1600	-0.0485512012503464	0.190727938508821	0.0374282396396093
1601	-0.0244138645050945	0.217476949123057	0.0553423151750748
1602	0.0105718392057222	0.238732235921281	0.0415264387083323
1603	0.0174554228896649	0.214917913770818	0.0773634179554956
1604	-0.007691557360834	0.253676257147883	0.0879404240993573
