321	0.148334264828497	0.0532457194725384	0.221491959068816
322	0.164850683719505	0.0603134823477797	0.181478211491733
323	0.16424825029043	0.0941370399331108	0.228331886889687
324	0.147527748727742	0.100580209513581	0.188349345421515
325	0.114505493876661	0.0766998837595411	0.204626085898474
341	0.0921281259732016	0.097555958806199	0.199994319080236
342	0.054754003538894	0.10374171675497	0.193073994590423
343	0.043941193764541	0.139962568984397	0.190091679626876
344	0.0810861799800174	0.138998055463366	0.196822019404874
351	0.0653886884911897	0.0731573216980959	0.196380266674851
352	0.0647188040192345	0.0733048317549104	0.196292295127274
353	0.064231784258081	0.0733976719258543	0.195750066170682
354	0.0632577630201206	0.0735744706066775	0.196549532887207
355	0.0638016230499623	0.0734720189301026	0.19720464371488
356	0.0521032175686057	0.0145499631103124	0.195488255646968
357	0.0532924264072812	0.0143247904179621	0.195059065730848
358	0.0532069273002171	0.0143262116700509	0.196303979849198
359	0.0527682091532463	0.0144093299998845	0.196825318080489
361	0.0480794287684621	0.0170888310618112	0.199836852241911
362	0.035027812156278	0.0130283233500296	0.214952089492867
363	0.0213106875224229	0.0226489318117119	0.232265834501996
364	0.0354130375096702	0.03219404314875	0.231065987158961
365	0.0278952771167406	0.0433511946621845	0.234487640349746
366	0.0362792268666596	0.0547890055815627	0.228959756475691
367	0.0327199013775547	0.0618178025640866	0.213832051692506
368	0.022626196918533	0.0585257755115127	0.197707203776994
369	0.010212109271105	0.0476537289170428	0.192275724274815
370	0.00815960033502276	0.045498452963347	0.191933693550494
481	-0.0174550476678687	-0.0117351113151826	0.209871890240651
482	-0.0158983431315869	-0.0145674358872561	0.223303796962994
483	-0.0181934142921025	-0.0183891910753913	0.236211246770399
484	-0.038815040038522	-0.040294820681992	0.243929346208709
485	-0.0547858407403785	-0.0155980405171764	0.217422440936739
486	-5.68725798729616e-05	-0.0503675931827012	0.225269242934768
487	-0.0302623577539546	-0.0418834270621149	0.200034815904347
488	-0.0350251448455054	-0.0454908603617134	0.20628839174872
489	-0.0351481166167259	-0.0468727371603977	0.204535393175657
490	-0.0291115280033315	-0.0461438873269602	0.204502067982915
491	-0.0240452532536981	-0.040675482709615	0.200004760623134
492	-0.0638442306045958	-0.0630280407145281	0.200813287298102
493	-0.050548073666368	-0.0657304632682105	0.198190284410161
494	-0.0451900438842508	-0.077379484211241	0.209660927941315
495	-0.0427505279982439	-0.0809189311252917	0.214232005193913
496	-0.0342089669506376	-0.0803190309446102	0.21832079629749
497	-0.0306589585988912	-0.0720270566160264	0.230487642032575
498	-0.0533958500867423	-0.0395603740117115	0.233904793563084
499	-0.0440915849894107	-0.0457011936917533	0.239012254053021
501	-0.0459736313484661	-0.0475658932250851	0.241116440933117
502	-0.0441631951729879	-0.0371352936909933	0.184237661304992
503	-0.021064346895332	-0.0300069027180732	0.210853212859732
504	-0.0197792420398657	-0.0653162278175339	0.206056117374299
511	-0.0210472528073272	-0.0667257907227274	0.208546776374803
512	-0.0287813746887644	-0.0715316697066769	0.189193713490485
513	-0.039098824088878	-0.0563828572022158	0.196903767592743
514	-0.0320304567917905	-0.0463861507220804	0.19518298973376
515	-0.0291309604993598	-0.0504314887412894	0.176110024224774
516	-0.00976132429504813	-0.0409855166957296	0.18541289560546
517	-0.0124144516292295	-0.0344375269390634	0.18199998380258
518	-0.00647507988792535	-0.0475281363522427	0.163952075338497
519	0.00757511768241584	-0.0629669777675474	0.162669994291218
520	0.00962926446830202	-0.059873342771533	0.18269545580137
521	0.00977848940323609	-0.0609271702184583	0.179222305275297
522	0.0160414760069731	-0.0572223994065611	0.163630493037276
523	0.00813558917643612	-0.0606429294769905	0.148923464415439
524	-0.00110206421357936	-0.071282963980602	0.140766943920462
525	-0.0117645868912527	-0.0836561296250311	0.152656963021259
526	-0.0117795644639883	-0.101089152061205	0.16150782204594
527	0.00220071036154131	-0.111498204944332	0.156366845437455
528	0.0200626656822452	-0.111746646598346	0.157945219360862
529	0.0269873543813228	-0.110945367194537	0.174714038826909
530	0.0368832008284491	-0.106731344513868	0.160292331175041
531	0.0402527733327499	-0.108931301733776	0.156764598798629
532	0.0455371654197315	-0.093196872530842	0.154106996010583
533	0.0383155255817535	-0.0911959541334641	0.137438011295315
534	0.0415048176776821	-0.0744083220240384	0.13673487670075
535	0.0347130413383563	-0.0680599019493796	0.150897630761547
536	0.0171537232728356	-0.0656492379500985	0.148198568574193
537	0.00504602902050122	-0.066528673076952	0.140277523943368
538	0.000438397885642892	-0.0787077148133591	0.144693424163267
539	-0.00102958879783344	-0.0796031022651388	0.163236751165181
540	-0.00417849656817959	-0.0935683247724061	0.166477022408907
541	-0.0050818723350759	-0.0879180609956593	0.16531500424337
542	0.00166864486484351	-0.0838790775321733	0.172973140731832
543	-0.0156824154676342	-0.0740565908487776	0.179911631919279
544	-0.00438130632032612	-0.0636425312896511	0.183296980890876
545	-0.0189210903048296	-0.0547309937107627	0.169889138361209
546	-0.0103719518846878	-0.0506705328177359	0.163964027475805
547	0.000659620610710195	-0.0508692450948635	0.158908008046831
548	0.00694865110647318	-0.0440652992325766	0.152166874948142
549	-0.0121724324939879	-0.0501031977500087	0.140782907723819
550	0.00402471307412133	-0.0603122189151151	0.129682393823556
551	0.00453598985460545	-0.0592456307523431	0.130269207430052
552	0.00163472558749192	-0.0389320445972269	0.133013271294634
553	-0.0056475762592794	-0.034023743969753	0.134124467972165
554	-0.0279962057891546	-0.0517890586520131	0.138874763751198
555	-0.0265722718758816	-0.0392404748496978	0.147180862801284
556	-0.0260758681996289	-0.039141446572716	0.162283679015003
557	-0.0286727057011079	-0.0563225906210416	0.16781693700437
558	-0.0125685342003848	-0.0666366478166978	0.176928003764224
559	-0.00326763974416736	-0.0571308031061829	0.18186645626296
560	0.0103834864240841	-0.0516212537254969	0.18046990690779
561	0.013340113997216	-0.0520082731630564	0.182524959390546
562	-0.00355105150097642	-0.0584769421301694	0.177134828333021
563	-0.00875120666561308	-0.0609857823672428	0.174518291141948
564	-0.00961673760178938	-0.0668390621163524	0.154768198369999
565	0.00210640946961012	-0.0558740854887707	0.141694505815819
566	-0.0146829796636739	-0.048712202050029	0.139392437448721
567	0.00356224813373679	-0.0410806536292586	0.132845406663165
568	-0.0064334972303245	-0.0294759461877676	0.138780318664613
569	0.00700553823833075	-0.0191251722284386	0.144566345019842
570	-0.00829747645200437	-0.0131260222678794	0.154833651029507
571	-0.0140778872331337	-0.038452526405329	0.161157425227508
572	-0.0307718175269932	-0.0385870862751019	0.165847746695759
573	-0.0376757210049404	-0.0514960772073036	0.17966281656275
574	-0.0214392307677941	-0.0632110395391137	0.185797267789563
575	-0.0108163727094728	-0.0662269839812159	0.169290119656041
576	-0.0279462587824752	-0.0695302366705879	0.158624031546162
577	-0.0348477641564719	-0.086551301243709	0.166263777058498
578	-0.0180578061128886	-0.0918594264103585	0.159407592205626
579	-0.0124473582493423	-0.0861190518848772	0.14162317950346
580	-0.0355067813897148	-0.0810487171665183	0.133834716606132
581	-0.0385236663387787	-0.0763112212473274	0.137560889899555
582	-0.0539560403479599	-0.0802450077367531	0.137657821189243
583	-0.0630085563619901	-0.0902636211005823	0.1433253443141
584	-0.0662768461985767	-0.099274908278921	0.155679245115095
585	-0.059837752272611	-0.10361971519843	0.167978595515043
586	-0.0514414796283286	-0.0990568592337549	0.179037771332718
587	-0.041574067275611	-0.0879937016691227	0.18347052247014
588	-0.0521555895552196	-0.0616181634567845	0.181354925470555
589	-0.0552729195662634	-0.062463645243679	0.180430101368406
590	-0.0798030440829611	-0.0610599620659744	0.174627247442646
591	-0.073946072842078	-0.0639749122944659	0.151725932930096
592	-0.0640391488459224	-0.0643128366713502	0.168118786802661
593	-0.0769725780978633	-0.0691466495012997	0.173420405058124
594	-0.0917579820630153	-0.0636230126498557	0.178948152658288
595	-0.0727002533071459	-0.0565304210347786	0.192075689600386
596	-0.0875832758259209	-0.046938355234922	0.19315106238238
597	-0.0941657255696747	-0.0263357761060147	0.186990160460355
598	-0.0769655633833492	-0.0194607491651879	0.190412762530788
599	-0.0802275482979584	-0.0167742696211152	0.170219453940741
600	-0.0836607949603489	-0.014495445874691	0.16174858962311
601	-0.087210037295414	-0.00297369153456558	0.163118531135787
602	-0.0805006140375837	-0.0123664634057643	0.150186079666475
603	-0.0942768843269125	-0.0228245638870112	0.146108631769031
604	-0.109836991365233	-0.027704028664278	0.156472713991779
605	-0.0967303465412696	-0.0398081449517097	0.158219904443494
606	-0.109955246059794	-0.0403041263317308	0.170528803274464
607	-0.0970754941345872	-0.0418237509103685	0.184747806022692
608	-0.0908215822038995	-0.0505803971016292	0.186569250395595
609	-0.0920279532339695	-0.0374929683689072	0.200281836419669
610	-0.0760607753730473	-0.0450262671997915	0.196693013734844
611	-0.0831259130997013	-0.0455773283542377	0.184285863207674
612	-0.0903789268163317	-0.0411596835106898	0.173399666998851
613	-0.0832385038775628	-0.0319866699215307	0.159214602368224
614	-0.0978128848331153	-0.0370377367047758	0.160000848270331
615	-0.0997583203622625	-0.0435846877868075	0.144184299601659
616	-0.0967071099472553	-0.0561546648619901	0.138033342385634
617	-0.103036155262695	-0.0693898187297056	0.138843558496415
618	-0.100229881457225	-0.0789286023454003	0.150124575912267
619	-0.0818667859436906	-0.080111302104096	0.14081580227019
620	-0.0754758599996684	-0.0864333349130887	0.151935174477715
621	-0.0854433085037555	-0.0590755802619666	0.137673007407104
622	-0.0923028510799823	-0.0591014041707398	0.126704487386723
623	-0.100799689320201	-0.0526343850890194	0.125076426863944
624	-0.107872641512395	-0.0448956253430697	0.117581293217166
625	-0.113351096635551	-0.0266674287327185	0.128967593864928
626	-0.102017678728501	-0.0193169728257001	0.146167424275351
627	-0.101244763733531	-0.00881730890890423	0.128818025284849
628	-0.0891681874670735	-0.00937326049553732	0.125480880856284
629	-0.077973068497465	-0.00849717825958349	0.13345987628804
630	-0.0647876604094683	-0.0164447762262948	0.119239229422062
631	-0.0838358838474763	-0.0127129111704607	0.112990010635379
632	-0.0923005596320014	-0.0191238258095221	0.0977818219428879
633	-0.0937999487436778	-0.00293279766723623	0.095946406762797
634	-0.106033852575334	-0.00962664709997733	0.0834734875985157
635	-0.120982043401902	5.7106205271551e-05	0.0860169457874451
636	-0.122846823235384	0.0136258134483719	0.096240464719699
637	-0.132499349706216	0.00257915826587697	0.105434196809947
638	-0.14025469337904	-0.0117845715207198	0.111777685976969
639	-0.131912398299342	-0.00391433336349734	0.124926480296349
640	-0.129962866683747	-0.0205207191035021	0.127861243337021
641	-0.116047807583058	-0.0227058603507271	0.15159416305266
642	-0.118759934351882	-0.0324579982919467	0.144064077790349
643	-0.135086066460678	-0.022618243820648	0.14654978960242
644	-0.148971129052727	-0.0274508871974897	0.133092614298603
645	-0.135980864415192	-0.0363798517629753	0.121505349976862
646	-0.143345983255898	-0.0244924848007337	0.109077365741988
647	-0.143936239220921	-0.0138385055229549	0.107945714923618
648	-0.125500626090042	-0.0178653010299121	0.0998034012424806
649	-0.133739654982213	0.000658431325616847	0.106026899823424
650	-0.117901588746499	-0.00431945137557427	0.103675249204135
651	-0.124881553045842	-0.00720308124159585	0.105043448618926
652	-0.119833532314336	-0.023973816103493	0.104593866836469
653	-0.117450670931227	-0.0186703802150958	0.123534521871918
654	-0.121345505264075	-0.0360697612641367	0.124183371446429
655	-0.129987893057757	-0.0314364812899121	0.139375061233182
656	-0.143392253670749	-0.0433379139188496	0.129387907494117
657	-0.148253543601077	-0.0368459616289592	0.146838596641307
658	-0.163367379786619	-0.0318036749261865	0.136970860226221
659	-0.167068370898953	-0.0391059348304253	0.120641562059033
660	-0.171787621848795	-0.0198488116544908	0.118809827166157
661	-0.173480444222679	-0.0213736224894315	0.121053584854563
662	-0.17217844041411	-0.0275665621854854	0.110581488696401
663	-0.183228605812054	-0.013837922018761	0.098931991660705
664	-0.17797386971527	9.93343468895166e-06	0.0795354082332522
665	-0.155462544122794	-0.0166623605994162	0.0817108413293128
666	-0.15229693114964	-0.00588266192677529	0.0762800794272689
667	-0.152433740726375	0.0123988278762515	0.0840871958409235
668	-0.136179896439571	0.00709909603856549	0.094333722689359
669	-0.137312996566091	0.0103873104258696	0.113212564514933
670	-0.150312836912195	0.0241766931377553	0.111084554595661
671	-0.159985743568554	0.0478249475276361	0.102883565086475
672	-0.168806238119224	0.0363420949497048	0.104499529083802
673	-0.161651050026685	0.0254220381679585	0.0961859077100716
674	-0.16466599681158	0.0122833923605017	0.0974397644068841
675	-0.162603095051997	0.00533866101117361	0.11080692158315
676	-0.147292587819227	0.00276546577895809	0.112913532158917
677	-0.140242901069082	0.00242292581785316	0.119398969395029
678	-0.125864746516225	0.00920080576235475	0.117590332852017
679	-0.12389404751227	0.0163853814923833	0.12257807590885
680	-0.124101415694057	0.021227026690474	0.131055127528234
681	-0.121281366418788	0.0165522474374464	0.126605986312142
682	-0.141952063342424	0.00729025372750022	0.12606228946862
683	-0.139765867588074	-0.00558816937942924	0.139942646765484
684	-0.124395643307601	-0.00900497763784857	0.147472741031446
685	-0.130578390962295	-0.02598493696491	0.134800773602339
686	-0.112637560145759	-0.0256701924707762	0.136771596681561
687	-0.114588319589892	-0.0320895353957727	0.119537572142553
688	-0.0980839582705037	-0.0254153779599883	0.117301107687461
689	-0.101833570560376	-0.0211533101814854	0.100000469982879
690	-0.116274064883537	-0.0165855591409043	0.0908935978921841
691	-0.109182589204198	-0.018704005932886	0.0860775983831996
692	-0.114150805278107	-0.0303568568653198	0.0809568208293033
693	-0.124694576051865	-0.0395691910007903	0.0826219939752184
694	-0.136169718247218	-0.0320516753274736	0.086542249187489
695	-0.148720240189417	-0.0343869282867644	0.0928536542718501
696	-0.147768065546148	-0.0202134535914779	0.110648516033208
697	-0.144711402314456	-0.0277508459025226	0.121250030218444
698	-0.140467971615626	-0.0395901850842846	0.123727468397783
699	-0.127696398180932	-0.0389775652458401	0.129817366514856
700	-0.114317469564283	-0.0376308555528516	0.133253528826609
701	-0.143686520878022	-0.0170779220013099	0.109387834218619
702	-0.163798067887985	-0.00608076683586552	0.105790463783323
703	-0.174769078237142	-0.00621780283138457	0.0972953641766843
704	-0.162199052289158	-0.0236128569917085	0.085528236100922
705	-0.166640809856998	-0.00968958491145525	0.0697519821119776
706	-0.158045318109345	-0.0113751137610498	0.066415563540456
707	-0.142772906589343	0.00236337893185602	0.0647973210385708
708	-0.138541403200093	0.0133650986520283	0.0724569138038166
709	-0.130765094093659	0.0200310905082577	0.0831975237263798
710	-0.150313810009084	0.0325974128951036	0.0809569054504815
711	-0.14287535632526	0.0301562003493887	0.0866084121801933
712	-0.15017868575959	0.0452076610539146	0.0813142272659868
713	-0.165447896197744	0.0392701223597041	0.0801734774638382
714	-0.170205605332789	0.0452031624901005	0.0645605788883746
715	-0.160662472291047	0.0563698769991699	0.0623243579897732
716	-0.167305079660953	0.0416084085249032	0.0422838200032644
717	-0.154134504001156	0.053668070136354	0.0418823199079038
718	-0.146318719108888	0.0361420529573469	0.0324237974350324
719	-0.154827561114032	0.0189623300745425	0.0367882957610583
720	-0.137709853036021	0.0149579715941026	0.040147126791262
721	-0.129025653685168	0.00557760906607294	0.043778752855188
722	-0.143746667416918	0.00312416050630942	0.0357575315715536
723	-0.14693665920452	0.0132785048662266	0.0232709129206661
724	-0.143394925508428	0.0286119712441298	0.0211678960796943
725	-0.138992813618318	0.0388682518037776	0.0328516575665367
726	-0.16863293524194	0.0338436368744801	0.0321745826829625
727	-0.164659080085345	0.0479275478117132	0.041380289395887
728	-0.151446460747507	0.0528460299440011	0.0534751283798575
729	-0.155807522168863	0.0433927085342066	0.0661935698561669
730	-0.170752293328232	0.0358519945966196	0.0672797340051682
731	-0.167543763316116	0.0277031618118352	0.0638771683636457
732	-0.151837349087242	0.0383442772318815	0.0601614529313356
733	-0.157975746310335	0.0390275432740057	0.0436625846975405
734	-0.167773660937866	0.0306374003870735	0.0393096154713856
735	-0.151312660083906	0.029226610168659	0.0269882972036435
736	-0.138538257844548	0.0190315875169454	0.024661869733244
737	-0.146043850633012	0.00622396305234516	0.0206618909165014
738	-0.14140251304861	-0.00539056441752529	0.0269836489468791
739	-0.128617674108612	-0.00325296782591032	0.035226495463292
740	-0.137864054289413	-0.0127752843710258	0.0498115481217747
741	-0.131700750033412	-0.0191056735475118	0.0317084829622661
742	-0.137861345266551	-0.023028928237802	0.0183986127245489
743	-0.151096835750526	-0.0231916146553928	0.0104192904366494
744	-0.164320500384712	-0.0184798957830206	0.0182902457023015
745	-0.172257799092845	-0.00965245946565101	0.0296980217791062
746	-0.173122365852349	0.00352306660052105	0.0303738691166899
747	-0.172438255768473	0.0134049813473663	0.0179315280148002
748	-0.166758436444408	0.0188226037390185	0.0308037572857196
749	-0.152034764555124	0.027023622651998	0.0250169294129777
750	-0.14438139832457	0.0280364955771219	0.00936744045370449
751	-0.156588449909148	-0.00560795364563235	0.0047162027072045
752	-0.181190920765193	-0.00510575576288924	-0.00471242414790647
753	-0.171777651375402	-0.0161129750002711	-0.0102350130035089
754	-0.156058261205138	-0.0365360712702799	-0.0146689469947155
755	-0.180630118048456	-0.0337043261419485	-0.0236388659512993
756	-0.176598395021015	-0.0505277915778676	-0.0134601973642814
757	-0.160246987956896	-0.0565958416107638	0.00425986224221848
758	-0.186145577278804	-0.0509063878864143	0.00939763010104713
759	-0.181271291756305	-0.0482366104468497	0.0186696644909442
760	-0.175228708559352	-0.0422498505137755	0.0307551636296547
761	-0.177890229932156	-0.0376541133539267	0.0186689491910052
762	-0.166770499114696	-0.00885102778986756	0.00681206702730913
763	-0.163928500467557	-0.0327935718155896	-0.00286540084727841
764	-0.192295025901097	-0.0156753290770852	0.0196256872157338
765	-0.179945816968932	-0.00960125838756347	-0.0101669747867033
766	-0.182366273418606	-0.0136544107569858	-0.0238614915379793
767	-0.197160653557685	-0.042756988746969	-0.00487221411663999
768	-0.188026087538409	-0.0456019807974753	-0.0146669229935034
769	-0.176629372611545	-0.0396380255525068	-0.0296813934304142
770	-0.207230571115577	-0.0305907440026375	-0.0301390414438798
771	-0.199257675040069	-0.0242703377766073	-0.0131495667428272
772	-0.205230303862516	-0.0224978802665642	0.00233360628348141
773	-0.208442989560511	-0.0139449107599358	0.0104416181389449
774	-0.205141605496795	0.00159501442195422	0.00277260478346285
775	-0.190168734809978	0.00583025427283111	0.00317097506582668
776	-0.185954769071535	-0.000983543570441394	0.0200573342775976
777	-0.177628127965741	-0.0106679727054874	0.0319141329091955
778	-0.169411538436317	-0.00159326769373187	0.0193523525734483
779	-0.155970647066021	-0.0110341667599656	0.013402529274922
780	-0.157878226701427	-0.0269225101500267	0.0199756442609029
781	-0.157935359822913	-0.0269609066712141	0.0208286389290939
782	-0.15165609622329	-0.00962064515778762	0.0215462210654836
783	-0.158406641070779	-0.00192236842483462	0.0132229145601291
784	-0.171037556513306	0.00162514284400769	0.00857043243471547
785	-0.189725121579919	0.00121719574171307	0.00458648276783786
786	-0.18895812223744	0.014705555680948	0.0182261540259777
787	-0.200744100361033	0.00222553182705215	0.02663875186151
788	-0.205458453147353	-0.0101993286139685	0.032213325979685
789	-0.196659271675025	-0.00302376339548443	0.0476138017442628
790	-0.187055249549082	-0.00362971024013688	0.0579292877488946
791	-0.180790524567289	-0.000747380881315157	0.0442041762345216
792	-0.193013575718119	-0.00160279877792789	0.0304414461805133
793	-0.180863766426618	-0.0135237456505828	0.0116287210016355
794	-0.163282052070014	-0.00533596414631389	0.0181336147863805
795	-0.163993557269229	0.00999688892275824	0.0250439481613985
796	-0.185156158739551	0.0145607304802698	0.00540149455706457
797	-0.157187914124648	0.0112704829179711	-0.00535152009767745
798	-0.140160241481555	0.0240552967477009	0.00868516294008991
799	-0.158917708137762	0.0373214430009543	0.015750845824119
800	-0.170101190069285	0.0372135900952764	-0.00142687925796055
801	-0.176692886613099	0.0450141113347472	0.00125553009459293
802	-0.173061782667785	0.0401577499525935	0.0140288129027706
803	-0.1765368567134	0.0188160641824128	-0.00552502233041959
804	-0.169567807165433	0.01650535709895	0.00336053952171552
805	-0.166200842660439	0.0130239271898665	0.0186125576430139
806	-0.171568728493054	0.0049393896126325	0.0295503261477909
807	-0.185859073274848	-0.00313685939937695	0.0279875958215109
808	-0.196306223649558	0.00970257935277632	0.0412986409516596
809	-0.20743729879815	0.01398791294555	0.0325323167250759
810	-0.215305972137744	0.0136307760154072	0.0207851708213324
811	-0.209005196003276	0.0154938050427429	0.02054467538963
812	-0.205466845362114	0.00195401718978663	0.01070181462271
813	-0.191678077224359	-0.00598961394102008	0.010406594394
814	-0.181112426992787	-0.00740277578001804	0.0213584680620979
815	-0.171961679671523	-0.0093121072706817	0.0336223086494431
816	-0.176905702046556	8.38572044457742e-05	0.0485343454331741
817	-0.184394430903747	0.0037707762466023	0.056721951182684
818	-0.193191519267927	-0.0228838724168176	0.0511273806683342
819	-0.206590140436111	-0.0168131663738956	0.0590543198813742
820	-0.22110833434922	-0.0174433497415714	0.0523606519751644
821	-0.203323449011328	-0.0258807093023386	0.0489643003014339
822	-0.187360907106466	-0.0223544519938734	0.059884614751084
823	-0.173753850092174	-0.0301981880556849	0.0623684325536333
824	-0.181960253832601	-0.0446751514825893	0.062329851102424
825	-0.169255490935303	-0.0512426680952342	0.0564861623126756
826	-0.1602538198138	-0.0536318694828024	0.0440605271262769
827	-0.16708570331087	-0.0502123210028072	0.0340102331740568
828	-0.171765220780583	-0.0571878542282728	0.0239925457019275
829	-0.16991671556719	-0.0422492825130392	0.0131470120797427
830	-0.169435261872387	-0.027415552734495	0.0115487624999363
831	-0.168369387329061	-0.0429090105630397	0.0175626345037857
832	-0.166426270333438	-0.0540829824781558	0.0079645682222369
833	-0.178271582594917	-0.0633122253729772	0.00575607337901089
834	-0.184998836828854	-0.0631211576337244	0.0206532002730895
835	-0.188524034999483	-0.079873289930157	0.0220462566643816
836	-0.178796709678218	-0.0824031966338247	0.0444983145612298
837	-0.174723060176322	-0.0780637247642343	0.0477250501284773
838	-0.157558246183843	-0.0761168352106308	0.0516913688559998
839	-0.146034261216774	-0.0835078555528968	0.0426328976626055
840	-0.1371507861487	-0.0832272817885293	0.0287068703365231
841	-0.137735875282576	-0.0778792560525775	0.0238225168398558
842	-0.139452941073878	-0.0862568570450407	0.0164940864944998
843	-0.140863711170118	-0.091333030671896	-0.00224940945200274
844	-0.156749246607225	-0.0993246319724825	-0.0040577817953558
845	-0.171677474177989	-0.0926470187507184	-0.00171328141071561
846	-0.180908993155817	-0.0836966366954205	-0.00152843230582537
847	-0.171245992678589	-0.0682517208174856	-0.0206295141467269
848	-0.178129696354365	-0.0530468128647836	-0.000889531441014506
849	-0.167675402150739	-0.0448908069871051	-0.00387465371069156
850	-0.152888777712434	-0.045194619606912	-0.0157174403460524
851	-0.144438233126257	-0.040176644213077	0.000285946859339466
852	-0.153768123378577	-0.0398811342102218	-0.00287305919059839
853	-0.163635036568563	-0.0523310012190083	-0.00705373895171918
854	-0.170814008629804	-0.0420231544710343	-0.0168014356923797
855	-0.172413498445223	-0.0416552170555518	-0.0303477508303613
856	-0.165096402602147	-0.0432513270891476	-0.0419384736933105
857	-0.162926486992267	-0.0591240504479926	-0.0447088620242976
858	-0.147635665615991	-0.0619493262092732	-0.0474883650241142
859	-0.140656911908371	-0.0500420403011018	-0.0505127521507251
860	-0.125856369891849	-0.0553045799888946	-0.0439043025202266
861	-0.127265568692152	-0.0497232094907528	-0.0399113726298323
862	-0.147905193719855	-0.0532071330561694	-0.026902733258746
863	-0.146484973755204	-0.0623212880759475	-0.0479510047085368
864	-0.166396047647091	-0.0486349719980168	-0.0422919327802125
865	-0.158303976300201	-0.0486608737582846	-0.0667427583032239
866	-0.166392823763559	-0.0328702981294881	-0.0616381982430338
867	-0.155200161769106	-0.0254070185125516	-0.0742560841607921
868	-0.155132348206676	-0.00990329116052362	-0.0663029560038772
869	-0.137177435426198	-0.0107075903680337	-0.0647541755660672
870	-0.150050053736099	-0.00254101044717178	-0.0434682510289142
871	-0.152432470935114	0.000536229973170089	-0.0453556384711559
872	-0.161328766877423	-0.0152499858059307	-0.050970369356321
873	-0.160512670057481	-0.0161873435969966	-0.0648269739302878
874	-0.157153397527981	-0.00744305533882146	-0.0770258021868439
875	-0.151460748238809	-0.0238892088245563	-0.0845691049780091
876	-0.137440441676113	-0.032426984978712	-0.0755576058181482
877	-0.126094122695393	-0.0197839111391825	-0.0866480555594831
878	-0.113980249449659	-0.0098316703188632	-0.0828990342652373
879	-0.107979595552011	-0.0176050209531454	-0.0665985959833146
880	-0.112651081749656	-0.0346347901216959	-0.0596805355806271
881	-0.119593708628299	-0.0199670902605818	-0.0672030099303441
882	-0.13120833779518	-0.0156552134556384	-0.0816557053677116
883	-0.150658053260243	-0.00163835389883413	-0.0850646338540618
884	-0.146587882752385	-0.00629893447725515	-0.0625346539299225
885	-0.153647685971625	0.00866553806623846	-0.0586144144844672
886	-0.146461456499258	0.0200138435541061	-0.0553200484675153
887	-0.142053846271627	0.0256324457637297	-0.0617244061984319
888	-0.120704218901867	0.0292107096691955	-0.0541283437250557
889	-0.114297693721238	0.0320402320005153	-0.0709478050058231
890	-0.111841317712428	0.0308916222629665	-0.0801686390969949
891	-0.105993500937815	0.0300437778606905	-0.0866550796794293
892	-0.110559881566564	0.0160610505805345	-0.0842610176492802
893	-0.103958450712028	0.0166683922865511	-0.0713388945734357
894	-0.112445749468103	0.0164579378540914	-0.0561557026576606
895	-0.123521892272467	0.02660063764942	-0.0523899278246447
896	-0.127232133655727	0.0107875297117571	-0.0558836034255185
897	-0.139732253200177	-0.00131118176695453	-0.0604753992897511
898	-0.144412783282688	0.0108697302525215	-0.0573166868521771
899	-0.154112584148895	0.0251950535523592	-0.0621935520453697
900	-0.159067390762025	0.0220937469020403	-0.0780282467367929
901	-0.132590077319494	0.00643130277784383	-0.083525650324342
902	-0.127211161529599	0.00277786333168454	-0.0985620489317329
903	-0.126686549359011	-0.00735336661390749	-0.0976396330634126
904	-0.110320253850404	-0.0206417443750275	-0.0972980702617849
905	-0.109508889236588	-0.000673825998231106	-0.107556373614949
906	-0.0950648013178173	0.000737134664721556	-0.0926440506116726
907	-0.0909100173699962	-0.0202193619695682	-0.0906025283715094
908	-0.0947785297866204	-0.0166044375562733	-0.0845795709620201
909	-0.100104078803223	0.00473422983405152	-0.0741971170211113
910	-0.102977634588866	-0.00674121712485805	-0.0553731221748861
911	-0.102028460941731	-0.013684264752028	-0.0741291805135662
912	-0.0965218349644168	-0.0318435252547404	-0.0792098864911716
913	-0.113790441664429	-0.0266431961059517	-0.0821190835030588
914	-0.124571524437392	-0.0188247853782674	-0.0947103576151723
915	-0.114411301213469	-0.0321391237384295	-0.108116136602944
916	-0.106689976645777	-0.0408287931659891	-0.12011837403603
917	-0.103761331567627	-0.0196072370651518	-0.119587060736118
918	-0.0914044517013658	-0.030400953953534	-0.117299591201936
919	-0.0891193466555207	-0.0117079125485941	-0.113100753847651
920	-0.0726656716697102	-0.00754804321882402	-0.107489651462642
921	-0.0862361238296734	-0.0130524085199209	-0.0956036778824835
922	-0.0835630726412682	-0.0159198403132534	-0.0801978575416872
923	-0.0915285164026023	-0.0192002259728907	-0.0703065965458392
924	-0.108376281290514	-0.0161084636697558	-0.0589906840910299
925	-0.11423198980502	-0.00980877465564766	-0.0737785170725522
926	-0.128689161991056	-0.0244041121522288	-0.0705281857728363
927	-0.131587155486017	-0.0349640415027837	-0.0804916618060028
928	-0.134454129900332	-0.0314248353046992	-0.0942439531722501
929	-0.128024131174395	-0.0473289588786929	-0.0960389871957173
930	-0.119743561531583	-0.0574835389433539	-0.0862392071806494
931	-0.114518566830897	-0.0543649764394311	-0.091946643156796
932	-0.101465057197048	-0.045252441720557	-0.0733279490135849
933	-0.106758901853737	-0.0405223273594208	-0.0779003437622909
934	-0.129012299037872	-0.032960575903857	-0.0881432101170843
935	-0.120072227142336	-0.0298431901355159	-0.0647225750327448
936	-0.141972837642191	-0.0372943525224967	-0.069616896950889
937	-0.133205543780143	-0.0428228637268644	-0.0498733109988672
938	-0.143484115506011	-0.0575711167226667	-0.0631066656666531
939	-0.125532694330127	-0.0658925416241131	-0.0513121938060634
940	-0.140649852155697	-0.0778121173681773	-0.0641877843599583
941	-0.141702429247028	-0.0738833376009131	-0.0529673812174832
942	-0.139223753975453	-0.0626761038952057	-0.0323819668739406
943	-0.12699850715477	-0.0646173046200357	-0.0412390590992343
944	-0.110720953323714	-0.079058854598377	-0.0496009086744928
945	-0.110648297962333	-0.0759296568351886	-0.0269120585391392
946	-0.111121418576855	-0.0868286368557415	-0.020564406472553
947	-0.110371525228898	-0.103026811834879	-0.0336584544272188
948	-0.130180138841247	-0.103295113220177	-0.0303362276596788
949	-0.127953386737098	-0.108291654969171	-0.0223796326361806
950	-0.147184006821554	-0.100726917886021	-0.0114714472778116
951	-0.149380916676299	-0.0988211592576381	-0.0123398483070086
952	-0.149265219450259	-0.117023607886796	0.00738489820404758
953	-0.141275260237714	-0.109099440111807	0.0179636356539246
954	-0.131437579824265	-0.0996039997293362	0.00939304197324579
955	-0.117430763848311	-0.102808145358659	0.00881089206465846
956	-0.109379834306394	-0.11501579931751	0.0121049807036457
957	-0.0995755496610767	-0.116779297157886	0.000716579296635071
958	-0.099837103629001	-0.108327236849375	-0.0113191742844899
959	-0.110591154870065	-0.132155146878021	-0.0176212075387576
960	-0.109221778036156	-0.132050562503372	-0.0180791511986337
961	-0.101330880499091	-0.140780276651914	-0.00491863932855167
962	-0.100267310433933	-0.121897107544909	-0.00618704561015485
963	-0.117050726555527	-0.117754657709367	-0.00540913172524199
964	-0.127718746316222	-0.116180799794845	-0.0119324162730642
965	-0.130614983325604	-0.130500513043601	-0.0210749247143678
966	-0.122738608603113	-0.114450798449477	-0.033461738413274
967	-0.126536135781515	-0.116767424257692	-0.0493994553062076
968	-0.124284793144081	-0.136450304348559	-0.0553626853239345
969	-0.105535098962928	-0.129796049392382	-0.0600397160891956
970	-0.0945530152591753	-0.116739796377984	-0.0556317191570056
971	-0.0908710950089818	-0.115651011141507	-0.0333042710256952
972	-0.0782155497842277	-0.12373110646931	-0.0295580696434278
973	-0.0804533598739735	-0.140080584815781	-0.0266239381024805
974	-0.0707442218398927	-0.15088676007299	-0.0345594538405099
975	-0.0603862256562285	-0.144834584534372	-0.0443882367411886
976	-0.0830608614172112	-0.158001271126539	-0.0562623657841832
977	-0.0732919090727427	-0.152538830885583	-0.0679598435308464
978	-0.067760071438479	-0.137316929184091	-0.0773728020162732
979	-0.0811229370637466	-0.131196657120388	-0.0828760837245075
980	-0.0957178958427632	-0.137318892735279	-0.0803638780771287
981	-0.071995013626756	-0.139677652507015	-0.0551627727415874
982	-0.0601221758414553	-0.128901649340184	-0.0556641736151342
983	-0.0639783482681552	-0.128971477231788	-0.0324888983142531
984	-0.0480620761877869	-0.128998702706563	-0.032129376450383
985	-0.0403477702987881	-0.135369737901462	-0.0205096842007218
986	-0.0435698699985544	-0.151762825277471	-0.0173581025396867
987	-0.0423224638723208	-0.168128773128184	-0.0243802441793808
988	-0.048543110356311	-0.178409366742881	-0.0352644629264725
989	-0.0378002726471172	-0.175560662254247	-0.0477521190448955
990	-0.025659001721767	-0.166662957434885	-0.0559836328907991
991	-0.026188083642421	-0.162113866102187	-0.0425913573334229
992	-0.0452790770734373	-0.155932718560224	-0.0291540709456632
993	-0.0448333105255372	-0.153739531706277	-0.0293185961802969
994	-0.0349386006505912	-0.130707598865793	-0.0300581839126364
995	-0.026057118274228	-0.135190260757042	-0.02106491842328
996	-0.040182011860162	-0.140321251678995	-0.00416890667931813
997	-0.0300812533746491	-0.147925680255547	0.00228179396186871
998	-0.0172857300095964	-0.152697671895338	0.00669224643159649
999	-0.00748378117581275	-0.156132396895329	-0.00108734967758085
1000	-0.013540884467056	-0.178147851040417	-0.00212915755303875
1001	-0.0120022659330326	-0.164349828352056	-0.0149844120714217
1002	-0.0239132265442135	-0.15252657168399	-0.016167150640994
1003	-0.00763381545823834	-0.144497755245912	-0.0184839508085864
1004	0.00301770672154789	-0.139174856083844	-0.0305348784847709
1005	0.00914439152163449	-0.133978678548553	-0.0448062711444492
1006	-0.00615256538119567	-0.128575621743892	-0.0498319849963815
1007	-0.00530683324350716	-0.140628427759884	-0.063705110605872
1008	-0.0212176035106672	-0.148488220108682	-0.070066907221497
1009	-0.0173565945177556	-0.165375944274566	-0.0688355010772256
1010	-0.00294136766327042	-0.174608481139472	-0.0652456638710815
1011	-0.0013005167147211	-0.169462136675186	-0.0718451764227975
1012	-0.0163582341093215	-0.171281201739933	-0.0926265319976164
1013	-0.020630597168672	-0.147730673487001	-0.0857850249425856
1014	-0.00683481986291736	-0.147334624655143	-0.0875586955117091
1015	-0.003281753664975	-0.153928191286949	-0.104739500389189
1016	-0.00554330501956126	-0.138951886900828	-0.111615686850495
1017	0.00938572560042169	-0.13260523106544	-0.110144341076715
1018	0.0214377064456451	-0.134282125121186	-0.0996679123314774
1019	0.0301746047390639	-0.146526757014909	-0.103036616856548
1020	0.0279778891625081	-0.154994566324305	-0.11632034810855
1021	0.0297139976001966	-0.155502177392116	-0.117617377235009
1022	0.0189687710506042	-0.149510775527694	-0.131626907475526
1023	0.00591528171098049	-0.157923839088098	-0.124866322857952
1024	0.0101640689339923	-0.169739627464056	-0.113089819549804
1025	0.014946967816249	-0.152614521935206	-0.0986278622620276
1026	-0.00858896165745746	-0.15281695739069	-0.106954177047797
1027	-0.00261701966564934	-0.164189038441803	-0.0905570101517441
1028	-0.00630321624990201	-0.146006583729762	-0.0868696484732547
1029	-0.0132422217304982	-0.127939632450927	-0.0947380229572271
1030	0.00153713921766608	-0.124222670762607	-0.0840243508168183
1031	0.0110224778667905	-0.123813827343021	-0.0846249174619179
1032	0.00556248015925242	-0.124053371367666	-0.080827241929884
1033	0.022373117197465	-0.138890053116047	-0.0741453270544962
1034	0.00501043509497706	-0.143819407181473	-0.0606994177548149
1035	-0.018599459656658	-0.149822282128932	-0.0618582559236082
1036	-0.00283649616221112	-0.166015423017102	-0.0632385961962952
1037	-0.0191784636775073	-0.165025200597868	-0.0783674125305219
1038	-0.0059943304073817	-0.175710266301517	-0.0918279107005342
1039	-0.0167402597699156	-0.162418087785551	-0.10732180629542
1040	0.00395584779830772	-0.168905271206001	-0.109403785421749
1041	0.000436602299347836	-0.165445729536569	-0.0854401731529822
1042	0.00423282292239462	-0.184965935245435	-0.073346814605551
1043	-0.0118961623418697	-0.196862259912775	-0.0634208371046426
1044	-0.0203182677506552	-0.175837902962216	-0.0698111913612742
1045	-0.0192864222612323	-0.171106862555521	-0.0647708018249052
1046	-0.0252115417614967	-0.167852184244969	-0.0430665895513192
1047	-0.0167776896679385	-0.157759973579352	-0.036642741715719
1048	-0.012818353613517	-0.142312956949647	-0.0349142159922808
1049	0.00894588925226197	-0.14656975844291	-0.0372346010422705
1050	0.00870592209990794	-0.165110802185876	-0.0247542924545485
1051	0.000981312454092539	-0.16566619115272	-0.0323419052207431
1052	-0.00711676173292655	-0.184411917756573	-0.0261335328291375
1053	-0.0230948139205079	-0.167093581057498	-0.0236012759779335
1054	-0.0266398089628133	-0.171410854478035	-0.0318059673723866
1055	-0.0328068719674282	-0.187352351453411	-0.0373058218854885
1056	-0.0295137597439716	-0.188649220203079	-0.0522204867126486
1057	-0.0298044973803912	-0.170489351118562	-0.0583405314801258
1058	-0.0281289948809637	-0.17886933787349	-0.0736398408174535
1059	-0.0104210439937553	-0.183084271510619	-0.0724049771668201
1060	-0.00851476876009289	-0.165200928400933	-0.0781324081460169
1061	-0.0105762523835808	-0.165822686812626	-0.0832148609029063
1062	0.0087007548785081	-0.165646413028713	-0.0688695623468926
1063	-0.00633385161369617	-0.17599645510521	-0.0692733118015738
1064	0.00545272634425791	-0.179108212997872	-0.0480261736735499
1065	-0.0216000313800608	-0.181632515989404	-0.0476294060461221
1066	-0.00529009531026122	-0.170592273202893	-0.0301192920116564
1067	-0.000805597777759813	-0.156659867509698	-0.0319080795120497
1068	-0.0185360011629148	-0.153492057019207	-0.0369234068506168
1069	-0.02571553434892	-0.140629214772245	-0.0389414597018506
1070	-0.0178745351337074	-0.130247416501383	-0.0458217113242089
1071	-0.0131554913096719	-0.134140286915623	-0.0465603765460462
1072	-0.0120547461585988	-0.143099658603361	-0.0363119027902562
1073	-0.00066656143450374	-0.161931974774599	-0.0220270059304072
1074	-0.000330323126990995	-0.171515794079601	-0.0334301517959363
1075	0.0124385966488046	-0.179219899547037	-0.0434405771543544
1076	0.0182529248326769	-0.169916839316576	-0.0557862304792348
1077	0.021925816167932	-0.161918034702254	-0.0666288413717253
1078	0.0298735111731717	-0.147207759276701	-0.0626266579730697
1079	0.0363277594509731	-0.144549926322715	-0.0483037389012405
1080	0.0366475305850023	-0.136067978550472	-0.0390087958719794
1081	0.0344506422683334	-0.132592060345815	-0.0300693124775497
1082	0.0232868547431313	-0.137644250663661	-0.0375441126838501
1083	0.0144450314885764	-0.140703202183832	-0.0512144955440478
1084	0.0230615372208962	-0.153962261960221	-0.0487973932953199
1085	0.0376983473262709	-0.161215169157586	-0.0490026848851235
1086	0.0473402260785067	-0.163919986385543	-0.0638700427946102
1087	0.0429701803257014	-0.156742328133238	-0.079787491257193
1088	0.0548767635514605	-0.141402118205078	-0.0779262110640446
1089	0.0658811620243286	-0.138190343953921	-0.0689550452265778
1090	0.0586582251130586	-0.120029072221446	-0.0708790675850623
1091	0.0440709846407664	-0.128322606497376	-0.0724251087989645
1092	0.0465539940343859	-0.111009741433342	-0.0794174856165129
1093	0.0602354079113949	-0.105119319940407	-0.0644325713733461
1094	0.0709052502546712	-0.0974922682961612	-0.0613378594661962
1095	0.0746467123735947	-0.111815559879134	-0.0557277481377724
1096	0.0852483662342007	-0.100995968845291	-0.0707400912530869
1097	0.079735662433276	-0.133473068543828	-0.0583489122882828
1098	0.0901567305048595	-0.136543175206264	-0.0675040269479461
1099	0.0928822863142857	-0.132741606524076	-0.0858220999958154
1100	0.0852842419198049	-0.12565249955574	-0.101925692838858
1101	0.0838624953665312	-0.125934139737996	-0.102704422525859
1102	0.0674093837886552	-0.125263960209787	-0.107865213737658
1103	0.0577779349389101	-0.120997235227197	-0.0910141167320234
1104	0.0642696264264019	-0.110238390803594	-0.0802780715858626
1105	0.0650993710346493	-0.101287159124407	-0.0921362090533133
1106	0.0543547601132252	-0.0887066416179697	-0.095510180128761
1107	0.063004001745328	-0.0793229814943689	-0.0850022259257335
1108	0.08047308079515	-0.081385651933079	-0.0872360401135281
1109	0.0802749134628909	-0.0809534532457474	-0.109197382205433
1110	0.0870351286487914	-0.0711915576116655	-0.105055412785719
1111	0.104238894174865	-0.0878717115353449	-0.122393985908508
1112	0.0915420269853477	-0.0755293515994239	-0.126148234117245
1113	0.0953203248344785	-0.0725484055691841	-0.111601005967723
1114	0.0786658263865859	-0.0601445092665285	-0.104607134421785
1115	0.0917816806098591	-0.0614212953855491	-0.0887612595079459
1116	0.0856720320221021	-0.0748122567036574	-0.0847959854976791
1117	0.0711756976161649	-0.0738636215321339	-0.0791847669497485
1118	0.080440088528605	-0.0952773134138266	-0.0753823169829693
1119	0.0639581246801929	-0.0968605117819172	-0.0851068195778155
1120	0.0709028055493301	-0.11083827460869	-0.094762870857464
1121	0.0853843372842569	-0.0961969882042573	-0.105462517930149
1122	0.0880881541296867	-0.081829555485426	-0.0901135111593325
1123	0.118214389188786	-0.0813117786802241	-0.0911086724774679
1124	0.117807373001033	-0.0838429700286826	-0.109887398097359
1125	0.10605620599413	-0.0570124873411678	-0.0975551463765932
1126	0.115398473699414	-0.0541063287990138	-0.106676635383124
1127	0.113783031555656	-0.0572130073576825	-0.122619852998488
1128	0.108066651725593	-0.0631109265671627	-0.132040719464298
1129	0.087120747570391	-0.0460953717559641	-0.119190632432537
1130	0.0821853107770542	-0.0571928793841271	-0.129848849450102
1131	0.0868910165103534	-0.0623397781034703	-0.128528605789499
1132	0.0999350269598174	-0.0635641012742044	-0.136396763519135
1133	0.0937079334517062	-0.0785682744371233	-0.144470604805777
1134	0.0980099324104911	-0.0935201372121084	-0.150239761940505
1135	0.0975227428825796	-0.103935415503328	-0.135483966644943
1136	0.0859519717214338	-0.105466908161374	-0.121017069631321
1137	0.0972042857924007	-0.112463608679931	-0.112919060116684
1138	0.0955146777591307	-0.104300938226776	-0.0975808074114211
1139	0.112520221737305	-0.101734190482323	-0.100241833625066
1140	0.12688044752639	-0.0938116522211512	-0.104212554402329
1141	0.12706007773041	-0.0944625332369632	-0.104746244187445
1142	0.111341222457348	-0.0898829697974659	-0.105905032591969
1143	0.106068308890575	-0.0810191167532118	-0.0943706989864638
1144	0.11595438374402	-0.0830043830616272	-0.0809515699404255
1145	0.107241167425978	-0.0860222816590742	-0.0668436083025931
1146	0.09411072558835	-0.0941775313685449	-0.0633517045794406
1147	0.097069050325769	-0.109473514861771	-0.060179304272181
1148	0.107221194254432	-0.121884764556692	-0.0612144493247207
1149	0.118675851595016	-0.129598097150837	-0.0695522329686959
1150	0.102252777482553	-0.132168773486363	-0.072321990443553
1151	0.0994968763929291	-0.120640189723409	-0.0612327350768483
1152	0.0874146893514746	-0.109375081363146	-0.0594618460034209
1153	0.0930699662165648	-0.101783601462109	-0.0461027159848428
1154	0.108094869395626	-0.099048802070123	-0.0447488555088887
1155	0.1025124084151	-0.0805706127020094	-0.0482879133518217
1156	0.102168781521901	-0.0689066307102057	-0.0607276987232278
1157	0.119399166814989	-0.0712457927908714	-0.0509683167822586
1158	0.125800857865335	-0.0744202748484608	-0.0656333554368114
1159	0.117384331648508	-0.0738262263625444	-0.0805364789106667
1160	0.121454698615622	-0.0829705220668994	-0.0864701823242081
1161	0.11972538723239	-0.078390787512644	-0.0822432966105712
1162	0.104813088606509	-0.0673973592955407	-0.066659041505484
1163	0.0995834044943621	-0.0701063183892183	-0.0597596487811858
1164	0.0859410052561347	-0.0851788538990318	-0.0831126241293224
1165	0.0772391756631801	-0.0884230170543165	-0.0628237830360648
1166	0.0781963821510731	-0.0978952819242976	-0.0559341025267165
1167	0.0892388924016993	-0.116811747309841	-0.0656027759959491
1168	0.0957720636690605	-0.116646649999531	-0.0686191640742824
1169	0.112352815584779	-0.116854316740315	-0.0477811940017042
1170	0.120153986203712	-0.116640463420381	-0.0506160821974766
1171	0.122985230666647	-0.124025315645693	-0.045959881192688
1172	0.121139928534817	-0.119946913582929	-0.0699645320090947
1173	0.106763734654425	-0.122038033979352	-0.0676204088705542
1174	0.101580718586709	-0.120828425413304	-0.055496236620431
1175	0.0948163681231012	-0.0997227284818384	-0.0681280690399109
1176	0.0862970120531019	-0.0934547319438298	-0.0606037434056606
1177	0.0991522627535474	-0.0827254318538035	-0.0410896331997601
1178	0.106175975373061	-0.0758850837619054	-0.0531973955889602
1179	0.120179909091594	-0.0746537324444596	-0.0501774140941444
1180	0.130626456620866	-0.0743394032326695	-0.0490981708849169
1181	0.124777147734147	-0.0733339329011291	-0.040902909167114
1182	0.129775962076972	-0.0719381080037905	-0.0694685223390719
1183	0.14981152481713	-0.0733074617972758	-0.0731353662182684
1184	0.161877883376199	-0.0772053595468022	-0.0590958600125952
1185	0.156692169372501	-0.0839923236602063	-0.0473595619798041
1186	0.14917502701176	-0.0947151457202885	-0.0729274450921492
1187	0.164241056722345	-0.105148024476021	-0.0559077435307387
1188	0.146167486405017	-0.10698484561344	-0.047659604190592
1189	0.144465518567092	-0.118836851569619	-0.0623245931265892
1190	0.127490976003037	-0.116171532322434	-0.0627509073976884
1191	0.152954729995722	-0.102368144854397	-0.065152138833034
1192	0.156800693923005	-0.0889414428751846	-0.0653784436885293
1193	0.16158656874394	-0.0775271415002825	-0.0720145661332003
1194	0.161226590226627	-0.0688896363526144	-0.0621469374767582
1195	0.177134102182517	-0.0662625233995852	-0.0522832767585892
1196	0.171688922907988	-0.0708283234569816	-0.0398373834026717
1197	0.18857239560545	-0.07404537469343	-0.0475459824839562
1198	0.20067216654287	-0.0761854634094918	-0.0543183928225213
1199	0.198977113417172	-0.0901453659214467	-0.0500094601038329
1200	0.199694549700257	-0.0934047036390627	-0.0548432264668239
1201	0.199032752032156	-0.0833322363860469	-0.0505990100299673
1202	0.19916619974281	-0.0770270426122118	-0.0363864148294216
1203	0.186448276924238	-0.0701302824973609	-0.034743109361976
1204	0.184163389668928	-0.0594559194034171	-0.0264459384028467
1205	0.172721924143422	-0.0500782254881574	-0.0398941001724874
1206	0.182372416641582	-0.0494783603058645	-0.0495468736363568
1207	0.182675231750093	-0.0331989025269255	-0.0581546744332638
1208	0.202126067570015	-0.0331169145010379	-0.0419012716536343
1209	0.20596240138799	-0.0350872887380915	-0.0666509959760062
1210	0.218649135669665	-0.0356727113580035	-0.0600547361691529
1211	0.218504010907994	-0.0372286642352522	-0.0598809462690795
1212	0.227358777479606	-0.0310712242599987	-0.0507873639428192
1213	0.225656968389835	-0.0241891899460217	-0.0382762950415845
1214	0.215786342095947	-0.0341766391223085	-0.0336703284588836
1215	0.208427314144693	-0.030008576758582	-0.0200834502160557
1216	0.20768410681373	-0.0129442938678812	-0.0208681785764667
1217	0.190576895256231	-0.0131209594446304	-0.0238527533366251
1218	0.181979735486471	-0.0204397983972144	-0.0308778882618107
1219	0.180928771207986	-0.0134629588357961	-0.0481918030733598
1220	0.188116483720737	0.00173201933770722	-0.0557476982759182
1221	0.189639180171305	0.000297033382916417	-0.0716175528661478
1222	0.19116068212352	-0.0145686243711063	-0.0619616290774796
1223	0.194897625956843	-0.0210826921817671	-0.0459992522275402
1224	0.206468606743206	-0.00852686524075642	-0.0454917431368161
1225	0.210349177300902	0.00410605003108656	-0.041697785003001
1226	0.202114800707187	0.00857008494093105	-0.0312531661999154
1227	0.193043444505559	0.00404787507796352	-0.0179177981963332
1228	0.179883157510319	0.0132389319015506	-0.0177702339662362
1229	0.167764908250128	0.0202550284834152	-0.0265484790069125
1230	0.156991208920183	0.00524434008231606	-0.031511009567668
1231	0.158290390536234	0.00593297968040089	-0.0346009649936732
1232	0.144086781354486	0.0153944076150127	-0.0402378087703977
1233	0.136160357201415	0.00130313344334259	-0.0506293390355059
1234	0.138867556920645	0.000130539598868537	-0.062001574102348
1235	0.138843200371939	0.0130608328002779	-0.0743037020149035
1236	0.149249214520159	0.0158280931010946	-0.0805720468588368
1237	0.159076981650539	0.00786227013052545	-0.0845552545625436
1238	0.171941741963009	0.0109639518121842	-0.0839657948185771
1239	0.177224246886092	0.0324275994008051	-0.074877742505851
1240	0.168050260060723	0.037405999730111	-0.0815758866312931
1241	0.161205734968331	0.031189644019693	-0.0871106311429601
1242	0.139005934477176	0.0190265213425745	-0.0767679415707195
1243	0.128241312321045	0.0181204223257849	-0.0885938775978354
1244	0.13025788690217	0.0260102437594081	-0.0996994781765932
1245	0.133577306301792	0.0245572819079652	-0.113457736066361
1246	0.132606426152047	0.00465282235322926	-0.112290913574143
1247	0.130668224613939	0.00203567688179541	-0.123513709186744
1248	0.156470403572402	0.00270265073765645	-0.127357741120528
1249	0.153996230053358	-0.00769537422767158	-0.120579209599343
1250	0.161204301827278	-0.0155011302322333	-0.107647498499992
1251	0.165802151366297	-0.0118419514658413	-0.104993273342154
1252	0.15653162619911	-0.0050197730682412	-0.111556974456966
1253	0.147708676588748	-0.00280682173934982	-0.115426040486294
1254	0.141011032558023	0.0071894305868555	-0.110862581682067
1255	0.135393535414494	0.0192503651178685	-0.0978392608467236
1256	0.154478799634914	0.0132910064460289	-0.0870380987762743
1257	0.144256830958971	0.0138698783517304	-0.0721629700451107
1258	0.131642143007179	0.000786415148321631	-0.0707200871876243
1259	0.137462157502797	-0.0168140718118281	-0.0697972304767874
1260	0.127175697731417	-0.0276551840535007	-0.0814591462233935
1261	0.146163922676106	-0.0497547170671841	-0.08180991464746
1262	0.153904407603737	-0.0368357475526129	-0.0750569497480166
1263	0.152648650001726	-0.0243895696595666	-0.0867973622279496
1264	0.143295786838644	-0.0241109760853807	-0.0981784543445791
1265	0.132043793064254	-0.0300596952868421	-0.106102644936661
1266	0.126584125515658	-0.0037323059625534	-0.0936177548373183
1267	0.115275357859449	-0.0129884422656798	-0.0975242335490625
1268	0.106332894751317	-0.0201750597744958	-0.0869307608398745
1269	0.101537054437631	-0.0334397196306866	-0.081946448399869
1270	0.110459146422269	-0.0194886027703589	-0.0595179044889388
1271	0.1187514590544	-0.0218086594092735	-0.0785690320322424
1272	0.114780993655835	-0.031891063569198	-0.0894408681355453
1273	0.106442420971186	-0.0304392331510262	-0.102373152350025
1274	0.100794368673355	-0.0177169433756188	-0.110325545869361
1275	0.106084312891684	-0.00311121003178632	-0.112256067214173
1276	0.113164352288506	-0.00197821923990411	-0.127725952245311
1277	0.129687375144354	-0.00342345558779334	-0.130415561161291
1278	0.141876663101895	0.0106843586018287	-0.109475994052472
1279	0.151006615216654	-0.000224240626057966	-0.114341928065755
1280	0.156002829528811	-0.0143507360233393	-0.117825610232434
1281	0.148987435322388	-0.00415346153519334	-0.117835502682789
1282	0.130030518349956	-0.00963943933515434	-0.111177022244285
1283	0.117890040737255	0.00526399244473306	-0.10795521676162
1284	0.126184010348431	0.0219027741403663	-0.118905447186614
1285	0.130401647498085	0.0355444953404131	-0.10412042510581
1286	0.116699298800786	0.0214042966601629	-0.0967800848211607
1287	0.131015767281857	0.0286067236828475	-0.0860863640650766
1288	0.147803594246428	0.0218420336043533	-0.0789819529056786
1289	0.150257250544185	0.00524181688055245	-0.0716639672774208
1290	0.143437532172059	-0.00025545143630889	-0.0665767680200721
1291	0.150520334151095	-0.0107293829419894	-0.0623964693422737
1292	0.148444996775937	-0.0017673414760637	-0.0770605665905583
1293	0.156168713573219	0.0122530660176468	-0.0798914297041669
1294	0.158039072417952	0.0229564013673361	-0.0661654814310504
1295	0.142636552139508	0.0236277946599786	-0.0610010714412327
1296	0.137526945107821	0.0331573524256767	-0.0795045983495776
1297	0.125547207330357	0.0357129240665384	-0.0701422300412769
1298	0.118876657650862	0.0172175063224395	-0.0640855187732554
1299	0.1171023822204	0.0155404681739515	-0.0936582599991154
1300	0.106903057933849	0.00852187951595227	-0.0886480035930227
1301	0.109140504185914	-0.00305303383602874	-0.0845238989810414
1302	0.105501567853029	0.0225657932300228	-0.0830456750646726
1303	0.11776416620707	0.01859503317816	-0.078537870226241
1304	0.111629205289656	0.011205863038481	-0.0637039246750803
1305	0.115078265086149	0.0232326142685961	-0.0566758275012082
1306	0.12767112971684	0.0315680856984366	-0.0587075802698828
1307	0.135999397358808	0.0289368950246434	-0.0454222246175224
1308	0.139481737686633	0.0140162201543799	-0.0495902070027437
1309	0.149281356031241	0.0155236818608516	-0.0596608015893233
1310	0.15503288846724	0.0154374956671041	-0.0722252409441935
1311	0.14353003574695	0.0166476947221038	-0.0664554291336527
1312	0.131744320804231	0.0149992624199824	-0.075589389429335
1313	0.121815180059668	0.00930020614001662	-0.0770301408284996
1314	0.112687226636254	0.000220301686415214	-0.0688783575738151
1315	0.112442028958422	-0.0108938726413076	-0.0653120479961341
1316	0.116364904385527	-0.0250282667593816	-0.0688916257887876
1317	0.119645815582592	-0.0326305326442766	-0.0599207480015806
1318	0.137543957344743	-0.0345930073905698	-0.060350279985649
1319	0.149728837764762	-0.0344198912233647	-0.071772462352235
1320	0.145890448118321	-0.0366729998932806	-0.0827580661902974
1321	0.139501464189905	-0.0357503853350553	-0.0840618642388084
1322	0.141321679253773	-0.0315714739065062	-0.0779131642268032
1323	0.117276926937089	-0.0295810269013619	-0.0794738064952459
1324	0.122237731571871	-0.024824557891497	-0.0770728196939393
1325	0.137512162019574	-0.00510430820034823	-0.0878048376114966
1326	0.126070598021605	-0.0180483901833347	-0.106341941351577
1327	0.114201267628289	0.00469183679007612	-0.0930131562088487
1328	0.121995957605239	0.00593073053827213	-0.11223283985636
1329	0.124751688196801	0.0105186683615504	-0.1069017988539
1330	0.144350486138524	0.0189134413768388	-0.0956093939366135
1331	0.138050225280755	0.0267284690055061	-0.0817501237676179
1332	0.12612922927088	0.0339411195620766	-0.0901556123039664
1333	0.121994721088903	0.0466276124436726	-0.109690374495495
1334	0.107237113740552	0.0342748072401231	-0.118011303654825
1335	0.106302621065641	0.0204375444275519	-0.101258609081188
1336	0.111529627648221	0.00898029936527215	-0.118762061003372
1337	0.118474981440841	-0.00383740698208729	-0.118707245106421
1338	0.132357658396194	0.00103553071318965	-0.125415943784824
1339	0.1442062239884	0.00160377751572744	-0.123674079766142
1340	0.150159219418143	0.0122633672820298	-0.128125125410448
1341	0.148040861245161	0.0191813454031132	-0.11246797396684
1342	0.138855574992912	0.0217924762758659	-0.108389631485516
1343	0.122296703147025	0.02190452757637	-0.100467481619246
1344	0.127588991806234	0.0165153878747802	-0.0932039622359969
1345	0.129206667618436	0.0111948194973168	-0.0753434183658383
1346	0.143105230420715	0.0181575508375429	-0.0639197891509404
1347	0.141386538784292	0.0281872056788173	-0.0614945062336233
1348	0.156122503446241	0.0408769431831324	-0.0654610303309134
1349	0.154544135735626	0.0553257284343706	-0.0778047887386985
1350	0.137902035202829	0.0610451143731867	-0.0725981475014502
1351	0.142711039473853	0.0639545337064401	-0.0883884409059442
1352	0.142091557531808	0.0508321281279398	-0.0749285995738727
1353	0.127400644755369	0.0372199471856981	-0.0624792230117013
1354	0.12426150083293	0.0479331593187376	-0.062168171221465
1355	0.109573111829169	0.0509712889019424	-0.0608300623756247
1356	0.0971210192321113	0.0588212975644228	-0.0734395721307291
1357	0.0972114929251581	0.0431597753941626	-0.0786104337144848
1358	0.0994885892302699	0.0437512864142885	-0.0903395817253753
1359	0.102337832295662	0.0419368172854021	-0.102118965062139
1360	0.11157628739352	0.02995467650131	-0.103802251490101
1361	0.109918515171468	0.0405126892604335	-0.10828817838004
1362	0.102760031586273	0.0582936052255268	-0.112747503940586
1363	0.0969859472910024	0.0548821003244622	-0.126372978764222
1364	0.0937699987869237	0.0364149870589056	-0.131640042855674
1365	0.0742958177236975	0.0459221657175794	-0.131649050042784
1366	0.0584088005873844	0.0630666395299942	-0.120378953311761
1367	0.054873662886688	0.0443428610542867	-0.120276386173616
1368	0.0579126252806702	0.0308354286629968	-0.1100026193648
1369	0.0612435717717456	0.0323527528769312	-0.0950412798897593
1370	0.0674513112960027	0.0412671522696155	-0.0823083736507083
1371	0.0589660975673594	0.0421612631403563	-0.0942683158420712
1372	0.0474610024704305	0.0332024918885672	-0.0964210430294463
1373	0.0493606090517031	0.0210875769682733	-0.109831186054694
1374	0.0634238230680278	0.0231152742258783	-0.117673807940664
1375	0.0411966059292521	0.017907277326404	-0.136169312813382
1376	0.0450780618827534	0.0309331774599619	-0.139297716863282
1377	0.0603431904096454	0.0396140783841086	-0.143778208627324
1378	0.0572294313898323	0.0573946806549558	-0.142186370211016
1379	0.0404601694403174	0.0607001085603849	-0.139133388216217
1380	0.0312773703644226	0.0670531340524297	-0.128502989816905
1381	0.0375432986883404	0.0606784367830429	-0.127868310332274
1382	0.0505559153814766	0.0772235846812763	-0.120219009048176
1383	0.0615903538481726	0.0751536891211314	-0.110377117241815
1384	0.0629693466239255	0.0571919970238935	-0.111220562945748
1385	0.0604059936910499	0.0463417678776933	-0.0974430099579192
1386	0.0590965810454823	0.0610555116165597	-0.0820103550228855
1387	0.0558555081723012	0.045658994081561	-0.0792252464679342
1388	0.0409547872656461	0.0444129929423372	-0.0809838690543279
1389	0.028041525562049	0.0555251217286013	-0.0771173858566089
1390	0.0204527463283704	0.0665717279244405	-0.0788600059220773
1391	0.0313504511434073	0.0627210756664568	-0.0785110417275242
1392	0.0489879064324188	0.0557520833996463	-0.0635526754701623
1393	0.068770163896611	0.0450377130328213	-0.0702344913362413
1394	0.0497643594169011	0.0437300305247543	-0.0869215895269308
1395	0.0645635279513727	0.0308119886479653	-0.0874170058444035
1396	0.0793038384552622	0.0434659938335339	-0.0952932073123271
1397	0.0626539065391441	0.050725647651403	-0.107456891331136
1398	0.0612308713570031	0.0594403298673253	-0.110643624651047
1399	0.0808865460354749	0.0688195398157187	-0.104070554393444
1400	0.0639132415935856	0.0813274859297491	-0.105276839661758
1401	0.0607368868972969	0.094904189171727	-0.100756866801514
1402	0.0717523244972163	0.089194412541128	-0.0986841623689043
1403	0.0557364714751436	0.0785001223328118	-0.124630766799892
1404	0.07004803728877	0.0728121402925203	-0.119558073762516
1405	0.0741984138597587	0.0593777385124279	-0.109628397714079
1406	0.0639728343487018	0.0483223121490747	-0.122151839436176
1407	0.0487109768390014	0.0496189462856937	-0.116221959055312
1408	0.0532075571533402	0.0409369610678311	-0.0980846870337733
1409	0.042387709388689	0.0488184097017335	-0.0869957919149474
1410	0.0337437326011812	0.058033280905097	-0.0832669493809362
1411	0.0485779864073971	0.0852958550350632	-0.0972882464293836
1412	0.0376375949191548	0.10278471149202	-0.105875231118061
1413	0.0474309527209509	0.0889255471320349	-0.119982442212028
1414	0.0462156738262668	0.100947126356926	-0.127793620346271
1415	0.0558184366186118	0.0991602729314302	-0.138679518947262
1416	0.0669955894769337	0.0918519854626739	-0.134518113058635
1417	0.0768770652633221	0.111740645868552	-0.137685908360732
1418	0.0887860270394868	0.100602806891576	-0.125909203247701
1419	0.084472347226533	0.122690094685488	-0.11890487973078
1420	0.092901877992414	0.108669980732827	-0.105131263655706
1421	0.0949461536889299	0.110657079220386	-0.110046562262748
1422	0.100841606408207	0.10788103216299	-0.130904087120567
1423	0.0947696774785171	0.125603679681816	-0.124746027622554
1424	0.0761344708272448	0.136290595596971	-0.122414673619953
1425	0.0737577958770914	0.136212659243298	-0.131110996615479
1426	0.0635351852043306	0.136238819432458	-0.140969833399912
1427	0.060940071792902	0.124117965608714	-0.148172203264571
1428	0.052320021093877	0.117611968781995	-0.143189769119544
1429	0.0492950232985434	0.107213978170189	-0.12920570428229
1430	0.0557163819812026	0.091391421791062	-0.139959692891422
1431	0.0742101953716094	0.106451693585957	-0.125858323035217
1432	0.0616467044551844	0.119053488292168	-0.128568263904144
1433	0.0832174233047795	0.138419413023718	-0.146297483672091
1434	0.0992783051820543	0.133076409681016	-0.137060300211315
1435	0.0876627197655681	0.146524499828142	-0.130896121806968
1436	0.100372995520483	0.142286456201568	-0.117859109004624
1437	0.0899681607198828	0.154890400423552	-0.107969050463955
1438	0.103803813091244	0.142116950203104	-0.0971048460506319
1439	0.095254200589508	0.142978196603662	-0.0925002974763171
1441	0.093422003725099	0.148526591656753	-0.0842501715686542
1442	0.10808286567554	0.155578804431901	-0.0925592880855729
1443	0.120152315350028	0.140300347682984	-0.0998890224601241
1444	0.110507374939714	0.123714121490555	-0.0932539402006685
1445	0.112631798773384	0.108852928402406	-0.103832105921861
1446	0.119473714930437	0.115919280313758	-0.119790770323334
1447	0.108498388895782	0.124652286247233	-0.129939165426568
1448	0.107381773905321	0.139553882921322	-0.137836894086289
1449	0.0778942800884085	0.129678178935911	-0.129568696276725
1450	0.0787229071499466	0.143421715929268	-0.128937907555014
1451	0.0917241123537521	0.122090824200566	-0.144410377570111
1452	0.0840393869369757	0.132481801744485	-0.147472543983779
1453	0.0717113504576259	0.1395531264063	-0.14269106942323
1454	0.0616771825620851	0.141685348928397	-0.133576366159877
1455	0.0535314402846225	0.137292733826199	-0.120551682884639
1456	0.0571958677462223	0.129855407998223	-0.110317398792227
1457	0.0642702596709074	0.158153381370509	-0.112585671366405
1458	0.0792442256153379	0.158330050382167	-0.104950546729232
1459	0.0909516349365571	0.135984069231177	-0.0972434940653108
1460	0.103382984663223	0.141021703803446	-0.102948615318769
1461	0.0557887058083267	0.167162254032596	-0.112108901933922
1462	0.0193168573870434	0.18955690437682	-0.133402180341048
1463	0.017368455662268	0.189994442255688	-0.109463928239808
1464	0.0514541034417183	0.178841093988642	-0.137540711963027
1465	0.0150635109601606	0.162121314329202	-0.124254549095138
1466	0.0348574105654808	0.179024287067484	-0.14288468964206
1467	0.0352252509049618	0.157265585725674	-0.1036620280847
1468	0.0361448423545274	0.186119078324042	-0.102593542561902
1469	0.0444783756778665	0.15294984914536	-0.132742255010271
1470	0.0569528239790375	0.195993940857221	-0.102839094734194
1471	0.0601772719497856	0.193495720882516	-0.106833567231183
1472	0.0566698529931557	0.181165931715148	-0.0962932553476971
1473	0.0424002960211872	0.17891660316477	-0.0912166844795926
1474	0.0353112399516426	0.188576050835527	-0.0825658630109755
1475	0.037654273035612	0.192273151195169	-0.068910904796076
1476	0.0482844707817995	0.197962932831225	-0.0624369975372258
1477	0.0295132423167944	0.21500639575933	-0.0738799360959243
1478	0.0415954071912436	0.22131994335302	-0.0693208976102074
1479	0.0509327994070603	0.232794972492471	-0.0691200010425656
1480	0.0569040757319781	0.235074082985173	-0.0831741420602221
1481	0.0705319224093018	0.223329371697015	-0.0732852432483326
1482	0.0698948779828225	0.21729138010742	-0.0573253708447202
1483	0.070075091072471	0.209353631891241	-0.0688051038243231
1484	0.0802592588709028	0.22388120606636	-0.0621536066344073
1485	0.0907500303588226	0.215973724298687	-0.0722109271583356
1486	0.0837319086480859	0.201635134338783	-0.0681308566303705
1487	0.0872494605263271	0.202368579706163	-0.0519007000414557
1488	0.100257545082584	0.210093474637152	-0.0544128200195483
1489	0.113079791099636	0.193124640822466	-0.068527190157932
1491	0.112957104943251	0.192848658160983	-0.0664408439241468
1492	0.117855826939636	0.178819399192115	-0.076484858113293
1493	0.11832647887471	0.191942640148717	-0.0859770183893816
1494	0.106790422283505	0.200364998642205	-0.0951492698779707
1495	0.103629059758783	0.193006373736889	-0.11033438567869
1496	0.10167466333538	0.176040298296064	-0.11298456632945
1497	0.0828183971677433	0.175780528899224	-0.107959374084759
1498	0.071270506765549	0.190399320051652	-0.101479738378647
1499	0.0648290302379068	0.178459362822857	-0.0877623322855614
1500	0.0721653036332052	0.161325787717045	-0.0843292672794629
1501	0.0748074785506181	0.16150971496617	-0.0865797005857535
1502	0.0762908662100795	0.139865151321044	-0.0901312122581658
1503	0.0963778561562131	0.144831088501581	-0.0851998520233319
1504	0.104944372579123	0.159940784018533	-0.0815694351967142
1505	0.102520366905386	0.14709699867773	-0.106694642306893
1506	0.0932613173368418	0.162725429852489	-0.102576318568103
1507	0.120854796156537	0.151821029756513	-0.0943045638896429
1508	0.124934960329402	0.172359540883961	-0.105012142092588
1509	0.109089168030774	0.186681811249681	-0.0958938680964402
1510	0.123017057038165	0.175546331197198	-0.080095170872547
1511	0.118127878836033	0.175209512300338	-0.0679658567540446
1512	0.128788263090187	0.162816670435195	-0.0452928077269728
1513	0.100656198139991	0.154384373370572	-0.042126099237594
1514	0.0975699346032191	0.164719676358439	-0.0548085163322487
1515	0.110814013269899	0.165423613961111	-0.0297900675323718
1516	0.107954504757385	0.18622369933412	-0.0230186822981079
1517	0.0866824521893164	0.180369682313569	-0.024194550631213
1518	0.087941928898785	0.197188160757221	-0.037698663627527
1519	0.11069335954394	0.209073364052468	-0.03536095398377
1520	0.0963935557427745	0.205581829410826	-0.0182463240279193
1521	0.102926381838427	0.210355687316558	-0.0207733289505743
1522	0.0989056858581915	0.197307710399387	-0.0228682728413609
1523	0.100767828292279	0.182323233329009	-0.0267112764517663
1524	0.0971172399246393	0.176588286954675	-0.037876551366196
1525	0.0802366956391776	0.202612976339881	-0.051242151484103
1526	0.0692398181340644	0.195389401425918	-0.0505673318313605
1527	0.0652404330258126	0.169868023160834	-0.0215451212255396
1528	0.0523319802972937	0.1719639531025	-0.0312646346173301
1529	0.0495432906388664	0.202400401319246	-0.0172459102071461
1530	0.0543731196047173	0.198338324216982	-0.0054057421759371
1531	0.0626807742283047	0.198924289351911	-0.0150844670005467
1532	0.0660068321829467	0.187427182995216	-0.0252065773755934
1533	0.0575729237688263	0.188195081169279	-0.0389114456008588
1534	0.0870829112952835	0.175490685362425	-0.027716894544043
1535	0.0835416861911281	0.183536820826387	-0.0443102287406626
1536	0.0937333990150738	0.188805511200657	-0.0456158907530398
1537	0.0934617316476114	0.199978308740086	-0.0526641409781541
1538	0.0969078112558775	0.209952982214341	-0.041164476620611
1539	0.0867489665304328	0.220082541487077	-0.0441280848058497
1540	0.0712420592409612	0.226826414578052	-0.0530893173313619
1541	0.0694036614844196	0.231999609954973	-0.0597381466423348
1542	0.067249239120993	0.238630874829929	-0.0394451995701595
1543	0.0532682801000659	0.219044533586091	-0.0467273498027933
1544	0.0542157597885995	0.215477077441749	-0.0247256660230966
1545	0.0746325931239401	0.219248742373253	-0.0205829283292233
1546	0.0671758588300266	0.197305071597202	-0.0301852726628457
1547	0.0779365247532348	0.182920280758774	-0.0379790285275355
1548	0.0901925134798294	0.194616588259048	-0.0215250403834742
1549	0.100978463241422	0.193698462460069	-0.0405848629100968
1550	0.106040842673614	0.199287653916551	-0.0411244464871333
1551	0.0802617841449518	0.204018603123462	-0.0315967964687314
1552	0.0660587153316842	0.200403681215585	-0.0403795956167788
1553	0.0567158242415761	0.187696266530419	-0.0359757182219134
1554	0.0575258224459917	0.185894226247752	-0.0180158131324223
1555	0.0419694398077705	0.191278419646295	-0.0112845476839592
1556	0.0320739054356702	0.200078482289001	-0.0223517701737075
1557	0.0309251245748714	0.211442755050445	-0.00894378714746763
1558	0.0458318448556032	0.219024443009208	-0.00293742964876412
1559	0.0388171657518564	0.237687780181467	-0.0150764210190025
1560	0.0379005863386896	0.238122902888995	-0.0231185986137141
1561	0.0359569827350188	0.239134484877939	-0.0229463171441747
1562	0.0445301640918643	0.22837722581564	-0.0217564622243058
1563	0.0437587687148734	0.214829110735678	-0.0157268161183672
1564	0.0382894763193014	0.212971662824153	-0.00272899533069893
1565	0.0364916914216434	0.209733567739733	0.00847121088439612
1566	0.0625521431588696	0.209114001135614	0.00264012197926843
1567	0.0593219227530762	0.213880652420721	0.016889344081092
1568	0.0623816498086522	0.229009336976581	0.0190864422826878
1569	0.0707857507817254	0.239224207983392	0.0115289574116475
1570	0.0838732094119612	0.232933421063548	0.00612795098200808
1571	0.074843592457376	0.234939864132412	-0.0101263062637101
1572	0.0805588941742234	0.238965240909404	-0.0251743922082977
1573	0.0772607773264724	0.24654556419744	-0.0395526291380255
1574	0.059869164561404	0.25375055411985	-0.0346118956937654
1575	0.044654364690951	0.251087229031744	-0.0300514794314275
1576	0.0529362608703637	0.242734388547773	-0.0533682680015325
1577	0.0413389022623636	0.230277191865608	-0.0565030509367171
1578	0.0313947897103966	0.219702493818065	-0.0409884396440136
1579	0.0436742614998209	0.209115571128759	-0.0381399173482525
1580	0.0562353644017723	0.203225070540244	-0.0496079774979281
1581	0.0494631956670313	0.206974979161498	-0.0615111230448874
1582	0.0373409321019323	0.219672753516644	-0.059881061780853
1583	0.0266748402597647	0.220172677883516	-0.0677471094489508
1584	0.0256067954665603	0.231559850462034	-0.0782232198497871
1585	0.0330719739167302	0.230385130616431	-0.0891467229781604
1586	0.0361948530622035	0.226885769929466	-0.102441117049879
1587	0.0243417275050239	0.220677996404865	-0.103181478162593
1588	0.035060050098324	0.205740762366575	-0.112372442830417
1589	0.0272062960734484	0.193101957432887	-0.112579100557203
1590	0.0199193757686924	0.187479812802625	-0.0998053947077628
1591	0.0241170472371321	0.188015327646871	-0.0926264563048448
1592	0.0292654779376185	0.193134731178868	-0.107917991071681
1593	0.029986879489514	0.175949640346895	-0.111860116509302
1594	0.0228260933728893	0.187696945349241	-0.13234306209005
1595	0.0119569000199307	0.185242864830946	-0.123327970066572
1596	0.00658107885005953	0.168921060948173	-0.127038027547294
1597	-0.00989403650970218	0.174212759648624	-0.130863646340587
1598	-0.0210250936405616	0.185140308560161	-0.132400398852694
1599	-0.0263096632508149	0.176121868948405	-0.116458265228892
1600	-0.0271708925332188	0.191577167491705	-0.112621837882654
1601	0.00940667217527024	0.202402637218932	-0.00905604429318907
1602	0.0478323125914847	0.201360504149854	0.00832623945184395
1603	0.0164231423940955	0.189330171497859	0.0361174300365535
1604	-0.00227470824768682	0.226689871275547	0.0323310521300888
